1 16.8025 33.6142 1.75955 -0.0604994 -0.0324952 0.997639
1 31.4453 16.2928 1.60974 -0.539462 -0.577318 -0.612931
1 19.8897 6.92105 1.74958 0.384705 0.478872 0.789103
1 25.3294 18.9365 1.60723 -0.0343145 0.193031 -0.980592
1 7.08477 30.0741 1.759 -0.411665 -0.00926324 0.911288
1 16.6856 5.37263 1.75804 0.761041 -0.127369 0.636077
1 18.164 20.566 1.61554 -0.37747 -0.319955 -0.868991
1 27.4936 20.9792 1.60656 0.333475 -0.0139721 -0.942655
1 5.54163 2.40112 1.61877 -0.0184482 0.349049 -0.936923
1 34.5936 8.91757 1.71019 0.791955 -0.112723 0.600084
1 20.4602 12.0837 1.75344 0.0756314 0.503136 0.860892
1 2.92211 10.959 1.75939 0.22407 0.481169 0.847507
1 27.2884 2.71208 1.76051 -0.355908 0.14214 0.923648
1 2.53605 15.5306 1.7476 -0.577092 0.414909 0.703431
1 18.0667 22.2518 1.60939 -0.103295 -0.322387 -0.940955
1 28.8051 17.8211 1.60841 -0.185649 -0.21764 -0.95821
1 19.6223 32.6294 1.7588 0.0699726 0.339996 0.93782
1 26.8765 22.745 1.61972 0.625168 0.1555 -0.764843
1 28.1878 22.6253 1.60745 0.612197 -0.0672965 -0.787836
1 19.169 20.3591 1.61359 -0.459592 -0.465055 -0.756636
1 15.8296 0.533833 1.7588 -0.256816 -0.175645 0.950365
1 18.8086 25.6765 1.60784 0.467407 -0.410202 -0.783113
1 14.1077 32.5656 1.75779 0.0244764 -0.381244 0.92415
1 29.4648 30.3322 1.75159 0.407795 0.864402 0.29413
1 30.9559 33.0905 1.75063 0.263678 0.519536 0.812746
1 23.3296 6.76979 1.60902 -0.306975 0.394627 -0.866046
1 11.868 13.9251 1.61207 -0.204606 -0.583269 -0.786087
1 6.93445 15.3975 1.60674 -0.00870689 0.308929 -0.951045
1 10.6148 1.40951 1.61687 -0.277989 -0.346444 -0.895934
1 19.2916 14.8695 1.75879 -0.330812 0.309671 0.891441
1 10.3821 19.4702 1.60036 0.469565 -0.298376 -0.830952
1 6.01975 27.4387 1.75636 0.0552058 -0.218606 0.97425
1 6.67753 5.45794 1.61076 0.240031 0.355953 -0.903151
1 13.6472 21.1249 1.6136 -0.312233 0.426757 -0.848757
1 18.1406 5.46145 1.75412 0.685262 0.0991707 0.721514
1 23.8134 26.5496 1.76016 0.158311 -0.198171 0.967298
1 6.27668 8.27212 1.58822 0.724927 0.368047 -0.582256
1 10.0293 32.8366 1.61874 -0.708899 -0.350592 -0.612003
1 15.9382 33.1294 1.7587 -0.0130687 -0.131803 0.99119
1 5.70095 11.6846 1.60741 -0.405889 0.547033 -0.732126
1 2.80134 9.81699 1.76019 0.415637 0.396551 0.818531
1 34.1551 20.3061 1.75993 0.0349148 -0.357171 0.933386
1 14.5783 25.5714 1.60746 0.399699 0.282568 -0.872007
1 19.1994 12.7081 1.75804 -0.084643 0.279119 0.956519
1 9.91186 9.36937 1.63075 -0.790082 -0.164499 -0.590516
1 27.6691 29.5009 1.7441 -0.365221 0.46824 0.80459
1 18.8472 6.43256 1.75933 0.497119 0.264541 0.826372
1 1.20653 16.0085 1.62741 -0.750658 0.140815 0.645511
1 28.2906 13.4736 1.61634 0.664009 -0.415924 -0.621369
1 3.77273 6.30611 1.65543 0.0342836 -0.752386 -0.65783
1 24.0316 23.8008 1.76835 0.693475 -0.18546 0.696202
1 33.2559 19.9463 1.75037 0.0667183 -0.517297 0.853202
1 4.87185 4.48814 1.62468 0.303082 0.62353 -0.720661
1 16.7297 18.6813 1.60435 -0.72948 -0.20316 -0.653134
1 26.4812 15.9503 1.61604 -0.557132 0.0955902 -0.824904
1 10.4326 25.5114 1.7553 0.361391 0.457844 0.812266
1 33.6325 27.9211 1.60566 -0.0493692 -0.200256 -0.978499
1 22.513 24.0364 1.77148 0.679763 -0.361327 0.638252
1 20.2842 14.2339 1.75675 -0.218192 0.484077 0.847385
1 2.0761 7.13 1.60713 0.325384 -0.430365 -0.841969
1 7.85286 2.16172 1.60665 -0.109455 0.034561 -0.993391
1 22.8171 26.7758 1.75892 0.0899458 -0.370746 0.924368
1 16.4752 6.33438 1.7601 0.609258 -0.158953 0.776877
1 33.9459 12.5302 1.75952 -0.00818143 -0.0974335 0.995208
1 1.07203 26.9892 1.61668 -0.246088 -0.615811 -0.748477
1 4.06052 31.0639 1.75313 -0.518209 -0.446199 0.729634
1 27.9672 12.5322 1.61347 0.504617 -0.375313 -0.777497
1 19.4089 27.6468 1.74886 0.782908 0.308355 0.540344
1 19.8619 22.2087 1.60703 -0.209613 -0.629589 -0.748117
1 32.9049 28.6006 1.60878 0.059241 -0.0539076 -0.996787
1 0.918783 3.22431 1.62258 -0.283866 -0.213148 -0.934873
1 7.46486 34.0446 1.61595 -0.509942 0.0107064 -0.860142
1 8.65841 6.51409 1.61367 0.380058 0.118174 -0.917383
1 18.8725 10.5765 1.75409 0.0972806 0.236983 0.966631
1 17.5464 34.3003 1.76069 -0.136869 0.0609886 0.98871
1 22.738 28.9038 1.75758 -0.28634 -0.40348 0.86903
1 13.0576 10.0263 1.75569 0.0884798 -0.713798 0.69474
1 23.7372 27.5598 1.76049 -0.030681 -0.209176 0.977397
1 0.298672 12.5787 1.75863 -0.0384246 0.0626907 0.997293
1 6.10701 26.3706 1.75443 0.228042 -0.229989 0.946098
1 25.7884 33.0148 1.75188 0.441055 -0.144264 0.885809
1 34.416 29.8429 1.60537 0.217121 -0.375991 -0.900827
1 34.4245 27.35 1.61467 -0.138536 -0.356003 -0.924159
1 25.8058 4.87847 1.60699 -0.765583 -0.0809576 -0.638223
1 14.8163 33.5366 1.75927 -0.0722564 -0.272483 0.959444
1 23.4525 7.97961 1.62608 -0.192191 0.405687 -0.893577
1 9.23142 13.9398 1.60728 -0.166291 -0.103821 -0.980596
1 27.0234 7.09591 1.60899 -0.274638 -0.194624 -0.941645
1 34.102 16.1318 1.733 -0.720694 -0.0183196 0.693011
1 32.7459 10.2281 1.76781 0.485082 -0.286218 0.826302
1 26.7865 12.5026 1.6154 0.458488 -0.169114 -0.872462
1 10.7055 2.52266 1.613 -0.142685 -0.330314 -0.933024
1 30.2391 9.46613 1.60391 0.115125 -0.712696 -0.691962
1 19.2962 26.5198 1.75408 -0.686484 0.4156 0.596671
1 16.6173 16.3665 1.75242 -0.528622 -0.163072 0.833046
1 11.8175 4.17024 1.60754 0.0239616 -0.399156 -0.91657
1 27.8138 25.1345 1.76815 0.431391 0.545544 0.718529
1 0.655091 18.6423 1.75986 0.364041 -0.155034 0.918389
1 22.2289 31.7572 1.76301 0.169728 0.755273 0.633052
1 29.7935 18.1786 1.60718 -0.127043 -0.360372 -0.924117
1 1.44781 33.5678 1.60462 -0.108267 0.625207 -0.772913
1 23.5378 29.7152 1.75607 -0.44152 -0.272254 0.854949
1 26.3377 20.8257 1.60798 0.274921 0.0862033 -0.957595
1 17.5657 17.9788 1.75615 -0.791549 -0.102968 0.602368
1 1.25795 12.6522 1.75805 -0.0511312 0.221821 0.973746
1 24.2741 6.13574 1.60961 -0.445952 0.198376 -0.872796
1 0.698483 34.5731 1.59198 0.0911181 0.750783 -0.654235
1 23.836 21.4285 1.61698 0.409061 0.273118 -0.870675
1 30.4039 16.4602 1.63133 -0.438234 -0.419607 -0.794909
1 0.0945002 6.96958 1.61054 0.409901 -0.0733318 -0.909177
1 29.3573 22.1189 1.60335 0.506914 -0.272355 -0.817839
1 18.1717 7.28651 1.75857 0.430235 0.116483 0.89517
1 4.69936 6.59161 1.59017 -0.0765966 -0.897252 -0.434824
1 20.1193 13.1228 1.75641 -0.0687136 0.439831 0.895448
1 18.2789 23.3494 1.60845 0.0718728 -0.363194 -0.928937
1 10.7249 20.859 1.62892 0.672522 -0.385374 -0.631823
1 12.044 16.1649 1.62212 0.0637143 -0.516754 -0.85376
1 9.24409 19.6328 1.616 0.511471 -0.0551926 -0.857526
1 10.4072 23.3906 1.75437 0.646473 0.381586 0.660655
1 12.634 23.0955 1.60629 -0.0190656 0.579158 -0.814993
1 20.6341 1.58722 1.72609 -0.464439 0.542173 0.700246
1 9.62259 27.2651 1.75709 0.043029 0.334684 0.941347
1 16.3283 7.99074 1.75536 0.378267 -0.197694 0.90434
1 28.8922 14.2622 1.61451 -0.755087 0.07998 -0.650728
1 24.8144 26.4115 1.75995 0.208904 -0.0242044 0.977637
1 26.3411 18.8733 1.60747 -0.028767 0.0771323 -0.996606
1 16.5956 34.5635 1.7594 -0.174761 -0.0577417 0.982916
1 6.74356 9.6162 1.60518 -0.681833 0.204038 -0.702476
1 26.9743 13.4312 1.62507 0.591755 -0.220802 -0.775289
1 26.9117 33.2798 1.75581 0.377209 0.0144366 0.926015
1 7.75404 28.2706 1.76057 -0.10884 0.064372 0.991973
1 7.58142 4.97196 1.60923 0.1762 0.205888 -0.962582
1 19.7921 16.5846 1.76046 -0.543776 0.365115 0.755644
1 14.4082 2.60312 1.77233 -0.567079 -0.48415 0.666349
1 8.8636 18.7405 1.61045 0.385505 0.0279757 -0.922282
1 1.49583 15.1276 1.76854 -0.550623 0.229144 0.802687
1 8.73709 14.912 1.60749 -0.0590464 -0.00202672 -0.998253
1 31.9035 28.8253 1.60933 0.12158 0.134772 -0.983389
1 1.81153 10.1134 1.75236 0.39073 0.241859 0.888163
1 12.8806 16.7687 1.60609 0.0413511 -0.683453 -0.728822
1 12.3226 30.8335 1.7537 0.265926 -0.615508 0.741911
1 33.6979 0.113588 1.59968 -0.633271 0.0510432 -0.772245
1 26.6418 14.5518 1.76694 0.732814 -0.34665 -0.585507
1 26.6671 1.17737 1.75864 -0.0618872 0.0380703 0.997357
1 15.7329 7.23365 1.75846 0.490608 -0.294881 0.819969
1 6.77264 28.7496 1.75894 -0.169394 -0.0660185 0.983335
1 5.10685 29.2759 1.75761 -0.237125 -0.303677 0.922796
1 25.7921 13.1507 1.62587 0.547043 -0.0205169 -0.836853
1 15.4335 11.9366 1.75482 -0.0459085 -0.309737 0.949713
1 26.7247 30.3324 1.74056 -0.502953 0.240951 0.830049
1 24.4498 5.06166 1.61703 -0.624265 0.158759 -0.764911
1 10.7352 17.972 1.6138 0.278425 -0.273608 -0.920662
1 15.2112 26.9925 1.60297 0.728979 0.140198 -0.670026
1 25.9334 3.99164 1.74719 -0.668776 -0.0700291 0.740158
1 10.3336 10.3852 1.61117 -0.61843 -0.307834 -0.723037
1 6.25213 3.2315 1.60887 0.0538154 0.278288 -0.958989
1 6.73712 11.6734 1.61173 -0.416397 0.330837 -0.846853
1 17.0159 7.1657 1.75526 0.47767 -0.0787191 0.875005
1 23.726 25.5527 1.75715 0.344906 -0.2167 0.91328
1 2.8236 30.6704 1.75762 -0.46113 -0.65848 0.59478
1 20.4428 9.97377 1.6923 0.181602 0.572582 0.799482
1 2.33214 27.5002 1.75298 0.00621603 -0.779522 0.626344
1 13.2053 5.33174 1.61378 0.116571 -0.573753 -0.81069
1 1.39075 9.11457 1.73305 0.573079 0.117444 0.811041
1 27.0867 10.7606 1.60832 0.211185 -0.198053 -0.957171
1 24.3952 2.51344 1.75637 -0.229954 -0.2656 0.936257
1 11.0834 21.749 1.59474 0.705342 -0.558881 -0.436055
1 7.21153 20.0484 1.62193 0.597112 0.369497 -0.71199
1 3.74272 8.95235 1.75061 0.494636 0.522852 0.694234
1 15.9119 9.64147 1.76129 0.181155 -0.26477 0.947143
1 30.2117 15.3553 1.62581 -0.633986 -0.364643 -0.68198
1 5.89239 4.67111 1.62301 0.133624 0.45851 -0.878586
1 25.5701 11.2783 1.60735 0.24156 0.0269297 -0.970012
1 8.10753 15.8763 1.60757 0.0448093 0.119498 -0.991823
1 11.3925 9.96826 1.62087 -0.62004 -0.516829 -0.590287
1 21.1532 31.2186 1.74866 0.312127 0.590973 0.74386
1 1.87195 2.95503 1.64769 -0.444536 -0.354385 -0.822678
1 10.1218 33.9468 1.60928 -0.546324 -0.411913 -0.729286
1 22.4838 10.208 1.60819 0.0645208 0.568433 -0.820196
1 0.0863001 23.0768 1.74666 -0.507714 -0.2436 0.826369
1 10.6137 6.43483 1.60896 0.358468 -0.156904 -0.920262
1 27.5767 11.6266 1.60934 0.356705 -0.290901 -0.887772
1 30.468 29.9958 1.61198 0.3376 0.349046 -0.874181
1 21.7183 26.3052 1.75495 0.178596 -0.535447 0.82547
1 3.98844 27.7948 1.75543 0.0124151 -0.494996 0.868807
1 11.5764 15.0532 1.60853 -0.0818143 -0.477509 -0.87481
1 19.6268 31.6075 1.75799 0.205641 0.336195 0.919067
1 33.9113 19.0643 1.76106 0.262171 -0.405774 0.875565
1 4.79179 11.4996 1.6584 -0.292524 0.759588 -0.58091
1 7.81833 17.3179 1.60792 0.206126 0.198868 -0.958104
1 31.0168 26.9351 1.6107 -0.185166 0.339493 -0.922203
1 22.6528 25.7228 1.75704 0.284197 -0.378628 0.880837
1 21.0604 27.8187 1.58316 0.0863649 0.700326 -0.708579
1 8.28052 29.9437 1.75539 -0.392762 0.167089 0.904334
1 26.0977 7.43115 1.60652 -0.241933 -0.0546789 -0.968751
1 25.3861 23.971 1.76069 0.67437 0.0609205 0.735876
1 30.369 8.07642 1.6014 -0.213695 -0.74227 -0.635114
1 25.5622 32.0061 1.74377 0.647464 -0.13228 0.750528
1 17.584 21.3171 1.61017 -0.259327 -0.234109 -0.936986
1 18.4408 14.3015 1.7607 -0.262447 0.160626 0.951483
1 15.8574 20.4028 1.61159 -0.440981 0.0343815 -0.896858
1 6.45069 2.11159 1.60904 -0.0995589 0.224665 -0.969337
1 34.1734 4.35927 1.60864 -0.0551953 0.0237157 -0.998194
1 8.51097 5.49711 1.60799 0.237263 0.0957402 -0.966716
1 0.494689 2.23366 1.61492 -0.453232 -0.180262 -0.872975
1 11.7607 24.191 1.76591 0.544771 0.691597 0.474256
1 4.31033 34.5146 1.62246 -0.412903 0.508602 -0.755537
1 27.4008 9.7862 1.60878 0.0955306 -0.241766 -0.965621
1 32.9528 18.775 1.75398 0.216063 -0.644399 0.733531
1 28.5674 8.41053 1.60757 -0.0844352 -0.440716 -0.893667
1 5.98769 12.7102 1.61534 -0.307483 0.449261 -0.83882
1 32.4141 30.6101 1.60891 0.417886 -0.00209831 -0.908497
1 3.36451 19.8232 1.75805 0.200831 0.276471 0.939803
1 5.72257 9.12273 1.78004 0.802477 -0.252324 0.540706
1 1.98924 11.304 1.75799 0.190509 0.317676 0.928864
1 32.6157 29.5947 1.60925 0.233863 -0.0201106 -0.972062
1 15.2987 10.7424 1.75376 0.0628145 -0.328271 0.942493
1 24.8337 18.033 1.61125 -0.213866 0.227089 -0.950101
1 14.1588 31.4029 1.75717 0.159293 -0.380962 0.910765
1 24.7933 25.4948 1.75584 0.378094 -0.0404772 0.924882
1 19.2585 29.8311 1.7545 0.451804 0.29063 0.84345
1 30.5747 13.8502 1.73878 -0.278997 -0.633874 0.721363
1 2.16645 12.3793 1.75682 0.00850416 0.378039 0.925751
1 23.1203 11.2202 1.61021 0.208227 0.471566 -0.856894
1 28.1355 15.9145 1.62098 -0.513526 -0.0136189 -0.857966
1 29.0413 18.8706 1.60708 -0.00980503 -0.262249 -0.96495
1 17.9945 3.08282 1.76325 -0.566063 0.104561 0.817704
1 4.6298 2.12314 1.60917 -0.0124196 0.475497 -0.87963
1 33.9626 22.1963 1.75593 -0.314911 -0.372026 0.873171
1 27.6593 5.09486 1.60881 -0.779368 -0.222882 -0.585584
1 7.18961 14.2069 1.60789 -0.155417 0.234632 -0.95958
1 16.0533 30.1979 1.76325 0.360752 -0.124265 0.924346
1 25.7519 25.9213 1.75937 0.309989 0.13702 0.940815
1 8.16635 22.3203 1.65009 -0.929879 0.00811413 0.367775
1 34.0012 5.34419 1.6087 0.118444 0.0540602 -0.991488
1 21.9431 20.3587 1.61102 0.275056 0.545841 -0.791456
1 9.22795 2.75759 1.60786 -0.0821698 -0.0871077 -0.992804
1 10.3476 5.43356 1.60784 0.211281 -0.149873 -0.965867
1 2.96699 32.862 1.77263 0.0660981 0.716107 0.694854
1 26.0753 33.9635 1.75609 0.267879 -0.0935761 0.958897
1 16.9863 9.85475 1.75967 0.147663 -0.0784225 0.985924
1 9.29627 29.4256 1.75455 -0.305818 0.318077 0.897386
1 20.2449 17.4576 1.76252 -0.640388 0.437403 0.631333
1 1.34027 1.26085 1.60084 0.432522 0.642815 -0.63223
1 26.5156 11.5954 1.60738 0.311869 -0.112997 -0.943382
1 6.76653 4.30836 1.60961 0.0954577 0.308346 -0.946473
1 25.2767 20.333 1.60761 0.197053 0.172999 -0.965009
1 12.0923 20.1893 1.64591 0.483466 -0.676082 -0.556034
1 31.787 10.8849 1.76242 0.307441 -0.464912 0.830263
1 15.8396 24.1589 1.60954 0.195871 0.0628929 -0.978611
1 20.5373 32.0326 1.75743 0.15889 0.489116 0.857624
1 15.1989 19.576 1.61455 -0.553474 0.159783 -0.817396
1 16.67 8.89704 1.76084 0.260897 -0.139188 0.95528
1 3.92262 25.7898 1.75532 0.40683 -0.523172 0.748853
1 25.655 24.9106 1.74998 0.504329 0.102636 0.85739
1 13.3698 28.3757 1.74847 0.600849 -0.482284 0.637481
1 15.0031 1.02886 1.75364 -0.339082 -0.293788 0.893707
1 33.597 32.3618 1.60437 0.407108 -0.098077 -0.908099
1 31.911 32.7665 1.74104 0.139791 0.649289 0.747584
1 10.0665 3.29451 1.61008 -0.0523523 -0.189727 -0.98044
1 29.179 26.4819 1.60826 -0.11175 0.736068 -0.66762
1 30.4765 21.3324 1.60932 0.368468 -0.466396 -0.80418
1 11.3348 19.7062 1.6387 0.489862 -0.484553 -0.724737
1 24.5537 19.5872 1.6076 0.0733439 0.252875 -0.964715
1 2.1686 4.9452 1.61776 -0.0501772 -0.440696 -0.896253
1 33.6165 10.7047 1.75517 0.35982 -0.156378 0.919823
1 4.93402 17.4961 1.61804 0.386782 0.688433 -0.613563
1 27.3738 0.532461 1.76182 0.0396051 0.129961 0.990728
1 30.8514 18.6016 1.62165 -0.0526172 -0.5346 -0.843466
1 26.7292 32.3477 1.75586 0.531011 -0.00830597 0.847324
1 8.51113 31.6541 1.74686 -0.707148 0.19731 0.678977
1 23.4633 19.5287 1.61025 0.0871353 0.375239 -0.922823
1 31.5289 25.043 1.61 -0.50722 0.203306 -0.837493
1 19.8568 0.946583 1.75117 -0.292154 0.405349 0.866221
1 15.1961 6.38551 1.73443 0.621609 -0.405602 0.670141
1 8.24825 9.30959 1.63948 -0.770029 0.0227385 -0.637604
1 11.0484 29.7528 1.74488 -0.424487 0.583437 0.692396
1 7.85373 7.08333 1.6188 0.47787 0.234035 -0.846681
1 19.4473 33.6594 1.76003 -0.0633313 0.324907 0.943623
1 13.4367 15.6383 1.60911 -0.126723 -0.827724 -0.546639
1 15.1425 22.2979 1.60805 -0.11482 0.157583 -0.980808
1 5.37243 31.4078 1.7527 -0.652807 -0.215443 0.726241
1 1.25998 23.9 1.76016 -0.60356 -0.0461956 0.795979
1 6.50691 23.2728 1.73739 0.747921 -0.264263 0.608916
1 8.45236 4.4508 1.60841 0.100313 0.0675916 -0.992657
1 0.139915 19.4979 1.75866 0.194821 -0.249859 0.948481
1 3.41728 29.7803 1.75658 -0.282614 -0.604576 0.744726
1 25.8689 8.47751 1.60759 -0.0995895 -0.0115495 -0.994962
1 3.46124 24.9845 1.71885 0.603226 -0.528801 0.597065
1 32.1487 4.67705 1.60874 0.0145395 0.362748 -0.931774
1 21.4057 19.1878 1.61082 0.0778748 0.658722 -0.748346
1 26.1054 19.8124 1.61126 0.104805 0.0928276 -0.990151
1 25.9756 21.771 1.6116 0.427515 0.0633719 -0.901784
1 34.0422 2.44625 1.60727 -0.36949 0.0345874 -0.928591
1 10.9337 13.3625 1.61883 -0.199533 -0.402641 -0.893346
1 10.1951 4.39888 1.60677 0.0750528 -0.174806 -0.981738
1 17.679 25.3207 1.61551 0.388609 -0.226736 -0.89307
1 10.478 27.7819 1.7516 -0.0505086 0.463904 0.884444
1 0.309634 25.3455 1.61735 -0.538538 -0.45729 -0.707717
1 32.2736 27.8802 1.60922 -0.0450893 0.0794645 -0.995817
1 24.7179 17.0618 1.60387 -0.391566 0.232824 -0.890207
1 30.2426 4.72072 1.61328 -0.0696901 0.678022 -0.73173
1 19.0036 22.6032 1.61251 -0.0756751 -0.488114 -0.869493
1 23.1979 24.7295 1.74915 0.499767 -0.315883 0.806506
1 17.696 24.2402 1.60596 0.213092 -0.246217 -0.945499
1 22.4287 23.072 1.79034 -0.795028 -0.139589 0.590292
1 25.1803 10.4148 1.60902 0.119794 0.101721 -0.987574
1 15.1252 31.5983 1.75625 0.162242 -0.234375 0.958512
1 15.6939 34.0963 1.7607 -0.127659 -0.166687 0.977711
1 34.2672 1.33902 1.61267 -0.551293 -0.0459861 -0.833043
1 10.6483 26.6632 1.75273 0.145759 0.489155 0.859931
1 14.7919 27.8791 1.76495 0.765278 -0.21313 0.607391
1 23.4587 33.4064 1.74749 0.411576 -0.506818 0.757456
1 7.61279 29.2431 1.75996 -0.267637 0.0565471 0.961859
1 24.1001 20.467 1.61323 0.239479 0.27269 -0.931821
1 29.0548 0.395461 1.75786 0.04299 0.362543 0.930975
1 24.4029 9.87131 1.611 0.0425892 0.233064 -0.971528
1 32.4929 14.9776 1.76098 -0.48234 -0.304928 0.821198
1 25.7043 23.1542 1.60095 0.814929 0.249669 -0.523027
1 13.5674 23.4842 1.60836 0.0610514 0.436349 -0.897704
1 31.6856 1.47462 1.60208 -0.451361 0.591673 -0.66798
1 17.0506 22.1265 1.60744 -0.123999 -0.148937 -0.981041
1 20.1194 23.5365 1.61019 0.0208031 -0.672183 -0.740092
1 11.1843 11.3525 1.60709 -0.456885 -0.495064 -0.739032
1 15.9552 15.4402 1.75545 -0.399178 -0.2542 0.880931
1 20.3608 25.2636 1.7488 -0.464165 0.675666 0.572736
1 13.9097 33.8397 1.75579 -0.124147 -0.399836 0.90814
1 32.2172 13.0871 1.76008 -0.119324 -0.366034 0.92292
1 29.9966 23.8577 1.61629 -0.676817 0.475058 -0.562351
1 29.0527 33.9445 1.75761 0.215506 0.315545 0.924115
1 15.4098 4.0278 1.7803 -0.67836 -0.436163 0.59126
1 30.3887 6.0807 1.6211 0.279418 0.664957 -0.692645
1 30.3055 22.5363 1.61842 0.554525 -0.420368 -0.718187
1 3.11845 5.11608 1.61515 -0.117844 -0.612791 -0.781409
1 19.3733 8.77123 1.76119 0.261769 0.340208 0.903181
1 32.1943 24.1035 1.61673 -0.670072 0.0326425 -0.741578
1 28.9526 31.7555 1.74459 0.589629 0.218806 0.777471
1 28.0746 10.5947 1.60795 0.216757 -0.362683 -0.906354
1 21.7554 25.1291 1.75839 0.425515 -0.491891 0.759592
1 21.6395 30.2991 1.75553 0.453045 0.684896 0.570673
1 10.4955 28.9028 1.74806 -0.251808 0.497181 0.830304
1 16.3791 12.6248 1.75896 -0.106793 -0.157552 0.981719
1 8.58142 16.7403 1.60749 0.142828 0.0613858 -0.987842
1 31.1087 11.866 1.76715 0.129701 -0.562962 0.816242
1 3.25192 26.9164 1.75349 0.129725 -0.633414 0.762861
1 32.9725 2.85147 1.60962 -0.306329 0.234347 -0.922629
1 16.2314 17.3245 1.75174 -0.655774 -0.27437 0.703336
1 27.0891 18.2323 1.60774 -0.117411 -0.00463858 -0.993073
1 17.1101 15.5067 1.75987 -0.41401 -0.0501297 0.908891
1 12.5218 2.76815 1.63445 -0.17954 -0.614521 -0.768199
1 17.9114 16.2009 1.76088 -0.533072 0.0521925 0.844459
1 27.1744 34.2014 1.75906 0.21379 0.066467 0.974616
1 1.16875 14.2783 1.75964 -0.367431 0.220907 0.903435
1 14.6695 4.4189 1.5896 -0.235004 -0.778309 -0.582244
1 16.9043 3.5445 1.75601 -0.654292 -0.0682259 0.753158
1 17.2425 29.6022 1.75458 0.456921 -0.00637072 0.889485
1 5.86321 7.07228 1.6103 0.477385 0.529811 -0.701002
1 14.2872 28.958 1.74935 0.545906 -0.359613 0.756746
1 19.1011 18.3456 1.75945 -0.809826 0.133566 0.571263
1 20.2595 21.1694 1.62146 -0.390103 -0.703755 -0.593758
1 9.03229 10.1363 1.61028 -0.631703 -0.106932 -0.7678
1 18.8098 17.3954 1.75056 -0.675972 0.164912 0.718238
1 9.91295 31.1977 1.73775 -0.578982 0.457477 0.674904
1 21.5842 1.87641 1.63007 0.482248 -0.656941 0.579539
1 7.27714 16.4169 1.60753 0.101732 0.266502 -0.95845
1 11.6917 7.12701 1.60897 0.462259 -0.311471 -0.830242
1 8.51731 32.5407 1.6327 -0.812705 -0.0339442 -0.581686
1 24.6821 11.8318 1.60975 0.294257 0.16346 -0.941644
1 22.1753 22.1573 1.60244 0.633696 0.364948 -0.682087
1 22.8202 1.68228 1.72995 -0.0149326 -0.527351 0.849516
1 5.225 0.253649 1.60848 -0.359529 0.362217 -0.859964
1 5.01145 25.0959 1.74947 0.526031 -0.362117 0.769521
1 21.1084 13.2513 1.74887 -0.0181845 0.635631 0.771779
1 31.5919 9.78693 1.7354 0.498319 -0.479915 0.722053
1 13.897 14.2055 1.76308 -0.301733 -0.650352 0.697137
1 26.6292 9.16372 1.60879 0.0103759 -0.128613 -0.991641
1 6.42666 33.5641 1.61123 -0.627058 0.124713 -0.768924
1 26.201 10.3676 1.60614 0.13725 -0.0735003 -0.987806
1 9.08441 23.3261 1.75426 0.653607 0.136893 0.744351
1 7.73192 13.2477 1.60777 -0.267865 0.136686 -0.953711
1 14.0024 26.4917 1.60066 0.52943 0.341612 -0.776534
1 4.30422 16.1221 1.61292 0.0983028 0.748477 -0.655835
1 9.36484 4.94425 1.6073 0.155094 -0.0409379 -0.987051
1 34.1337 30.9698 1.60843 0.407636 -0.325532 -0.853148
1 34.5172 7.92199 1.60586 0.594727 -0.0808651 -0.79985
1 16.2718 10.5753 1.75995 0.0763329 -0.183069 0.980132
1 27.6302 8.75986 1.60811 -0.035995 -0.286301 -0.957463
1 30.8581 1.19973 1.78011 -0.157627 0.781758 0.603331
1 16.5171 21.2119 1.6087 -0.288032 -0.0636133 -0.955506
1 0.0161475 11.655 1.75859 0.130816 0.00587304 0.991389
1 24.673 27.3339 1.76042 0.0360727 -0.043212 0.998414
1 24.2264 7.18532 1.60868 -0.293002 0.226626 -0.928865
1 29.5387 17.1278 1.6078 -0.307149 -0.293268 -0.905347
1 20.1869 34.293 1.76207 -0.16422 0.441425 0.882143
1 21.9918 8.9482 1.60905 -0.00537916 0.729846 -0.683591
1 25.1815 7.72731 1.60595 -0.200568 0.0896104 -0.975573
1 16.7561 24.8406 1.61459 0.314931 -0.0759623 -0.94607
1 0.149381 31.7337 1.6152 0.534142 -0.437696 -0.723266
1 28.044 32.532 1.75855 0.526988 0.0834913 0.845762
1 30.7139 10.9284 1.66104 0.290602 -0.684788 0.668293
1 7.85918 26.2591 1.7579 0.197213 0.0363262 0.979687
1 23.8503 1.65257 1.76132 -0.0420719 -0.370967 0.927692
1 12.2604 5.16786 1.60916 0.148949 -0.430746 -0.890097
1 2.50754 8.73593 1.76033 0.603639 0.287283 0.743699
1 31.309 30.7326 1.61245 0.47321 0.184869 -0.861334
1 23.8394 9.06912 1.60687 -0.0549236 0.354007 -0.933629
1 24.582 30.268 1.75406 -0.503408 -0.083044 0.860049
1 2.85593 6.29865 1.6099 0.122809 -0.579815 -0.80544
1 8.55927 28.8363 1.75809 -0.207273 0.199851 0.957652
1 17.6849 6.33898 1.75685 0.561962 0.0522288 0.825512
1 29.053 10.242 1.61899 0.211295 -0.533959 -0.818683
1 3.05743 16.9778 1.74917 0.670294 0.241943 0.701548
1 3.07812 12.1575 1.75396 0.0553263 0.532662 0.844517
1 23.8001 14.7597 1.59784 0.689837 0.281523 -0.666985
1 29.7533 10.8824 1.60427 0.308588 -0.681835 -0.663231
1 13.97 9.04455 1.75546 0.264148 -0.586937 0.765331
1 20.4645 33.1733 1.75958 -0.0171784 0.478594 0.877868
1 1.77466 3.93047 1.61905 -0.228914 -0.347875 -0.909165
1 5.10903 27.1624 1.75732 0.134795 -0.351215 0.926541
1 2.10454 32.3051 1.76759 0.402421 -0.518059 0.754767
1 23.017 18.4763 1.60851 -0.0968933 0.452064 -0.886707
1 6.9798 26.7696 1.75717 0.133539 -0.0977421 0.986212
1 2.21778 23.2745 1.75211 -0.469876 0.113292 0.875432
1 25.0485 34.2889 1.76009 0.253861 -0.239132 0.937214
1 2.5373 22.3186 1.75859 -0.295216 0.152081 0.943249
1 12.6458 21.6825 1.60401 -0.187025 0.586652 -0.787947
1 8.76734 25.8527 1.76102 0.257064 0.173864 0.950626
1 22.916 9.03364 1.61584 -0.0632599 0.538472 -0.840265
1 18.2587 0.361522 1.76119 -0.202114 0.13998 0.969307
1 3.88795 11.5896 1.77041 0.0784953 0.707199 0.702644
1 16.7939 23.8701 1.60665 0.153024 -0.0933914 -0.9838
1 30.8116 24.4008 1.60549 -0.569958 0.376262 -0.730462
1 0.589867 30.5401 1.61173 0.311672 -0.528864 -0.789407
1 8.19294 8.38096 1.61559 0.751646 0.115693 -0.649341
1 12.3107 29.5216 1.75583 0.450157 -0.680319 0.578381
1 23.3766 5.62806 1.61448 -0.472536 0.365279 -0.802048
1 26.6912 17.3643 1.61037 -0.249993 0.05202 -0.966849
1 2.47412 34.0093 1.75315 -0.0879575 0.592886 0.800468
1 31.998 26.9347 1.60837 -0.198274 0.137484 -0.970456
1 7.28147 24.4917 1.752 0.454923 -0.0841494 0.886546
1 2.1852 19.5886 1.7614 0.217438 0.0922192 0.971708
1 32.1905 2.28838 1.62421 -0.408072 0.38748 -0.826642
1 32.6934 14.028 1.75843 -0.298752 -0.285515 0.91062
1 22.8388 0.00664809 1.71881 0.237628 -0.656228 0.716169
1 21.1457 11.1145 1.74039 0.051129 0.775787 0.62892
1 13.6792 12.8675 1.74466 -0.119361 -0.635327 0.762963
1 8.22829 0.165163 1.61109 -0.39649 -0.0872424 -0.913884
1 0.695303 29.2742 1.61927 0.119877 -0.553152 -0.82441
1 28.1687 34.5347 1.75989 0.143292 0.219272 0.965084
1 27.8334 7.69662 1.60982 -0.182916 -0.315182 -0.931237
1 24.6507 12.8999 1.60983 0.447026 0.161951 -0.879738
1 24.4429 29.2907 1.75871 -0.333155 -0.100548 0.937496
1 27.8916 30.555 1.77086 -0.684077 0.34275 0.643864
1 14.8403 34.5837 1.75709 -0.207834 -0.297443 0.931844
1 1.12271 6.63739 1.60889 0.303123 -0.239863 -0.92227
1 12.2346 17.7459 1.60397 0.20113 -0.544519 -0.814276
1 1.74731 18.6573 1.76116 0.379957 0.0230112 0.924718
1 13.0239 8.67561 1.7426 0.361095 -0.702041 0.613798
1 32.594 20.8296 1.76738 -0.0295799 -0.701381 0.712173
1 18.1496 11.2463 1.75885 0.0227983 0.106596 0.994041
1 19.4407 5.51268 1.76205 0.583318 0.346067 0.734832
1 12.309 11.3554 1.62735 -0.334654 -0.766035 -0.548814
1 11.0865 16.0532 1.61043 0.0489081 -0.363717 -0.930225
1 21.2603 33.7539 1.73869 -0.132201 0.606507 0.78401
1 30.3686 27.9722 1.61535 -0.0060296 0.457645 -0.889115
1 11.2538 5.0363 1.61109 0.129181 -0.274446 -0.952886
1 27.5919 31.5913 1.74477 0.738864 -0.00268074 0.673849
1 33.6463 11.6351 1.76061 0.172611 -0.148185 0.97378
1 0.246554 15.2995 1.75571 -0.542786 0.0698737 0.836959
1 9.97509 30.0583 1.73288 -0.39792 0.41358 0.818909
1 10.934 3.75266 1.61152 -0.0157497 -0.302955 -0.952875
1 30.1163 20.3272 1.60378 0.208854 -0.413522 -0.886216
1 4.32344 18.0995 1.74093 0.509802 0.520564 0.68492
1 6.10474 25.3155 1.75895 0.412601 -0.215399 0.885079
1 8.15031 12.1724 1.60866 -0.376885 0.0543509 -0.924664
1 22.8412 27.8676 1.7605 -0.0989477 -0.364503 0.92593
1 17.3729 23.0618 1.60796 0.0308915 -0.206139 -0.978035
1 25.6363 29.834 1.75539 -0.43095 0.093763 0.897491
1 30.9121 34.347 1.76071 0.0768171 0.615061 0.784729
1 13.9981 10.2901 1.75895 0.0876665 -0.565222 0.820267
1 8.71302 27.8349 1.76002 -0.0456144 0.200711 0.978588
1 17.4101 8.08111 1.75979 0.34719 -0.0184173 0.937614
1 13.6891 4.25128 1.61614 -0.101675 -0.651739 -0.751598
1 18.377 2.13646 1.75821 -0.426217 0.149224 0.892228
1 4.05069 4.89205 1.61642 -0.344942 -0.724024 -0.597331
1 14.1354 5.53972 1.61001 0.0848108 -0.708422 -0.700675
1 3.70951 21.896 1.75548 -0.21212 0.313388 0.925631
1 18.9728 30.7932 1.75714 0.302962 0.230615 0.924679
1 32.1 5.70167 1.60794 0.196697 0.367885 -0.908829
1 4.09232 28.9532 1.75806 -0.176784 -0.470331 0.864602
1 17.8468 1.25541 1.76015 -0.303986 0.0746734 0.949745
1 28.1811 28.4129 1.7551 -0.0957588 0.593 0.799488
1 2.32464 14.3326 1.75687 -0.356109 0.400369 0.844329
1 31.5867 29.7903 1.60989 0.297902 0.167262 -0.939829
1 9.90569 18.6703 1.6117 0.384542 -0.152915 -0.910354
1 23.3989 2.58179 1.76094 -0.218961 -0.421877 0.879816
1 10.5798 7.53552 1.61151 0.557296 -0.114739 -0.822348
1 11.4498 18.5926 1.61686 0.333839 -0.400832 -0.853162
1 6.99515 17.7822 1.61276 0.256654 0.348467 -0.901498
1 28.4535 20.5866 1.60809 0.256352 -0.146014 -0.955491
1 25.6917 9.53107 1.60808 0.0224225 0.0204124 -0.99954
1 16.3692 11.5916 1.7598 -0.0137181 -0.161426 0.986789
1 8.6198 24.2534 1.75575 0.516135 0.0873251 0.852044
1 21.9658 27.4178 1.75561 -0.0439476 -0.52764 0.84833
1 1.22502 4.68997 1.60893 -0.0505866 -0.265934 -0.962663
1 1.97476 24.7696 1.59123 0.747766 -0.111385 -0.654553
1 32.6511 25.1724 1.61181 -0.521507 -0.040191 -0.8523
1 3.23959 18.0376 1.76218 0.484004 0.305374 0.820053
1 9.68768 14.9273 1.60851 -0.054841 -0.157316 -0.986024
1 3.72499 13.1699 1.77538 -0.0698241 0.693648 0.716922
1 13.1877 33.013 1.75922 -0.0286704 -0.504373 0.86301
1 26.8464 8.12414 1.60845 -0.127542 -0.16327 -0.978303
1 17.1665 28.6278 1.75349 0.633536 -0.03411 0.772961
1 6.0333 15.7329 1.61019 0.0372361 0.478071 -0.877532
1 33.0599 5.61275 1.61194 0.170311 0.211096 -0.962514
1 21.8282 0.0837977 1.74799 -0.320376 0.711498 0.625403
1 16.3967 19.5473 1.61488 -0.592776 -0.0704163 -0.802283
1 12.884 18.5354 1.60871 0.341455 -0.644821 -0.683823
1 32.3917 0.247203 1.60778 -0.659016 0.356894 -0.662061
1 31.3212 27.9489 1.61122 -0.0224102 0.268133 -0.963121
1 27.3245 19.1674 1.60807 0.0326317 -0.0331907 -0.998916
1 5.53264 10.3074 1.60605 -0.553046 0.463639 -0.692228
1 20.9711 15.9601 1.75653 -0.447899 0.604811 0.658476
1 25.309 15.0176 1.59941 0.819767 -0.0242466 -0.572184
1 19.2231 3.20373 1.75864 -0.582647 0.347096 0.734879
1 31.7482 20.3688 1.61108 0.184101 -0.757511 -0.626326
1 32.6662 16.0321 1.75468 -0.670807 -0.299139 0.678627
1 1.81043 13.442 1.75557 -0.190895 0.3258 0.925966
1 4.1347 23.4708 1.74944 -0.582442 0.374137 0.721653
1 22.5905 12.6792 1.61697 0.263291 0.512663 -0.817224
1 6.44073 30.8579 1.74632 -0.561198 -0.0653394 0.825099
1 32.9528 27.186 1.60811 -0.164507 -0.0593898 -0.984586
1 7.83074 27.2828 1.75989 0.0456418 0.0518958 0.997609
1 7.06917 7.66904 1.61097 0.586314 0.320135 -0.744143
1 19.5156 9.84955 1.76264 0.151862 0.382535 0.911375
1 27.34 16.5992 1.6154 -0.375923 0.0196449 -0.926443
1 2.83606 24.0326 1.76635 -0.60589 0.214635 0.766047
1 16.8975 32.6278 1.75964 0.0564231 -0.0129894 0.998322
1 26.6692 25.4507 1.75313 0.412102 0.294026 0.862392
1 26.4392 27.5328 1.75885 0.0262609 0.29337 0.955638
1 7.7279 10.2516 1.60808 -0.602119 0.0704536 -0.795292
1 9.24633 3.85263 1.60725 0.0297887 -0.0573791 -0.997908
1 1.155 19.4894 1.75952 0.213548 -0.0808518 0.973581
1 16.7127 25.8599 1.61541 0.494972 -0.0520596 -0.867348
1 23.4424 10.1106 1.60961 0.0714525 0.408338 -0.91003
1 14.8112 8.06426 1.7537 0.399504 -0.469525 0.787364
1 28.4914 16.8294 1.60876 -0.358835 -0.133516 -0.923802
1 33.5378 23.1739 1.75062 -0.492779 -0.438562 0.751553
1 18.7752 19.2135 1.60355 -0.696162 -0.376883 -0.610997
1 11.8249 22.274 1.7789 0.0957123 -0.723834 0.683303
1 15.2931 2.08737 1.74788 -0.475797 -0.299975 0.826821
1 3.3218 22.9196 1.74924 -0.413429 0.292323 0.862336
1 6.25762 0.952111 1.60671 -0.266869 0.227697 -0.936448
1 32.3361 7.41556 1.60993 0.521111 0.275753 -0.807715
1 16.7925 27.7378 1.76551 0.800396 -0.126179 0.586042
1 8.75445 17.747 1.60679 0.263706 0.0464641 -0.963483
1 25.8434 16.8226 1.61174 -0.383974 0.132525 -0.913784
1 4.33857 14.6222 1.60785 -0.208672 0.76231 -0.612649
1 9.13912 0.869165 1.61004 -0.308691 -0.195101 -0.930938
1 0.520738 32.6802 1.60408 0.647148 -0.556792 -0.520752
1 16.8833 0.891601 1.75858 -0.281532 -0.0331426 0.958979
1 29.2264 19.9057 1.60814 0.152343 -0.279303 -0.948041
1 5.14127 15.2723 1.60873 -0.0538296 0.63194 -0.773146
1 8.42392 20.5985 1.60828 0.633244 0.0817363 -0.769624
1 32.8156 33.6534 1.6839 -0.7414 0.41273 0.529131
1 1.96903 6.00766 1.61268 0.145783 -0.397312 -0.90603
1 31.8082 18.8407 1.60897 -0.0306625 -0.713298 -0.70019
1 13.059 0.757114 1.75365 -0.403783 -0.603838 0.68727
1 25.3501 28.9064 1.75985 -0.244171 0.0699497 0.967206
1 5.70904 5.85977 1.60512 0.286651 0.531373 -0.797166
1 29.916 25.3785 1.60844 -0.349929 0.562359 -0.749201
1 12.5313 6.29457 1.60878 0.307058 -0.461545 -0.832281
1 27.3169 21.903 1.60916 0.482203 0.0593132 -0.874049
1 34.378 28.648 1.60475 0.033064 -0.375571 -0.926203
1 29.3854 7.91635 1.62323 -0.179539 -0.572754 -0.799824
1 29.6115 6.80214 1.61317 -0.387452 -0.602378 -0.697869
1 8.24468 14.0514 1.60705 -0.170747 0.0579834 -0.983607
1 29.1635 12.3322 1.62284 0.451889 -0.595841 -0.663905
1 30.2173 12.5075 1.76185 0.038055 -0.728831 0.683635
1 13.4333 6.60944 1.60996 0.339651 -0.601902 -0.722739
1 19.1562 11.6246 1.75585 -0.00147431 0.269706 0.962942
1 18.2242 4.08195 1.76054 -0.708881 0.153813 0.688353
1 32.8465 22.1136 1.75829 -0.267086 -0.558878 0.785061
1 8.72276 26.8314 1.75917 0.110368 0.185616 0.976404
1 20.5981 28.8112 1.76313 0.60315 0.590667 0.536025
1 13.7434 17.3505 1.60743 0.141546 -0.815489 -0.561197
1 19.047 15.9279 1.7528 -0.473074 0.250518 0.844655
1 0.0867403 26.3447 1.6076 -0.338673 -0.404556 -0.849491
1 27.3633 27.3287 1.7582 0.0795266 0.48948 0.868381
1 4.27536 26.7166 1.76602 0.219714 -0.473573 0.852909
1 33.4196 17.5709 1.74832 0.471275 -0.465639 0.749053
1 3.69783 1.97689 1.62815 -0.00113597 0.619177 -0.78525
1 25.4137 2.38234 1.75741 -0.239778 -0.123633 0.962923
1 4.93038 13.0024 1.61786 -0.25889 0.643306 -0.720509
1 22.8338 17.3096 1.60868 -0.301752 0.488831 -0.818529
1 15.101 29.5542 1.75039 0.427564 -0.26809 0.863317
1 6.0231 17.8391 1.61519 0.305065 0.512551 -0.802638
1 31.2263 4.2949 1.60661 -0.088717 0.516779 -0.85151
1 15.5001 13.0959 1.7556 -0.16674 -0.310492 0.935838
1 17.6736 9.06567 1.76026 0.221124 0.0337975 0.97466
1 5.30823 1.3212 1.61256 -0.169585 0.357413 -0.918421
1 7.1448 1.42085 1.60716 -0.194278 0.108999 -0.974872
1 13.9506 0.339246 1.74974 -0.285887 -0.437054 0.852791
1 22.6918 21.3751 1.61936 0.447028 0.408148 -0.795978
1 33.4277 30.284 1.60936 0.315735 -0.183492 -0.930936
1 13.5278 2.84382 1.60938 -0.349742 -0.736471 -0.579043
1 11.1696 31.146 1.71628 0.392826 -0.742242 0.542922
1 23.4684 0.719669 1.76331 0.138977 -0.474688 0.869113
1 16.3708 23.0027 1.60748 0.00916461 -0.0350724 -0.999343
1 28.2459 19.5799 1.60827 0.104906 -0.144975 -0.983858
1 27.102 20.0972 1.60554 0.173736 -0.0265009 -0.984436
1 14.2771 22.747 1.60977 -0.0510369 0.297967 -0.953211
1 13.0451 20.3375 1.6934 -0.385808 0.589265 -0.709872
1 4.44435 30.0961 1.75566 -0.353098 -0.411851 0.84006
1 12.3281 1.24974 1.62112 -0.378163 -0.687646 -0.619788
1 34.5471 21.2735 1.75772 -0.136491 -0.2967 0.945166
1 11.7035 32.1078 1.76182 0.116782 -0.728295 0.675239
1 12.1929 33.2716 1.75757 -0.0989066 -0.66302 0.742039
1 17.3208 13.1606 1.75926 -0.137498 -0.00429276 0.990493
1 4.60504 21.2406 1.75634 -0.0931836 0.439771 0.893263
1 26.2038 3.05298 1.75704 -0.428859 -0.0314942 0.902822
1 19.9006 10.9329 1.75549 0.0571044 0.424623 0.903567
1 26.6179 26.5161 1.75941 0.209106 0.306195 0.928719
1 33.2645 1.86198 1.61838 -0.455461 0.172169 -0.873449
1 9.35867 25.0918 1.75677 0.395042 0.249692 0.884079
1 23.5799 13.2629 1.61075 0.443967 0.338298 -0.829728
1 33.7009 14.2279 1.75837 -0.33422 -0.118672 0.934994
1 2.83309 18.8832 1.75587 0.35878 0.203556 0.910957
1 14.554 23.7237 1.6083 0.10352 0.259336 -0.960223
1 24.9237 21.2203 1.61559 0.362584 0.153464 -0.919229
1 16.5362 14.6713 1.75769 -0.309411 -0.129045 0.942132
1 32.0112 12.0505 1.75853 0.0840651 -0.414975 0.905941
1 21.5921 16.7721 1.7531 -0.436744 0.781157 0.446148
1 28.2753 27.1449 1.76489 0.154229 0.683772 0.71321
1 22.7228 13.8937 1.60785 0.474818 0.507753 -0.718842
1 22.4606 5.19621 1.60096 -0.54062 0.518593 -0.662413
1 4.87813 28.2189 1.75961 -0.0499907 -0.353054 0.934267
1 1.96822 21.2256 1.75954 -0.0960999 0.0398537 0.994574
1 7.75447 11.226 1.61465 -0.460285 0.127067 -0.87863
1 11.4594 17.1454 1.61759 0.174618 -0.398519 -0.900384
1 19.5987 24.7033 1.61134 0.29575 -0.580213 -0.758871
1 5.04281 19.3217 1.75793 0.314018 0.582716 0.749557
1 7.61997 3.85726 1.60738 0.0525918 0.163932 -0.985069
1 10.0699 0.416328 1.61021 -0.398359 -0.306654 -0.86445
1 17.0659 30.5874 1.75883 0.318501 -0.0028097 0.947918
1 18.4302 8.3114 1.76076 0.300089 0.156932 0.940914
1 24.4732 13.9989 1.61441 0.588185 0.151564 -0.794397
1 32.8873 9.24936 1.74118 0.705416 -0.247305 0.66425
1 26.4797 2.13252 1.75807 -0.240379 0.0148604 0.970565
1 0.00517809 24.0459 1.75798 -0.700694 -0.290285 0.651738
1 33.6116 7.25061 1.6156 0.480814 0.0933045 -0.871844
1 28.997 1.47779 1.75101 -0.135363 0.433897 0.890736
1 3.86378 10.228 1.76123 0.286232 0.591025 0.754163
1 9.91563 8.41437 1.61201 0.728225 -0.009054 -0.685278
1 14.6444 13.6303 1.74864 -0.254682 -0.479663 0.839679
1 20.2183 8.38748 1.73352 0.265069 0.5201 0.811932
1 6.15051 29.5347 1.75711 -0.293704 -0.140644 0.945493
1 20.1597 15.4051 1.75529 -0.387164 0.464496 0.79646
1 4.30655 3.16225 1.62047 0.169737 0.570776 -0.80337
1 33.2899 13.2699 1.75967 -0.152198 -0.19567 0.968787
1 3.9536 19.0542 1.75723 0.347721 0.400139 0.847926
1 17.9655 31.1492 1.7589 0.244416 0.109112 0.963512
1 11.6322 3.04365 1.60955 -0.121822 -0.458267 -0.880426
1 31.7584 25.9864 1.61173 -0.355708 0.170804 -0.918857
1 23.7867 17.6846 1.60813 -0.260158 0.353032 -0.898714
1 12.6696 32.0135 1.74869 0.0807279 -0.586516 0.805904
1 21.6614 4.49984 1.77288 -0.394918 0.428371 0.812735
1 9.71743 26.1977 1.75842 0.218381 0.339229 0.915004
1 16.6157 26.8357 1.60706 0.679941 -0.0416262 -0.732084
1 29.8665 29.0238 1.61236 0.185879 0.497546 -0.847288
1 8.12187 19.5022 1.61113 0.494738 0.190651 -0.847872
1 9.68326 6.93137 1.61212 0.440382 -0.00987895 -0.897756
1 2.28153 1.15395 1.78641 -0.352848 -0.531562 0.770026
1 28.3712 9.49374 1.61113 0.0807123 -0.408453 -0.909204
1 16.1536 1.56135 1.75493 -0.383012 -0.160473 0.909698
1 1.08652 10.762 1.76052 0.280178 0.140205 0.949654
1 25.1773 6.74103 1.61108 -0.37106 0.0578879 -0.926803
1 5.18092 26.0642 1.76169 0.332399 -0.351195 0.875313
1 16.4404 13.661 1.75747 -0.206334 -0.145135 0.967658
1 25.6661 12.2339 1.60818 0.400078 0.0130669 -0.916388
1 0.552072 20.3819 1.75971 0.0383587 -0.185161 0.981959
1 9.77492 1.88263 1.60742 -0.180128 -0.231264 -0.95607
1 4.52669 22.3784 1.75453 -0.345784 0.419307 0.839414
1 30.7306 25.8893 1.61611 -0.346612 0.373515 -0.860434
1 9.88194 12.9797 1.60825 -0.278352 -0.226813 -0.933314
1 1.54857 29.8251 1.6053 0.155267 -0.720524 -0.675823
1 30.9555 3.17438 1.61049 -0.328568 0.618303 -0.713964
1 18.7204 31.8828 1.76112 0.159415 0.219242 0.962559
1 24.4242 24.6456 1.75584 0.540201 -0.113984 0.833781
1 33.6206 24.6151 1.63375 -0.661095 -0.271345 -0.699518
1 2.83727 2.65752 1.75744 0.633314 0.673117 -0.381874
1 15.5912 26.1501 1.62302 0.556518 0.136145 -0.819605
1 18.5054 33.975 1.75822 -0.0848705 0.189957 0.978117
1 23.8557 16.5741 1.61475 -0.466426 0.360211 -0.807895
1 15.5912 14.2041 1.75717 -0.284984 -0.299612 0.910503
1 10.0006 11.3075 1.61214 -0.488115 -0.267438 -0.830795
1 15.4967 8.72605 1.75655 0.306755 -0.343468 0.887655
1 30.0339 19.2299 1.60619 0.0424168 -0.409801 -0.911188
1 5.4204 22.7927 1.75417 -0.495297 0.517463 0.697792
1 31.724 31.6225 1.76498 0.967302 -0.0292992 0.251928
1 0.46316 22.1598 1.75854 -0.304794 -0.197038 0.931814
1 26.7143 5.67833 1.61382 -0.57516 -0.168443 -0.800511
1 9.13463 34.3272 1.60356 -0.509935 -0.200422 -0.836539
1 14.8802 17.0705 1.76096 -0.582295 -0.525739 0.620106
1 18.1989 15.2558 1.75863 -0.389225 0.111106 0.914418
1 14.9349 14.9034 1.74736 -0.36515 -0.445712 0.817316
1 13.9573 24.5624 1.60388 0.227972 0.386355 -0.893733
1 8.7848 1.82838 1.607 -0.171387 -0.0892089 -0.981157
1 2.63421 20.4672 1.75888 0.0590035 0.152255 0.986578
1 8.77984 13.0069 1.60794 -0.278071 -0.0441991 -0.959543
1 33.5389 21.1514 1.75878 -0.111885 -0.493779 0.862359
1 34.3069 13.435 1.75901 -0.185307 -0.0276906 0.98229
1 10.2166 14.0253 1.60596 -0.15606 -0.258031 -0.953449
1 21.7087 7.44143 1.59677 -0.115706 0.779759 -0.615295
1 7.78603 14.9522 1.60576 -0.0576953 0.152053 -0.986687
1 17.7758 26.3483 1.61241 0.55894 -0.216242 -0.800516
1 17.0489 20.3849 1.60647 -0.425858 -0.144285 -0.893211
1 16.0798 22.0859 1.60686 -0.140761 0.00939398 -0.989999
1 21.1577 9.3394 1.76582 0.210035 0.756406 0.619464
1 33.2691 8.13973 1.61329 0.657551 0.0782361 -0.749337
1 11.1892 0.513994 1.61596 -0.40672 -0.484867 -0.774262
1 25.7606 1.46309 1.75724 -0.0775705 -0.0915606 0.992774
1 6.49728 21.1807 1.62448 -0.0993228 -0.670539 -0.735196
1 12.4085 27.331 1.75018 -0.00972432 0.746635 0.665163
1 27.6603 6.37891 1.61101 -0.403798 -0.266541 -0.875159
1 24.55 28.2896 1.76136 -0.144192 -0.0710101 0.986999
1 1.38947 31.2715 1.61554 0.406714 -0.659438 -0.632238
1 28.193 1.00421 1.76099 -0.0603048 0.272386 0.960296
1 0.0494429 10.6853 1.75693 0.300863 -0.0153261 0.953544
1 15.6101 28.5261 1.74531 0.60164 -0.203877 0.772311
1 3.69699 20.8159 1.7591 0.011539 0.313991 0.949356
1 12.7448 4.10796 1.62572 -0.029633 -0.528862 -0.84819
1 3.62655 33.8373 1.59411 -0.454077 0.717635 -0.528029
1 17.2931 2.04395 1.76104 -0.414376 -0.0306416 0.90959
1 32.8857 1.025 1.61047 -0.545426 0.301678 -0.781985
1 18.8941 21.4618 1.61315 -0.255578 -0.441085 -0.860305
1 1.5614 20.3666 1.75938 0.058902 -0.018134 0.998099
1 18.1707 30.1158 1.75585 0.386789 0.115896 0.914857
1 0.691982 13.4711 1.75779 -0.207742 0.141317 0.967922
1 5.28872 3.43136 1.61961 0.151484 0.422966 -0.893394
1 24.0442 18.6947 1.60868 -0.0795835 0.311775 -0.946817
1 0.477265 4.06896 1.60961 -0.122898 -0.131666 -0.983646
1 15.4458 21.3343 1.60872 -0.282392 0.112559 -0.952673
1 20.8294 5.07402 1.60111 0.395881 0.768387 -0.502851
1 7.07136 25.6521 1.75444 0.29419 -0.096462 0.950867
1 4.79335 24.1946 1.64872 0.719151 -0.348689 0.601031
1 23.031 20.4432 1.61107 0.266363 0.40603 -0.87418
1 7.7997 23.4937 1.7499 0.613431 -0.0904714 0.784549
1 29.1797 2.55987 1.75103 -0.324664 0.493651 0.806785
1 14.1366 30.1834 1.75424 0.329655 -0.401861 0.854304
1 30.8869 28.9621 1.61104 0.154845 0.320367 -0.934552
1 1.7019 0.187153 1.59455 0.178927 0.605614 -0.775382
1 8.08507 1.10636 1.60743 -0.261267 -0.0262888 -0.964909
1 18.3318 13.3004 1.76026 -0.162789 0.136215 0.977213
1 14.7482 20.6588 1.60994 -0.394475 0.237831 -0.887595
1 14.0893 19.9796 1.61756 -0.472029 0.378423 -0.796232
1 6.91607 27.7725 1.75975 -0.020386 -0.078023 0.996743
1 1.08974 5.64969 1.60881 0.125835 -0.232529 -0.964415
1 19.3309 13.7956 1.75757 -0.184532 0.308078 0.933293
1 4.7829 32.6318 1.62094 -0.788771 0.217525 -0.574912
1 24.346 8.19126 1.60569 -0.153101 0.238605 -0.958972
1 12.566 7.65508 1.60785 0.53779 -0.470298 -0.699716
1 20.4071 29.8475 1.74345 0.488039 0.480313 0.728778
1 33.5953 29.2758 1.60832 0.14049 -0.209384 -0.967688
1 8.47398 33.4643 1.62745 -0.671832 -0.0967719 -0.734355
1 32.7101 3.8455 1.60926 -0.136221 0.278418 -0.950751
1 18.6761 32.9267 1.75833 0.0347817 0.21185 0.976683
1 32.7136 11.2719 1.75926 0.248756 -0.304067 0.9196
1 9.76536 17.7124 1.61046 0.25937 -0.111335 -0.959339
1 9.50166 5.95955 1.60725 0.294636 -0.0193076 -0.955414
1 0.305623 5.03244 1.60915 0.04565 -0.101728 -0.993764
1 10.6412 15.0141 1.61022 -0.0585596 -0.322184 -0.944864
1 22.6203 7.56882 1.77099 0.177299 -0.59137 0.786668
1 6.21769 14.6257 1.60954 -0.106802 0.402596 -0.909126
1 21.7402 28.6455 1.76594 -0.25939 -0.589695 0.764838
1 33.6421 15.1938 1.75866 -0.527456 -0.102135 0.843421
1 33.7186 26.6093 1.60998 -0.271499 -0.213452 -0.93847
1 28.216 3.24822 1.75531 -0.472673 0.286988 0.833197
1 24.8095 1.54057 1.75731 -0.0617009 -0.231741 0.970819
1 30.0311 33.5946 1.75624 0.233733 0.434026 0.870052
1 25.0179 3.3212 1.75127 -0.412719 -0.148579 0.898658
1 15.4579 16.2845 1.75699 -0.488372 -0.390574 0.780349
1 28.0166 33.5256 1.75739 0.3352 0.168618 0.926935
1 17.5556 17.075 1.72303 -0.658038 -0.0337443 0.752228
1 8.06171 25.1401 1.75793 0.356846 0.0431598 0.933166
1 17.8154 32.2364 1.76002 0.109989 0.103695 0.988509
1 31.6833 14.0502 1.75034 -0.330666 -0.45562 0.82648
1 33.6353 3.55236 1.60932 -0.181537 0.118564 -0.976211
1 16.8488 4.47079 1.76293 -0.782803 -0.079448 0.617177
1 7.72805 30.8933 1.75309 -0.563334 0.0887615 0.821448
1 0.64438 9.86166 1.75641 0.461841 0.0348743 0.886277
1 27.732 23.6318 1.62366 0.787013 0.0765927 -0.612164
1 9.32452 21.4665 1.61952 0.766552 -0.0598189 -0.63939
1 23.9626 34.288 1.7565 0.276117 -0.414718 0.867046
1 20.632 26.6221 1.59629 -0.268897 0.707698 -0.653344
1 19.362 28.7787 1.75359 0.597742 0.359313 0.716658
1 25.4733 27.8968 1.75991 -0.0549722 0.101541 0.993311
1 12.5168 15.0152 1.62925 -0.0433234 -0.648504 -0.759977
1 1.1787 22.9492 1.75373 -0.428488 -0.0620344 0.901415
1 12.4045 25.8063 1.73752 0.294625 0.776038 0.557639
1 8.33601 3.1719 1.60734 -0.0181361 0.0372139 -0.999143
1 14.0576 7.49596 1.72293 0.518344 -0.580363 0.628091
1 15.0326 30.605 1.75428 0.286555 -0.261552 0.92167
1 20.5579 6.2522 1.76178 0.474513 0.574843 0.666628
1 30.0082 32.3968 1.7463 0.430025 0.382153 0.817947
1 16.0678 31.1525 1.75993 0.238598 -0.112183 0.964617
1 0.0678104 17.099 1.74351 0.683518 -0.212075 0.698447
1 6.13878 24.3165 1.74701 0.57493 -0.211694 0.790343
1 8.95595 7.63955 1.61799 0.573965 0.0919286 -0.813703
1 25.3647 5.76523 1.61547 -0.564995 -0.00158844 -0.825093
1 4.4268 20.1324 1.75756 0.151911 0.444752 0.882677
1 22.2344 33.2823 1.76912 -0.0884189 0.75458 0.650224
1 23.9625 3.56528 1.76 -0.429873 -0.314631 0.846296
1 28.6573 11.444 1.6166 0.352337 -0.472628 -0.807763
1 27.7771 17.5244 1.61036 -0.228448 -0.0807018 -0.970206
1 7.09066 18.9069 1.61159 0.42099 0.4191 -0.804439
1 24.9284 8.95085 1.61069 -0.057482 0.144935 -0.98777
1 33.9365 9.78887 1.76297 0.55751 -0.0916787 0.825092
1 11.8136 12.5176 1.61544 -0.274646 -0.577515 -0.768795
1 18.2079 28.0405 1.75228 0.699519 0.139032 0.700959
1 28.3963 21.6186 1.60865 0.433523 -0.119489 -0.893186
1 30.0597 26.8538 1.62606 -0.177149 0.533769 -0.826867
1 18.567 24.6758 1.61858 0.278787 -0.393939 -0.875837
1 5.4881 21.653 1.75461 -0.207653 0.545935 0.811687
1 2.47754 26.0497 1.7553 0.313708 -0.679075 0.663659
1 11.5311 26.2136 1.75361 0.240392 0.634082 0.73495
1 29.3579 9.09343 1.61438 0.0296687 -0.569012 -0.821794
1 22.0953 11.4965 1.6058 0.0959185 0.721943 -0.685272
1 17.7414 33.2722 1.75947 -0.0110116 0.0889045 0.995979
1 5.37369 16.5201 1.60774 0.198142 0.596335 -0.777897
1 29.1239 32.896 1.75843 0.385992 0.257119 0.885946
1 24.8245 22.1704 1.60744 0.538959 0.127521 -0.832623
1 8.94245 30.6617 1.75689 -0.518573 0.259196 0.8148
1 19.2405 0.133646 1.7574 -0.184245 0.291419 0.938685
1 29.9985 0.168485 1.75543 0.0465967 0.498394 0.865697
1 25.4382 0.55558 1.75919 0.0868324 -0.165263 0.98242
1 13.404 11.3141 1.75969 -0.111315 -0.635262 0.764232
1 24.3467 32.5507 1.70687 0.564065 -0.321893 0.760405
1 9.5464 20.5079 1.77179 -0.627113 0.158676 0.762595
1 15.6904 3.1598 1.71985 -0.603562 -0.276633 0.747788
1 5.18107 33.5798 1.61301 -0.580418 0.33993 -0.739975
1 14.8874 9.69111 1.75413 0.16744 -0.433206 0.885605
1 26.2377 28.5008 1.75961 -0.151898 0.232304 0.960709
1 11.1553 24.9056 1.74466 0.487602 0.565535 0.665143
1 7.09628 12.5534 1.62347 -0.341238 0.241895 -0.908319
1 29.0058 25.0491 1.61291 -0.323921 0.728644 -0.603451
1 2.78083 3.90373 1.60794 -0.329705 -0.511745 -0.793354
1 27.2146 28.4302 1.75295 -0.131164 0.417753 0.899043
1 13.2836 30.9787 1.7491 0.200309 -0.495208 0.845367
1 28.5832 7.05619 1.6134 -0.302474 -0.430176 -0.850563
1 14.9662 24.6473 1.60681 0.254634 0.206454 -0.944743
1 9.2769 12.0711 1.60859 -0.390503 -0.138522 -0.91012
1 7.19645 0.425665 1.60592 -0.350372 0.0747774 -0.933621
1 26.3965 0.257807 1.75872 0.10227 -0.0281791 0.994357
1 13.4252 22.2951 1.6103 -0.129861 0.43903 -0.889038
1 25.6167 30.8157 1.73898 -0.637848 0.0477342 0.768682
1 6.73343 6.56186 1.61215 0.40449 0.386856 -0.828692
1 26.6385 29.3618 1.75223 -0.316702 0.280324 0.906156
1 24.4438 0.592185 1.75426 0.107686 -0.319908 0.941309
1 25.8706 17.9959 1.60788 -0.175965 0.125977 -0.976302
1 22.026 18.1755 1.61598 -0.130589 0.597401 -0.791239
1 5.49002 30.2902 1.75535 -0.41823 -0.220588 0.881149
1 23.6364 28.5976 1.76133 -0.222125 -0.238425 0.945417
1 20.5575 3.26705 1.76815 0.356757 -0.771981 0.526089
1 17.9387 10.1639 1.75969 0.116179 0.073495 0.990505
1 19.2371 7.64858 1.75617 0.370384 0.309214 0.875901
1 1.01459 11.7181 1.75951 0.109759 0.162913 0.980516
1 30.1477 2.68602 1.76432 -0.346949 0.683011 0.642746
1 29.9165 1.46583 1.74934 -0.137439 0.610506 0.779996
1 22.4222 19.3887 1.61173 0.0841039 0.514847 -0.853147
1 7.62823 6.03735 1.6106 0.319582 0.238237 -0.917121
1 31.9921 8.31919 1.60569 0.694262 0.268191 -0.667887
1 10.5031 16.9467 1.61021 0.153062 -0.242265 -0.95806
1 0.934303 7.69319 1.77613 -0.505072 0.243217 0.828099
1 18.2738 12.2659 1.75973 -0.0695443 0.123801 0.989867
1 16.994 31.6062 1.75909 0.182981 -0.00157766 0.983115
1 34.3961 18.0926 1.7583 0.468384 -0.286081 0.835927
1 13.4665 25.437 1.6053 0.352698 0.481664 -0.80225
1 23.1164 16.0134 1.76398 0.53356 -0.486491 0.691838
1 31.3619 15.0027 1.75334 -0.552329 -0.49693 0.669323
1 15.4095 23.2399 1.60925 0.0397692 0.117462 -0.992281
1 5.46069 13.9642 1.61561 -0.183627 0.523025 -0.832302
1 22.4336 6.36601 1.61089 -0.311669 0.552868 -0.772787
1 9.1181 15.8422 1.60743 0.0398679 -0.0415168 -0.998342
1 6.29502 34.5385 1.60927 -0.4533 0.191221 -0.870605
1 25.6612 26.9178 1.75996 0.123111 0.133869 0.983322
1 14.3509 15.6716 1.76677 -0.408824 -0.612823 0.676247
1 25.7347 14.0735 1.61086 0.686066 -0.0963213 -0.721135
1 3.15906 28.3353 1.75808 -0.0982026 -0.634869 0.766354
1 6.57472 32.6206 1.62199 -0.7873 -0.00272145 -0.616564
1 27.5408 26.1725 1.75447 0.27256 0.464524 0.842572
1 11.3548 8.30961 1.61123 0.660515 -0.241802 -0.71081
1 20.8788 7.64567 1.76219 0.268462 0.707513 0.653723
1 14.5902 12.4881 1.7502 -0.116973 -0.453218 0.883691
1 26.6883 24.4347 1.76159 0.60784 0.289015 0.739595
1 20.8362 0.356055 1.69598 -0.255674 0.552722 0.793177
1 31.9108 3.37895 1.60774 -0.22893 0.42718 -0.874705
1 5.46188 20.4935 1.75374 0.0542254 0.561042 0.826009
1 2.43472 29.1469 1.7541 -0.179591 -0.786417 0.591012
1 23.5726 22.387 1.6141 0.586486 0.222205 -0.778883
1 29.1367 23.2484 1.61119 0.694067 -0.220469 -0.685321
1 1.44574 28.3406 1.60416 -0.0291333 -0.725641 -0.687457
1 9.94156 24.2923 1.75469 0.531348 0.319491 0.784598
1 18.2781 29.107 1.75452 0.547875 0.150219 0.822962
1 28.2455 2.22792 1.75762 -0.272164 0.309427 0.911143
1 18.6097 9.39786 1.75958 0.180464 0.202075 0.9626
1 15.3223 18.5627 1.62218 -0.713021 0.100372 -0.693921
1 30.9861 19.7846 1.65777 0.154926 -0.583821 -0.796963
1 2.90655 21.4025 1.75973 -0.114094 0.188962 0.975334
1 28.937 15.1907 1.6224 -0.624754 -0.0851383 -0.776166
1 32.763 6.55799 1.60954 0.351153 0.244171 -0.90392
1 28.0854 18.5187 1.60796 -0.0665271 -0.135252 -0.988575
1 29.412 27.8948 1.61105 0.0231712 0.648927 -0.760497
1 3.3434 14.4449 1.74964 -0.324687 0.608589 0.724015
1 17.6764 19.5657 1.61606 -0.544797 -0.272393 -0.793094
1 31.5474 17.5228 1.60486 -0.289764 -0.599282 -0.746256
1 16.0259 32.1302 1.76004 0.112284 -0.113109 0.987218
1 7.89961 18.3619 1.61116 0.353023 0.212165 -0.911242
1 33.7584 25.624 1.60705 -0.467757 -0.230557 -0.853256
1 32.9339 12.3297 1.76022 0.0327614 -0.259934 0.965071
1 2.13223 17.7676 1.75606 0.539826 0.0883791 0.837124
1 25.0344 16.039 1.61431 -0.620855 0.185759 -0.761599
1 11.4223 27.4523 1.75943 -0.0130708 0.601581 0.798705
1 14.3971 21.6946 1.60904 -0.228747 0.285927 -0.930548
1 6.07231 19.072 1.62149 0.483864 0.618065 -0.619574
1 9.54551 16.7594 1.60925 0.143685 -0.0873491 -0.985761
1 17.2007 10.9496 1.76007 0.0452083 -0.0341957 0.998392
1 12.7564 13.473 1.62122 -0.174146 -0.803001 -0.569967
1 6.93648 31.7269 1.75869 -0.740145 0.000230269 0.672447
1 22.8243 3.36552 1.77117 -0.356651 -0.507555 0.784339
1 34.5529 3.2564 1.60928 -0.23836 -0.0398313 -0.97036
1 0.555615 28.0611 1.63883 -0.0515632 -0.541451 -0.83915
1 11.2748 33.8814 1.62127 -0.517552 -0.655446 -0.550028
1 31.5863 6.50714 1.60831 0.356994 0.439408 -0.824304
1 27.0949 3.66202 1.74856 -0.525861 0.098452 0.844854
1 31.1222 5.42808 1.60434 0.137809 0.540811 -0.829778
1 11.5819 6.03459 1.61039 0.280565 -0.306012 -0.909747
1 24.6942 33.4048 1.75479 0.411922 -0.29615 0.861751
1 33.8199 6.31977 1.60913 0.301359 0.0806155 -0.950097
1 8.86124 11.0923 1.61598 -0.498169 -0.0636407 -0.864741
1 0.946754 17.7208 1.752 0.539351 -0.0976029 0.836405
1 0.957915 21.2724 1.75976 -0.122352 -0.122962 0.98484
1 15.8023 25.2375 1.61273 0.384398 0.0863532 -0.91912
1 17.43 14.2295 1.75973 -0.252564 0.0121344 0.967504
1 31.2154 13.0036 1.75375 -0.101238 -0.529274 0.842389
1 20.6184 19.8397 1.60293 0.244193 0.738348 -0.628659
1 27.4494 1.70757 1.7574 -0.173472 0.167522 0.970486
1 5.82314 28.4896 1.7586 -0.108828 -0.209841 0.97166
1 19.4756 2.07903 1.75239 -0.430792 0.329927 0.83998
1 16.2028 29.2593 1.74168 0.483076 -0.13155 0.86564
1 28.6455 5.96026 1.60872 -0.517466 -0.360759 -0.775939
1 0.112533 14.3475 1.75863 -0.361662 0.0487156 0.931036
1 15.1018 32.5878 1.75735 0.0434869 -0.233969 0.971271
1 0.170004 6.00915 1.60963 0.226392 -0.078043 -0.970905
1 1.5431 22.0799 1.75947 -0.263415 -0.0181466 0.964512
1 13.2677 29.7554 1.75276 0.396401 -0.53742 0.744342
1 30.5382 17.5288 1.61778 -0.24167 -0.447488 -0.861017
1 3.36181 0.700604 1.61543 -0.183425 0.61415 -0.767577
1 10.1146 15.9143 1.60786 0.0448782 -0.202928 -0.978165
1 1.58507 16.8706 1.70656 0.731219 -0.0338749 0.681301
1 29.2187 3.73824 1.75469 -0.526028 0.449417 0.722024
1 24.1547 10.9208 1.6092 0.180362 0.274591 -0.944494
1 22.4812 29.8955 1.75519 -0.469943 -0.487409 0.735925
1 27.985 4.25654 1.76828 -0.693189 0.164067 0.701834
1 29.3578 21.0901 1.60951 0.332322 -0.276567 -0.901705
1 7.16781 2.87222 1.60705 -0.0250772 0.148376 -0.988613
1 9.57657 28.371 1.75709 -0.136944 0.342752 0.929391
1 32.7801 26.1655 1.60942 -0.341595 -0.0303817 -0.939356
1 4.34169 1.03603 1.6086 -0.199511 0.490481 -0.848306
1 11.6053 1.88395 1.60949 -0.292174 -0.514585 -0.806125
1 21.3154 21.1101 1.6157 0.43859 0.578633 -0.687621
1 19.1639 23.7187 1.61422 0.118488 -0.5105 -0.851675
1 6.39116 16.8222 1.61186 0.151922 0.414387 -0.897331
1 12.9793 34.16 1.75434 -0.211405 -0.530981 0.820589
1 17.2743 12.0828 1.75996 -0.0383881 -0.0121913 0.999189
1 23.5497 30.743 1.72584 -0.665865 -0.204165 0.717593
1 20.0877 30.7798 1.75524 0.34576 0.408254 0.844854
1 2.78229 13.292 1.75834 -0.144718 0.506418 0.850057
1 21.2247 14.6102 1.75386 -0.220241 0.649337 0.727911
1 21.6367 3.04223 1.74691 0.25856 -0.617394 0.742948
1 21.445 32.4918 1.74601 0.0654442 0.627999 0.775457
1 12.9121 24.3106 1.60708 0.188245 0.585338 -0.788634
1 10.6766 12.266 1.61235 -0.354201 -0.372569 -0.857749
1 16.4545 2.57619 1.75779 -0.515885 -0.146517 0.844035
1 29.2822 16.1318 1.61221 -0.477031 -0.212635 -0.852776
1 23.7821 31.7433 1.61343 -0.790543 0.197988 -0.579519
1 14.4598 11.35 1.75521 0.00517482 -0.459132 0.888353
1 31.402 21.8039 1.60899 0.377885 -0.624074 -0.683912
1 14.1444 1.47664 1.74035 -0.420206 -0.417182 0.805845
1 31.0888 7.30652 1.62909 0.492239 0.531251 -0.689546
1 13.9596 18.9568 1.60614 -0.609191 0.465786 -0.641817
1 6.54726 10.6755 1.60449 -0.539669 0.289912 -0.790385
1 11.7505 28.5774 1.75694 -0.232011 0.65886 0.715594
1 26.1978 6.46483 1.61518 -0.414308 -0.101619 -0.904446
1 27.7133 15.0585 1.65335 -0.635745 0.19906 -0.745791
1 6.51369 13.5318 1.61566 -0.235162 0.334939 -0.912422
1 18.8613 1.19617 1.75493 -0.296373 0.238782 0.924741
1 20.8891 22.7251 1.59611 -0.12965 -0.81773 -0.56081
1 33.2397 4.65177 1.60901 -0.000959519 0.181833 -0.983329
1 23.7223 12.2061 1.61108 0.312471 0.317022 -0.895466
