1 18.0632 31.6309 1.7608 0.13431 0.12659 0.98282
1 27.3673 23.0813 1.61603 0.776915 0.0230245 -0.629184
1 13.6193 10.7898 1.75705 0.0203209 -0.632385 0.774388
1 29.1042 17.6089 1.61035 -0.157147 -0.319487 -0.934469
1 9.04882 25.1976 1.75865 0.395071 0.206351 0.895175
1 14.3852 16.7231 1.77853 -0.426422 -0.66752 0.610394
1 15.5457 26.1869 1.60686 0.551478 0.0839644 -0.829953
1 24.3669 18.2299 1.60921 -0.0579521 0.276775 -0.959186
1 9.26815 0.900004 1.60883 -0.283463 -0.398551 -0.872242
1 33.9673 16.5119 1.74309 -0.630397 -0.13331 0.764741
1 16.2795 6.95456 1.75818 0.541018 -0.329419 0.773811
1 31.7158 13.0051 1.75915 -0.0323189 -0.502814 0.86379
1 26.3242 33.3736 1.75619 0.329675 -0.0302535 0.943609
1 0.0180704 8.67676 1.75162 0.763778 -0.0251858 0.644988
1 14.7922 24.0751 1.60869 0.140423 0.217839 -0.96583
1 27.1959 20.3792 1.60835 0.307815 -0.0644292 -0.949262
1 15.0039 30.9063 1.75993 0.264465 -0.234917 0.935346
1 24.2901 16.4545 1.6108 -0.365664 0.310489 -0.877432
1 22.5316 17.7468 1.60914 -0.187084 0.526425 -0.829383
1 14.9459 27.0673 1.60689 0.737415 0.137834 -0.661227
1 19.5044 31.5264 1.76032 0.143172 0.305468 0.941377
1 12.1924 23.3304 1.6106 0.0190691 0.604937 -0.796045
1 18.3928 0.251434 1.75603 -0.246335 0.190441 0.95029
1 31.0958 22.5858 1.68627 -0.501032 0.639372 0.583241
1 22.5292 0.170719 1.73997 0.365271 -0.62565 0.689304
1 30.1754 8.97545 1.61011 0.0868497 -0.543765 -0.834732
1 9.34544 20.5936 1.60683 0.584024 0.0326462 -0.811079
1 9.71847 12.7302 1.60822 -0.297869 -0.209732 -0.931282
1 10.9783 6.6226 1.60568 0.27938 -0.0372282 -0.959459
1 18.1767 9.4386 1.75887 0.235094 0.107448 0.966015
1 6.03663 15.4878 1.60787 -0.00814742 0.494586 -0.86909
1 8.16993 28.4803 1.76026 -0.113592 0.117591 0.986544
1 7.15893 1.14544 1.60891 -0.251732 -0.0657747 -0.965559
1 19.0926 22.7439 1.60678 -0.0540774 -0.457542 -0.887542
1 13.3093 12.98 1.76693 -0.388824 -0.657433 0.645444
1 27.0756 28.0799 1.75853 -0.187865 0.250014 0.949842
1 4.22329 8.90944 1.6047 0.829818 0.223491 -0.511326
1 13.9665 6.55472 1.61121 0.201836 -0.577828 -0.790808
1 19.1598 33.2443 1.76025 -0.0587604 0.277044 0.959059
1 12.1035 14.4451 1.62267 -0.138673 -0.631372 -0.76298
1 32.0483 14.1082 1.76281 -0.228809 -0.456762 0.85966
1 3.65764 21.1422 1.75625 0.021886 0.285981 0.957985
1 16.7739 20.486 1.61153 -0.430659 -0.121544 -0.894293
1 16.1283 9.09749 1.7547 0.237445 -0.235532 0.942414
1 12.6908 18.9173 1.61338 0.353368 -0.596155 -0.720923
1 23.813 23.6951 1.75382 0.694324 -0.235702 0.67997
1 13.7986 12.0468 1.75527 -0.209656 -0.583459 0.784614
1 1.49239 8.86716 1.73834 0.689822 0.193714 0.697582
1 21.5468 9.86821 1.59738 0.028572 0.75512 -0.654963
1 31.8476 6.49364 1.60249 0.400248 0.520188 -0.754458
1 23.5021 30.4239 1.75588 -0.648133 -0.291102 0.703693
1 4.64075 21.5038 1.75533 -0.0521552 0.443509 0.894751
1 7.66332 33.8349 1.61964 -0.576081 -0.131212 -0.806793
1 19.376 25.0398 1.60645 0.333648 -0.487377 -0.806934
1 29.2341 21.6726 1.61725 0.525593 -0.318563 -0.78884
1 4.41756 29.0377 1.7592 -0.179335 -0.38979 0.903274
1 32.3941 27.8827 1.60669 0.0411747 -0.02345 -0.998877
1 25.4383 30.7595 1.73452 -0.74153 -0.0553283 0.668634
1 17.293 7.3905 1.75589 0.477386 -0.0850442 0.874569
1 31.1809 3.38116 1.61402 -0.0947558 0.597516 -0.796239
1 9.28765 4.07999 1.61899 -0.142076 0.21003 -0.967317
1 27.7587 28.8239 1.76029 -0.320983 0.356789 0.877309
1 14.8445 15.8545 1.73597 -0.403953 -0.467068 0.786555
1 34.4771 13.0709 1.75969 -0.0662069 -0.0532426 0.996384
1 31.1233 29.0351 1.60867 0.204748 0.306584 -0.929561
1 11.9227 25.8174 1.75537 0.318139 0.669303 0.671432
1 21.388 7.72583 1.58359 -0.13848 0.806508 -0.574777
1 11.1729 32.3485 1.76505 0.148136 -0.668911 0.728433
1 14.0086 24.6594 1.60927 0.244781 0.338835 -0.908445
1 32.0727 26.8785 1.60799 -0.105598 -0.0508595 -0.993107
1 33.5743 5.5744 1.60959 0.270532 0.196061 -0.942535
1 12.47 5.59421 1.60768 0.111508 -0.327911 -0.938104
1 6.16025 1.46502 1.60853 -0.210095 0.0955087 -0.973005
1 15.5943 10.0127 1.7558 0.15568 -0.316804 0.935628
1 17.8231 30.6129 1.75918 0.26275 0.0825061 0.96133
1 28.3086 26.7723 1.77525 0.0964895 0.483915 0.869779
1 18.7842 17.9192 1.73393 -0.646186 0.138833 0.750446
1 26.426 27.3309 1.75842 -0.0392451 0.157228 0.986782
1 0.441522 12.3142 1.7607 0.071007 0.0504129 0.996201
1 7.42281 29.5344 1.75971 -0.262559 0.0434678 0.963936
1 25.8687 3.17978 1.75824 -0.424816 -0.00962065 0.905228
1 29.9209 25.1064 1.61543 -0.265122 0.277805 -0.923328
1 32.1095 28.8905 1.60842 0.193049 0.111603 -0.974821
1 31.1604 9.44063 1.60076 0.317643 -0.683694 -0.657012
1 20.1031 33.5427 1.75181 -0.138798 0.426836 0.893614
1 29.9815 7.82169 1.60704 -0.120631 -0.528203 -0.840505
1 9.33358 16.7608 1.607 0.116399 -0.0341021 -0.992617
1 25.9046 11.1749 1.60535 0.332931 -0.00529325 -0.942936
1 2.72685 9.38717 1.75244 0.526929 0.411165 0.743834
1 1.25912 15.7174 1.75545 -0.531294 0.169411 0.830076
1 23.8311 8.27845 1.60787 -0.104895 0.263397 -0.958968
1 10.0957 7.0884 1.60842 0.318881 0.166063 -0.933133
1 23.93 14.1344 1.59134 0.805049 0.174973 -0.566816
1 18.8584 26.4892 1.7772 -0.514585 0.452399 0.72838
1 19.4349 12.6419 1.75668 0.0633047 0.376018 0.924447
1 5.92851 6.1717 1.60607 0.380759 0.0771525 -0.92145
1 22.3488 25.2321 1.76294 0.351922 -0.44293 0.824599
1 2.23983 22.5058 1.75667 -0.240889 0.0661006 0.968299
1 12.6474 29.9354 1.73425 0.52565 -0.559314 0.640983
1 26.1743 20.0567 1.60936 0.232563 0.0520097 -0.97119
1 8.04864 32.9556 1.61309 -0.73977 -0.0952628 -0.666082
1 27.5863 25.8933 1.76233 0.231107 0.382613 0.894537
1 25.9246 17.3216 1.61289 -0.194008 0.0757047 -0.978075
1 20.6855 10.1015 1.73126 0.110315 0.75659 0.644517
1 34.147 12.1259 1.76111 0.0986967 -0.108307 0.989206
1 29.0409 10.7279 1.61306 0.343364 -0.405616 -0.847099
1 6.62469 33.1283 1.61027 -0.686426 0.0491848 -0.725535
1 27.2762 15.1225 1.62659 -0.546503 -0.0230849 -0.837139
1 24.9662 21.8664 1.61311 0.571306 0.0576608 -0.818709
1 31.6513 2.18459 1.61883 -0.258055 0.498759 -0.827434
1 22.3405 18.9706 1.60141 0.0161577 0.59417 -0.804177
1 14.7672 12.7491 1.75361 -0.160535 -0.380625 0.910689
1 33.0035 7.17791 1.60945 0.521058 0.352704 -0.777238
1 17.4084 6.41341 1.76065 0.600004 -0.0724746 0.796707
1 14.1802 22.4308 1.61388 -0.144265 0.303408 -0.941876
1 4.15488 15.3358 1.64667 -0.149207 0.848124 -0.508353
1 7.78714 19.0705 1.60829 0.382934 0.301205 -0.873291
1 5.63372 13.5323 1.60073 -0.23489 0.564732 -0.791141
1 2.5536 29.3895 1.75705 -0.239743 -0.700082 0.672613
1 19.9444 20.3811 1.60721 -0.450026 -0.611851 -0.650473
1 16.8879 27.8444 1.73254 0.780896 -0.0624422 0.621532
1 4.85981 27.1473 1.75851 0.134954 -0.337934 0.931444
1 15.2096 14.9608 1.7381 -0.312405 -0.369072 0.875322
1 29.6998 14.6165 1.60636 -0.641503 -0.315949 -0.699035
1 24.9494 28.2552 1.76097 -0.224704 -0.0922705 0.970049
1 26.5019 18.1427 1.60811 -0.05774 0.0124641 -0.998254
1 18.8659 32.2733 1.75971 0.0687444 0.22807 0.971215
1 13.0781 14.711 1.60414 -0.145408 -0.794487 -0.589616
1 22.9483 7.83351 1.60931 -0.124941 0.403572 -0.906377
1 25.1472 2.07387 1.75583 -0.180674 -0.13225 0.974611
1 8.43148 27.0041 1.76009 0.115738 0.132042 0.984464
1 7.80431 1.91429 1.60851 -0.132362 -0.176729 -0.975319
1 19.3872 7.94207 1.73053 0.368883 0.357184 0.858105
1 19.0814 3.0735 1.75874 -0.531 0.45831 0.712735
1 6.26252 12.4605 1.6056 -0.340233 0.404307 -0.848986
1 33.9135 9.53917 1.75817 0.583459 -0.142237 0.79959
1 9.64651 15.4223 1.60883 -0.00236342 -0.111948 -0.993711
1 33.0646 26.7922 1.60871 -0.163603 -0.227094 -0.960033
1 32.5674 15.1551 1.77154 -0.408497 -0.414134 0.813402
1 7.09278 19.7837 1.60756 0.394552 0.5329 -0.748563
1 16.7712 4.63995 1.75029 -0.820718 0.0227873 0.570879
1 2.62823 4.84711 1.61548 0.0496178 -0.472102 -0.880146
1 22.2885 6.92469 1.61278 -0.140217 0.554384 -0.820364
1 27.5187 0.886874 1.75929 -0.0525481 0.198714 0.978648
1 15.7259 16.6874 1.75646 -0.468479 -0.297016 0.832051
1 9.50656 26.9466 1.76043 0.126257 0.28867 0.949067
1 10.5116 26.876 1.75866 0.112282 0.447606 0.887154
1 23.9855 7.26737 1.60959 -0.234932 0.245405 -0.940523
1 18.9894 15.9583 1.76069 -0.341937 0.25739 0.903786
1 23.6595 25.5528 1.76137 0.308651 -0.274348 0.910751
1 29.8237 11.4157 1.61116 0.460483 -0.591119 -0.662219
1 6.2535 14.3527 1.61028 -0.15158 0.434777 -0.887689
1 15.0834 18.9527 1.61201 -0.722939 0.102659 -0.683242
1 28.8879 33.5083 1.74273 0.239187 0.39257 0.888076
1 10.8402 18.8852 1.61166 0.40311 -0.301862 -0.863934
1 8.19381 0.924739 1.60849 -0.280439 -0.228205 -0.93235
1 12.5551 15.9065 1.62317 0.00309552 -0.638319 -0.769766
1 14.5332 13.7995 1.75514 -0.271387 -0.445877 0.852961
1 26.0114 28.2755 1.75931 -0.22385 0.084197 0.97098
1 12.603 27.0145 1.75844 0.0101479 0.736264 0.676618
1 14.7252 8.11887 1.74367 0.406042 -0.507067 0.760272
1 11.8292 29.4807 1.65582 -0.552542 0.555438 0.621439
1 4.46302 7.96949 1.5946 0.67176 0.270708 -0.689533
1 32.677 16.3284 1.74796 -0.603007 -0.369638 0.706931
1 24.5635 8.99813 1.60677 0.000843543 0.181885 -0.983319
1 29.4417 0.783374 1.754 -0.0992674 0.52004 0.848354
1 4.64762 17.2853 1.59897 0.362569 0.813379 -0.454928
1 5.90223 10.5822 1.62833 -0.483757 0.524059 -0.700957
1 31.0699 14.1409 1.72708 -0.22201 -0.602932 0.766279
1 17.1906 15.6263 1.75846 -0.325118 -0.0225738 0.945404
1 27.9243 22.1428 1.61019 0.626105 -0.119829 -0.770476
1 7.46006 0.148998 1.60945 -0.41463 -0.112485 -0.903011
1 25.4783 8.72891 1.60756 -0.028137 0.0549174 -0.998094
1 9.05685 14.6329 1.60808 -0.0912056 -0.0389053 -0.995072
1 10.6357 20.4411 1.61831 0.606704 -0.243092 -0.756847
1 12.4895 31.1429 1.72496 0.328649 -0.518064 0.789683
1 34.2119 7.62207 1.61094 0.651258 0.143609 -0.745144
1 12.1364 7.59028 1.60772 0.454261 -0.25066 -0.854878
1 26.4149 5.5604 1.60023 -0.582016 -0.0489137 -0.811705
1 3.19548 18.3269 1.75867 0.503493 0.237889 0.830604
1 4.84914 2.69526 1.60971 -0.0237349 0.313681 -0.949232
1 22.0492 8.58948 1.61467 -0.135318 0.61009 -0.780692
1 30.6952 24.2073 1.60264 -0.492333 0.0910746 -0.865629
1 27.509 29.8393 1.7571 -0.528812 0.283821 0.799877
1 10.066 29.0163 1.74014 -0.202387 0.413252 0.887841
1 7.66777 17.9076 1.61174 0.229893 0.257002 -0.938669
1 14.2158 31.7544 1.7537 0.150393 -0.313576 0.937578
1 3.95839 22.3558 1.75644 -0.204125 0.330511 0.921464
1 11.0071 10.2708 1.61178 -0.571658 -0.52692 -0.628938
1 8.70225 12.6446 1.60573 -0.298761 -0.0440681 -0.95331
1 33.9604 29.246 1.60911 0.211373 -0.248723 -0.945229
1 26.6757 29.052 1.75958 -0.388852 0.17305 0.904902
1 21.0996 27.4523 1.59232 0.0537124 0.688817 -0.722943
1 7.85779 25.6566 1.76051 0.338645 0.0351655 0.940257
1 27.1693 10.4934 1.61366 0.266441 -0.148788 -0.952298
1 22.4501 29.4775 1.76048 -0.491135 -0.532491 0.689376
1 25.4715 13.9029 1.60672 0.795568 -0.141361 -0.589142
1 22.2852 2.66626 1.76628 -0.0989147 -0.527645 0.843687
1 15.5768 24.6733 1.60934 0.253251 0.10113 -0.9621
1 18.8328 10.2947 1.75302 0.167267 0.24201 0.955747
1 17.3548 25.0578 1.61555 0.361916 -0.154006 -0.919401
1 10.8512 3.10907 1.60617 -0.290926 -0.161997 -0.942931
1 33.6025 4.45608 1.60758 0.0841973 0.155745 -0.984202
1 6.82037 2.18526 1.60877 -0.11266 -0.0156795 -0.99351
1 0.035443 5.96218 1.61066 0.351012 0.0140625 -0.936265
1 2.27139 27.9699 1.74503 0.0127783 -0.767156 0.641334
1 11.5464 2.43599 1.60918 -0.396787 -0.356928 -0.845673
1 24.325 10.0358 1.60806 0.134039 0.233013 -0.963192
1 3.97998 23.4387 1.75518 -0.41452 0.327521 0.84906
1 24.0795 11.1262 1.60861 0.28657 0.280611 -0.916043
1 11.1374 14.3149 1.61025 -0.0849176 -0.45203 -0.887952
1 32.5472 25.8385 1.61006 -0.289073 -0.164741 -0.943026
1 34.2761 21.5504 1.76021 -0.0967359 -0.3655 0.925771
1 5.50828 9.62281 1.78996 0.654091 -0.527992 0.541653
1 32.7035 13.375 1.75902 -0.11884 -0.346599 0.930455
1 31.5268 25.9951 1.60823 -0.224721 0.0182564 -0.974252
1 18.2062 15.318 1.75976 -0.262119 0.144025 0.954228
1 29.6908 18.6374 1.60918 -0.00670799 -0.405831 -0.913924
1 17.1755 0.781898 1.75916 -0.289919 0.0569124 0.955358
1 25.5321 29.1919 1.75751 -0.397028 0.00897943 0.917763
1 13.3003 32.6929 1.76043 0.0372674 -0.402834 0.914514
1 3.81982 12.8934 1.77181 0.0198966 0.698405 0.715426
1 32.5365 12.2485 1.76012 0.0880758 -0.39749 0.91337
1 27.482 6.05611 1.61719 -0.445868 -0.163617 -0.880018
1 28.3367 21.1765 1.60743 0.440793 -0.189087 -0.877466
1 27.025 19.3901 1.60671 0.142632 -0.0475419 -0.988633
1 19.9401 29.4712 1.75838 0.446014 0.374199 0.813048
1 9.83031 0.112449 1.60758 -0.427148 -0.465163 -0.77535
1 3.81565 19.345 1.75617 0.340993 0.324694 0.882212
1 29.0329 12.6734 1.62496 0.664567 -0.426364 -0.613649
1 10.1236 14.4913 1.61103 -0.0993554 -0.234661 -0.966986
1 15.3514 0.0115733 1.75985 -0.235412 -0.156212 0.95926
1 24.4654 29.0454 1.75668 -0.370297 -0.169979 0.913229
1 10.6101 23.0445 1.76608 -0.623858 -0.590207 0.512305
1 33.5115 1.64689 1.60925 -0.325962 0.102438 -0.939816
1 28.4907 14.79 1.61665 -0.607193 -0.136916 -0.782669
1 6.9471 5.02036 1.60972 0.215882 -0.0757696 -0.973475
1 6.47329 3.20574 1.60846 0.0114148 0.0339353 -0.999359
1 2.72924 32.3097 1.77298 0.581434 0.0531784 0.811854
1 26.1039 2.26301 1.75662 -0.256767 0.00201199 0.966471
1 16.4881 14.8344 1.75693 -0.257275 -0.128112 0.957808
1 6.71818 26.0191 1.75834 0.285524 -0.0929689 0.953852
1 20.5519 7.88823 1.77191 0.298309 0.680973 0.668796
1 4.29362 34.137 1.60555 -0.436835 0.426674 -0.791912
1 23.6596 9.29567 1.60489 0.0159937 0.330399 -0.943706
1 8.8122 1.7927 1.60885 -0.137913 -0.340616 -0.930032
1 27.4015 16.0638 1.60507 -0.389671 -0.0840985 -0.917106
1 7.05696 20.9487 1.6157 0.585875 0.488342 -0.64674
1 1.96967 14.9149 1.756 -0.364797 0.275795 0.889303
1 16.0481 21.6582 1.60822 -0.24756 0.00361028 -0.968866
1 13.9693 30.7333 1.76194 0.294195 -0.36227 0.884426
1 18.2755 25.6933 1.60742 0.46307 -0.290788 -0.837262
1 16.6527 13.8208 1.75832 -0.14556 -0.0872988 0.98549
1 9.11876 30.9107 1.76264 -0.554909 0.308931 0.772423
1 23.4981 29.3383 1.75833 -0.439215 -0.346666 0.828802
1 15.6065 2.91265 1.73295 -0.593263 -0.258325 0.762435
1 21.8359 32.624 1.74645 -0.128002 0.660229 0.740076
1 28.5698 24.1102 1.61119 -0.392213 0.512337 -0.76399
1 23.5056 33.353 1.76854 0.422327 -0.553815 0.717586
1 8.00671 5.98074 1.61585 0.281292 -0.286185 -0.915955
1 34.1542 25.1433 1.61442 -0.492759 -0.480825 -0.725256
1 23.2299 19.4734 1.60686 0.142172 0.432718 -0.890249
1 5.0776 16.0989 1.60058 0.137624 0.724304 -0.675606
1 28.1215 17.7303 1.60834 -0.123083 -0.174954 -0.976853
1 32.7571 6.08575 1.61067 0.334562 0.36062 -0.870645
1 0.724691 14.8702 1.7578 -0.373386 0.0947462 0.922825
1 6.73222 9.35591 1.5997 -0.706733 0.300312 -0.640579
1 26.5913 0.604942 1.75937 0.0248738 0.0571846 0.998054
1 23.9455 21.2524 1.61246 0.456944 0.256276 -0.851777
1 23.7643 3.05351 1.7488 -0.279691 -0.329876 0.90164
1 8.17502 23.3596 1.73614 0.71124 0.0888389 0.697313
1 29.2978 16.6061 1.61485 -0.319718 -0.346338 -0.881947
1 1.73845 30.4942 1.60967 0.16253 -0.782883 -0.600565
1 16.8083 29.3658 1.74907 0.451657 -0.0822084 0.888396
1 15.4089 17.7082 1.76497 -0.597562 -0.37391 0.709303
1 13.6815 18.0514 1.60847 0.21212 -0.772528 -0.598503
1 6.0142 24.425 1.75143 0.588126 -0.254629 0.76764
1 4.53785 0.583943 1.61176 -0.291229 0.3884 -0.87426
1 16.0359 31.0305 1.75843 0.216031 -0.122549 0.968665
1 8.34353 21.5241 1.61285 0.665025 0.206379 -0.71774
1 17.6944 23.0501 1.60703 0.00268143 -0.233106 -0.972448
1 11.0745 24.6423 1.75459 0.515603 0.528493 0.674425
1 5.33655 20.6733 1.75338 0.0976881 0.552808 0.827563
1 5.43416 31.9952 1.74986 -0.698283 -0.158462 0.698062
1 8.02283 3.75571 1.61775 0.0954497 -0.268775 -0.958462
1 3.05983 21.9391 1.75799 -0.122926 0.184527 0.97511
1 11.8648 28.0867 1.74532 -0.152285 0.640881 0.752384
1 27.3706 9.53088 1.61004 0.122049 -0.16198 -0.979217
1 8.52496 31.9467 1.76704 -0.755422 0.255427 0.603403
1 34.587 4.13807 1.60549 0.0446454 -0.0406677 -0.998175
1 28.8754 13.7354 1.61497 -0.779571 -0.0271029 -0.625728
1 27.1741 17.3699 1.60807 -0.187967 -0.0579238 -0.980466
1 26.5484 16.5871 1.61393 -0.31552 0.0124993 -0.948837
1 0.384357 6.86811 1.61253 0.516593 -0.0249324 -0.855868
1 8.77026 19.6747 1.61034 0.452376 0.115799 -0.884277
1 6.18757 4.22778 1.60956 0.135709 0.0713169 -0.988179
1 14.848 20.0599 1.61248 -0.537471 0.175721 -0.824771
1 3.88812 26.9569 1.75535 0.187079 -0.479667 0.857275
1 33.2597 32.3957 1.61643 0.731723 0.0150841 -0.681435
1 33.3716 27.7713 1.6084 0.00532679 -0.214424 -0.976726
1 31.0451 19.8893 1.61614 0.168938 -0.601676 -0.78067
1 0.872586 1.16958 1.60067 -0.39712 -0.318495 -0.86073
1 13.987 23.4941 1.61073 0.0399929 0.351047 -0.935503
1 26.22 29.9805 1.75861 -0.585596 0.0733045 0.807282
1 13.5117 21.7371 1.60817 -0.27039 0.393616 -0.87861
1 22.7136 22.884 1.77465 -0.820802 -0.130001 0.556223
1 27.6523 7.02811 1.60922 -0.277209 -0.205884 -0.938492
1 17.5031 34.4604 1.75838 -0.173019 0.0808067 0.981598
1 19.904 32.4884 1.75926 0.00992208 0.377441 0.925981
1 1.74891 6.87351 1.60827 0.490553 -0.20567 -0.846792
1 4.17137 27.9949 1.75447 -0.000572614 -0.447585 0.894241
1 14.3071 2.68473 1.76551 -0.615629 -0.495181 0.613022
1 21.1295 3.03397 1.74543 0.156761 -0.709833 0.686705
1 8.82719 26.133 1.75875 0.255599 0.173781 0.951036
1 28.2251 16.7551 1.60568 -0.276552 -0.192337 -0.941555
1 24.5454 0.150047 1.75534 0.157653 -0.289297 0.944168
1 28.1102 7.97033 1.6079 -0.119645 -0.264649 -0.956894
1 2.91693 10.6067 1.75426 0.346709 0.47439 0.809164
1 23.0783 16.6146 1.60768 -0.35593 0.470044 -0.807696
1 18.8797 20.6478 1.60846 -0.451417 -0.42768 -0.783143
1 33.9135 34.1092 1.60325 -0.667325 -0.00718645 -0.744732
1 15.7609 23.6946 1.60803 0.0910701 0.0664725 -0.993623
1 13.1314 24.015 1.60929 0.152772 0.500488 -0.852157
1 9.99991 19.7002 1.61059 0.496917 -0.131535 -0.857771
1 19.3961 13.7545 1.75672 -0.0675222 0.343763 0.936626
1 19.9827 26.0219 1.77601 -0.346886 0.692046 0.633042
1 21.0522 33.7189 1.73329 -0.267002 0.560617 0.783848
1 2.26385 12.1144 1.75501 0.115487 0.381531 0.917113
1 1.33514 28.1729 1.61191 0.0646497 -0.732002 -0.678228
1 23.9101 1.05683 1.74279 0.0380918 -0.346973 0.937101
1 21.1226 0.252853 1.62332 -0.524744 0.512287 0.679858
1 32.7861 33.4689 1.59076 -0.734732 0.207077 -0.645978
1 22.0056 21.9391 1.60485 0.630324 0.470055 -0.617851
1 0.96376 7.70764 1.61865 0.686926 -0.0544549 -0.724684
1 14.6357 10.3869 1.75954 0.144592 -0.49456 0.857032
1 1.16986 31.81 1.61586 0.459076 -0.506082 -0.730158
1 22.0319 1.52806 1.74763 0.112584 -0.602011 0.790511
1 22.7451 9.28408 1.62067 -0.0376115 0.480285 -0.876306
1 26.8723 30.8157 1.75884 -0.740262 0.216242 0.636594
1 11.4986 31.0679 1.75119 0.420611 -0.635944 0.64704
1 4.77561 26.1151 1.7531 0.321148 -0.338203 0.884581
1 17.5908 13.4651 1.75937 -0.0775508 0.0559851 0.995415
1 8.42779 13.6315 1.60981 -0.18867 0.0275104 -0.981655
1 2.47186 13.9864 1.75313 -0.200184 0.396793 0.895813
1 10.2782 30.2063 1.75706 -0.407187 0.45351 0.792797
1 2.34398 5.95841 1.60242 0.283382 -0.347297 -0.893913
1 21.4784 12.4055 1.75952 0.455523 0.673032 0.582689
1 29.0722 19.511 1.60832 0.154054 -0.309812 -0.938234
1 18.5401 13.1458 1.75719 -0.0235508 0.205438 0.978387
1 8.17434 7.88811 1.62608 0.639407 -0.315343 -0.701225
1 19.2483 11.5043 1.75251 0.168133 0.315473 0.933921
1 25.8516 1.31297 1.75902 -0.0782894 -0.0410386 0.996086
1 33.5171 10.5546 1.75383 0.378127 -0.221744 0.898805
1 6.88073 7.90705 1.61356 0.617084 -0.122671 -0.777277
1 21.7317 30.2276 1.74437 0.311453 0.649926 0.693249
1 14.784 33.7038 1.75867 -0.11971 -0.227224 0.966457
1 5.36738 34.4335 1.61276 -0.440506 0.223624 -0.869452
1 16.69 2.67546 1.75714 -0.550203 -0.050554 0.833499
1 20.119 8.8839 1.73926 0.242013 0.519695 0.819357
1 14.2581 26.1419 1.60934 0.541167 0.262309 -0.798957
1 11.5241 19.4955 1.62693 0.489499 -0.42035 -0.764
1 19.4077 9.52767 1.75222 0.239744 0.350347 0.905417
1 7.2043 23.9882 1.7571 0.603262 -0.0550899 0.795638
1 24.4912 3.9103 1.73735 -0.507524 -0.229541 0.8305
1 8.33331 11.7288 1.60465 -0.420141 0.020854 -0.907219
1 5.24979 4.48262 1.61524 0.196379 0.248543 -0.948505
1 14.4171 5.47952 1.61664 -0.0687512 -0.63477 -0.769636
1 26.3397 8.33295 1.60776 -0.0772268 -0.0483483 -0.995841
1 23.951 15.5141 1.60026 -0.517603 0.411103 -0.750388
1 25.6839 4.10741 1.74011 -0.589772 -0.0322782 0.806924
1 11.8018 3.58705 1.6073 -0.208814 -0.333755 -0.919241
1 7.68318 31.2778 1.75522 -0.599093 0.144232 0.787582
1 17.8509 5.4873 1.74836 0.728766 0.0110588 0.684673
1 2.16887 16.2724 1.75546 -0.659385 0.30305 0.688021
1 21.1988 16.9683 1.75813 -0.468465 0.605405 0.643448
1 26.3647 9.29736 1.60767 0.0672558 -0.0499663 -0.996484
1 13.7144 4.38345 1.60823 -0.18902 -0.534214 -0.823946
1 25.3034 9.72001 1.60757 0.11039 0.0813784 -0.990551
1 4.17549 31.4631 1.73878 -0.599363 -0.370704 0.709466
1 11.1185 16.5404 1.61161 0.100812 -0.334064 -0.937144
1 16.8709 19.0869 1.61777 -0.755902 -0.182516 -0.628729
1 8.17369 8.9223 1.6073 -0.798294 0.0154921 -0.602069
1 7.42984 2.95538 1.60866 -0.0097717 -0.131848 -0.991222
1 29.5741 24.1584 1.58827 -0.390071 0.316657 -0.864623
1 30.2903 3.95613 1.60431 0.0254132 0.749522 -0.661492
1 17.4821 14.5712 1.75789 -0.19082 0.0267411 0.981261
1 25.0249 10.7275 1.6069 0.23943 0.119011 -0.963592
1 27.3293 31.8083 1.75001 0.640783 0.0876245 0.762705
1 16.5595 24.398 1.60912 0.223015 -0.0483754 -0.973614
1 33.7855 13.72 1.75913 -0.185439 -0.17298 0.967311
1 25.4176 27.445 1.75985 -0.0663435 -0.0124411 0.997719
1 29.22 9.62916 1.61213 0.162079 -0.404435 -0.90009
1 26.0953 21.0772 1.61134 0.383804 0.0392398 -0.92258
1 15.8835 30.0096 1.75328 0.352475 -0.167428 0.920722
1 29.1473 4.80712 1.65913 -0.667537 -0.272635 -0.692867
1 28.2235 10.0831 1.60958 0.221391 -0.282472 -0.933379
1 14.6522 21.236 1.60831 -0.338573 0.223335 -0.914051
1 28.9352 25.1044 1.636 -0.215601 0.465801 -0.858222
1 24.8476 1.14743 1.75845 -0.0215471 -0.200333 0.979491
1 2.95007 15.2729 1.75456 -0.423811 0.449342 0.786433
1 6.15801 28.3625 1.76018 -0.071713 -0.142081 0.987254
1 29.1998 2.9511 1.74923 -0.420558 0.511798 0.749129
1 5.96796 5.20925 1.61111 0.260392 0.0845238 -0.961796
1 31.6525 15.3667 1.70598 -0.473992 -0.575259 0.66664
1 31.9234 24.9542 1.61143 -0.412872 -0.0808918 -0.90719
1 28.9816 7.52001 1.60919 -0.186658 -0.370957 -0.909697
1 25.6603 24.6763 1.7621 0.473917 0.0934931 0.875592
1 30.8878 5.33526 1.60073 0.315866 0.715071 -0.62362
1 7.53698 26.5987 1.75986 0.18479 0.0124321 0.982699
1 14.0221 14.7706 1.75274 -0.291549 -0.660645 0.691771
1 23.0593 11.3885 1.61117 0.313232 0.453913 -0.834175
1 33.1355 23.3122 1.75959 -0.504265 -0.492271 0.709497
1 30.734 11.6397 1.74464 0.265317 -0.710129 0.652168
1 24.3189 6.23607 1.60786 -0.384888 0.20021 -0.900987
1 22.7457 12.4019 1.62821 0.482039 0.487821 -0.727784
1 17.7431 17.3274 1.75552 -0.563943 0.0139128 0.825697
1 14.832 29.9343 1.76158 0.410058 -0.270995 0.87087
1 33.8342 6.59383 1.61491 0.456612 0.178835 -0.871507
1 8.42057 29.4175 1.76138 -0.256306 0.171323 0.951292
1 1.66444 0.46875 1.77214 0.262413 0.738258 0.621381
1 31.0848 17.6872 1.60858 -0.18823 -0.640485 -0.744546
1 7.14657 28.5563 1.75932 -0.108577 -0.0153077 0.99397
1 4.32707 18.4658 1.75397 0.474158 0.445211 0.75958
1 26.9696 3.44202 1.76651 -0.549696 0.14814 0.822124
1 0.929549 18.4826 1.76226 0.510073 -0.158244 0.845449
1 20.7192 21.758 1.59697 -0.232218 -0.763566 -0.602529
1 5.4504 29.1405 1.75969 -0.200949 -0.229662 0.9523
1 29.5578 6.7004 1.61516 -0.321611 -0.464792 -0.824945
1 17.8876 29.6172 1.75817 0.419363 0.0627427 0.905648
1 31.6513 10.5845 1.74891 0.405844 -0.55002 0.72991
1 15.1352 22.0765 1.60916 -0.191712 0.14966 -0.969973
1 1.01831 29.6963 1.63833 0.260499 -0.555882 -0.789389
1 30.0824 27.1011 1.61097 -0.0119093 0.311746 -0.950091
1 3.14483 1.94554 1.61709 -0.021837 0.640765 -0.767426
1 12.9518 1.20728 1.7549 -0.565177 -0.489722 0.663887
1 30.0785 10.1564 1.61344 0.274299 -0.522031 -0.807616
1 30.0587 19.7226 1.61056 0.164018 -0.458458 -0.87345
1 4.05905 32.4862 1.76765 0.695778 0.350663 0.62684
1 33.6304 30.3577 1.60982 0.393648 -0.135222 -0.909261
1 5.98236 30.2643 1.75447 -0.401519 -0.115075 0.908593
1 0.750362 21.7627 1.75938 -0.117978 -0.171229 0.978142
1 1.85158 4.15805 1.61055 -0.0164905 -0.362233 -0.931942
1 1.9534 11.079 1.75672 0.288163 0.299689 0.909477
1 24.8058 2.97772 1.75664 -0.335937 -0.171749 0.926093
1 16.4357 5.78586 1.75452 0.695214 -0.265184 0.668098
1 19.2432 18.8082 1.77036 -0.818931 0.0325881 0.572966
1 10.8291 5.07431 1.60506 0.015125 -0.0640799 -0.99783
1 30.434 29.7909 1.61594 0.263002 0.518364 -0.813713
1 26.211 34.3508 1.75813 0.16645 -0.0332733 0.985488
1 24.9542 11.7608 1.60916 0.401643 0.134487 -0.905868
1 25.8875 7.44556 1.60768 -0.207847 0.0106181 -0.978104
1 26.605 25.2774 1.75936 0.360103 0.254197 0.897613
1 25.1159 23.7794 1.75213 0.634447 -0.0140923 0.772838
1 20.8724 32.5677 1.75278 -0.0595618 0.526598 0.848025
1 32.1524 3.12036 1.60676 -0.12628 0.392848 -0.910892
1 6.81658 18.4058 1.61545 0.264403 0.449077 -0.853476
1 1.23612 22.6517 1.75769 -0.278936 -0.0919721 0.955895
1 17.4668 18.2983 1.76458 -0.745134 -0.0797764 0.662126
1 4.91848 22.6288 1.76352 -0.293646 0.46964 0.832592
1 17.1581 9.21801 1.75945 0.22812 -0.0778587 0.970515
1 12.7527 11.5287 1.75381 -0.160318 -0.749463 0.642342
1 12.0922 20.2063 1.62073 0.566102 -0.549592 -0.614392
1 6.9086 17.189 1.6155 0.142231 0.371103 -0.917634
1 14.8168 28.9552 1.75471 0.571761 -0.282639 0.770198
1 34.0926 27.0263 1.60716 -0.127266 -0.397145 -0.908889
1 6.98426 6.0525 1.60563 0.333465 -0.102653 -0.937157
1 23.1642 2.17496 1.75056 -0.0638622 -0.410996 0.909397
1 0.272833 13.9789 1.75966 -0.21881 0.0202386 0.975558
1 0.691344 9.54336 1.7567 0.575812 0.0642462 0.815054
1 6.94534 25.0158 1.75818 0.452853 -0.1054 0.885333
1 8.63648 6.83177 1.6513 0.424718 -0.356381 -0.83223
1 24.1492 19.2292 1.60805 0.10775 0.301003 -0.947516
1 32.4805 22.1438 1.75544 -0.259838 -0.636376 0.726298
1 7.07038 30.4646 1.75671 -0.433868 0.0414568 0.900022
1 11.16 17.6767 1.6138 0.234329 -0.337609 -0.911652
1 27.3798 27.048 1.75675 0.02185 0.317559 0.947987
1 14.9515 23.0746 1.60846 -0.0251108 0.187475 -0.981948
1 24.5225 24.7079 1.75983 0.454204 -0.100473 0.885214
1 24.51 32.5577 1.76757 0.565271 -0.295297 0.77024
1 18.8873 16.9549 1.75837 -0.496838 0.211901 0.841576
1 6.75161 27.2261 1.75819 0.0853903 -0.0862619 0.992606
1 15.6637 14.134 1.74926 -0.222745 -0.253438 0.941357
1 6.44447 6.99741 1.62975 0.484022 -0.0159503 -0.87491
1 19.8762 28.1765 1.75189 0.631962 0.331532 0.700507
1 2.3228 7.70872 1.6157 0.627467 -0.264962 -0.732175
1 5.71266 8.57333 1.61144 0.77563 -0.0199593 -0.630872
1 33.7467 19.227 1.75305 0.292595 -0.461131 0.837703
1 14.3266 32.7854 1.75869 0.0166233 -0.276147 0.960972
1 0.251685 3.16794 1.60734 -0.104254 -0.148317 -0.983429
1 10.9131 27.9019 1.75823 -0.0823963 0.506699 0.858177
1 18.962 29.8032 1.75785 0.391358 0.216808 0.894334
1 23.368 24.6588 1.76842 0.496564 -0.268722 0.825356
1 32.5214 11.0642 1.75381 0.291297 -0.406232 0.866095
1 33.6161 25.9579 1.60741 -0.330225 -0.361356 -0.871994
1 6.71534 13.3009 1.62087 -0.257393 0.324423 -0.910219
1 28.2068 3.80301 1.75246 -0.602796 0.341151 0.721285
1 4.54002 3.68773 1.61091 0.12167 0.383429 -0.915521
1 6.00366 16.7121 1.61214 0.116108 0.527335 -0.841687
1 7.7053 10.957 1.60694 -0.516892 0.139368 -0.84463
1 25.0796 19.0149 1.60905 0.0755398 0.174029 -0.981839
1 27.3163 8.55189 1.60802 -0.0286503 -0.163627 -0.986106
1 16.6578 12.7392 1.76019 -0.0416228 -0.0820329 0.99576
1 3.99145 30.3187 1.75247 -0.39814 -0.426111 0.812351
1 28.8783 29.8737 1.74502 -0.370021 0.684127 0.628534
1 31.8778 5.33799 1.61915 0.207384 0.524997 -0.825452
1 1.58497 25.7023 1.6984 0.747858 0.410188 -0.521972
1 33.7264 31.3712 1.60608 0.563698 -0.0723234 -0.822808
1 34.3376 23.4945 1.75343 -0.424303 -0.322086 0.846303
1 8.48136 17.3272 1.60895 0.175259 0.0982303 -0.97961
1 33.1443 8.83428 1.7683 0.693177 -0.302811 0.654073
1 20.0985 0.0427764 1.73579 -0.299185 0.439382 0.847013
1 26.1648 10.247 1.60911 0.201859 -0.0279668 -0.979015
1 13.8398 0.769894 1.75959 -0.38036 -0.387096 0.839931
1 9.44381 11.7377 1.60823 -0.435127 -0.177601 -0.882679
1 34.1633 2.4211 1.60843 -0.220273 -0.0276535 -0.975046
1 15.2379 27.9476 1.74913 0.76044 -0.213466 0.613322
1 17.0837 26.0207 1.60595 0.535383 -0.102732 -0.838338
1 5.79193 17.8977 1.61689 0.266995 0.632017 -0.727508
1 1.59511 2.08595 1.61789 -0.262968 -0.448734 -0.854099
1 34.2545 28.1761 1.60918 0.046423 -0.375463 -0.925674
1 27.4595 18.4537 1.60723 -0.00406131 -0.0970988 -0.995266
1 11.4219 11.6469 1.6164 -0.384616 -0.562855 -0.731618
1 18.6171 6.34565 1.76461 0.556355 0.166984 0.813994
1 21.4986 5.85802 1.64962 -0.139354 0.630261 -0.763775
1 18.5125 27.8122 1.74586 0.739063 0.086522 0.668056
1 22.7106 21.3357 1.65381 0.489212 0.436041 -0.755341
1 3.83881 9.99747 1.75338 0.399165 0.625856 0.670054
1 33.36 11.582 1.7588 0.196115 -0.252796 0.947435
1 3.57796 17.4014 1.76183 0.645397 0.322564 0.692399
1 22.4985 5.72896 1.61944 -0.337261 0.455216 -0.824035
1 10.0548 24.8851 1.75911 0.44237 0.379665 0.812504
1 33.1049 28.7438 1.60654 0.16105 -0.0895163 -0.982878
1 7.65243 27.645 1.75993 0.0180361 0.0387011 0.999088
1 2.58256 0.83975 1.6122 -0.146688 0.774375 -0.615488
1 15.5524 11.0676 1.7591 0.0549258 -0.308453 0.949652
1 29.2783 20.5487 1.60929 0.324891 -0.33951 -0.882711
1 6.05804 22.8604 1.76517 -0.335053 0.61372 0.714904
1 18.0431 32.8358 1.75824 0.00426333 0.145227 0.989389
1 22.7735 28.3704 1.75896 -0.256805 -0.445279 0.857775
1 23.2332 27.3331 1.76032 -0.052604 -0.361871 0.930743
1 13.4264 16.498 1.60739 -0.00685533 -0.796809 -0.604193
1 7.1116 4.0026 1.60692 0.0980697 -0.0952858 -0.990607
1 1.76763 21.6784 1.75891 -0.094153 -0.00301626 0.995553
1 13.8669 19.6169 1.61239 -0.587329 0.407679 -0.699173
1 28.9033 5.72864 1.60786 -0.513628 -0.284329 -0.809533
1 16.8632 16.5785 1.75501 -0.451696 -0.101026 0.886434
1 27.2094 21.3623 1.6094 0.470277 -0.0441961 -0.881412
1 5.72824 21.7641 1.75688 -0.115263 0.588605 0.800162
1 17.7816 26.7347 1.60732 0.644986 -0.23091 -0.728474
1 11.5934 21.9862 1.77444 0.403973 -0.668312 0.624632
1 21.4297 31.452 1.75211 0.0962868 0.599451 0.794599
1 0.817682 17.5439 1.72108 0.71349 -0.171296 0.679404
1 10.2008 3.85027 1.60766 -0.169408 0.0146006 -0.985438
1 33.7174 0.649602 1.6045 -0.491634 0.0794211 -0.867173
1 12.1022 0.08913 1.75383 -0.328009 -0.587362 0.739875
1 7.69745 12.8937 1.60809 -0.290267 0.135077 -0.947364
1 30.2339 20.8859 1.61691 0.353642 -0.489489 -0.797081
1 9.81547 9.07118 1.60111 -0.807612 -0.364665 -0.463446
1 11.4834 5.76585 1.60686 0.144018 -0.151481 -0.977912
1 29.5213 26.1206 1.62054 -0.0919139 0.420436 -0.902655
1 18.8057 30.7843 1.75663 0.235003 0.204019 0.950342
1 25.1028 19.9721 1.61077 0.226366 0.157331 -0.961252
1 10.2392 11.0643 1.60933 -0.527007 -0.333432 -0.78172
1 4.79299 11.2802 1.59468 -0.259706 0.794449 -0.549002
1 0.58895 33.0641 1.75584 -0.70425 0.195371 0.68254
1 31.8654 4.20536 1.60975 0.0260715 0.454319 -0.890458
1 23.7519 22.1834 1.63918 0.615781 0.22497 -0.755118
1 18.1368 4.06656 1.75776 -0.700932 0.253314 0.666728
1 25.678 25.6377 1.75877 0.289191 0.0748941 0.954337
1 6.47271 34.0854 1.61228 -0.524203 0.0435059 -0.850481
1 0.404854 28.8253 1.60954 0.131507 -0.49411 -0.859396
1 5.00911 5.63727 1.61125 0.327821 0.24943 -0.911218
1 24.8261 17.3091 1.61006 -0.209166 0.224014 -0.951876
1 31.0781 26.9663 1.60762 -0.0724441 0.13163 -0.988648
1 23.9433 12.1592 1.61126 0.4657 0.287633 -0.836893
1 26.1494 13.0057 1.65973 0.626416 -0.128089 -0.768892
1 10.713 15.3474 1.60978 0.00656904 -0.311429 -0.950247
1 21.9133 11.3254 1.61795 0.28923 0.665818 -0.687773
1 3.44218 14.1321 1.75852 -0.204993 0.587703 0.782677
1 5.02196 6.70405 1.60162 0.476592 0.238897 -0.846043
1 15.7936 8.05929 1.75387 0.374792 -0.328031 0.867137
1 20.8771 29.1362 1.75193 0.491603 0.530021 0.690945
1 5.08581 23.6399 1.68341 -0.523558 0.440894 0.72904
1 5.79431 27.4365 1.76099 0.0687867 -0.202141 0.976938
1 12.2497 32.3385 1.75359 0.113182 -0.556946 0.8228
1 5.89929 19.3975 1.62364 0.438358 0.773477 -0.457795
1 18.4125 7.37519 1.75289 0.439614 0.141298 0.887003
1 32.178 31.6909 1.61885 0.615502 0.237537 -0.751487
1 21.8324 26.3059 1.75604 0.153292 -0.577429 0.801921
1 9.30795 29.8574 1.7586 -0.348971 0.308065 0.885051
1 2.84942 24.0385 1.75491 -0.559386 0.205124 0.803126
1 9.48193 32.8605 1.59554 -0.751151 -0.301137 -0.587442
1 28.8276 34.5593 1.75365 0.064907 0.388809 0.919029
1 10.5297 12.1679 1.60936 -0.35132 -0.377116 -0.856947
1 31.6804 16.8602 1.6139 -0.394682 -0.688672 -0.608241
1 15.6477 1.90436 1.75736 -0.457701 -0.147851 0.876727
1 8.28257 9.89366 1.6134 -0.663056 0.0348407 -0.747759
1 0.907221 4.07653 1.6103 0.0225344 -0.206966 -0.978089
1 20.0095 15.6236 1.75336 -0.278607 0.433593 0.856957
1 15.7764 13.1552 1.75463 -0.118159 -0.207767 0.971016
1 10.4456 2.08509 1.60898 -0.438894 -0.140357 -0.887509
1 11.086 4.15923 1.6043 -0.131827 -0.148944 -0.980019
1 22.0019 33.892 1.74532 -0.373072 0.670735 0.64104
1 26.2367 15.6865 1.61277 -0.480067 0.0759255 -0.87394
1 30.9168 25.1691 1.61079 -0.324463 0.0965011 -0.940963
1 11.2121 8.53195 1.61041 0.601861 -0.0515301 -0.796936
1 15.4757 3.86097 1.77172 -0.721145 -0.349323 0.598267
1 28.0612 2.83077 1.7645 -0.422897 0.318483 0.848367
1 15.9307 22.6984 1.60785 -0.0740246 0.0327978 -0.996717
1 26.0773 19.0418 1.60749 0.0767601 0.0591309 -0.995295
1 25.431 18.137 1.61002 -0.0631854 0.135273 -0.988792
1 18.7573 21.6934 1.61205 -0.243289 -0.424919 -0.871926
1 20.1851 22.8862 1.60903 -0.0372246 -0.654599 -0.755059
1 11.5318 26.9196 1.75576 0.0989324 0.600877 0.793196
1 13.2338 7.53298 1.61037 0.426759 -0.463313 -0.776671
1 3.21574 20.1799 1.75634 0.195915 0.216366 0.956453
1 18.705 2.12254 1.76059 -0.433988 0.340627 0.834043
1 17.8629 3.06714 1.76022 -0.594617 0.188357 0.781634
1 17.551 12.3475 1.76007 0.0179469 0.0505124 0.998562
1 33.265 20.2778 1.74947 0.089556 -0.541054 0.836206
1 29.7413 34.1523 1.75413 0.0774519 0.546148 0.834101
1 15.0824 9.12665 1.75059 0.270991 -0.422182 0.865059
1 23.758 28.2673 1.76106 -0.22653 -0.278998 0.933191
1 3.31651 5.72851 1.65487 0.162633 -0.525335 -0.835209
1 3.47353 29.2024 1.7567 -0.201684 -0.551453 0.809459
1 26.5272 6.61499 1.61032 -0.364996 -0.0541355 -0.929434
1 1.02857 10.4965 1.75609 0.390351 0.12818 0.911699
1 0.177468 22.5902 1.75676 -0.268855 -0.267181 0.925382
1 17.881 22.0695 1.61295 -0.162703 -0.288571 -0.943533
1 28.4318 15.7781 1.61375 -0.442107 -0.21498 -0.870818
1 19.1974 14.9093 1.76093 -0.192422 0.312836 0.930111
1 1.90591 13.1364 1.75826 -0.0593543 0.314983 0.94724
1 20.3239 6.35264 1.76549 0.468537 0.629197 0.620149
1 22.3895 24.1013 1.75216 0.569039 -0.45724 0.683466
1 25.4623 6.103 1.61221 -0.44716 0.0516594 -0.892961
1 31.0194 8.16335 1.60529 0.0139308 -0.688171 -0.725415
1 9.17731 28.7526 1.75648 -0.151959 0.271894 0.950254
1 0.878096 19.9592 1.76029 0.207152 -0.157689 0.965516
1 12.7855 17.6095 1.60791 0.147923 -0.632298 -0.760472
1 6.90203 16.0574 1.61041 0.0354432 0.346172 -0.937501
1 12.366 24.6054 1.61837 0.292901 0.634106 -0.715624
1 32.3618 20.7441 1.76148 -0.00339025 -0.713034 0.701121
1 8.38911 2.74278 1.61153 -0.00982718 -0.298733 -0.954286
1 11.983 6.61017 1.60905 0.285906 -0.22568 -0.931303
1 15.8088 33.7735 1.75909 -0.111538 -0.0938995 0.989314
1 15.5377 12.132 1.75704 -0.0488942 -0.272295 0.960971
1 24.9919 6.98128 1.61204 -0.291221 0.0987058 -0.95155
1 0.709163 16.6166 1.72812 -0.718699 0.0995618 0.688156
1 27.8796 34.5939 1.75988 0.0926154 0.234644 0.967659
1 4.91584 19.561 1.75654 0.29349 0.507426 0.810174
1 30.6402 2.3603 1.65631 -0.300411 0.717625 -0.628305
1 25.3755 33.0316 1.7415 0.417287 -0.189628 0.88877
1 30.7087 12.9412 1.75425 0.0237762 -0.636834 0.770634
1 3.89693 2.73611 1.60969 0.0330145 0.474673 -0.879543
1 21.1258 14.5819 1.75734 -0.0672428 0.631328 0.772595
1 14.0334 9.55457 1.75907 0.295828 -0.611792 0.733619
1 9.87382 25.9568 1.75983 0.27444 0.346895 0.896854
1 19.6286 6.97748 1.76593 0.468666 0.42543 0.774184
1 9.06449 33.7393 1.60963 -0.599465 -0.30263 -0.740983
1 1.36435 12.2661 1.75878 0.0854428 0.218381 0.972116
1 33.7284 22.493 1.75476 -0.28234 -0.444224 0.850264
1 15.3782 32.8632 1.75997 0.00718657 -0.155737 0.987772
1 7.55669 6.97101 1.61093 0.44892 -0.198144 -0.871327
1 0.373012 30.9818 1.61141 0.451205 -0.335733 -0.82686
1 30.6683 18.7561 1.60891 -0.0134902 -0.560007 -0.828378
1 18.1373 1.22906 1.75806 -0.359386 0.166634 0.918191
1 24.8156 4.93145 1.61498 -0.9191 -0.0979938 -0.381644
1 5.12102 28.1765 1.76157 -0.0453139 -0.297762 0.953564
1 12.7375 20.9216 1.63012 -0.449793 0.556269 -0.69875
1 31.8447 23.9372 1.6048 -0.598954 -0.140382 -0.788382
1 5.49526 11.9563 1.6622 -0.326613 0.58616 -0.741445
1 5.08404 1.70599 1.60803 -0.162874 0.271488 -0.94856
1 3.63418 0.436932 1.7744 0.259517 -0.582331 0.770417
1 23.378 10.3106 1.61018 0.152133 0.408359 -0.900055
1 20.4671 31.4916 1.7563 0.124314 0.459443 0.879465
1 33.1407 14.4097 1.75612 -0.302087 -0.28912 0.908379
1 27.9617 11.1278 1.60808 0.38605 -0.27449 -0.880693
1 8.23015 30.3728 1.75858 -0.424132 0.176718 0.888191
1 18.4399 14.2072 1.75807 -0.140087 0.181343 0.973391
1 24.8188 7.96593 1.60867 -0.147794 0.119375 -0.981787
1 2.57338 21.025 1.75949 0.0437543 0.112149 0.992728
1 10.3029 5.90557 1.60784 0.146915 0.0420921 -0.988253
1 34.3898 18.2612 1.74808 0.487693 -0.333292 0.80689
1 0.0189992 29.9775 1.60879 0.302863 -0.349389 -0.88668
1 9.35194 17.7925 1.60707 0.246685 -0.0367217 -0.9684
1 2.64577 33.2888 1.5963 0.628375 -0.380495 -0.678504
1 1.22778 3.07086 1.60782 -0.119062 -0.35214 -0.928343
1 15.1955 31.8866 1.75676 0.129107 -0.190854 0.973091
1 24.5557 29.9936 1.75152 -0.541433 -0.122456 0.831778
1 34.5784 32.092 1.61559 0.600435 -0.241458 -0.762348
1 3.18179 34.1098 1.60862 -0.468593 0.603596 -0.645052
1 15.969 19.7204 1.61632 -0.59396 -0.0530822 -0.802742
1 17.0471 31.3218 1.76068 0.173162 0.00117691 0.984893
1 31.7732 18.7767 1.62731 0.0665485 -0.778154 -0.624538
1 20.1538 14.4843 1.75845 -0.106108 0.474121 0.874042
1 10.2329 18.2003 1.60913 0.310935 -0.183104 -0.932627
1 16.0766 15.7384 1.75662 -0.362517 -0.218803 0.905929
1 24.0876 20.2459 1.61329 0.274985 0.283718 -0.918633
1 2.25577 17.4426 1.74116 0.67869 0.0545602 0.732395
1 30.856 31.7815 1.58929 -0.518229 -0.730029 -0.445529
1 2.71826 19.2337 1.75712 0.35929 0.134357 0.923504
1 27.4052 12.2266 1.62495 0.565603 -0.196206 -0.800997
1 13.4386 5.47317 1.61171 0.0314054 -0.483833 -0.874597
1 21.9391 13.8043 1.74449 0.153425 0.710159 0.687121
1 18.7685 8.65293 1.75545 0.319543 0.207657 0.924538
1 20.604 13.4301 1.75727 0.0788439 0.532447 0.842784
1 17.8859 20.989 1.60667 -0.362121 -0.280751 -0.888846
1 9.3577 5.57422 1.63963 0.0946277 0.189499 -0.97731
1 0.394557 20.84 1.75981 0.0409789 -0.235651 0.970973
1 10.1942 16.2291 1.6068 0.0806675 -0.177513 -0.980807
1 4.30848 20.3817 1.75607 0.159712 0.394129 0.905072
1 0.807717 11.4177 1.75857 0.231567 0.106798 0.966939
1 8.55137 18.4316 1.60961 0.315115 0.119514 -0.941498
1 30.0289 5.75451 1.6162 -0.483095 -0.51785 -0.70601
1 9.44735 13.7041 1.60952 -0.199523 -0.134507 -0.970617
1 13.85 20.676 1.61502 -0.430924 0.348027 -0.832575
1 16.2404 25.4081 1.61322 0.395415 0.00768755 -0.91847
1 16.7337 23.4002 1.6074 0.0547095 -0.0827035 -0.995071
1 15.1119 6.78685 1.72257 0.59183 -0.592709 0.546291
1 31.489 1.09295 1.61651 -0.428219 0.500138 -0.752656
1 11.0439 7.58434 1.60553 0.440345 -0.024234 -0.897501
1 28.4753 0.954446 1.75778 -0.0861776 0.352516 0.931829
1 8.1509 22.3979 1.62727 -0.826061 -0.167684 -0.538058
1 4.73189 25.0874 1.73261 0.521592 -0.322534 0.789882
1 25.9983 12.1064 1.61489 0.493995 -0.028638 -0.868993
1 25.7945 26.5763 1.75793 0.10498 0.0603725 0.99264
1 30.3095 28.3475 1.61127 0.087629 0.441515 -0.892965
1 25.3208 34.0221 1.75709 0.256947 -0.191274 0.947308
1 34.2166 14.7208 1.75926 -0.343971 -0.0973926 0.933916
1 14.5056 1.7406 1.73699 -0.52083 -0.31468 0.793544
1 34.2499 20.2255 1.75492 0.134026 -0.373112 0.918055
1 5.60564 7.62716 1.61281 0.614121 0.0990789 -0.782968
1 12.3844 1.93152 1.61146 -0.521046 -0.524285 -0.673525
1 19.8028 30.5452 1.76068 0.280639 0.356759 0.891047
1 2.22601 3.13669 1.61964 -0.135947 -0.569638 -0.810574
1 14.8591 25.347 1.60896 0.3849 0.199174 -0.901211
1 1.42216 20.7811 1.75976 0.0627993 -0.0662985 0.995822
1 13.6928 33.6719 1.7576 -0.116723 -0.35918 0.92594
1 34.3933 11.2055 1.76065 0.2643 -0.067801 0.962054
1 8.58058 34.5911 1.61015 -0.440762 -0.279513 -0.852996
1 30.0938 17.6462 1.6108 -0.177512 -0.4753 -0.86173
1 32.7305 4.91218 1.60901 0.156189 0.339631 -0.9275
1 17.5498 24.0589 1.60956 0.180436 -0.198713 -0.963305
1 20.7106 4.83571 1.60539 0.00968856 0.829924 -0.557792
1 6.43349 29.362 1.75916 -0.236187 -0.0919181 0.96735
1 6.85952 32.1276 1.7621 -0.772099 0.084249 0.629893
1 29.503 15.5959 1.60748 -0.485268 -0.365283 -0.794407
1 5.10745 30.9696 1.75936 -0.521182 -0.225361 0.823153
1 28.6084 31.6521 1.76248 0.573173 0.327198 0.751275
1 16.6764 1.65663 1.76372 -0.405212 0.00391895 0.914214
1 32.982 24.8102 1.61235 -0.467473 -0.274084 -0.840444
1 5.35362 33.4644 1.59444 -0.591705 0.239774 -0.769671
1 9.91606 4.80885 1.60774 -0.0265778 0.0865281 -0.995895
1 16.775 8.27719 1.75624 0.345411 -0.149652 0.926442
1 18.4096 24.6615 1.61659 0.285225 -0.325344 -0.901553
1 19.4774 23.822 1.60489 0.132293 -0.515242 -0.846773
1 8.95277 27.8087 1.76098 -0.00882157 0.207498 0.978196
1 32.8306 3.84425 1.60813 -0.0227252 0.270009 -0.96259
1 17.806 8.29529 1.75923 0.337286 0.0244352 0.941085
1 13.5735 3.11634 1.5983 -0.400825 -0.641727 -0.653854
1 29.2232 8.55753 1.61066 -0.0148863 -0.401251 -0.915847
1 4.31675 4.71939 1.6332 0.275097 0.429613 -0.86009
1 12.5804 33.4646 1.75472 -0.0792809 -0.513429 0.854462
1 30.5031 26.1106 1.60986 -0.175714 0.219566 -0.959643
1 12.9803 6.51079 1.61273 0.250817 -0.407528 -0.878073
1 0.731402 5.1024 1.60863 0.179903 -0.124549 -0.975768
1 16.1933 32.024 1.75873 0.0978554 -0.0741695 0.992433
1 1.4021 14.0711 1.75866 -0.221331 0.207036 0.952968
1 7.40782 13.9387 1.60845 -0.180743 0.20847 -0.961183
1 5.81662 2.43922 1.60841 -0.0771519 0.150648 -0.985572
1 33.2074 2.86231 1.61069 -0.171337 0.177764 -0.969043
1 7.77104 16.6167 1.60887 0.107934 0.202729 -0.973268
1 28.0247 5.1758 1.7836 0.659485 0.0658735 0.748826
1 10.4762 13.4585 1.6093 -0.200228 -0.337816 -0.919668
1 28.0977 27.8108 1.75654 -0.108605 0.408033 0.906484
1 1.8839 9.95867 1.75455 0.477062 0.271145 0.835998
1 32.8101 29.723 1.60867 0.318962 0.0186095 -0.947585
1 28.2371 32.5826 1.75708 0.437723 0.278922 0.854752
1 28.8564 1.94124 1.75865 -0.253249 0.453212 0.854672
1 23.6002 34.5661 1.74889 0.223468 -0.45457 0.862223
1 30.3204 33.1441 1.7619 0.151758 0.706212 0.691545
1 20.3218 12.2012 1.76513 0.222221 0.505731 0.833579
1 25.501 0.403428 1.75946 0.0794434 -0.121614 0.989393
1 19.8781 10.7495 1.74801 0.213755 0.494733 0.842346
1 4.93712 29.9693 1.7571 -0.341759 -0.279696 0.897202
1 16.4045 32.9907 1.75959 -0.0181124 -0.0372194 0.999143
1 3.12656 11.8244 1.74662 0.170308 0.537473 0.825904
1 1.11986 6.07371 1.61202 0.33856 -0.164015 -0.92654
1 22.3979 31.3829 1.75261 0.0637339 0.719029 0.692052
1 9.02115 24.1997 1.75701 0.551485 0.200894 0.809634
1 33.6179 15.5125 1.75773 -0.45262 -0.210237 0.866565
1 21.4254 18.4558 1.63293 -0.269398 0.713877 -0.646378
1 4.7153 13.2199 1.62326 -0.156333 0.787703 -0.595889
1 26.9156 4.36312 1.75582 -0.719298 0.15861 0.676353
1 20.907 26.1238 1.5995 -0.24166 0.720126 -0.6504
1 13.0842 34.4993 1.75513 -0.245014 -0.457344 0.854871
1 24.8339 26.6369 1.75926 0.0884623 -0.0984979 0.991198
1 8.12404 20.4831 1.60724 0.50942 0.296579 -0.807794
1 2.06883 18.3733 1.75798 0.510332 0.0377715 0.859148
1 3.30039 25.0666 1.67762 0.577611 -0.429188 0.69438
1 7.93198 4.87926 1.61513 0.179856 -0.242128 -0.953429
1 16.5572 17.52 1.75331 -0.577367 -0.16846 0.798917
1 16.0579 0.822288 1.75864 -0.317255 -0.0787454 0.945065
1 12.7715 10.0457 1.75833 0.144492 -0.748259 0.64748
1 22.9635 1.13473 1.72939 0.141957 -0.486422 0.862115
1 16.4906 34.5275 1.75823 -0.185415 -0.0273335 0.98228
1 1.67648 24.4402 1.75408 -0.597047 -0.0238892 0.801851
1 6.31043 31.2467 1.75353 -0.596103 -0.0220042 0.802607
1 4.09742 1.61738 1.60848 -0.122235 0.455357 -0.881878
1 28.6108 11.8327 1.61786 0.520356 -0.378158 -0.765654
1 33.2487 21.4454 1.75291 -0.102419 -0.530566 0.841433
1 13.8488 28.5145 1.75661 0.581754 -0.500148 0.641416
1 30.399 0.4354 1.75744 -0.0906486 0.687693 0.72032
1 22.4383 10.3833 1.6115 0.125607 0.578901 -0.805665
1 28.2688 20.2116 1.61072 0.282316 -0.190364 -0.940244
1 6.54322 11.3126 1.61248 -0.453229 0.360118 -0.815413
1 28.2939 9.01703 1.60773 0.0505376 -0.286851 -0.956641
1 0.0961807 15.7112 1.75639 -0.51068 -0.0132375 0.859669
1 11.0225 21.2996 1.60613 0.685778 -0.370236 -0.626605
1 11.6034 33.5108 1.75114 -0.093541 -0.647207 0.756554
1 23.7139 17.4055 1.61044 -0.207131 0.370716 -0.905354
1 0.451094 27.5069 1.61064 -0.0551215 -0.577567 -0.81448
1 12.5101 22.1678 1.6002 -0.227412 0.556713 -0.798971
1 33.3323 18.0133 1.75659 0.493755 -0.515539 0.700304
1 9.99494 31.4842 1.75914 -0.580667 0.534734 0.613911
1 2.9146 26.801 1.7606 0.237937 -0.632444 0.737157
1 23.8464 13.1461 1.62383 0.642216 0.256678 -0.722271
1 23.5543 5.55162 1.60246 -0.469688 0.256954 -0.844611
1 17.1814 32.3225 1.75995 0.0558723 0.048861 0.997242
1 9.62337 10.03 1.6084 -0.694612 -0.239808 -0.678237
1 24.1613 2.08057 1.75474 -0.135596 -0.272447 0.952568
1 25.4415 16.4544 1.61077 -0.344156 0.155912 -0.925877
1 8.04747 24.6853 1.75775 0.476435 0.0556504 0.877447
1 16.8571 30.331 1.75989 0.305697 -0.0406939 0.951259
1 24.4146 33.6775 1.75022 0.352419 -0.369208 0.859934
1 27.072 2.50668 1.76373 -0.358047 0.144929 0.922387
1 20.1143 17.8591 1.74627 -0.642289 0.341255 0.686302
1 20.8687 1.8644 1.65701 0.417029 -0.714644 0.561579
1 5.21125 14.5666 1.76817 0.0645114 -0.634487 0.770237
1 22.8108 32.6327 1.76625 -0.203564 0.786128 0.583579
1 12.6047 3.16788 1.63725 -0.289513 -0.499642 -0.816419
1 17.9635 16.356 1.75885 -0.413271 0.0836433 0.906759
1 23.8602 26.5184 1.76079 0.115497 -0.258144 0.959178
1 3.22316 27.9922 1.75256 0.0132831 -0.609588 0.792607
1 12.0004 16.9697 1.61624 0.124537 -0.484926 -0.865642
1 1.1818 26.7108 1.60499 -0.226871 -0.705357 -0.671566
1 3.12328 6.79658 1.59836 0.393512 -0.387977 -0.83344
1 22.8413 26.2883 1.75923 0.144736 -0.419934 0.895939
1 17.6185 2.12993 1.76086 -0.469286 0.128755 0.873609
1 24.9711 12.7811 1.62091 0.574803 0.0890506 -0.813432
1 17.0254 21.4473 1.60816 -0.269115 -0.150233 -0.951318
1 10.2689 17.2148 1.60912 0.189398 -0.180097 -0.965243
1 11.8383 4.7976 1.60586 -0.0138653 -0.243346 -0.969841
1 26.8242 1.57609 1.75946 -0.162571 0.105829 0.981005
1 19.724 21.6049 1.61422 -0.237412 -0.596255 -0.766887
1 26.3926 23.9821 1.74745 0.614486 0.220296 0.757546
1 6.44492 0.430353 1.61087 -0.360841 0.0492142 -0.931328
1 24.6629 25.6859 1.75838 0.267001 -0.106463 0.957798
1 27.8606 1.82505 1.76016 -0.231433 0.268136 0.935169
1 28.7129 18.5438 1.60873 0.00128724 -0.251876 -0.967759
1 30.6701 15.6158 1.61281 -0.504133 -0.55893 -0.658367
1 10.8941 25.8287 1.75946 0.294791 0.515762 0.804418
1 26.698 26.2861 1.75601 0.16627 0.216947 0.961919
1 20.0639 3.34923 1.76869 0.237461 -0.857638 0.456145
1 17.516 10.2108 1.75962 0.153492 0.000933613 0.988149
1 14.6453 11.5349 1.75855 -0.0381116 -0.466494 0.883703
1 33.4203 12.7316 1.76075 -0.00931173 -0.232086 0.972651
1 31.2201 33.7221 1.77879 -0.126209 0.836448 0.533316
1 26.1292 32.2198 1.7507 0.54705 -0.0615564 0.834834
1 30.3741 16.608 1.61036 -0.355729 -0.501982 -0.788334
1 5.48604 0.777254 1.61087 -0.29492 0.207952 -0.932619
1 31.8218 34.4712 1.60948 -0.580314 0.502519 -0.640867
1 7.03634 14.9615 1.61018 -0.0851772 0.302816 -0.949235
1 32.0082 7.57305 1.777 -0.566781 -0.538542 0.623483
1 16.5083 10.4722 1.76009 0.14047 -0.162004 0.976741
1 17.2605 33.5045 1.76063 -0.0696135 0.0452957 0.996545
1 3.07221 23.0124 1.75653 -0.338053 0.197197 0.920235
1 17.7187 19.9865 1.61728 -0.547303 -0.244912 -0.800298
1 23.0017 15.3576 1.77989 0.50284 -0.588099 0.633476
1 3.92805 11.3681 1.77087 0.185295 0.701352 0.688311
1 16.892 22.4111 1.60699 -0.113247 -0.117547 -0.986589
1 11.3522 13.0131 1.61379 -0.21419 -0.532584 -0.818826
1 30.5758 6.9381 1.59979 -0.243994 -0.645903 -0.723378
1 8.7542 15.9273 1.60806 0.0214985 0.0457206 -0.998723
1 12.7276 4.41358 1.61453 -0.088813 -0.396129 -0.91389
1 24.296 27.4545 1.75902 -0.069769 -0.189639 0.979372
1 21.9735 15.2838 1.75534 -0.177972 0.768116 0.615081
1 23.2666 6.61523 1.60822 -0.285095 0.381084 -0.879486
1 11.0253 29.0073 1.73068 -0.289749 0.545528 0.786413
1 14.7726 4.39832 1.60383 -0.361334 -0.676271 -0.641946
1 22.2503 27.3305 1.76069 -0.0519821 -0.51823 0.85366
1 3.556 3.76068 1.64009 0.187875 0.585103 -0.788897
1 13.5352 8.66025 1.74439 0.463942 -0.700416 0.542379
1 20.9523 15.8611 1.75851 -0.282498 0.584344 0.760747
1 21.7542 28.3232 1.76256 -0.252623 -0.601645 0.757763
1 16.0742 28.6755 1.75982 0.601183 -0.130356 0.788407
1 1.69774 5.20395 1.61332 0.155403 -0.287562 -0.94507
1 32.6991 19.2582 1.75888 0.242905 -0.672232 0.699358
1 12.7905 28.3448 1.75074 -0.3652 0.710362 0.601677
1 25.0793 15.5515 1.60943 -0.484954 0.235551 -0.84222
1 21.2695 20.6801 1.5989 0.38924 0.674477 -0.627353
1 31.2598 30.7872 1.61526 0.465122 0.396648 -0.791411
1 3.02114 30.7123 1.75215 -0.451737 -0.56263 0.692374
1 14.3059 34.5616 1.75652 -0.257725 -0.297753 0.919196
1 27.149 32.7767 1.75691 0.437641 0.103489 0.893174
1 16.3972 11.6492 1.75905 0.0170226 -0.149369 0.988635
1 20.3767 24.2901 1.61005 0.183579 -0.660892 -0.727681
1 23.0912 20.478 1.61748 0.3251 0.413268 -0.8506
1 0.178 19.2701 1.76319 0.322664 -0.271135 0.906848
1 28.8633 22.7538 1.61514 0.730231 -0.261194 -0.6313
1 34.4915 1.35414 1.60932 -0.371957 -0.101481 -0.922686
1 28.0363 19.2705 1.60803 0.130286 -0.166072 -0.977469
1 0.145496 26.2619 1.61112 -0.257526 -0.526609 -0.810162
1 32.7209 9.92321 1.75322 0.489294 -0.342005 0.802262
1 16.4433 26.9052 1.60221 0.7078 -0.0183686 -0.706174
1 25.5566 22.8346 1.6181 0.813006 0.157184 -0.560637
1 18.3103 33.8246 1.75642 -0.110869 0.177706 0.977818
1 7.26721 11.9955 1.60361 -0.38323 0.214432 -0.898417
1 31.7707 29.934 1.61028 0.36205 0.229758 -0.9034
1 0.903819 13.1971 1.75975 -0.0760179 0.131004 0.988463
1 0.859921 23.5588 1.75534 -0.446097 -0.148995 0.882495
1 31.2075 21.1531 1.63406 0.320577 -0.666199 -0.673356
1 3.7792 25.8772 1.75586 0.378073 -0.465888 0.800006
1 18.5038 23.6202 1.61288 0.0994281 -0.353258 -0.930227
1 7.07335 10.223 1.62191 -0.583985 0.273301 -0.764374
1 8.08692 14.6124 1.60829 -0.0841367 0.105174 -0.990888
1 17.2688 11.2311 1.76 0.0532255 -0.0204754 0.998373
1 9.66921 21.5339 1.6042 0.689531 -0.0696943 -0.720895
1 9.90671 23.6626 1.74417 0.634109 0.342892 0.693059
1 29.8906 1.78978 1.75598 -0.26467 0.647879 0.714284
1 34.3759 5.05494 1.60523 0.189231 0.0378659 -0.981202
1 31.388 27.9903 1.609 0.0697749 0.176379 -0.981846
1 12.4326 8.52996 1.59819 0.603562 -0.339727 -0.721318
1 0.186163 0.254745 1.60641 -0.530445 -0.150407 -0.83427
1 27.9178 33.5388 1.7601 0.272036 0.232687 0.933731
1 0.561595 2.17823 1.60848 -0.249539 -0.238442 -0.93855
1 5.51528 3.46647 1.61038 0.0586881 0.201065 -0.977818
1 22.9926 3.64604 1.76259 -0.349609 -0.447332 0.823206
1 32.5803 1.13854 1.60838 -0.417455 0.289585 -0.86132
1 11.8829 18.3302 1.61078 0.290933 -0.472575 -0.831884
1 1.97066 23.4536 1.75475 -0.428598 0.0469058 0.902277
1 2.1529 20.0866 1.75748 0.209069 0.0356539 0.977251
1 15.6659 20.7295 1.61026 -0.415688 0.0529478 -0.907965
1 18.4903 12.0957 1.7571 0.0680923 0.190453 0.979332
1 2.89318 12.983 1.75597 -0.025013 0.510305 0.85963
1 27.4988 14.1606 1.64364 -0.706303 0.120988 -0.697494
1 27.0946 34.0077 1.75695 0.197541 0.104392 0.974721
1 9.93691 27.9269 1.7575 -0.0306941 0.365804 0.930186
1 17.6878 28.6325 1.74936 0.596752 -0.0117996 0.802339
1 14.9892 0.920301 1.75168 -0.375322 -0.230905 0.897673
1 27.2875 13.2698 1.7292 0.725981 -0.323694 -0.606773
1 34.5819 10.2784 1.75228 0.427441 -0.0456069 0.902892
1 19.2445 34.2713 1.75261 -0.198221 0.31194 0.929194
1 32.6167 2.14299 1.60736 -0.263834 0.294959 -0.918363
1 1.59794 19.2471 1.75666 0.359821 -0.0557857 0.931352
1 16.7894 3.66189 1.75461 -0.693354 -0.0520124 0.718717
1 24.9689 20.9116 1.6157 0.387005 0.141979 -0.911081
1 10.4477 33.9872 1.60997 -0.524287 -0.578932 -0.624469
1 7.81854 15.5862 1.60962 0.00100809 0.178719 -0.9839
1 0.452767 24.4534 1.747 -0.59574 -0.269098 0.756756
1 29.8302 31.7782 1.77287 0.471273 0.587067 0.65822
1 28.4871 6.56492 1.60662 -0.345871 -0.302373 -0.888225
1 28.8212 28.5617 1.75429 -0.178204 0.566761 0.804379
1 29.3333 32.6485 1.76204 0.351297 0.498314 0.792637
1 23.334 18.4122 1.60987 -0.0362223 0.418451 -0.907517
1 9.8313 2.94964 1.60822 -0.319954 0.0500058 -0.946112
1 5.73282 26.4555 1.758 0.228857 -0.206114 0.951389
1 32.5884 30.7729 1.60989 0.490292 0.100378 -0.865758
1 11.1597 1.31792 1.6164 -0.557906 -0.286814 -0.778768
1 10.0783 8.12436 1.60717 0.527758 0.182541 -0.829548
1 26.019 14.7491 1.61394 -0.660172 0.174998 -0.730444
1 13.2001 22.8696 1.61293 -0.080151 0.463602 -0.882411
1 8.90832 10.8078 1.61094 -0.569238 -0.0946494 -0.816707
1 19.1998 0.872434 1.75517 -0.350607 0.330643 0.876214
1 18.2132 11.029 1.7581 0.101181 0.119901 0.987616
1 27.3733 24.7403 1.76078 0.431723 0.433931 0.790771
1 13.252 31.6389 1.75729 0.193064 -0.438473 0.877763
1 31.6551 11.8306 1.74956 0.177475 -0.562658 0.807415
1 19.226 5.47009 1.76508 0.616179 0.332683 0.713895
1 21.9779 3.83104 1.76744 -0.231547 -0.639997 0.732659
1 13.8044 29.7208 1.73216 0.423457 -0.422325 0.801452
1 18.7254 19.5722 1.6075 -0.6665 -0.37372 -0.645067
1 9.46152 18.8952 1.60846 0.378165 -0.0388702 -0.924922
1 20.7761 30.3879 1.75633 0.289499 0.512175 0.808621
1 26.5779 22.1815 1.61393 0.605495 0.0991395 -0.78965
1 24.5435 31.6179 1.5926 -0.759411 0.0195954 -0.650316
1 20.0521 16.7826 1.75878 -0.460018 0.416555 0.784134
1 22.0513 20.1211 1.61256 0.259866 0.591578 -0.76322
1 19.8082 1.71878 1.75466 -0.38883 0.563341 0.729012
1 32.8397 0.108924 1.59614 -0.571924 0.271736 -0.773991
1 21.2105 23.3009 1.60737 0.0289128 -0.812465 -0.582292
1 12.4137 13.2287 1.62707 -0.334238 -0.702405 -0.62842
1 5.79248 25.4527 1.75773 0.404384 -0.209199 0.890342
1 26.8954 11.4451 1.60457 0.40577 -0.137343 -0.903597
1 30.1941 22.1223 1.62175 0.531143 -0.481821 -0.696947
1 11.6514 15.5556 1.62195 0.000330202 -0.482262 -0.876027
1 18.9343 28.792 1.75367 0.563032 0.175369 0.807614
1 13.3341 25.3777 1.61201 0.375746 0.433769 -0.818938
1 33.9076 3.47858 1.60704 -0.0709883 0.0582285 -0.995776
1 26.9168 7.59845 1.61421 -0.190033 -0.125269 -0.973753
