1 16.9535 32.5797 1.75991 0.0694405 -0.00623115 0.997567
1 22.267 19.6372 1.6052 0.0300666 0.676513 -0.735817
1 16.8181 17.1195 1.73452 -0.739827 -0.0951027 0.666041
1 28.3092 18.3488 1.60987 -0.0847198 -0.2081 -0.974432
1 9.6813 24.7282 1.76 0.401789 0.257625 0.878746
1 21.3382 13.7179 1.75963 -0.05248 0.572436 0.818268
1 15.2552 25.8163 1.62289 0.556626 0.249482 -0.792418
1 27.2779 16.5514 1.61177 -0.382526 -0.117 -0.916507
1 12.0918 4.8195 1.6061 -0.00306668 -0.372867 -0.92788
1 0.271268 15.3915 1.76124 -0.446874 0.118253 0.886747
1 14.0264 13.8781 1.74728 -0.402488 -0.540968 0.738483
1 31.2235 12.7662 1.76173 -0.0180662 -0.443355 0.896164
1 26.7254 32.3674 1.75136 0.522888 -0.21544 0.824726
1 31.7377 9.73105 1.75189 0.536804 -0.37299 0.756783
1 16.0807 24.2845 1.61141 0.27505 0.119901 -0.953924
1 26.2679 20.092 1.60816 0.166058 0.101414 -0.980887
1 14.4453 33.4502 1.75854 -0.0596983 -0.336708 0.939715
1 27.335 14.5345 1.61593 -0.723134 -0.0985652 -0.683638
1 25.9529 15.5615 1.62063 -0.58238 0.082179 -0.808752
1 12.5252 23.1536 1.6117 0.11414 0.732985 -0.670601
1 18.8046 29.6532 1.75927 0.4934 0.284142 0.822083
1 14.9268 21.6423 1.61126 -0.17357 0.31426 -0.933335
1 19.6799 33.0377 1.75636 0.104808 0.346551 0.932157
1 30.964 4.81625 1.66046 -0.560425 0.315956 0.765569
1 28.6858 3.92436 1.76483 -0.508211 -0.0150845 0.861101
1 28.0081 10.0411 1.61389 0.247245 -0.425395 -0.87058
1 5.77241 14.4106 1.61137 -0.0643843 0.452307 -0.889535
1 9.68909 14.8924 1.6123 -0.0534674 -0.153622 -0.986682
1 3.33548 33.6894 1.60595 -0.384416 0.0225153 -0.922885
1 14.4493 10.7529 1.7555 -0.0282726 -0.392424 0.91935
1 7.76196 9.73712 1.62206 -0.717935 0.0649608 -0.693073
1 9.28232 27.8229 1.75755 -0.102434 0.179541 0.978403
1 10.4615 3.88768 1.60723 -0.132346 -0.0551656 -0.989667
1 19.9064 25.1306 1.61032 0.422378 -0.516814 -0.744647
1 20.2953 15.5336 1.74951 -0.430931 0.384511 0.816364
1 25.8087 28.5465 1.76007 -0.151361 0.165427 0.974538
1 13.2745 5.47811 1.61496 0.0635236 -0.600788 -0.79688
1 34.6136 1.19143 1.61354 -0.299362 0.500664 -0.81223
1 17.8636 33.0589 1.76091 0.0277505 0.104042 0.994186
1 10.457 20.7294 1.61398 0.592544 -0.200432 -0.780204
1 31.886 15.859 1.74515 -0.571946 -0.359941 0.737102
1 2.48647 21.8882 1.75853 -0.212492 0.0975021 0.972286
1 17.8378 19.0245 1.60778 -0.583903 -0.192101 -0.788768
1 15.325 12.5552 1.75629 -0.210224 -0.255699 0.943623
1 4.27006 16.0659 1.60981 0.111187 0.751407 -0.650404
1 22.401 24.6258 1.76087 0.505912 -0.439206 0.742396
1 21.1206 16.1029 1.76551 -0.472044 0.50929 0.719582
1 33.1147 9.48344 1.76791 0.688501 -0.158367 0.707734
1 23.1228 3.65272 1.61458 -0.603931 0.154108 -0.781996
1 2.76065 3.23749 1.61212 -0.0412689 -0.0541933 -0.997677
1 26.0602 30.439 1.75158 -0.508467 0.191376 0.839546
1 4.98191 21.7972 1.76134 -0.0964848 0.439934 0.892832
1 13.9172 4.53504 1.60657 -0.161759 -0.711279 -0.684044
1 13.1834 24.4906 1.61265 0.262632 0.627901 -0.732642
1 24.5875 22.5349 1.61451 0.577304 0.268155 -0.771241
1 5.30002 28.1213 1.75664 -0.22777 -0.362516 0.903716
1 32.7861 28.2323 1.60755 0.0242635 0.0295614 -0.999268
1 27.2893 30.4635 1.72934 -0.59969 0.348862 0.720185
1 13.497 12.173 1.7448 -0.254871 -0.553657 0.792783
1 4.90033 1.38841 1.61498 -0.304122 -0.393952 -0.867359
1 9.52306 7.3955 1.61848 0.442248 0.0957404 -0.891768
1 26.9388 29.5833 1.75515 -0.366033 0.373884 0.852192
1 19.3838 16.3893 1.74582 -0.557505 0.233064 0.796787
1 33.7432 12.6759 1.76048 0.045245 -0.0570088 0.997348
1 29.9969 29.4908 1.60589 0.24814 0.563581 -0.78791
1 6.92721 23.1653 1.73215 0.59833 -0.199159 0.776104
1 22.6449 4.67532 1.61213 -0.44649 0.297748 -0.843797
1 16.2129 4.63501 1.7547 -0.793459 -0.165042 0.585818
1 14.026 23.9473 1.61042 0.202077 0.455937 -0.866768
1 32.0222 27.5855 1.60938 -0.0689327 0.162651 -0.984273
1 32.1376 7.4296 1.60463 0.463113 0.41359 -0.783881
1 5.23155 34.4565 1.60865 -0.0365748 -0.202976 -0.9785
1 10.0105 2.76926 1.61027 -0.255205 0.056866 -0.965213
1 17.2603 14.2514 1.76044 -0.333554 -0.0041496 0.942722
1 16.7363 31.6013 1.76136 0.204826 -0.032874 0.978246
1 28.0127 27.5971 1.73349 0.105823 0.580823 0.807122
1 20.8118 9.45734 1.75638 0.264829 0.709407 0.653152
1 26.1565 27.6223 1.76113 0.0248687 0.235349 0.971593
1 33.0298 13.3712 1.75987 -0.0875293 -0.164693 0.982454
1 9.26164 28.8177 1.75627 -0.275756 0.159462 0.947908
1 29.6607 2.47328 1.75932 -0.220524 0.20342 0.953934
1 30.9251 29.11 1.61071 0.173116 0.395961 -0.901801
1 31.8128 29.7255 1.61076 0.267459 0.240703 -0.933021
1 22.4953 11.4022 1.61429 0.365966 0.608542 -0.704092
1 18.7184 32.4623 1.75904 0.142538 0.215556 0.966032
1 27.5154 11.445 1.61432 0.392101 -0.342051 -0.853966
1 7.80853 16.4629 1.61107 0.152336 0.20218 -0.967428
1 25.588 12.1282 1.60975 0.482451 0.0115931 -0.875846
1 34.5311 9.46917 1.76168 0.690868 -0.0149721 0.722826
1 0.8708 14.5199 1.75452 -0.281229 0.22758 0.932265
1 23.3759 5.61086 1.60962 -0.333537 0.200789 -0.921106
1 4.25646 31.8232 1.61612 -0.605024 -0.149896 -0.78197
1 21.4132 6.09507 1.61992 -0.192853 0.595186 -0.780103
1 19.9987 26.4049 1.77008 -0.536092 0.638787 0.551867
1 15.7925 6.64725 1.75688 0.540716 -0.246294 0.804341
1 3.02485 31.9849 1.61212 -0.596089 0.0881043 -0.79807
1 21.9282 29.4497 1.75332 -0.361919 -0.546173 0.755453
1 1.1852 23.0128 1.75699 -0.449554 -0.101221 0.8875
1 12.2012 0.401 1.73838 -0.521859 -0.622495 0.583235
1 25.2829 19.9966 1.60727 0.134144 0.232773 -0.963235
1 34.2384 4.44729 1.61442 0.073363 0.329623 -0.941258
1 27.5342 26.4829 1.74515 0.288662 0.454225 0.842825
1 28.319 16.388 1.61429 -0.41532 -0.287324 -0.863107
1 14.7134 6.20842 1.75066 0.578624 -0.453538 0.677863
1 32.8246 12.3083 1.7591 0.0995564 -0.20368 0.973963
1 27.0652 13.3788 1.61952 0.694368 -0.224875 -0.683582
1 0.678391 4.37365 1.61018 0.0566644 0.177258 -0.982532
1 29.3373 16.1469 1.61366 -0.468203 -0.452278 -0.759098
1 21.564 20.5937 1.60924 0.186959 0.772528 -0.606833
1 3.40849 4.90473 1.60927 0.139798 -0.218854 -0.965691
1 25.0737 16.3521 1.61301 -0.438849 0.217892 -0.871742
1 18.2416 16.9649 1.74884 -0.662548 0.0626116 0.746398
1 3.62748 1.75388 1.61578 -0.209956 -0.150954 -0.965987
1 14.4057 11.8453 1.75702 -0.169694 -0.40595 0.898003
1 14.4396 22.9179 1.61006 0.0219702 0.395818 -0.918066
1 10.9624 11.391 1.61404 -0.469135 -0.442205 -0.764439
1 5.4101 13.3425 1.60387 -0.152302 0.563583 -0.811898
1 9.21521 9.88907 1.62316 -0.695182 -0.109511 -0.710443
1 5.38035 30.2703 1.75747 -0.661088 -0.317464 0.679837
1 21.2547 22.9872 1.59384 0.0279517 -0.793836 -0.607489
1 12.8688 31.4232 1.74689 0.319815 -0.579401 0.749676
1 5.88823 26.112 1.75616 0.146774 -0.325381 0.934122
1 19.2389 14.3618 1.75907 -0.292466 0.263231 0.919333
1 23.3772 21.9903 1.60913 0.449081 0.456042 -0.768344
1 25.1961 27.8291 1.76157 -0.0270985 0.0585455 0.997917
1 27.8902 20.8795 1.60687 0.326095 -0.114275 -0.938405
1 17.524 31.0373 1.75931 0.299435 0.0639474 0.951971
1 9.23731 20.7177 1.6151 0.625116 0.0494373 -0.778965
1 23.8002 4.60279 1.61452 -0.519491 0.0674262 -0.851812
1 28.6524 2.91394 1.7597 -0.358159 0.0570866 0.931914
1 7.58358 26.4632 1.76017 0.0855545 -0.062214 0.994389
1 9.48165 3.76265 1.61006 -0.116555 0.138543 -0.983474
1 13.1357 8.82181 1.7575 0.229857 -0.646028 0.727883
1 19.6102 28.0289 1.75426 0.702521 0.432504 0.565159
1 8.94091 11.607 1.61119 -0.401288 -0.117209 -0.908422
1 33.7521 10.2754 1.75755 0.509324 -0.0829901 0.856564
1 8.26867 15.5198 1.60859 0.0497451 0.0858531 -0.995065
1 32.352 26.4321 1.60853 -0.246264 0.0945884 -0.964576
1 29.8946 13.9074 1.73751 -0.297536 -0.625245 0.721485
1 5.20282 10.5315 1.61565 -0.361148 0.575546 -0.733703
1 21.4861 33.3159 1.75502 0.0954073 0.628009 0.772335
1 31.1125 7.71904 1.62016 0.496872 0.553007 -0.668806
1 24.4087 3.71894 1.62239 -0.667327 -0.087169 -0.739646
1 28.7199 0.523054 1.76153 0.0506478 0.05663 0.99711
1 20.3383 14.4167 1.75485 -0.282296 0.407441 0.868505
1 8.55462 26.351 1.76087 0.124521 0.079953 0.98899
1 10.069 26.1718 1.75513 0.196083 0.313773 0.929031
1 24.4188 5.51054 1.60907 -0.421423 -0.000549861 -0.906864
1 19.1715 10.4171 1.75399 0.174999 0.356209 0.917873
1 25.2192 25.2282 1.76292 0.471192 0.0116218 0.881954
1 25.8511 13.0947 1.61588 0.61351 -0.0370667 -0.788816
1 8.1368 12.5158 1.60782 -0.276159 0.0404976 -0.960258
1 19.0683 19.1918 1.61325 -0.53914 -0.398543 -0.741951
1 27.4367 31.4305 1.74544 0.735958 -0.173693 0.654367
1 5.11394 17.1924 1.6111 0.309719 0.621346 -0.719724
1 11.0104 4.74952 1.60842 0.00263274 -0.158337 -0.987382
1 9.61805 18.8586 1.6113 0.373049 -0.0355377 -0.927131
1 18.1068 15.9425 1.7579 -0.532371 0.0857172 0.84216
1 24.938 29.0127 1.75947 -0.251821 0.0133956 0.967681
1 11.161 23.3728 1.74436 0.617491 0.49172 0.613936
1 14.7153 15.4157 1.74658 -0.494328 -0.454693 0.740874
1 13.0779 28.278 1.76133 -0.225354 0.757917 0.61219
1 6.89781 31.7782 1.60479 -0.670917 -0.433547 -0.601587
1 3.00648 16.8287 1.59637 -0.742322 -0.106999 -0.661444
1 23.6167 7.74359 1.60615 -0.0973929 0.232924 -0.967606
1 30.3203 33.0583 1.75071 0.462697 0.315209 0.828586
1 11.9466 12.969 1.60642 -0.278895 -0.696916 -0.660701
1 13.182 16.0545 1.60537 -0.177899 -0.732001 -0.657668
1 3.59168 12.0527 1.77414 0.267737 0.707727 0.653789
1 18.3772 12.8332 1.75808 -0.110568 0.161001 0.980741
1 21.2813 18.9962 1.60881 -0.0765946 0.820102 -0.567068
1 11.53 3.93 1.60666 -0.13573 -0.264263 -0.954852
1 25.8193 6.74745 1.60825 -0.227179 -0.158276 -0.960905
1 8.76239 14.5937 1.60985 -0.0554358 -0.0130822 -0.998377
1 4.41307 13.6966 1.60494 -0.219655 0.783362 -0.58146
1 14.6584 0.856433 1.76195 -0.295334 -0.338349 0.893475
1 30.5195 6.4605 1.58639 0.327915 0.636489 -0.698107
1 33.7383 0.804703 1.62027 -0.28035 0.681264 -0.676227
1 29.3388 8.05194 1.61346 -0.0518136 -0.689391 -0.722534
1 3.58746 19.062 1.75929 0.349537 0.19759 0.91585
1 8.47604 3.98366 1.60997 -0.0765573 0.332742 -0.939905
1 23.0089 6.65678 1.61307 -0.171945 0.332505 -0.927295
1 32.9601 24.4297 1.61006 -0.62495 -0.0631348 -0.778107
1 28.7447 28.5195 1.74572 -0.0752715 0.679703 0.729615
1 12.1269 27.1648 1.75664 0.0280042 0.62818 0.777564
1 6.41664 13.4643 1.61299 -0.174596 0.349579 -0.920495
1 14.2035 34.4651 1.75856 -0.177138 -0.389916 0.903653
1 2.25992 22.9098 1.76222 -0.405045 0.0761801 0.911117
1 10.7531 21.646 1.61681 0.697914 -0.309889 -0.645666
1 10.3896 14.1042 1.61027 -0.157004 -0.290405 -0.943936
1 33.9145 27.0226 1.60965 -0.207908 -0.1986 -0.957775
1 25.8971 29.4941 1.75436 -0.330826 0.186132 0.925153
1 20.8118 27.8723 1.58918 0.160657 0.698991 -0.696851
1 7.4202 24.7987 1.75636 0.352646 -0.105981 0.929736
1 26.1313 10.3609 1.60822 0.248971 -0.112831 -0.961916
1 24.9958 30.971 1.72378 -0.644294 0.0392419 0.76377
1 21.1471 7.43346 1.59634 0.0195358 0.730688 -0.682432
1 31.5357 3.15814 1.75532 -0.277623 0.519755 0.807948
1 16.2924 25.3181 1.6101 0.453836 0.0822662 -0.887279
1 16.3253 12.4643 1.76034 -0.143626 -0.119776 0.982357
1 18.1469 24.5613 1.61283 0.350683 -0.236012 -0.906267
1 11.8502 7.07625 1.61748 0.390747 -0.365304 -0.844908
1 34.4678 6.14306 1.60924 0.26278 0.230942 -0.93681
1 8.54412 5.54327 1.61062 0.155489 0.335169 -0.929239
1 33.3592 7.66952 1.59816 0.5908 0.233905 -0.772168
1 4.26611 29.5355 1.7118 -0.461084 -0.504988 0.72965
1 6.08154 0.406954 1.60438 0.19531 -0.270345 -0.942745
1 23.6556 8.80506 1.60634 0.0376732 0.275459 -0.960574
1 5.95462 21.479 1.73984 0.0335245 0.550925 0.833881
1 24.4433 10.665 1.60882 0.258278 0.199366 -0.945276
1 11.0594 19.7489 1.60533 0.443666 -0.292779 -0.847019
1 31.6398 25.7254 1.60889 -0.336022 0.216675 -0.916592
1 34.3799 19.6081 1.75668 0.171795 -0.367877 0.913867
1 6.57607 8.0739 1.65958 0.692056 -0.347488 0.632701
1 32.1275 13.0068 1.76108 -0.0345377 -0.303482 0.952211
1 31.4142 26.7869 1.60498 -0.163013 0.283775 -0.944933
1 18.284 10.8075 1.75981 0.11086 0.192204 0.975073
1 27.8783 21.8411 1.61061 0.483882 -0.0799422 -0.871474
1 19.6111 34.1304 1.75665 -0.0388321 0.326158 0.944517
1 24.0164 29.4112 1.75907 -0.333823 -0.146798 0.931135
1 16.0358 2.75665 1.75419 -0.512522 -0.238019 0.825026
1 2.75049 12.4293 1.75947 0.182308 0.553924 0.812362
1 31.8924 11.9032 1.76133 0.151037 -0.356371 0.922056
1 27.6679 7.02482 1.61 -0.242314 -0.43958 -0.864901
1 24.2458 21.4885 1.62208 0.378099 0.342149 -0.860218
1 25.6409 19.0774 1.6071 -6.51546e-05 0.167218 -0.98592
1 14.8284 27.7309 1.76261 0.74723 -0.397517 0.532567
1 12.9865 6.71789 1.6144 0.308985 -0.590019 -0.745926
1 4.43588 19.7915 1.76235 0.246337 0.319108 0.915144
1 23.5328 12.1732 1.61213 0.473758 0.37243 -0.798029
1 10.1914 16.079 1.60662 0.029599 -0.19352 -0.98065
1 19.0339 1.7886 1.7571 -0.304483 0.234566 0.923184
1 23.4616 28.502 1.76104 -0.174028 -0.244891 0.953804
1 6.32886 22.4069 1.59626 -0.898439 0.247882 0.362438
1 0.924239 6.12506 1.60955 0.275894 0.0996366 -0.95601
1 30.3747 18.123 1.61384 -0.123492 -0.532381 -0.837449
1 8.15861 7.1037 1.6045 0.390272 0.36683 -0.844466
1 7.79751 4.81224 1.6115 0.0368498 0.475244 -0.879082
1 32.5627 2.81646 1.75938 -0.177422 0.724281 0.666288
1 28.8663 1.89632 1.76003 -0.175014 0.0779665 0.981474
1 18.2937 13.8719 1.76007 -0.25173 0.139163 0.95774
1 7.84539 23.8141 1.75704 0.511363 -0.0346886 0.858664
1 12.6734 10.1234 1.74703 0.0440593 -0.659304 0.750585
1 1.17048 3.4617 1.61227 -0.0276921 0.162497 -0.98632
1 23.9711 6.80915 1.60672 -0.227706 0.140888 -0.963483
1 10.0457 4.78421 1.60869 0.0162189 0.0278918 -0.999479
1 29.3757 18.2653 1.61146 -0.0969027 -0.369358 -0.924221
1 10.6064 10.2787 1.6266 -0.667579 -0.353259 -0.655398
1 2.27759 14.6516 1.75949 -0.26572 0.440325 0.857617
1 16.9523 21.5919 1.60768 -0.16176 -0.0460427 -0.985756
1 13.4791 33.6288 1.75625 -0.05134 -0.503772 0.862309
1 19.2818 24.3947 1.61486 0.309247 -0.42859 -0.848927
1 19.1684 15.3993 1.75574 -0.426246 0.239275 0.872388
1 11.0486 28.7044 1.75313 -0.235341 0.426254 0.873454
1 22.5686 28.7359 1.75527 -0.232146 -0.390362 0.890913
1 22.0343 1.17969 1.7506 -0.208355 0.719431 0.662576
1 19.5417 29.0806 1.73976 0.536095 0.433408 0.724403
1 2.02518 28.4374 1.6215 -0.0361613 -0.691467 -0.721502
1 29.6264 4.57756 1.75864 -0.587419 0.12223 0.799999
1 6.69118 33.1239 1.61757 -0.215255 -0.342499 -0.914527
1 1.53573 29.5724 1.61419 0.208391 -0.579782 -0.787671
1 23.9284 16.3543 1.61394 -0.442603 0.395924 -0.804579
1 7.18338 10.6489 1.61344 -0.5441 0.149997 -0.825504
1 28.2929 19.9701 1.60715 0.18069 -0.195647 -0.963885
1 33.1727 4.8637 1.60251 -0.0580865 0.441525 -0.895367
1 33.763 15.4356 1.7571 -0.443651 -0.0431161 0.895162
1 12.211 15.9431 1.61997 -0.0530525 -0.559564 -0.827087
1 27.6723 0.378751 1.75831 0.053898 -0.0773409 0.995547
1 22.9627 18.6709 1.61206 -0.110004 0.562694 -0.819314
1 29.6844 3.50291 1.75789 -0.389694 0.167449 0.905594
1 8.29041 22.8318 1.75053 0.684278 -0.0172136 0.729018
1 29.9209 19.2131 1.61117 0.0581773 -0.456004 -0.888074
1 33.8479 28.8678 1.60782 0.113178 -0.128826 -0.985188
1 13.9333 31.3557 1.75251 0.229182 -0.43916 0.868685
1 21.809 12.5262 1.74682 0.131623 0.76927 0.625219
1 7.96698 20.3797 1.61991 0.64509 0.342195 -0.683199
1 2.46067 25.4293 1.75839 0.316111 -0.749229 0.582005
1 10.5228 1.78132 1.61415 -0.396305 -0.0824054 -0.914413
1 15.1054 32.7001 1.75927 0.0435593 -0.239028 0.970035
1 5.50716 9.26215 1.60512 -0.562998 0.504735 -0.654428
1 18.2355 22.7563 1.60791 0.0423453 -0.251089 -0.967037
1 9.71055 22.8186 1.74108 0.721268 0.218489 0.657294
1 2.54481 17.6268 1.76343 0.598122 0.023512 0.80106
1 9.93524 31.4832 1.75963 -0.671572 0.170419 0.721074
1 9.52726 5.67747 1.60869 0.165519 0.126878 -0.978011
1 1.4722 22.1167 1.76106 -0.276091 -0.0646851 0.958952
1 12.1577 24.5809 1.67109 0.39105 0.74132 0.545457
1 25.9768 9.36633 1.60711 0.117519 -0.109569 -0.987008
1 11.073 29.7629 1.7522 -0.414703 0.422661 0.805841
1 5.74037 6.18438 1.62061 0.260781 -0.667499 -0.697452
1 30.8601 21.7847 1.60774 0.382969 -0.622794 -0.682248
1 28.6747 17.4138 1.61213 -0.23399 -0.280015 -0.931042
1 27.1671 15.5574 1.61538 -0.544895 -0.113554 -0.83078
1 0.134773 7.88613 1.62077 0.564739 0.100931 -0.819075
1 6.14326 15.4438 1.6095 0.0479263 0.410969 -0.910389
1 7.7044 6.01509 1.61329 0.203925 0.54621 -0.812446
1 15.3436 22.5007 1.60992 -0.0362259 0.229621 -0.972606
1 6.24619 25.1053 1.7551 0.313768 -0.276053 0.908485
1 31.1265 31.3412 1.61423 0.578284 0.365687 -0.729288
1 32.9505 27.2246 1.60874 -0.14356 -0.0158454 -0.989515
1 27.2822 23.7426 1.61275 0.797828 0.0766601 -0.597992
1 5.70448 7.50859 1.63186 0.51261 -0.606047 -0.608225
1 14.9976 23.8325 1.60844 0.182414 0.292127 -0.938822
1 24.9307 30.0095 1.75645 -0.451499 0.019638 0.892055
1 15.9343 21.5422 1.60838 -0.179446 0.132582 -0.974793
1 22.265 23.0253 1.79022 -0.60619 -0.604236 0.517139
1 24.9309 7.36914 1.60679 -0.141632 0.00853132 -0.989883
1 19.308 0.553368 1.75759 -0.169987 0.280454 0.944696
1 17.7757 32.0119 1.75959 0.167942 0.0922401 0.981472
1 32.2667 8.46971 1.62655 0.682103 0.281447 -0.674924
1 4.28414 26.158 1.75808 0.117099 -0.548379 0.82799
1 20.2387 3.38513 1.74804 -0.556656 0.441105 0.70396
1 32.1669 1.61877 1.75849 0.00266931 0.61755 0.786527
1 8.05177 25.533 1.75934 0.246131 -0.00832278 0.969201
1 28.9215 19.1819 1.60923 0.0520319 -0.28964 -0.95572
1 26.6474 0.578788 1.75851 -0.0143593 -0.193655 0.980965
1 26.7071 7.29502 1.6107 -0.152855 -0.280234 -0.947684
1 1.84702 11.7009 1.75952 0.280275 0.355831 0.891533
1 30.0721 15.5755 1.61911 -0.576997 -0.575989 -0.57906
1 19.7285 21.4773 1.6183 -0.14206 -0.516959 -0.84414
1 1.30823 8.6191 1.61677 0.805206 0.0828356 -0.587181
1 16.7611 23.4777 1.6076 0.142898 -0.00604661 -0.989719
1 14.3717 20.8779 1.61383 -0.29563 0.42495 -0.855582
1 5.26324 15.9691 1.61542 0.0783913 0.581432 -0.80981
1 18.1323 6.64064 1.75615 0.515362 0.226052 0.826621
1 21.3175 2.41308 1.74653 -0.422718 0.582383 0.694363
1 19.5361 31.9296 1.75838 0.238879 0.333391 0.912024
1 2.62953 13.5884 1.7585 -0.040662 0.526839 0.848992
1 34.5668 31.3254 1.62795 0.520606 -0.271875 -0.809354
1 24.9312 1.15575 1.76012 -0.163275 -0.420318 0.892566
1 17.0711 28.3502 1.74793 0.687702 -0.0301504 0.725366
1 6.73611 6.00278 1.61892 0.0569707 -0.864142 -0.500013
1 24.7591 15.3712 1.62554 -0.57883 0.276127 -0.767274
1 1.71911 4.29143 1.60961 0.0375263 0.0307117 -0.998824
1 15.9011 15.4617 1.75318 -0.517201 -0.235375 0.822862
1 33.5586 31.9922 1.6318 0.626256 -0.0945304 -0.773865
1 30.642 3.92315 1.7564 -0.419195 0.324423 0.847953
1 22.6735 7.78576 1.62242 -0.0155769 0.387106 -0.921904
1 28.3059 29.7227 1.75364 -0.328078 0.527277 0.783801
1 13.8879 2.69256 1.64527 -0.479871 -0.673109 0.562715
1 4.43873 24.8938 1.74414 0.408059 -0.568692 0.714197
1 17.7598 7.54479 1.75558 0.414991 0.111716 0.902941
1 9.14946 12.6544 1.60875 -0.265969 -0.123485 -0.95604
1 3.23678 14.7307 1.76074 -0.210345 0.630328 0.74729
1 12.0504 28.4155 1.75557 -0.213952 0.597265 0.772981
1 3.75694 6.637 1.60665 0.374346 -0.292503 -0.879947
1 15.9749 5.60958 1.76153 0.703313 -0.167158 0.690948
1 27.7227 19.1509 1.6074 0.0419452 -0.120822 -0.991788
1 15.8335 9.53308 1.76016 0.163223 -0.198231 0.966469
1 2.52472 33.057 1.60665 -0.48695 0.155389 -0.859496
1 15.1708 8.72881 1.75672 0.247752 -0.321768 0.913829
1 28.1053 1.24273 1.76046 -0.108508 -0.0301861 0.993637
1 34.3832 11.018 1.75307 0.359488 -0.0031554 0.933144
1 8.72204 32.6344 1.59334 -0.606463 -0.492479 -0.624233
1 15.6137 28.4649 1.75795 0.664879 -0.246404 0.705139
1 18.2136 2.4681 1.76002 -0.411049 0.115178 0.904308
1 13.1361 3.17183 1.60152 -0.262731 -0.633733 -0.727568
1 20.9927 1.31299 1.75419 -0.230782 0.554123 0.799805
1 13.7531 7.34604 1.7701 0.383036 -0.690695 0.61337
1 12.9659 21.8315 1.62734 -0.173668 0.675079 -0.717013
1 5.74701 18.5659 1.64673 0.601586 0.623102 -0.499838
1 14.1866 8.55867 1.75475 0.254587 -0.488262 0.834737
1 5.16866 23.6038 1.73209 0.664984 -0.321099 0.674308
1 32.3875 33.8187 1.74232 0.389108 0.645061 0.657641
1 10.6212 15.1673 1.61196 -0.0702104 -0.299591 -0.951481
1 7.31597 2.39829 1.6057 -0.265503 0.616082 -0.741587
1 33.7288 2.16038 1.62633 -0.150211 0.628196 -0.763417
1 25.5466 5.7192 1.61119 -0.386625 -0.183085 -0.903881
1 31.1348 20.4254 1.62082 0.203227 -0.701417 -0.683164
1 31.2974 33.7924 1.75245 0.353499 0.473182 0.806931
1 7.08766 0.386195 1.6088 0.209653 -0.4821 -0.850662
1 10.0391 30.4376 1.76023 -0.527772 0.245834 0.813033
1 13.4996 14.7212 1.7582 -0.461942 -0.694168 0.552033
1 1.37973 15.2926 1.77255 -0.448906 0.283548 0.847398
1 18.5496 5.76363 1.75917 0.602855 0.353287 0.71537
1 25.342 8.61901 1.60723 0.0257933 -0.0214875 -0.999436
1 0.0370765 2.36432 1.61341 -0.166949 0.444104 -0.880284
1 24.4563 8.22828 1.6076 -0.0317558 0.110841 -0.993331
1 8.58268 31.6134 1.72904 -0.768284 -0.133992 0.625928
1 10.1611 17.9415 1.60959 0.247019 -0.147048 -0.957788
1 20.2643 19.6385 1.62927 -0.387504 -0.646007 -0.65766
1 12.0704 19.2169 1.61332 0.357338 -0.48286 -0.799472
1 8.95313 6.51547 1.61298 0.303887 0.224062 -0.925986
1 30.6708 26.0539 1.62862 -0.257392 0.40494 -0.877367
1 3.6318 2.79559 1.60956 -0.102426 -0.19431 -0.975578
1 18.2518 9.71602 1.754 0.229771 0.194494 0.953613
1 24.5438 9.27597 1.60708 0.108497 0.138671 -0.984377
1 24.5343 0.0994109 1.75849 0.0279267 -0.474119 0.880018
1 17.0841 24.5121 1.61016 0.326768 -0.0538491 -0.943569
1 33.2746 14.4264 1.7593 -0.270018 -0.124292 0.954799
1 24.3375 28.1976 1.76019 -0.106023 -0.0928141 0.990023
1 28.4426 13.181 1.64449 0.647482 -0.469289 -0.600445
1 24.4866 20.5065 1.60559 0.206443 0.34532 -0.915497
1 14.9249 31.6901 1.75937 0.18339 -0.278424 0.942787
1 28.8547 9.21284 1.61131 0.144518 -0.592847 -0.792242
1 26.4072 11.4098 1.60904 0.387971 -0.139477 -0.911057
1 15.4262 20.6705 1.60943 -0.321012 0.220929 -0.920946
1 29.9021 25.4638 1.62671 -0.253466 0.567111 -0.783671
1 27.4101 3.88841 1.75999 -0.700041 -0.221233 0.678968
1 2.40164 15.7188 1.75232 -0.493718 0.44296 0.748351
1 7.28693 28.3468 1.75677 -0.22599 -0.094384 0.969546
1 30.4162 34.1764 1.76156 0.261576 0.344298 0.901685
1 5.13657 31.1826 1.61808 -0.72072 -0.285511 -0.631701
1 34.4005 16.2741 1.72929 -0.628025 0.0483121 0.776692
1 31.8001 24.7065 1.60684 -0.505839 0.17862 -0.843932
1 27.8892 8.98301 1.6109 0.086518 -0.425837 -0.900654
1 26.7289 25.6082 1.74791 0.429901 0.273931 0.860318
1 1.92084 2.75678 1.61031 -0.0739873 0.0985893 -0.992374
1 6.71296 24.1287 1.76411 0.452774 -0.197982 0.869367
1 20.1929 17.0744 1.76073 -0.616456 0.340505 0.709956
1 22.0577 6.92812 1.62062 -0.0851165 0.518351 -0.850922
1 34.3395 23.6177 1.73546 -0.534353 -0.332446 0.77714
1 30.9076 11.7383 1.75644 0.153454 -0.536598 0.829768
1 28.7018 5.59198 1.61362 -0.501576 -0.587428 -0.635099
1 21.5253 4.83745 1.61757 -0.395209 0.521138 -0.756456
1 19.7597 12.3447 1.75731 -0.0446181 0.377448 0.924955
1 14.1236 32.4337 1.7569 0.0793222 -0.396469 0.914615
1 31.5779 6.38818 1.59951 0.233594 0.516277 -0.823949
1 10.1833 28.2664 1.75639 -0.167301 0.30742 0.936752
1 2.395 29.9808 1.70382 0.645634 -0.65537 0.391978
1 29.881 21.5169 1.60938 0.403442 -0.445039 -0.799485
1 8.34223 28.2676 1.75885 -0.186084 0.038202 0.981791
1 1.5167 18.1523 1.75604 0.485599 -0.105071 0.867845
1 30.3801 1.69613 1.75971 -0.0786496 0.317951 0.944839
1 2.62767 19.5251 1.75959 0.251232 0.0585921 0.966152
1 21.0745 24.5025 1.60222 0.366436 -0.713053 -0.597729
1 6.36816 27.7911 1.75861 -0.144922 -0.222078 0.964199
1 28.3844 7.9897 1.61483 -0.0723425 -0.541753 -0.837419
1 15.8425 31.1398 1.76322 0.265451 -0.15453 0.95166
1 30.2811 12.8386 1.76113 -0.0682741 -0.589018 0.80523
1 16.5085 20.6506 1.60815 -0.319277 0.0255902 -0.947316
1 0.0787565 29.465 1.60859 0.204929 -0.284454 -0.936531
1 30.5289 27.2319 1.62734 -0.114221 0.48291 -0.868189
1 11.4468 1.20112 1.62135 -0.538134 -0.287425 -0.792337
1 22.25 34.2609 1.76038 -0.0151122 0.780408 0.625088
1 24.8885 13.7898 1.60945 0.763887 0.049293 -0.643465
1 26.819 20.9703 1.60706 0.335744 0.0480115 -0.940729
1 33.5952 32.9342 1.70945 -0.756285 0.151149 0.636543
1 33.7074 27.9347 1.60639 -0.0478705 -0.133137 -0.989941
1 7.8343 30.1344 1.75619 -0.520329 -0.0829375 0.849929
1 33.7861 20.5438 1.75211 -0.00261651 -0.478656 0.877999
1 3.36085 7.63893 1.61608 0.536642 -0.199946 -0.819778
1 1.00313 13.1888 1.76089 -0.00815478 0.243085 0.969971
1 32.8408 0.671595 1.76819 0.104533 0.797668 0.593968
1 14.3629 16.3658 1.76531 -0.564186 -0.598435 0.568832
1 19.7936 8.64527 1.7393 0.37089 0.521841 0.768194
1 3.11324 0.0841637 1.60695 -0.27742 0.0638429 -0.958625
1 30.1237 28.3146 1.60884 0.0579905 0.541281 -0.83884
1 25.9583 1.32358 1.75818 -0.189367 -0.27012 0.944021
1 25.3922 11.1074 1.60819 0.336017 0.0368371 -0.941135
1 26.3423 5.16626 1.61781 -0.491658 -0.32001 -0.809856
1 27.0985 27.5957 1.76318 0.0517239 0.411444 0.909966
1 22.6807 30.585 1.76273 -0.555787 -0.398877 0.729382
1 18.574 31.3616 1.7592 0.274492 0.201509 0.940239
1 2.69843 4.22155 1.60942 0.0529873 -0.0929286 -0.994262
1 6.02903 11.0501 1.61515 -0.411154 0.378732 -0.829165
1 0.600849 21.5695 1.75848 -0.162982 -0.200989 0.96594
1 21.0159 10.9285 1.7465 0.12985 0.655423 0.744016
1 6.30912 20.4695 1.7773 0.244603 0.579881 0.777115
1 17.4315 13.2516 1.76135 -0.189679 0.0245695 0.981539
1 21.3848 14.8901 1.75239 -0.271349 0.513793 0.813871
1 4.40654 11.6286 1.6067 -0.10506 0.785093 -0.610403
1 6.12321 12.4491 1.60868 -0.276878 0.390544 -0.87796
1 12.5216 33.8217 1.7654 -0.121316 -0.652894 0.747671
1 34.4227 26.2446 1.61245 -0.371501 -0.315899 -0.873038
1 7.25428 3.74069 1.63868 -0.0375515 0.663043 -0.747639
1 31.9832 4.07306 1.72776 -0.448269 0.556757 0.69934
1 33.9515 13.6535 1.75955 -0.123093 -0.0151698 0.992279
1 0.487633 10.3004 1.74696 0.525604 0.0784548 0.847104
1 3.68869 24.2946 1.74699 0.656673 -0.562369 0.502516
1 5.94767 32.1902 1.61835 -0.498509 -0.364566 -0.786499
1 23.9633 18.3433 1.6109 -0.138963 0.408072 -0.902312
1 33.0423 23.0855 1.7583 -0.482037 -0.516902 0.707426
1 8.27039 29.2254 1.75425 -0.345663 0.00928914 0.938313
1 9.1506 17.8343 1.61071 0.253251 0.0174506 -0.967243
1 27.75 28.7531 1.75014 -0.124338 0.504999 0.854117
1 15.8102 23.3376 1.60825 0.106139 0.150736 -0.98286
1 25.792 26.0187 1.75668 0.320111 0.123742 0.939264
1 24.2381 2.24556 1.75899 -0.443215 -0.502897 0.742061
1 20.7676 12.1642 1.74459 -0.0371019 0.564348 0.824703
1 6.93683 25.7579 1.75707 0.200733 -0.169591 0.964855
1 18.1738 14.9008 1.75912 -0.391392 0.113054 0.913253
1 3.68066 30.8672 1.62391 -0.737833 -0.0176907 -0.674751
1 15.096 29.5067 1.75643 0.498379 -0.303248 0.812194
1 2.76283 2.21692 1.61219 -0.149923 -0.01718 -0.988548
1 7.90123 1.19979 1.60118 -0.5182 0.492848 -0.698978
1 1.63671 19.0852 1.75974 0.313638 -0.0880732 0.945449
1 15.7781 0.932107 1.75585 -0.281818 -0.180973 0.942246
1 5.09464 5.35184 1.62233 0.190654 -0.511013 -0.838162
1 11.9756 25.8994 1.75245 0.242474 0.591346 0.769101
1 16.996 30.1527 1.75762 0.409444 -0.018351 0.912151
1 22.0081 25.7733 1.76212 0.27625 -0.494962 0.823832
1 32.5715 10.3896 1.76043 0.463323 -0.218573 0.858812
1 32.6516 25.3885 1.61099 -0.435311 0.0222542 -0.900005
1 8.439 10.6514 1.61751 -0.553129 -0.0367367 -0.832285
1 30.1206 31.9903 1.74992 0.65367 0.295087 0.696878
1 8.43069 1.99175 1.6138 -0.378034 0.382547 -0.843059
1 7.87116 11.5237 1.6111 -0.40209 0.0557305 -0.913903
1 10.1256 13.0216 1.60723 -0.246954 -0.286436 -0.925726
1 26.6444 17.3708 1.60788 -0.262808 0.00570498 -0.964831
1 25.8528 7.77549 1.60793 -0.084273 -0.127548 -0.988246
1 18.2229 8.64581 1.7593 0.314639 0.175282 0.932887
1 7.02039 30.8302 1.75228 -0.701967 -0.1792 0.689297
1 28.8203 27.16 1.77267 0.20464 0.7283 0.653989
1 33.429 5.92335 1.60431 0.137996 0.336724 -0.931437
1 0.959882 24.8302 1.63427 0.768704 0.250605 -0.588465
1 34.2633 30.4578 1.62312 0.379911 -0.207914 -0.901354
1 33.8329 22.5368 1.754 -0.345308 -0.41607 0.841218
1 7.28405 15.3465 1.60741 0.0520731 0.227678 -0.972343
1 30.0068 11.6137 1.76879 0.136095 -0.716038 0.684666
1 20.5575 32.596 1.75333 0.195404 0.480871 0.85474
1 25.1976 10.0332 1.6085 0.192849 0.0397015 -0.980425
1 18.1047 3.48853 1.75176 -0.566805 0.0932696 0.818555
1 11.2252 16.0608 1.61092 0.00228446 -0.371524 -0.928421
1 3.07058 5.89833 1.6082 0.273949 -0.177444 -0.945233
1 11.2205 33.3618 1.75689 -0.110251 -0.783258 0.611843
1 18.6056 25.407 1.62009 0.496057 -0.31767 -0.808093
1 6.38075 9.91572 1.61862 -0.583738 0.326252 -0.743512
1 33.6681 8.55546 1.74551 0.788167 0.0784578 -0.61044
1 33.3359 26.1713 1.60947 -0.322736 -0.0952938 -0.94168
1 27.1477 18.3061 1.60801 -0.102944 -0.0536253 -0.993241
1 9.29206 21.7164 1.60907 0.773606 0.0201188 -0.633347
1 13.4642 10.9451 1.75604 -0.0822566 -0.545178 0.834275
1 25.7521 4.05443 1.60266 -0.680509 -0.345461 -0.646192
1 11.7643 31.5364 1.73821 0.386547 -0.720745 0.575419
1 22.7699 16.5638 1.61293 -0.418237 0.571696 -0.705862
1 2.57302 10.0518 1.70317 0.604216 0.432126 0.66947
1 32.7721 11.3028 1.76459 0.293325 -0.214294 0.931686
1 34.0993 17.3528 1.74828 0.731621 -0.253656 0.632763
1 30.2537 8.62357 1.61684 0.00734219 -0.834576 -0.550843
1 10.2169 23.8856 1.75844 0.523596 0.351708 0.775983
1 32.7937 29.216 1.60716 0.18259 0.0542351 -0.981692
1 7.35221 27.4003 1.76063 -0.0723765 -0.0809518 0.994087
1 12.4055 2.0373 1.60441 -0.401358 -0.50129 -0.766564
1 15.0962 14.5229 1.75122 -0.406813 -0.339346 0.848144
1 26.3236 22.8218 1.61983 0.638363 0.195097 -0.7446
1 1.43055 17.1155 1.72607 0.747196 -0.14303 0.649031
1 17.2312 33.8683 1.7589 -0.0640599 0.0281168 0.99755
1 22.5722 27.6689 1.7599 -0.0428289 -0.395778 0.917347
1 23.7224 26.4047 1.75631 0.192386 -0.211437 0.95827
1 8.76072 19.6859 1.60709 0.522091 0.172103 -0.835345
1 10.0327 6.55827 1.61088 0.303599 0.0132503 -0.952708
1 0.101726 20.6289 1.75963 -0.000786534 -0.312742 0.949838
1 14.8484 19.836 1.61134 -0.44542 0.337696 -0.829194
1 27.4131 8.05761 1.61133 -0.0544645 -0.374392 -0.92567
1 19.2724 13.3149 1.75797 -0.153713 0.269803 0.950568
1 27.2771 20.0566 1.60725 0.181402 -0.0392528 -0.982625
1 4.58143 18.7523 1.76108 0.442808 0.351761 0.824733
1 14.2868 25.0533 1.60731 0.40228 0.440284 -0.802696
1 13.6808 25.7511 1.7737 -0.463443 -0.611819 0.641013
1 18.3722 28.5738 1.74985 0.633387 0.198904 0.747836
1 0.412735 17.8879 1.72479 0.517585 -0.246296 0.819417
1 10.6414 7.44242 1.60675 0.446306 -0.120003 -0.886798
1 4.48764 3.40842 1.61233 -0.0573645 -0.375961 -0.924858
1 17.7505 4.53373 1.75721 -0.743146 0.0532085 0.66701
1 9.4137 13.7741 1.60916 -0.159108 -0.13506 -0.977979
1 26.7098 21.936 1.61339 0.495018 0.104528 -0.862572
1 12.0818 21.4446 1.61253 0.530018 -0.651733 -0.542517
1 4.15562 34.3168 1.60756 -0.246449 -0.085134 -0.965409
1 30.7383 24.5741 1.62332 -0.448962 0.411436 -0.793192
1 16.3908 29.2165 1.75885 0.551858 -0.11334 0.8262
1 25.0107 18.2166 1.60939 -0.144978 0.248048 -0.957838
1 11.7862 17.0031 1.60884 0.0870517 -0.423623 -0.901646
1 12.7874 17.1975 1.60602 0.00849875 -0.595495 -0.803314
1 26.1528 3.13156 1.75365 -0.577685 -0.320005 0.750918
1 2.36785 5.14885 1.60881 0.167026 -0.0648915 -0.983815
1 22.1929 18.0021 1.6114 -0.245549 0.673681 -0.697036
1 20.4263 30.379 1.75079 0.492039 0.465856 0.735443
1 26.566 26.6844 1.76019 0.21029 0.283461 0.935643
1 12.1628 3.19515 1.62189 -0.218557 -0.442851 -0.869549
1 0.898466 28.7806 1.61591 0.105722 -0.450083 -0.886706
1 8.63983 33.799 1.60187 -0.306891 -0.599132 -0.739499
1 26.1931 16.4815 1.61073 -0.421612 0.0523124 -0.905266
1 30.9403 30.2356 1.61038 0.372727 0.397288 -0.838592
1 23.7002 9.89712 1.60676 0.171417 0.333933 -0.926879
1 22.8036 10.2855 1.61695 0.187313 0.531175 -0.826297
1 8.76845 16.7499 1.61029 0.146735 0.0584911 -0.987445
1 21.8899 3.63002 1.60829 -0.597319 0.367737 -0.712727
1 3.55561 13.4275 1.76494 0.0212275 0.700879 0.712965
1 10.2644 33.1339 1.61223 0.330449 -0.764992 -0.552803
1 15.419 13.6045 1.75515 -0.312108 -0.243709 0.918256
1 12.9122 30.1761 1.72475 0.508208 -0.619253 0.598541
1 5.43023 19.6287 1.7613 0.343863 0.459033 0.819174
1 6.58788 26.7753 1.76045 0.0327901 -0.205698 0.978066
1 14.7467 4.10706 1.74632 -0.610198 -0.556443 0.563941
1 10.8085 9.23754 1.61293 -0.919581 0.00070958 -0.392899
1 14.7552 9.72109 1.75655 0.113809 -0.357829 0.926826
1 31.9977 30.8173 1.60853 0.455256 0.218924 -0.863026
1 23.0583 25.538 1.75845 0.32821 -0.326817 0.886267
1 11.2178 27.6134 1.75253 -0.0537955 0.475785 0.877915
1 3.23959 22.4608 1.76513 -0.319507 0.219213 0.921879
1 8.14303 8.84002 1.60018 0.785894 0.109594 -0.608572
1 29.4495 33.5825 1.75926 0.344772 0.187198 0.919831
1 11.6554 20.5099 1.62166 0.505014 -0.457624 -0.731807
1 28.8755 22.3188 1.61008 0.544702 -0.246099 -0.801708
1 20.2269 2.29835 1.75353 -0.390001 0.419578 0.819666
1 12.44 14.6978 1.61587 -0.255975 -0.62195 -0.740037
1 4.43721 7.94557 1.6176 0.561144 -0.379631 -0.735525
1 19.1257 9.30238 1.7507 0.306835 0.359015 0.881454
1 17.2957 12.2457 1.75968 -0.0790156 0.0127072 0.996792
1 12.3374 5.96172 1.61211 0.194683 -0.439762 -0.87676
1 7.60495 33.9812 1.61011 -0.102928 -0.485534 -0.868138
1 19.3494 30.7089 1.75542 0.374625 0.314304 0.872278
1 31.371 18.0726 1.61526 -0.18175 -0.696651 -0.694006
1 31.1342 28.0503 1.6138 -0.00782959 0.345688 -0.938317
1 0.579372 33.1627 1.63121 -0.584836 0.484217 -0.650769
1 22.3497 32.523 1.75129 0.14592 0.806408 0.573074
1 31.8852 0.240019 1.75756 0.172375 0.608541 0.774574
1 16.331 22.4648 1.60745 -0.0282116 0.0593078 -0.997841
1 26.0933 18.1986 1.60819 -0.132674 0.090753 -0.986996
1 27.6832 17.4882 1.60978 -0.224651 -0.139599 -0.964388
1 18.9541 22.0803 1.60764 -0.0567649 -0.379767 -0.923339
1 19.0013 26.2668 1.60071 0.608265 -0.417779 -0.674889
1 11.22 24.6767 1.76896 0.401694 0.56343 0.721934
1 33.9488 34.0465 1.60913 -0.471098 0.64508 -0.601613
1 3.9963 21.7484 1.76433 -0.158156 0.29369 0.942726
1 21.756 30.9797 1.74598 0.450987 0.692492 0.563086
1 20.742 29.3683 1.72504 0.547489 0.649578 0.527545
1 16.4624 10.3801 1.76101 0.0830609 -0.0904951 0.992427
1 34.1132 18.5863 1.74846 0.354032 -0.381634 0.853825
1 28.8388 31.458 1.74571 0.69238 0.0720545 0.717926
1 14.4317 12.9601 1.74996 -0.31575 -0.396208 0.862161
1 22.7231 26.5816 1.75714 0.136962 -0.378735 0.915315
1 0.475395 7.00364 1.60934 0.404306 0.139678 -0.903895
1 6.38808 29.848 1.7539 -0.507782 -0.222993 0.832125
1 28.6578 6.83723 1.61272 -0.276192 -0.607177 -0.74502
1 1.00952 12.2111 1.75919 0.167716 0.222064 0.960499
1 34.1911 21.5719 1.75571 -0.174065 -0.374823 0.910609
1 18.7017 21.0186 1.60752 -0.239628 -0.341157 -0.90895
1 29.6318 17.2487 1.6079 -0.269949 -0.419483 -0.866696
1 15.6345 7.74047 1.75078 0.390101 -0.286209 0.87516
1 1.68104 13.8716 1.75635 -0.124397 0.355063 0.926529
1 12.493 11.4666 1.74802 -0.164608 -0.721178 0.672909
1 21.7874 27.0102 1.76265 0.0771778 -0.553167 0.829488
1 29.6622 6.77501 1.61176 -0.260072 -0.773954 -0.577371
1 23.5502 13.2079 1.64876 0.644805 0.348648 -0.680199
1 10.3078 27.2147 1.75881 0.00722935 0.339685 0.940512
1 2.54834 20.5214 1.76025 0.0548193 0.0628783 0.996515
1 8.58061 18.6653 1.61299 0.368473 0.129128 -0.920627
1 6.81619 11.6147 1.60746 -0.383412 0.225947 -0.895513
1 14.2535 19.079 1.61885 -0.492117 0.525519 -0.694011
1 32.8697 20.5392 1.74114 -0.0128446 -0.637585 0.770273
1 10.5082 5.66734 1.60861 0.155042 -0.0694138 -0.985466
1 2.24522 34.1765 1.6043 -0.394952 0.202174 -0.89618
1 17.5247 1.64219 1.75848 -0.331803 0.0404735 0.94248
1 16.8933 16.1852 1.75057 -0.615802 -0.0867112 0.783115
1 27.3729 4.82092 1.61255 -0.666265 -0.403503 -0.627118
1 1.20444 16.2063 1.65513 -0.661045 0.221219 0.716995
1 28.4205 33.216 1.75805 0.393086 0.0316309 0.918958
1 3.71948 17.9234 1.75807 0.546035 0.207849 0.811569
1 3.61018 3.8548 1.60855 0.00766939 -0.231021 -0.972919
1 27.3423 33.1195 1.75531 0.383271 -0.116884 0.916211
1 30.7384 14.9536 1.74588 -0.471037 -0.502329 0.725114
1 10.3002 0.748939 1.61343 -0.550487 -0.016316 -0.834684
1 19.785 6.19571 1.7773 0.501035 0.65335 0.567537
1 15.6326 16.4342 1.74637 -0.633463 -0.318824 0.705036
1 9.15898 25.5795 1.76066 0.263691 0.17065 0.949392
1 13.741 9.76858 1.7565 0.0983989 -0.516096 0.85086
1 12.3456 7.92178 1.6126 0.495153 -0.509961 -0.703394
1 0.073662 12.8815 1.76056 0.0250129 0.0908076 0.995554
1 32.9026 21.8 1.75297 -0.23124 -0.582643 0.779137
1 16.7897 0.860558 1.76292 -0.243929 -0.0485516 0.968577
1 1.82153 32.3576 1.62454 -0.546724 0.306838 -0.779065
1 0.0509524 28.2743 1.61012 0.0174668 -0.298976 -0.954101
1 27.6708 22.7993 1.61196 0.644008 -0.0162964 -0.764845
1 21.3393 32 1.75119 0.285775 0.625103 0.726346
1 20.6428 4.30194 1.63077 -0.536239 0.595892 -0.597797
1 5.58115 27.1062 1.75944 -0.0359903 -0.341641 0.939141
1 16.6214 18.913 1.61049 -0.600924 0.003694 -0.799297
1 0.364733 25.5148 1.60826 -0.555242 -0.410339 -0.723414
1 9.9903 11.9075 1.60989 -0.369025 -0.290916 -0.882717
1 9.01355 2.86943 1.60727 -0.233061 0.271618 -0.933759
1 1.94999 1.6603 1.76179 0.186941 -0.168711 0.967776
1 22.72 8.97797 1.61963 0.115473 0.427602 -0.896562
1 18.1511 30.3283 1.75949 0.407102 0.166898 0.898005
1 30.9855 13.824 1.75588 -0.220587 -0.469955 0.854683
1 28.5422 10.8567 1.6405 0.354198 -0.540136 -0.763411
1 10.1364 29.3571 1.75629 -0.351651 0.278336 0.893796
1 17.2256 8.40641 1.75905 0.299327 0.0133324 0.954057
1 24.8544 6.39374 1.60287 -0.284053 -0.0234738 -0.958521
1 1.83528 21.2006 1.76102 -0.0918351 -0.0187865 0.995597
1 5.06743 32.6399 1.6195 -0.422424 -0.242986 -0.873222
1 33.1108 18.2312 1.75916 0.451481 -0.477765 0.753595
1 0.288411 27.246 1.6117 -0.161555 -0.358895 -0.91929
1 7.12586 17.2723 1.60935 0.294755 0.350161 -0.889105
1 29.1394 24.8346 1.6083 -0.225494 0.733771 -0.640885
1 2.91443 8.61399 1.60066 0.699147 -0.14389 -0.70035
1 15.2307 0.0415875 1.75473 -0.178748 -0.237483 0.954804
1 23.0485 29.7025 1.75301 -0.401879 -0.31259 0.860686
1 32.3429 31.8223 1.61772 0.609994 0.136763 -0.780514
1 8.76415 8.04219 1.62302 0.55263 0.210746 -0.806341
1 15.9745 19.7535 1.60882 -0.462736 0.116472 -0.878812
1 15.9573 32.2083 1.75939 0.102578 -0.133099 0.98578
1 28.7105 23.4257 1.61005 0.706674 -0.20292 -0.677817
1 18.8197 7.8919 1.74782 0.397712 0.310141 0.863503
1 6.43901 17.9476 1.61864 0.4299 0.5146 -0.741871
1 18.1876 11.8271 1.75933 -0.0119889 0.152887 0.988171
1 24.6075 19.2078 1.60753 0.007321 0.32491 -0.945717
1 32.4061 19.3354 1.75804 0.221022 -0.675326 0.703622
1 0.212561 32.2425 1.75951 -0.640567 0.390773 0.661037
1 4.24957 20.7872 1.76293 0.0447245 0.297403 0.953704
1 24.6432 12.7591 1.6148 0.582013 0.172499 -0.794673
1 1.04113 0.298789 1.6095 -0.383584 0.354647 -0.852695
1 16.9685 6.63186 1.75431 0.541003 -0.00679323 0.840993
1 15.4588 10.5037 1.75802 0.0306286 -0.236274 0.971204
1 19.2663 7.0321 1.75195 0.470801 0.458864 0.753518
1 18.3357 19.9979 1.60759 -0.41641 -0.276302 -0.866175
1 5.6931 33.551 1.60895 -0.187159 -0.263588 -0.946305
1 0.757782 19.7727 1.76076 0.167656 -0.210564 0.963096
1 8.15235 17.5574 1.61178 0.265956 0.182978 -0.94646
1 5.22615 20.6813 1.76246 0.139328 0.432497 0.890805
1 0.0395521 11.9319 1.75991 0.193564 0.0624791 0.979096
1 6.83101 16.2364 1.60763 0.147845 0.332233 -0.931538
1 29.0607 11.702 1.60081 0.404117 -0.699236 -0.58971
1 9.73022 16.9883 1.60915 0.137449 -0.091641 -0.98626
1 15.435 18.8018 1.6122 -0.592435 0.235326 -0.770482
1 17.4208 25.4548 1.6139 0.496725 -0.114822 -0.860279
1 17.2908 22.5841 1.60756 0.0051859 -0.0998731 -0.994987
1 15.516 17.5312 1.74516 -0.78826 -0.318756 0.526346
1 4.47152 2.29211 1.61453 -0.174455 -0.334705 -0.926034
1 1.2769 33.8043 1.60609 -0.523515 0.335513 -0.783175
1 28.4869 34.1883 1.75823 0.224875 0.0347265 0.973769
1 7.14788 21.1394 1.58371 -0.198725 -0.751303 -0.629327
1 3.6295 27.1218 1.76031 -0.0990816 -0.629524 0.770638
1 23.5729 11.1165 1.61056 0.306716 0.373451 -0.875477
1 25.4576 26.9092 1.76134 0.145697 0.0961506 0.984646
1 30.1519 23.8123 1.60303 -0.552253 0.543934 -0.631785
1 26.345 34.2803 1.7595 0.151645 -0.221646 0.963264
1 32.6962 15.2451 1.75871 -0.41789 -0.219479 0.881588
1 19.0623 4.09018 1.75342 -0.630922 0.25134 0.734006
1 0.571865 18.8269 1.75724 0.341288 -0.237351 0.909498
1 2.42948 31.2234 1.71332 -0.669196 0.247513 -0.700653
1 2.82597 1.15098 1.61518 -0.239364 0.0420714 -0.970018
1 15.8881 30.1417 1.75721 0.402018 -0.169478 0.899811
1 2.13294 7.83466 1.61688 0.597667 0.0184625 -0.801532
1 15.2763 24.8308 1.60916 0.368999 0.264541 -0.890987
1 1.04048 20.7022 1.7616 -0.00127685 -0.150206 0.988654
1 16.4611 1.845 1.75771 -0.388047 -0.115044 0.914431
1 33.6596 11.7091 1.75914 0.211177 -0.0845904 0.973781
1 12.9005 4.31 1.61426 -0.0998911 -0.519034 -0.848897
1 29.247 20.1888 1.60935 0.216871 -0.361888 -0.906644
1 32.7591 6.69054 1.61215 0.31593 0.3658 -0.87543
1 17.7115 23.6549 1.60888 0.185713 -0.161247 -0.969283
1 20.5422 5.76292 1.58259 -0.0789092 0.779827 -0.621002
1 6.20151 28.79 1.75852 -0.314954 -0.239793 0.918316
1 11.1487 30.807 1.73546 -0.580488 0.451565 0.677586
1 30.5399 16.9279 1.61996 -0.334402 -0.561485 -0.756908
1 8.83473 30.73 1.75804 -0.631951 0.0232524 0.774659
1 25.3383 33.958 1.75649 0.198453 -0.363147 0.910352
1 20.3582 0.260337 1.7531 -0.103266 0.450872 0.886595
1 33.7653 25.2588 1.60945 -0.486382 -0.182595 -0.854454
1 0.17797 3.45503 1.61446 -0.046141 0.32496 -0.944601
1 4.56875 33.448 1.60632 -0.32557 -0.151088 -0.933368
1 16.4411 13.5059 1.76288 -0.250719 -0.109161 0.961886
1 18.7056 23.6231 1.61041 0.185665 -0.327492 -0.926433
1 20.2918 23.7775 1.61838 0.221789 -0.627318 -0.746513
1 8.36338 27.2995 1.76039 -0.0280351 0.0563865 0.998015
1 1.31674 5.21375 1.60953 0.159055 0.0645909 -0.985155
1 15.3422 11.5213 1.75701 -0.0932617 -0.253124 0.962928
1 1.00099 2.44372 1.61077 -0.128925 0.271384 -0.953797
1 26.9797 9.50918 1.60771 0.136835 -0.271287 -0.952722
1 8.04554 3.05038 1.61029 -0.17685 0.471179 -0.864126
1 14.8518 2.57537 1.75958 -0.460436 -0.478031 0.747988
1 31.9027 28.6986 1.60919 0.0963121 0.207625 -0.973456
1 0.963092 1.38731 1.60955 -0.250591 0.335441 -0.908121
1 4.10969 5.61925 1.60873 0.226817 -0.342469 -0.911739
1 15.4228 33.6861 1.75703 -0.0701524 -0.191449 0.978992
1 34.3054 14.5958 1.75755 -0.2903 0.0451095 0.955872
1 8.43208 13.5355 1.60897 -0.165015 0.0189777 -0.986108
1 9.09942 4.73393 1.61008 0.0298987 0.207599 -0.977757
1 0.248827 5.26599 1.61584 0.163223 0.197869 -0.966543
1 6.77504 14.4484 1.61076 -0.0582908 0.292391 -0.954521
1 27.0227 10.628 1.76197 -0.279685 0.255603 0.925442
1 11.1704 17.9139 1.60853 0.226472 -0.314266 -0.921926
1 28.2555 25.8635 1.77109 0.410701 0.566233 0.714636
1 1.6372 10.6025 1.75503 0.478858 0.283464 0.830869
1 32.7467 30.2059 1.60928 0.343568 0.076054 -0.936043
1 26.2487 33.3221 1.75332 0.320697 -0.23789 0.916821
1 29.5081 34.5901 1.76034 0.174046 0.178638 0.968399
1 25.3665 2.18881 1.75407 -0.353978 -0.362147 0.862293
1 29.1981 32.5302 1.75603 0.528111 0.150684 0.835699
1 16.682 7.56399 1.75856 0.409351 -0.0877812 0.908145
1 27.8731 2.1581 1.7655 -0.307584 -0.076565 0.948436
1 14.7715 7.3457 1.75706 0.404252 -0.481089 0.777903
1 7.20449 29.2865 1.75925 -0.368522 -0.126695 0.920945
1 16.3028 34.4205 1.75842 -0.164903 -0.087761 0.982398
1 1.26578 9.56826 1.73628 0.66911 0.200024 0.715739
1 1.57717 6.9759 1.60375 0.416681 0.0203339 -0.908825
1 14.1706 28.9631 1.74856 0.568697 -0.458104 0.683172
1 8.55591 24.6467 1.7581 0.395672 0.0742108 0.915389
1 31.6961 14.7385 1.76789 -0.35829 -0.371443 0.856538
1 28.7808 14.5006 1.61952 -0.718821 -0.365582 -0.591308
1 13.015 18.4502 1.60539 0.178514 -0.637827 -0.749206
1 31.2338 0.999719 1.74709 0.0848096 0.45385 0.887033
1 20.9991 26.5545 1.59796 -0.181743 0.68865 -0.701947
1 15.6183 3.60477 1.75413 -0.624798 -0.326373 0.709301
1 24.4549 27.1603 1.75881 0.0804647 -0.0755378 0.993891
1 4.34019 10.0959 1.63946 -0.391648 0.704944 -0.591325
1 2.61417 18.5618 1.75833 0.432381 0.0466143 0.900485
1 3.13798 28.1898 1.75872 -0.358436 -0.648409 0.671632
1 11.0675 6.51492 1.6077 0.295951 -0.190148 -0.936086
1 20.3281 13.2867 1.75215 -0.154194 0.410081 0.89892
1 19.9786 1.30204 1.75724 -0.24795 0.382778 0.889945
1 19.0821 17.8334 1.75933 -0.748909 0.133463 0.649094
1 27.3691 2.94924 1.73856 -0.528117 -0.105695 0.842568
1 18.3464 0.975495 1.75848 -0.228584 0.138533 0.963617
1 4.23205 22.7007 1.75063 -0.354024 0.391807 0.849208
1 9.11679 29.8122 1.76149 -0.462711 0.106403 0.8801
1 9.48452 1.88554 1.61149 -0.387239 0.152598 -0.909263
1 27.9018 12.3634 1.6124 0.511323 -0.42806 -0.745193
1 33.3783 19.458 1.74905 0.184518 -0.525605 0.830477
1 13.3048 0.214282 1.7513 -0.242657 -0.531225 0.811738
1 23.4775 33.3146 1.77159 0.254212 -0.631684 0.73236
1 22.3706 5.76603 1.60663 -0.265429 0.406794 -0.874109
1 25.4239 21.9061 1.62177 0.439917 0.219791 -0.870727
1 10.9342 12.4859 1.60872 -0.271007 -0.469132 -0.840518
1 26.5486 8.5213 1.60628 0.0061684 -0.226918 -0.973894
1 33.1039 16.2852 1.75068 -0.597998 -0.142683 0.788695
1 4.81083 14.8742 1.61689 -0.101643 0.633023 -0.767431
1 16.8981 3.73738 1.74868 -0.623037 -0.101711 0.775552
1 25.5298 17.3014 1.61016 -0.286382 0.157868 -0.94502
1 1.21029 27.6958 1.61387 -0.0819169 -0.5059 -0.858694
1 13.9424 21.9471 1.60948 -0.123837 0.494788 -0.860145
1 31.9927 22.2514 1.76396 -0.271167 -0.717982 0.64107
1 12.2096 29.5764 1.74671 -0.445864 0.600117 0.664127
1 4.61153 27.2481 1.75941 -0.070537 -0.477282 0.875915
1 21.8555 8.38454 1.61481 0.0437434 0.562524 -0.825623
1 29.5764 10.0009 1.61778 0.254698 -0.726339 -0.638405
1 16.3247 33.3288 1.76049 -0.0210901 -0.0854197 0.996122
1 11.5458 15.0126 1.6162 -0.153862 -0.451667 -0.87882
1 26.5176 2.21648 1.75445 -0.383547 -0.210454 0.899222
1 28.3251 15.3457 1.61634 -0.589336 -0.285114 -0.755905
1 5.58838 24.4257 1.75594 0.456543 -0.370373 0.808945
1 13.1349 32.5386 1.74982 0.123204 -0.549013 0.826683
1 23.9477 1.06056 1.75124 -0.177826 -0.572027 0.800726
1 29.5134 1.1422 1.75969 -0.0290798 0.172997 0.984493
1 20.3817 7.86858 1.76687 0.40788 0.702473 0.583237
1 30.5631 2.87848 1.75921 -0.251187 0.338931 0.906659
1 13.7811 17.7112 1.77533 -0.0426845 0.775387 0.630042
1 16.4675 27.5036 1.75786 0.812104 -0.134572 0.567783
1 1.98073 0.635036 1.6114 -0.296461 0.209693 -0.93174
1 19.1051 11.5013 1.75968 0.028797 0.303742 0.952319
1 24.7439 26.1902 1.75743 0.261746 -0.0412847 0.964254
1 4.25323 28.3121 1.75378 -0.276081 -0.501132 0.82015
1 10.6759 18.86 1.61146 0.355408 -0.214656 -0.90973
1 0.726585 30.4204 1.6127 0.334012 -0.405807 -0.850739
1 32.3906 5.66827 1.60011 0.078094 0.477312 -0.875257
1 24.1281 25.4049 1.7606 0.382217 -0.156923 0.910651
1 20.579 33.7603 1.75352 0.0468643 0.473441 0.879578
1 24.5242 11.7268 1.61071 0.415863 0.199496 -0.887276
1 17.6091 20.7628 1.60766 -0.293798 -0.160237 -0.942341
1 7.54175 18.3566 1.61308 0.399301 0.302669 -0.865419
1 6.56555 34.126 1.60983 0.0152607 -0.353287 -0.935391
1 27.1173 1.44457 1.75963 -0.182461 -0.161786 0.969811
1 20.4038 22.4093 1.63509 0.0207205 -0.631762 -0.774886
1 24.8722 24.336 1.77185 0.658739 -0.0470985 0.750896
1 11.4747 2.2791 1.62058 -0.360705 -0.308006 -0.880355
1 23.6095 24.5552 1.76496 0.525335 -0.243746 0.815237
1 30.3304 0.601401 1.76193 0.0892018 0.297356 0.950591
1 28.88 21.2375 1.60804 0.379531 -0.272059 -0.884274
1 25.454 23.5029 1.61852 0.813607 0.216133 -0.539749
1 10.6359 25.4097 1.75078 0.326541 0.418725 0.847373
1 26.7656 28.5889 1.76181 -0.153541 0.336829 0.928963
1 22.994 1.33281 1.75879 -0.0220281 -0.786663 0.61699
1 17.337 11.223 1.75982 0.0388318 0.0266325 0.998891
1 16.196 14.5001 1.75824 -0.389725 -0.160051 0.906917
1 32.3004 14.026 1.7571 -0.219032 -0.286697 0.932647
1 24.3987 33.5969 1.75647 0.247698 -0.492785 0.834151
1 25.5674 0.352324 1.75841 -0.000483561 -0.327579 0.944824
1 30.201 20.3154 1.61153 0.223126 -0.534559 -0.815145
1 10.9655 3.0674 1.60656 -0.264575 -0.159176 -0.951138
1 5.94837 2.03359 1.63228 -0.319561 -0.611965 -0.723449
1 7.11943 12.5682 1.60951 -0.275443 0.207626 -0.938628
1 3.8206 9.13516 1.77091 -0.770113 0.290722 0.567809
1 16.3472 11.4168 1.76006 -0.0324946 -0.112695 0.993098
1 17.5766 0.251564 1.7609 -0.15066 0.041382 0.987719
1 3.26261 23.4337 1.74489 -0.513735 0.270406 0.814222
1 19.4882 20.3232 1.61242 -0.344128 -0.475699 -0.809498
1 21.6656 16.9282 1.77164 0.450665 -0.730076 0.513702
1 2.66877 11.1966 1.76107 0.378623 0.476735 0.793327
1 17.9636 21.7481 1.60748 -0.125819 -0.215363 -0.968395
1 12.106 18.0985 1.62304 0.197253 -0.472676 -0.858877
1 22.739 14.7563 1.6026 0.536335 -0.565448 -0.626588
1 9.22431 15.8241 1.60889 0.0455362 -0.0500802 -0.997707
1 3.97523 0.669707 1.61507 -0.16642 -0.0834158 -0.98252
1 23.515 27.4485 1.75799 0.00720454 -0.236584 0.971584
1 17.2867 5.71981 1.74989 0.66845 0.0810575 0.739327
1 25.0137 4.72389 1.61194 -0.554524 -0.175449 -0.813462
1 11.137 26.4782 1.75429 0.13789 0.470648 0.871479
1 33.7922 3.42814 1.61981 -0.0260214 0.506415 -0.861897
1 21.6859 28.2007 1.76256 -0.135466 -0.539536 0.830993
1 9.11425 0.963543 1.60754 -0.534623 0.235213 -0.811698
1 17.4343 18.0471 1.7375 -0.886352 -0.0826753 0.455571
1 20.0581 11.2267 1.74943 0.0893046 0.476198 0.874792
1 23.8845 30.4715 1.75186 -0.532382 -0.152726 0.832613
1 12.1436 32.637 1.75383 0.14291 -0.686628 0.712824
1 4.75456 6.77953 1.60646 0.350904 -0.477745 -0.805373
1 31.9773 20.705 1.77616 -0.0201982 -0.794458 0.606983
1 13.0428 26.7316 1.75045 0.17231 0.766014 0.619299
1 31.634 16.8812 1.61868 -0.512131 -0.649239 -0.562327
1 25.8888 14.6133 1.63634 -0.747736 0.143 -0.648415
1 29.6447 26.8051 1.60586 -0.00214524 0.737608 -0.675225
1 5.21923 29.171 1.75863 -0.437128 -0.359227 0.824546
1 17.1687 2.77115 1.75941 -0.474484 -0.0490141 0.878898
1 28.0268 32.2719 1.75505 0.568932 -0.0566355 0.820432
1 17.0727 15.2353 1.75847 -0.479876 -0.0447053 0.876197
1 16.406 26.3374 1.61174 0.622495 0.033087 -0.781924
1 23.3129 17.4684 1.61698 -0.287582 0.490953 -0.822351
1 1.73194 20.0263 1.76156 0.136372 -0.0617907 0.988729
1 22.6144 20.9257 1.60209 0.252465 0.603222 -0.756561
1 4.3759 4.54246 1.60893 0.0821772 -0.376148 -0.922908
1 26.6697 19.1756 1.60744 0.0282553 0.0291787 -0.999175
1 1.0673 26.548 1.61034 -0.304702 -0.485652 -0.819328
1 30.6861 10.477 1.74759 0.353671 -0.573392 0.739011
1 14.9851 26.7347 1.60021 0.761369 0.146052 -0.631654
1 23.6571 19.4872 1.61251 0.0409942 0.463706 -0.88504
1 18.5243 34.5044 1.75825 -0.0898305 0.162787 0.982563
1 9.70886 10.8762 1.61443 -0.542091 -0.236607 -0.806322
1 33.2798 31.06 1.61284 0.48708 -0.0315604 -0.872787
1 0.278413 13.8151 1.759 -0.14103 0.137172 0.980456
1 0.242905 22.4881 1.7567 -0.326917 -0.245364 0.912645
1 23.7278 23.1378 1.6095 0.661915 0.374708 -0.649202
1 3.38705 25.7832 1.74409 0.168005 -0.678382 0.715242
1 19.5403 22.9837 1.60575 0.0959552 -0.484941 -0.869267
1 12.7678 19.9073 1.65697 0.359744 -0.69592 -0.621514
1 7.79737 14.4615 1.60959 -0.0548522 0.130218 -0.989967
1 17.4384 10.2243 1.76206 0.150868 0.0566909 0.986927
1 5.28261 12.0497 1.62532 -0.273138 0.56836 -0.77612
1 9.02676 23.7187 1.75684 0.548407 0.149498 0.822739
1 24.4702 32.4028 1.75969 0.478383 -0.484257 0.73256
1 33.9598 6.93366 1.61989 0.393424 0.275018 -0.877259
1 29.9421 30.6568 1.60601 0.475 0.558437 -0.68009
1 0.141931 34.5348 1.61159 -0.429676 0.512033 -0.743775
1 5.33652 2.86548 1.61576 -0.145213 -0.541336 -0.828172
1 25.7938 31.8469 1.74796 0.676579 -0.297834 0.673451
1 6.05853 4.82643 1.61241 0.067576 -0.658584 -0.749467
1 7.67164 32.8852 1.61646 -0.370205 -0.432558 -0.822096
1 31.2899 2.10243 1.75665 -0.101378 0.461531 0.881313
1 5.28364 4.10044 1.62083 0.0115175 -0.528026 -0.84915
1 7.16686 19.248 1.62531 0.529619 0.388149 -0.754217
1 2.16138 23.9177 1.74293 -0.580983 0.0826361 0.80971
1 3.24166 21.1706 1.7595 -0.0582456 0.172879 0.983219
1 17.1478 19.8215 1.60803 -0.453206 -0.0843695 -0.887404
1 16.208 8.54882 1.75884 0.28765 -0.157949 0.944621
1 1.88206 12.8 1.75786 0.0866134 0.396129 0.9141
1 29.8937 22.7187 1.60729 0.571537 -0.418579 -0.705788
1 27.3962 34.0763 1.75905 0.221143 -0.0998397 0.970117
1 9.3798 26.8453 1.75751 0.0613333 0.204159 0.977015
1 14.0241 30.1736 1.74813 0.390472 -0.47885 0.786279
1 19.1878 2.9455 1.75461 -0.470671 0.271105 0.839625
1 21.8383 9.80503 1.61097 0.186594 0.741066 -0.644984
1 0.839714 11.2384 1.75775 0.348045 0.168263 0.922254
1 18.789 33.5063 1.75954 0.0145781 0.21123 0.977328
1 2.00525 6.07205 1.60861 0.287254 -0.027809 -0.957451
1 3.47181 20.1148 1.75957 0.152199 0.185035 0.970875
1 21.3302 0.0910954 1.75192 -0.0422165 0.618465 0.784678
1 23.4924 20.59 1.61562 0.217456 0.485558 -0.846727
1 9.9539 8.34473 1.61372 0.598183 -0.0258585 -0.800942
1 7.42237 13.5262 1.61051 -0.16719 0.17737 -0.969839
1 0.965415 23.8886 1.70908 -0.614233 -0.132709 0.777886
1 23.515 34.5566 1.75928 0.0572707 -0.602944 0.795725
1 26.697 6.23779 1.61125 -0.321048 -0.307823 -0.895641
1 26.1342 24.646 1.75633 0.606409 0.144627 0.78189
1 25.3552 32.8881 1.76029 0.428869 -0.346164 0.834411
1 24.4251 17.2978 1.61202 -0.296282 0.32267 -0.898944
1 11.4739 5.60354 1.60953 0.138236 -0.258116 -0.956173
1 5.17655 25.4961 1.75377 0.266197 -0.441722 0.85675
1 33.6375 29.7821 1.60586 0.26938 -0.0907989 -0.958744
1 11.171 8.24741 1.6184 0.553058 -0.260175 -0.791477
1 3.75011 32.7436 1.60358 -0.489688 -0.0491387 -0.870512
1 30.9045 19.1888 1.61669 0.0333857 -0.610048 -0.791661
1 13.4408 22.9757 1.61145 0.0436909 0.582981 -0.81131
1 11.3651 13.8879 1.61228 -0.29943 -0.427565 -0.852953
1 20.3366 31.4262 1.75216 0.331219 0.440989 0.83416
1 16.8794 9.36574 1.76401 0.206565 -0.0393457 0.977642
1 27.4017 24.8547 1.7565 0.589102 0.348453 0.729068
1 15.3517 1.78027 1.75231 -0.402621 -0.286031 0.86953
1 31.5926 10.8605 1.75833 0.318787 -0.39156 0.863166
1 12.9495 13.0904 1.74769 -0.305033 -0.726874 0.615312
1 31.3737 32.7191 1.74604 0.560932 0.4702 0.681372
1 13.8468 1.36223 1.74323 -0.385492 -0.457571 0.801265
1 20.6386 21.0607 1.61777 -0.17568 -0.694565 -0.697651
1 6.04638 16.7923 1.61241 0.215559 0.479541 -0.850632
1 17.6265 29.3226 1.75914 0.53964 0.0773208 0.838337
1 25.7084 20.9628 1.60774 0.301812 0.200856 -0.931969
1 23.2981 32.2777 1.57265 -0.395394 0.6862 -0.610568
1 20.0504 10.0322 1.7391 0.246432 0.526159 0.813897
1 23.5287 15.3216 1.6265 -0.616357 0.459993 -0.639148
1 18.0212 27.5591 1.71443 0.7863 0.145892 0.600373
1 6.26027 3.47454 1.64025 -0.108687 -0.754492 -0.647247
1 17.7093 26.3805 1.61225 0.652111 -0.168135 -0.739244
1 9.93133 19.8303 1.60713 0.49397 -0.0724929 -0.866452
1 2.65472 26.837 1.75613 -0.0839568 -0.760624 0.643741
1 26.7456 12.3499 1.61267 0.519729 -0.204999 -0.829372
1 22.2323 21.9415 1.60225 0.43791 0.612344 -0.658232
1 10.7309 16.9963 1.60999 0.123131 -0.253009 -0.959596
1 14.8849 30.6421 1.7537 0.332132 -0.320552 0.887093
1 13.6253 20.3206 1.63573 -0.290603 0.639739 -0.711536
1 2.68209 6.87777 1.60553 0.418758 -0.119728 -0.90017
1 27.7072 5.94424 1.6111 -0.450012 -0.434385 -0.780256
