1 18.3639 31.74 1.76075 0.111492 0.14207 0.983558
1 29.1737 22.7757 1.59746 0.687256 -0.264379 -0.676597
1 14.3835 9.27212 1.75946 0.324009 -0.54781 0.771313
1 28.5574 17.1796 1.60705 -0.201216 -0.211353 -0.956474
1 9.8345 25.5704 1.75695 0.350136 0.34968 0.868982
1 13.6741 14.746 1.758 -0.326511 -0.744191 0.582726
1 17.1962 25.7245 1.61541 0.478373 -0.0756329 -0.874894
1 24.0047 19.2447 1.61023 0.0789778 0.317034 -0.94512
1 8.64262 0.27132 1.60888 -0.344774 -0.258929 -0.902268
1 32.3089 15.8768 1.75356 -0.565167 -0.396626 0.723377
1 17.3686 6.32406 1.76037 0.596669 -0.14107 0.789991
1 32.0585 11.7594 1.75905 0.155817 -0.458545 0.874904
1 27.3035 33.5878 1.76056 0.315657 0.152431 0.93655
1 1.80732 8.8922 1.74389 0.626239 0.226316 0.74606
1 15.4465 24.9023 1.60933 0.300614 0.171949 -0.938118
1 27.8726 20.1618 1.60805 0.232441 -0.145656 -0.961642
1 15.7551 30.263 1.76242 0.34215 -0.197454 0.918665
1 23.383 17.4123 1.61443 -0.223232 0.427542 -0.876
1 22.0469 18.8403 1.61363 0.00609317 0.582713 -0.812655
1 16.7665 26.618 1.60735 0.647815 -0.00374171 -0.761788
1 19.8489 32.4413 1.7583 0.0126021 0.368015 0.929734
1 12.5187 24.7367 1.61687 0.228068 0.689226 -0.687715
1 17.686 0.951311 1.75748 -0.348012 0.0608544 0.935513
1 30.3417 22.9257 1.76959 -0.757163 0.434926 0.487384
1 23.3345 33.9427 1.75919 0.392886 -0.524782 0.755145
1 29.9769 7.8871 1.61192 -0.135206 -0.486273 -0.863283
1 10.8445 20.399 1.61831 0.599444 -0.282011 -0.749091
1 8.80112 12.2557 1.60927 -0.291341 -0.0382215 -0.955856
1 11.4073 6.00536 1.60714 0.224776 -0.297503 -0.927884
1 18.1968 10.1453 1.75934 0.19588 0.184763 0.963065
1 6.06036 16.6929 1.60725 0.180148 0.500543 -0.84676
1 7.50424 28.7536 1.76086 -0.145114 0.0648292 0.987289
1 6.51046 1.13376 1.60743 -0.209441 0.108079 -0.97183
1 19.1948 21.8491 1.6078 -0.204537 -0.45444 -0.866977
1 12.9305 11.2324 1.75335 -0.119098 -0.751928 0.648397
1 26.5388 28.9681 1.75753 -0.287632 0.223828 0.931219
1 4.92499 9.04813 1.59669 0.936788 0.091774 -0.337648
1 14.3854 5.76514 1.61835 0.0545114 -0.709385 -0.70271
1 18.4758 33.7043 1.75432 -0.12927 0.195424 0.972162
1 11.4371 12.5726 1.6195 -0.217158 -0.540726 -0.812686
1 31.6364 12.7916 1.7661 -0.0170173 -0.529035 0.848429
1 3.3209 21.8636 1.75593 -0.16179 0.198484 0.966658
1 15.634 20.4289 1.60825 -0.427916 0.138459 -0.89315
1 17.2426 8.42758 1.75876 0.367566 -0.0456638 0.928876
1 13.3727 17.7638 1.61055 0.15622 -0.650203 -0.743526
1 25.0817 23.7892 1.76274 0.710807 -0.0349584 0.702518
1 13.7371 10.3804 1.75682 0.106104 -0.643176 0.758331
1 2.97956 9.40339 1.74785 0.488564 0.461421 0.740538
1 22.1291 11.6395 1.62831 0.277294 0.620534 -0.733516
1 32.6945 7.07095 1.60621 0.552641 0.291749 -0.780686
1 22.3665 29.367 1.75535 -0.439282 -0.523416 0.730114
1 4.13216 22.398 1.75002 -0.289043 0.309195 0.906009
1 6.65673 33.7381 1.61005 -0.524658 0.0138912 -0.8512
1 20.0415 23.9063 1.61102 0.123133 -0.575991 -0.808129
1 30.4864 20.5157 1.61513 0.324336 -0.572435 -0.753076
1 4.01999 27.777 1.75594 -0.0175798 -0.423414 0.905766
1 32.2896 28.1723 1.60788 0.0516932 -0.012683 -0.998582
1 23.1834 30.4707 1.74926 -0.61332 -0.364605 0.700644
1 18.9275 7.24361 1.74903 0.437984 0.27854 0.854743
1 31.6209 5.02314 1.60853 0.201767 0.533918 -0.82111
1 9.29271 4.14784 1.60833 -0.0229526 -0.0556021 -0.998189
1 26.639 29.9477 1.74674 -0.46947 0.25428 0.845541
1 14.3429 14.0059 1.74269 -0.277883 -0.590041 0.758046
1 34.3512 12.9438 1.76069 -0.0405078 -0.0538101 0.997729
1 31.6558 30.0265 1.61016 0.377865 0.228122 -0.897317
1 12.4081 27.6128 1.74468 -0.00452813 0.741689 0.670728
1 21.7937 10.3215 1.61238 0.08441 0.723134 -0.68553
1 11.8351 30.9178 1.72718 0.383909 -0.676034 0.628961
1 14.7952 25.7594 1.61216 0.441571 0.284872 -0.850801
1 31.9036 27.2049 1.60894 -0.0871843 0.0377373 -0.995477
1 34.2672 6.15438 1.61423 0.362728 0.0294843 -0.931429
1 12.8596 4.65545 1.61224 -0.0180302 -0.524315 -0.851334
1 5.73286 1.79292 1.60833 -0.122179 0.243659 -0.962134
1 16.4533 9.16429 1.75691 0.281968 -0.182023 0.941999
1 18.6449 30.7746 1.75655 0.265101 0.173442 0.948493
1 28.4204 28.5342 1.7623 -0.13849 0.566719 0.812188
1 17.4802 17.6943 1.74738 -0.698314 -0.0451349 0.714368
1 26.3268 28.0105 1.75884 -0.10323 0.192504 0.975851
1 0.391241 12.2299 1.76058 0.080237 0.052263 0.995405
1 6.63438 29.3466 1.75883 -0.236693 -0.042113 0.970671
1 24.697 3.10014 1.7527 -0.27446 -0.0726167 0.958853
1 30.0248 26.6102 1.61527 -0.137748 0.463453 -0.87535
1 32.5364 29.1576 1.60771 0.201917 -0.00882689 -0.979363
1 31.3954 8.26536 1.59455 -0.0995712 -0.786142 -0.609972
1 19.1684 34.3797 1.75146 -0.259187 0.320279 0.911177
1 29.5541 6.85661 1.6104 -0.313115 -0.409296 -0.856992
1 9.56198 16.7456 1.60907 0.119927 -0.0623843 -0.990821
1 26.896 10.9028 1.60954 0.284987 -0.118795 -0.951142
1 4.05482 10.1192 1.76006 0.323832 0.698053 0.638635
1 34.4517 15.9488 1.7498 -0.548335 -0.016773 0.83609
1 23.722 9.34292 1.61558 0.0345845 0.36977 -0.928479
1 10.6413 6.72945 1.60817 0.348382 -0.182904 -0.919335
1 24.9976 14.1832 1.6054 0.786583 -0.0671133 -0.613826
1 19.7018 26.6173 1.75289 -0.605209 0.473286 0.640096
1 19.7954 13.4255 1.7622 0.0220602 0.393201 0.919188
1 7.02299 6.82951 1.63148 0.451015 0.192742 -0.871456
1 21.8237 24.2079 1.7618 0.48831 -0.652304 0.5797
1 1.37472 22.4689 1.75965 -0.298505 -0.0893075 0.950221
1 13.9201 28.2241 1.75068 0.623255 -0.476919 0.619759
1 26.9685 20.6265 1.60697 0.294993 -0.0360347 -0.95482
1 6.77895 32.764 1.60971 -0.721141 -0.0226698 -0.692417
1 28.0253 27.3537 1.75923 0.0632614 0.529561 0.84591
1 25.4161 17.8836 1.60771 -0.135019 0.18136 -0.974104
1 21.3283 12.4225 1.73257 0.183261 0.813043 0.552609
1 34.1297 11.7773 1.75932 0.154154 -0.106254 0.982317
1 29.738 9.69155 1.61228 0.156577 -0.523367 -0.837598
1 5.59525 33.2195 1.60301 -0.576521 0.158182 -0.801624
1 26.2574 15.7804 1.62312 -0.471167 0.158357 -0.867712
1 26.811 22.3605 1.61266 0.582819 0.10108 -0.806291
1 31.1336 3.9498 1.60427 -0.0170491 0.582955 -0.812325
1 22.1919 20.0797 1.60417 0.214735 0.56102 -0.799466
1 14.3699 11.3176 1.75696 0.013152 -0.500088 0.865875
1 34.3888 7.82328 1.64416 0.730154 -0.0503083 -0.681428
1 18.575 6.21789 1.75639 0.574555 0.107724 0.811346
1 14.2246 23.7095 1.61049 0.0849011 0.348109 -0.933602
1 4.1785 16.4736 1.61174 0.2615 0.776688 -0.573039
1 8.95941 19.6053 1.60974 0.415952 0.108123 -0.902936
1 5.28731 14.5703 1.60855 -0.0776479 0.589851 -0.80377
1 2.26248 27.102 1.74855 0.0825842 -0.67689 0.731437
1 18.5066 19.6848 1.60987 -0.643102 -0.288619 -0.709308
1 18.756 27.77 1.67313 0.764011 0.170876 0.622165
1 5.66019 26.5422 1.75655 0.180552 -0.209573 0.960979
1 15.0258 13.3142 1.75318 -0.239601 -0.406325 0.881755
1 28.7669 13.7248 1.60225 -0.763888 -0.0609453 -0.642465
1 24.508 28.096 1.76002 -0.17025 -0.12988 0.976804
1 26.2937 18.4886 1.60958 -0.0343977 0.0589407 -0.997669
1 18.7642 32.6196 1.76142 -0.00301206 0.218577 0.975815
1 12.4138 12.8701 1.60415 -0.197164 -0.74474 -0.637564
1 22.9014 8.7779 1.60917 -0.0308785 0.497138 -0.867122
1 24.3288 2.12099 1.75776 -0.0837432 -0.173054 0.981346
1 8.68943 27.3249 1.76222 0.0752901 0.190351 0.978825
1 7.38126 1.65768 1.60626 -0.148256 0.0121479 -0.988874
1 19.9317 9.37609 1.73965 0.245834 0.531093 0.810868
1 18.3519 4.08975 1.76739 -0.708319 0.247595 0.661045
1 6.4031 13.4018 1.60555 -0.17065 0.426682 -0.888156
1 1.01939 9.61259 1.75812 0.539437 0.102756 0.835733
1 9.06943 15.3113 1.60776 -0.000702677 -0.00164461 -0.999998
1 32.319 26.2626 1.60915 -0.241322 -0.0583845 -0.968687
1 31.6704 13.9034 1.75167 -0.241337 -0.50197 0.830532
1 8.46473 20.7038 1.61426 0.559794 0.193963 -0.805611
1 15.4729 4.08693 1.77427 -0.699104 -0.433611 0.568537
1 2.59299 3.95777 1.64924 -0.197582 -0.541026 -0.817467
1 21.9716 8.9024 1.63466 -0.0314938 0.64891 -0.760213
1 27.5069 0.996721 1.76275 -0.0459877 0.265069 0.963132
1 14.7425 15.5642 1.74829 -0.359037 -0.516584 0.777325
1 9.65319 27.4814 1.76136 0.0402971 0.340526 0.939371
1 10.5794 27.7509 1.75916 -0.0185662 0.478867 0.877691
1 23.5556 7.94041 1.6047 -0.138559 0.402331 -0.904948
1 18.1896 15.8943 1.76003 -0.403668 0.107351 0.908586
1 24.5104 25.0562 1.75462 0.422598 -0.161129 0.891879
1 30.6551 10.1381 1.60996 0.234154 -0.697581 -0.677165
1 5.93011 15.522 1.60912 0.0407667 0.502771 -0.863458
1 13.7803 19.7691 1.65289 -0.506638 0.502913 -0.700283
1 29.2795 34.3605 1.75575 0.0901169 0.464849 0.880792
1 11.5076 18.2129 1.60306 0.295824 -0.371622 -0.879992
1 7.44693 0.681476 1.60641 -0.295065 -0.0406032 -0.954614
1 11.8604 13.968 1.61876 -0.20669 -0.485444 -0.849484
1 14.1812 12.4766 1.7509 -0.153447 -0.562345 0.81254
1 25.4942 28.5975 1.75836 -0.242039 0.041322 0.969386
1 12.0463 29.0062 1.72875 -0.310355 0.687382 0.656647
1 16.2364 6.83464 1.76297 0.510496 -0.394536 0.764025
1 10.0399 31.5051 1.74291 -0.651146 0.421647 0.631048
1 5.57411 8.19206 1.63488 0.734789 0.300771 -0.607965
1 31.3189 14.852 1.75382 -0.435323 -0.57476 0.692925
1 24.6919 9.45287 1.60714 0.0588982 0.220427 -0.973624
1 29.0478 2.06161 1.74026 -0.268258 0.544803 0.794498
1 5.81397 18.8661 1.60446 0.372913 0.753309 -0.54172
1 5.11401 11.8693 1.61474 -0.288901 0.618922 -0.730391
1 30.9114 12.1036 1.74526 0.130537 -0.68481 0.716935
1 16.3818 15.0703 1.75819 -0.320722 -0.175656 0.930743
1 29.1652 21.7467 1.60473 0.513779 -0.298518 -0.804312
1 6.56635 0.105229 1.60899 -0.364405 0.0650354 -0.928967
1 25.4178 8.7621 1.60702 -0.0345416 0.120708 -0.992087
1 9.10133 14.311 1.60587 -0.096918 -0.0337034 -0.994722
1 11.9073 19.6403 1.71019 0.47144 -0.436595 -0.766243
1 13.8562 29.5563 1.75713 0.421986 -0.503284 0.754078
1 1.40889 7.53202 1.6092 0.621213 -0.196296 -0.758658
1 12.6762 7.14096 1.6065 0.408755 -0.475372 -0.779064
1 25.3204 5.58524 1.60447 -0.563114 0.138926 -0.814618
1 4.04965 19.2507 1.75075 0.330648 0.353877 0.874896
1 5.20397 3.57108 1.61443 0.0673596 0.36848 -0.927192
1 22.7201 9.90557 1.6127 0.126251 0.523378 -0.842696
1 29.9515 24.2168 1.62658 -0.51507 0.407961 -0.753837
1 25.7273 30.666 1.74799 -0.61817 0.0995956 0.779709
1 9.37136 29.6448 1.75731 -0.321207 0.333443 0.886364
1 8.40715 18.6481 1.61069 0.28468 0.151124 -0.946635
1 14.8722 30.9643 1.75725 0.2216 -0.292709 0.930169
1 3.02874 22.8531 1.75373 -0.34921 0.149782 0.924996
1 10.3567 9.22143 1.60138 -0.746257 -0.258918 -0.613238
1 7.92951 12.9566 1.60836 -0.197719 0.111153 -0.973936
1 34.1911 28.5156 1.61141 0.103894 -0.375614 -0.920934
1 25.6079 29.6018 1.75559 -0.430848 0.0656461 0.900034
1 20.8066 27.4528 1.5952 0.110292 0.777249 -0.619452
1 8.74416 25.5051 1.75884 0.354827 0.171285 0.919108
1 27.753 10.0058 1.60822 0.197401 -0.199954 -0.959714
1 21.6232 28.2383 1.75982 -0.236553 -0.632364 0.737671
1 26.3784 13.5133 1.65442 0.711806 -0.245876 -0.657934
1 22.1045 1.96223 1.74756 0.122915 -0.533464 0.836844
1 16.5197 24.9292 1.60928 0.317836 0.00784042 -0.948113
1 18.9514 10.9301 1.75835 0.136753 0.344687 0.928703
1 18.4613 24.2275 1.61145 0.194316 -0.306175 -0.931932
1 10.01 2.29927 1.61977 -0.180647 -0.217436 -0.959212
1 33.931 4.56423 1.60769 0.0812545 0.0704232 -0.994202
1 6.64171 2.28067 1.60656 -0.0671866 0.120911 -0.990387
1 0.662491 5.96028 1.60812 0.29062 -0.163474 -0.942771
1 2.65986 25.8887 1.76401 0.333256 -0.54583 0.768772
1 10.4456 1.40463 1.61806 -0.323893 -0.278967 -0.90403
1 24.8552 10.4256 1.60801 0.196658 0.179099 -0.963976
1 2.67747 24.0116 1.75725 -0.613345 0.130226 0.779005
1 25.083 11.3747 1.60937 0.335796 0.130107 -0.932906
1 10.6793 13.1709 1.60483 -0.20723 -0.353434 -0.912217
1 31.5984 25.3661 1.61092 -0.344715 0.0737096 -0.935809
1 34.2807 20.5794 1.75693 0.0431529 -0.370076 0.927999
1 5.19295 10.1262 1.7856 0.38183 -0.688156 0.616966
1 32.5718 12.6676 1.75574 5.46171e-05 -0.363555 0.931573
1 31.3121 26.4293 1.61026 -0.19038 0.151141 -0.970006
1 17.4512 15.1617 1.75689 -0.311887 0.00161677 0.950118
1 29.3322 17.827 1.60739 -0.101716 -0.341748 -0.934271
1 16.6031 0.89413 1.75974 -0.336762 -0.0951822 0.936767
1 24.5926 29.1171 1.75624 -0.374439 -0.112103 0.92045
1 13.2152 31.7792 1.74983 0.124769 -0.484325 0.865946
1 3.38961 14.2591 1.75896 -0.257816 0.638231 0.725391
1 33.0957 11.6143 1.75976 0.17892 -0.285868 0.941418
1 26.2498 6.19564 1.61198 -0.416695 0.0326586 -0.90846
1 29.4493 20.7009 1.60603 0.338592 -0.382217 -0.859805
1 26.953 19.6055 1.60701 0.144838 -0.0229394 -0.989189
1 20.7942 30.5771 1.75786 0.29937 0.484709 0.821849
1 8.92856 33.8747 1.61106 -0.505541 -0.326628 -0.798588
1 4.37722 20.3093 1.75661 0.124717 0.382217 0.915618
1 30.1659 11.6671 1.60558 0.430609 -0.704145 -0.564585
1 9.84086 13.6526 1.60536 -0.161949 -0.193784 -0.967585
1 15.0002 33.906 1.75595 -0.155428 -0.247017 0.956465
1 23.6544 28.5776 1.75691 -0.271211 -0.276232 0.922031
1 9.0142 22.4618 1.7725 -0.84271 -0.000637366 0.538367
1 32.6698 2.30082 1.60747 -0.273717 0.291675 -0.916518
1 27.1885 15.0105 1.71959 -0.595958 0.0724269 -0.799743
1 7.74342 5.33502 1.61134 0.176848 0.110171 -0.978053
1 6.65594 3.58414 1.60749 0.0652822 0.162383 -0.984566
1 2.64981 32.163 1.77021 0.543743 0.0132275 0.839148
1 25.3028 2.23314 1.75502 -0.164381 -0.0138523 0.9863
1 15.948 14.0446 1.75969 -0.233954 -0.223411 0.946231
1 7.65772 25.6474 1.75802 0.34061 -0.000739915 0.940204
1 20.7633 8.90137 1.73932 0.172759 0.725248 0.666461
1 3.42122 34.0174 1.59525 -0.303258 0.536833 -0.787302
1 23.828 10.4405 1.60976 0.19011 0.336998 -0.922112
1 8.30735 1.26767 1.61112 -0.211011 -0.120685 -0.970005
1 26.654 16.6183 1.60863 -0.327507 0.0616045 -0.942838
1 8.13559 21.6714 1.60803 0.707222 0.227084 -0.669529
1 1.07813 15.7587 1.7538 -0.558241 0.147743 0.816419
1 15.4439 22.1105 1.60836 -0.168111 0.150877 -0.974153
1 14.7774 29.9097 1.75449 0.385953 -0.350178 0.853473
1 19.2894 24.757 1.61117 0.274096 -0.436846 -0.856759
1 15.9332 12.9977 1.75422 -0.153733 -0.240525 0.958391
1 7.69647 31.161 1.75576 -0.588776 0.0854658 0.803765
1 22.6466 28.3044 1.75414 -0.239744 -0.463228 0.853196
1 13.9269 1.49879 1.75116 -0.464359 -0.418655 0.780448
1 21.0157 34.0829 1.71099 -0.289798 0.582825 0.759165
1 28.9131 25.0153 1.59666 -0.221531 0.700878 -0.678007
1 24.1155 32.9616 1.76338 0.539088 -0.337887 0.771502
1 8.72507 5.83311 1.61157 0.21895 0.0132103 -0.975647
1 33.1354 24.4509 1.61312 -0.603066 -0.293168 -0.741865
1 23.1801 20.6699 1.60848 0.325735 0.417949 -0.848066
1 5.23649 17.1942 1.62117 0.270088 0.623263 -0.73389
1 27.4752 17.7063 1.60912 -0.138479 -0.0688281 -0.987971
1 33.846 6.99579 1.60376 0.546925 0.0703571 -0.83422
1 34.2528 15.016 1.7527 -0.385386 -0.0598407 0.920813
1 6.21315 9.87101 1.60436 -0.545892 0.461884 -0.699046
1 26.5985 0.638815 1.7602 0.0515099 0.112621 0.992302
1 25.2985 21.8845 1.61661 0.537525 0.125556 -0.833848
1 22.8216 2.63239 1.74968 -0.034091 -0.397868 0.916809
1 10.4583 23.6363 1.7532 0.673217 0.391626 0.627222
1 28.4754 16.0758 1.60897 -0.383805 -0.192019 -0.903229
1 1.34652 29.2742 1.60316 0.0886035 -0.721709 -0.686502
1 17.9889 29.2732 1.7493 0.524292 0.0483436 0.850165
1 14.2573 16.4958 1.76356 -0.412325 -0.685318 0.600274
1 13.3221 16.4252 1.63085 -0.0834216 -0.745391 -0.661388
1 7.75928 23.6423 1.75082 0.626492 -0.102023 0.772722
1 3.97935 0.886179 1.63031 -0.188202 0.505525 -0.842036
1 16.7475 30.5326 1.75646 0.29684 -0.0730871 0.952126
1 9.48417 21.431 1.60317 0.690577 -0.0339193 -0.722463
1 17.5162 22.299 1.60923 -0.127493 -0.182135 -0.974973
1 12.031 26.2156 1.75257 0.255134 0.703412 0.663414
1 5.31188 21.8078 1.76608 -0.234007 0.445328 0.864247
1 3.75373 31.1127 1.75117 -0.572809 -0.421396 0.703076
1 8.36541 3.34708 1.60909 0.0514335 -0.0784393 -0.995591
1 2.33045 22.1671 1.75832 -0.225698 0.0503181 0.972897
1 10.9451 29.3097 1.75354 -0.32522 0.527494 0.784845
1 27.5044 9.0756 1.60682 0.0609152 -0.150437 -0.986741
1 6.63639 31.888 1.75909 -0.7879 0.0260979 0.61525
1 0.0707755 4.04635 1.6087 -0.0108601 -0.0710868 -0.997411
1 27.3787 14.0857 1.62475 -0.742293 0.222069 -0.632208
1 26.4383 17.5446 1.61362 -0.180026 0.0536736 -0.982196
1 25.5983 16.8459 1.60812 -0.29254 0.177464 -0.939642
1 1.53771 6.49297 1.61011 0.395605 -0.287164 -0.872372
1 10.019 19.4938 1.60751 0.423267 -0.0912014 -0.901403
1 6.85891 4.77772 1.61069 0.147165 0.196621 -0.969372
1 13.9844 20.9824 1.61211 -0.340973 0.411385 -0.845281
1 4.93103 25.9201 1.75403 0.31317 -0.282492 0.90671
1 34.183 32.2654 1.60404 0.599263 -0.192927 -0.776958
1 32.8745 27.3352 1.60815 -0.0893744 -0.15313 -0.984156
1 31.1479 17.9554 1.6108 -0.0947557 -0.63941 -0.763005
1 34.3593 0.888494 1.60564 -0.46666 -0.0348597 -0.883749
1 14.3924 24.7445 1.60851 0.264482 0.341773 -0.901799
1 24.5932 30.0989 1.75832 -0.568371 -0.107961 0.815659
1 13.4715 23.0539 1.60914 -0.0413151 0.449672 -0.892238
1 22.9935 22.6958 1.76242 -0.727869 -0.293906 0.619537
1 26.946 7.22616 1.6122 -0.239337 -0.0679726 -0.968554
1 16.8937 0.0123002 1.75724 -0.231106 -0.0248329 0.972612
1 19.3736 33.3496 1.75633 -0.110112 0.325774 0.939014
1 2.56714 6.14706 1.61277 0.221846 -0.463911 -0.857654
1 4.26477 26.7479 1.75616 0.156231 -0.36107 0.919359
1 12.6587 0.797033 1.76367 -0.485568 -0.554891 0.675515
1 21.2076 2.8011 1.7348 0.086909 -0.669067 0.738103
1 9.30264 26.4566 1.75919 0.20807 0.273535 0.939088
1 27.663 16.773 1.6058 -0.284778 -0.0739649 -0.955736
1 25.4467 34.0177 1.75707 0.289242 -0.136305 0.947502
1 27.9194 7.53638 1.61101 -0.191075 -0.194813 -0.962049
1 3.09101 11.8592 1.75117 0.122148 0.531746 0.838049
1 22.2999 17.5742 1.61539 -0.202225 0.599245 -0.774604
1 17.8182 20.4299 1.61206 -0.45335 -0.234386 -0.859963
1 33.708 34.0369 1.59929 -0.742176 0.0919458 -0.663868
1 16.1733 23.9924 1.60697 0.150049 0.0445152 -0.987676
1 13.6599 25.4097 1.60958 0.361344 0.494016 -0.790809
1 11.078 19.246 1.60018 0.429598 -0.288051 -0.855846
1 19.8349 14.6485 1.75772 -0.148001 0.409951 0.90002
1 20.1505 25.3388 1.77277 -0.349298 0.603458 0.716819
1 19.941 0.270823 1.74436 -0.390571 0.453624 0.801049
1 1.95171 13.2541 1.75442 -0.086541 0.346487 0.934054
1 0.848918 26.5007 1.61076 -0.246818 -0.609948 -0.753024
1 24.6586 0.255397 1.75843 0.195498 -0.208347 0.958317
1 19.4198 1.72386 1.75346 -0.472935 0.365906 0.801527
1 32.341 33.8594 1.57223 -0.679971 0.479592 -0.554645
1 22.0339 21.9242 1.60049 0.526912 0.52438 -0.668871
1 2.63767 7.27091 1.61195 0.42034 -0.426366 -0.800954
1 15.4346 9.08956 1.75186 0.306574 -0.369779 0.877084
1 1.64786 30.7038 1.60978 0.25912 -0.702993 -0.662312
1 22.5905 0.582603 1.75422 0.277184 -0.556163 0.783487
1 23.0159 11.0524 1.61222 0.265576 0.453221 -0.850918
1 24.4498 31.0441 1.73699 -0.753159 -0.0785466 0.653133
1 12.8824 29.3496 1.76241 0.42461 -0.666651 0.612603
1 5.85755 25.2683 1.75499 0.378188 -0.19947 0.903983
1 17.6277 13.4667 1.76228 -0.117771 0.059506 0.991256
1 8.13125 14.2161 1.61039 -0.0988284 0.119665 -0.987883
1 1.68675 14.9027 1.75611 -0.370156 0.266986 0.889777
1 9.05445 30.9748 1.75919 -0.594692 0.238898 0.767639
1 2.37415 5.04067 1.62806 0.027561 -0.510684 -0.859327
1 21.8428 14.2422 1.75728 0.0868484 0.721791 0.686641
1 29.1438 18.8756 1.60713 0.0597331 -0.324676 -0.943937
1 18.9921 14.0368 1.76065 -0.107191 0.259302 0.95983
1 9.76808 7.34479 1.60925 0.477792 -0.0574561 -0.876592
1 19.3245 12.1502 1.75848 0.0745801 0.371595 0.925394
1 25.8426 1.36004 1.75489 -0.0409741 0.0299002 0.998713
1 0.217574 10.3387 1.75282 0.410691 -0.0218344 0.911513
1 8.96453 8.17503 1.62374 0.749821 -0.075378 -0.657333
1 22.417 31.7432 1.75279 0.035279 0.702111 0.711193
1 14.6067 32.9324 1.75907 -0.0356055 -0.293553 0.95528
1 4.71692 0.109272 1.61018 -0.28808 0.338531 -0.895772
1 15.2451 2.18659 1.75087 -0.521552 -0.339703 0.782678
1 20.8029 10.5918 1.74994 0.120268 0.711941 0.691863
1 15.4755 26.6859 1.6127 0.627379 0.187434 -0.75582
1 12.4171 18.4513 1.6369 0.310172 -0.522359 -0.794313
1 19.8471 10.6203 1.75443 0.108436 0.529455 0.841379
1 9.06231 23.4761 1.74912 0.664083 0.140597 0.73432
1 22.9602 3.76344 1.75686 -0.238887 -0.37949 0.893824
1 7.86244 11.9122 1.61383 -0.324129 0.105165 -0.940149
1 5.91664 5.40007 1.6125 0.245526 0.36546 -0.897862
1 14.7393 4.51036 1.59491 -0.246792 -0.765298 -0.594485
1 26.1561 8.07265 1.6074 -0.126341 0.0222794 -0.991737
1 22.9697 16.3843 1.63009 -0.385923 0.524205 -0.759127
1 23.9723 3.88419 1.75303 -0.360698 -0.182395 0.914674
1 10.9303 2.72349 1.62118 -0.175461 -0.330674 -0.927291
1 5.96682 31.0564 1.75556 -0.591175 -0.04073 0.805514
1 19.2856 5.3816 1.75879 0.66869 0.232863 0.706137
1 0.778701 16.6722 1.6597 -0.758263 0.0355359 0.65098
1 20.266 18.0143 1.75134 -0.606741 0.413719 0.67875
1 26.4555 9.00336 1.60774 0.0133281 -0.0181778 -0.999746
1 12.8429 3.44649 1.60564 -0.205487 -0.601567 -0.771941
1 25.687 9.73051 1.60745 0.10519 0.0741853 -0.991681
1 2.65445 30.1725 1.76594 -0.388388 -0.681068 0.620727
1 10.8427 15.4603 1.60856 -0.0160919 -0.302322 -0.95307
1 14.7783 18.8967 1.60454 -0.650889 0.260512 -0.713076
1 7.46016 9.34601 1.61579 -0.684701 0.224903 -0.693256
1 7.42515 2.96277 1.60729 -0.00413246 0.0432772 -0.999055
1 29.7856 25.3886 1.61869 -0.289335 0.49063 -0.821929
1 30.8178 5.46895 1.60829 0.36553 0.686182 -0.628922
1 16.9639 14.2221 1.76118 -0.193885 -0.066756 0.97875
1 25.8762 10.6943 1.60902 0.24508 0.0254834 -0.969168
1 28.6095 32.042 1.75735 0.490819 0.363628 0.791752
1 17.1592 23.9718 1.60654 0.15931 -0.110964 -0.980973
1 33.5658 13.5214 1.75978 -0.14307 -0.186449 0.971992
1 25.3397 27.5924 1.76041 -0.048637 0.014997 0.998704
1 29.3478 8.68008 1.609 0.00160071 -0.405887 -0.913922
1 27.4086 21.516 1.60761 0.457723 -0.0594415 -0.887106
1 16.8603 29.5287 1.75492 0.447726 -0.0839616 0.89022
1 27.8963 4.66402 1.61413 -0.7604 0.0110772 -0.649361
1 28.6204 9.41089 1.61172 0.118821 -0.308382 -0.943813
1 14.2369 22.1182 1.60687 -0.169035 0.349892 -0.921414
1 29.1078 26.4277 1.61723 -0.0473067 0.675311 -0.736014
1 24.925 1.23261 1.75365 0.0248341 -0.111739 0.993427
1 2.10919 16.3644 1.75088 -0.665515 0.293664 0.686186
1 5.77502 28.0449 1.75866 -0.0569852 -0.174876 0.98294
1 27.7298 3.82027 1.75945 -0.670771 0.316759 0.670619
1 6.87351 5.83665 1.61132 0.285968 0.227734 -0.930784
1 30.6619 13.4753 1.74179 -0.16497 -0.68078 0.713669
1 30.8117 24.7039 1.60537 -0.449816 0.237639 -0.860926
1 28.4139 6.71514 1.61116 -0.333352 -0.243988 -0.910684
1 26.6849 25.1725 1.75497 0.438969 0.262143 0.859411
1 31.9167 6.16768 1.6102 0.379495 0.426949 -0.820791
1 8.27705 26.4271 1.75988 0.210092 0.110504 0.971417
1 13.3982 13.1441 1.73988 -0.134214 -0.757532 0.638852
1 24.2353 12.6085 1.61399 0.507469 0.223028 -0.832306
1 32.2033 21.8848 1.76349 -0.16025 -0.725918 0.668853
1 32.2585 9.75005 1.74669 0.484413 -0.447245 0.751875
1 23.373 6.82996 1.60703 -0.297473 0.429324 -0.852755
1 23.8681 13.4996 1.60328 0.65601 0.259807 -0.708627
1 16.5548 16.9199 1.75339 -0.55239 -0.206726 0.807545
1 15.7718 29.2864 1.75688 0.490883 -0.20531 0.846688
1 0.467157 6.9341 1.60903 0.489571 -0.0914684 -0.867152
1 7.57601 29.7145 1.75832 -0.294927 0.0915298 0.951126
1 1.179 0.469451 1.76914 0.404289 0.652364 0.641071
1 30.3676 16.4124 1.60024 -0.376948 -0.5046 -0.776717
1 6.75432 28.1386 1.76002 -0.0685756 -0.048178 0.996482
1 5.10231 19.5539 1.75557 0.264851 0.548434 0.793142
1 25.68 3.39085 1.75691 -0.436241 0.0832744 0.895968
1 1.86722 18.5351 1.75903 0.44213 -0.0250929 0.8966
1 19.8385 20.0564 1.62109 -0.5188 -0.541905 -0.6612
1 4.84548 28.4357 1.75679 -0.124583 -0.305715 0.943937
1 28.941 5.92161 1.60811 -0.463295 -0.288315 -0.837993
1 18.9496 29.8445 1.75804 0.417508 0.192555 0.888037
1 33.3873 8.99467 1.75956 0.678708 -0.242099 0.693357
1 14.8394 22.921 1.60913 -0.0392014 0.24634 -0.96839
1 1.15658 27.7953 1.60742 -0.0351156 -0.699895 -0.713382
1 30.4837 28.5574 1.61295 0.119962 0.335429 -0.934396
1 3.30624 2.78667 1.67112 0.156976 0.67635 -0.719659
1 11.6119 34.4434 1.75105 -0.31421 -0.720849 0.617777
1 30.5359 8.86686 1.6127 0.00392039 -0.627325 -0.778748
1 30.107 18.5416 1.61196 0.00893704 -0.475594 -0.879619
1 4.15048 32.3777 1.76153 0.772776 0.261694 0.578216
1 34.5034 29.8052 1.60971 0.252867 -0.361982 -0.897233
1 4.81475 29.6058 1.75677 -0.313924 -0.284683 0.905763
1 0.536285 21.1359 1.75875 -0.0579376 -0.229617 0.971555
1 1.71747 3.14532 1.61032 -0.187177 -0.37689 -0.907148
1 2.18423 12.2024 1.75645 0.0848485 0.367138 0.926289
1 23.7259 2.90036 1.75963 -0.175509 -0.250999 0.951943
1 17.8756 5.36842 1.7539 0.736458 -0.0605561 0.673767
1 17.3357 18.596 1.73193 -0.834901 -0.0816073 0.544316
1 11.1326 4.85764 1.61029 0.0716341 -0.294023 -0.95311
1 31.1047 30.8431 1.6154 0.501653 0.386796 -0.773778
1 26.4507 34.2898 1.75999 0.22032 0.042065 0.97452
1 26.1578 11.6378 1.60961 0.400729 -0.0290612 -0.915736
1 25.1602 7.77626 1.60853 -0.173336 0.164729 -0.970989
1 27.1574 26.2841 1.75356 0.256109 0.446027 0.857594
1 26.4635 24.0663 1.75267 0.643187 0.209005 0.736633
1 20.1955 33.7137 1.74684 -0.196714 0.460747 0.865457
1 32.1045 4.12455 1.60554 0.0410291 0.408302 -0.911924
1 7.92661 19.7012 1.61178 0.380441 0.314294 -0.869761
1 0.415415 22.1589 1.75906 -0.237739 -0.248326 0.93905
1 16.0607 17.8381 1.7413 -0.684686 -0.28621 0.67029
1 3.83328 23.4295 1.74901 -0.474847 0.233851 0.848431
1 17.4458 9.42518 1.75807 0.247318 0.016308 0.968797
1 12.9241 9.73514 1.75401 0.244738 -0.739358 0.627258
1 13.1317 19.1108 1.62161 0.431923 -0.659239 -0.615504
1 7.37699 18.4661 1.61247 0.27958 0.311148 -0.908307
1 16.3399 28.3788 1.74412 0.650916 -0.137409 0.74661
1 33.3406 26.4466 1.60737 -0.24332 -0.257481 -0.935146
1 7.86454 6.31929 1.61637 0.31878 0.11255 -0.941123
1 23.0591 1.5268 1.75812 0.124536 -0.398629 0.908618
1 34.4614 14.0412 1.75942 -0.222634 -0.0270732 0.974526
1 2.13502 9.98977 1.75511 0.436211 0.312446 0.843859
1 8.05224 24.6408 1.75809 0.486633 0.0509338 0.872121
1 9.65493 6.31577 1.60887 0.288072 -0.0858145 -0.953756
1 24.1061 20.2928 1.61161 0.252807 0.310064 -0.916487
1 32.4668 20.5325 1.74831 0.0677505 -0.686137 0.72431
1 5.82507 30.0652 1.75656 -0.396294 -0.121582 0.910038
1 11.4971 16.3296 1.60839 0.0677026 -0.408377 -0.910299
1 27.4059 28.2939 1.7547 -0.123318 0.378341 0.917415
1 15.1913 23.9048 1.6079 0.126468 0.198095 -0.97199
1 25.5989 24.6895 1.75446 0.524066 0.0423629 0.850623
1 25.9387 32.0105 1.75361 0.648064 -0.073036 0.758075
1 17.7335 16.7874 1.75933 -0.549853 0.0122026 0.835172
1 7.27596 26.6612 1.75887 0.165405 -0.0119806 0.986153
1 15.1184 12.1939 1.75768 -0.0925864 -0.388194 0.916915
1 7.87507 7.57054 1.62097 0.579365 0.0462035 -0.813758
1 21.0565 29.5071 1.75963 0.46985 0.525644 0.709182
1 3.63528 7.61382 1.60368 0.425622 -0.586732 -0.688906
1 7.12098 8.43442 1.62958 0.787908 -0.0150254 -0.61561
1 0.253196 18.4924 1.75189 0.431343 -0.249192 0.867091
1 14.2476 31.8642 1.7569 0.101286 -0.340839 0.93465
1 34.5564 3.05559 1.60795 -0.17496 -0.0693022 -0.982133
1 10.1626 28.8056 1.75744 -0.193773 0.440969 0.876355
1 19.7498 30.6211 1.75789 0.289526 0.320719 0.901839
1 23.8824 24.3627 1.75118 0.564757 -0.271375 0.779362
1 33.3701 9.99059 1.75923 0.471683 -0.240224 0.848415
1 32.6223 25.3083 1.61215 -0.406378 -0.148113 -0.90162
1 6.36748 14.5139 1.60711 -0.0552393 0.405572 -0.912393
1 26.1656 4.21129 1.77253 -0.609391 0.205641 0.765738
1 5.0761 4.72363 1.61321 0.167217 0.523232 -0.835623
1 6.33237 17.8867 1.60893 0.349862 0.493503 -0.796274
1 6.95523 11.444 1.61077 -0.379183 0.256854 -0.888958
1 24.9937 19.8338 1.60946 0.173593 0.205295 -0.963182
1 27.1541 8.17758 1.60635 -0.0840367 -0.107874 -0.990606
1 16.8677 12.7464 1.76268 -0.105436 -0.0886636 0.990466
1 3.09561 29.1685 1.7609 -0.240614 -0.572833 0.783561
1 27.3386 30.6545 1.76597 -0.686285 0.289502 0.667234
1 33.0637 6.21061 1.6108 0.394849 0.22507 -0.890751
1 1.2432 25.0227 1.63777 0.727176 0.276203 -0.628432
1 34.4708 31.1969 1.60771 0.426137 -0.321341 -0.845664
1 33.2363 22.1989 1.75387 -0.266957 -0.54596 0.794142
1 9.01188 17.6728 1.6088 0.181286 0.0441443 -0.982439
1 0.450678 8.67685 1.73604 0.745935 -0.0335233 0.665175
1 18.8644 0.838171 1.75432 -0.367683 0.244812 0.897149
1 26.7135 9.94459 1.60827 0.14951 -0.0651191 -0.986614
1 12.5708 34.1512 1.75512 -0.243282 -0.588791 0.770804
1 9.06038 11.2673 1.60813 -0.417463 -0.10805 -0.902247
1 33.6127 2.62813 1.60724 -0.227943 0.111828 -0.967231
1 17.229 27.5067 1.74782 0.833808 -0.0655085 0.548154
1 18.3248 25.3803 1.61101 0.404425 -0.27424 -0.872487
1 6.89368 19.527 1.6127 0.317379 0.513156 -0.79746
1 0.655131 1.43106 1.60492 -0.396458 -0.249875 -0.883394
1 33.8564 27.4335 1.60996 -0.0736793 -0.345021 -0.935698
1 27.3004 18.6621 1.6074 0.00797344 -0.061757 -0.998059
1 10.9039 10.3135 1.61167 -0.566198 -0.376622 -0.733196
1 19.7128 6.60314 1.75737 0.488888 0.397312 0.776615
1 21.6234 7.64514 1.59106 -0.157551 0.784767 -0.599432
1 20.1216 28.4529 1.75015 0.619403 0.398826 0.676224
1 24.2878 22.3678 1.62406 0.593859 0.2411 -0.767595
1 3.97692 11.4743 1.75183 0.119044 0.691589 0.712414
1 33.8614 10.8317 1.75858 0.320294 -0.171446 0.931675
1 4.5008 18.429 1.7718 0.472461 0.460468 0.751498
1 22.2436 6.35903 1.60587 -0.356096 0.576962 -0.735058
1 10.9427 25.7761 1.7558 0.318117 0.526309 0.788543
1 33.2448 28.3445 1.60847 0.0749209 -0.19559 -0.97782
1 7.62586 27.584 1.76021 0.0324323 0.0514752 0.998148
1 2.45556 1.69713 1.60438 0.164647 0.866948 -0.470417
1 15.8118 10.095 1.75664 0.17905 -0.2783 0.943658
1 29.8676 19.6449 1.60815 0.174928 -0.459762 -0.870643
1 6.15534 23.0524 1.7728 -0.584457 0.529536 0.614818
1 17.8159 32.9999 1.76039 -0.0276426 0.0858246 0.995927
1 22.6662 27.1708 1.75802 -0.0142625 -0.467237 0.884017
1 23.4372 26.4857 1.75878 0.126635 -0.33153 0.934907
1 12.7359 14.827 1.61511 -0.161674 -0.681853 -0.713399
1 7.59188 4.03982 1.60667 0.116883 0.0358828 -0.992497
1 1.49242 21.5275 1.75967 -0.127851 -0.0809022 0.988488
1 12.9277 20.9621 1.61339 -0.37533 0.585722 -0.718371
1 27.8622 5.58034 1.61337 -0.570031 -0.0934166 -0.816295
1 15.8534 15.9006 1.7508 -0.413516 -0.306118 0.857494
1 28.3965 21.0202 1.61052 0.374963 -0.208733 -0.903235
1 5.00758 22.8526 1.76249 -0.467732 0.393296 0.791546
1 19.1499 25.8798 1.62727 0.474993 -0.407984 -0.779699
1 11.4985 22.8674 1.77873 -0.0554752 -0.761954 0.645251
1 21.7143 32.9396 1.74425 -0.131275 0.658776 0.740798
1 2.41444 17.6368 1.75919 0.606682 0.0779125 0.791117
1 9.97461 3.39234 1.60767 -0.0786602 -0.1817 -0.980203
1 32.6097 1.22893 1.62595 -0.43504 0.294848 -0.850767
1 11.7402 33.1289 1.7569 -0.0572869 -0.682121 0.728992
1 7.2586 13.8002 1.61072 -0.146724 0.268383 -0.952073
1 30.8401 19.2673 1.60778 0.106604 -0.640101 -0.760859
1 8.87693 9.11885 1.61345 -0.753484 0.00636242 -0.657435
1 12.038 5.16636 1.60432 0.0920963 -0.404581 -0.909853
1 29.7286 27.7348 1.61752 0.0565611 0.516748 -0.854267
1 19.3436 31.5455 1.75653 0.137244 0.274203 0.951828
1 25.9722 20.3302 1.60926 0.237476 0.0802941 -0.968069
1 9.57338 9.99682 1.60674 -0.618915 -0.150708 -0.770864
1 4.60625 13.2785 1.66106 -0.172445 0.770582 -0.613569
1 0.28586 33.0025 1.76297 -0.777495 0.160353 0.608102
1 32.5828 5.25144 1.61549 0.210933 0.340808 -0.916164
1 25.7447 22.9272 1.62199 0.789678 0.15506 -0.593603
1 16.9544 4.51707 1.75336 -0.805687 -0.0169008 0.5921
1 26.1934 26.0537 1.76301 0.246876 0.210232 0.945968
1 5.64154 34.1905 1.61379 -0.413698 0.183381 -0.891754
1 0.211061 27.5701 1.61272 -0.0501003 -0.52573 -0.849175
1 5.93516 6.46047 1.6228 0.418296 0.359782 -0.834018
1 24.0785 18.2044 1.61029 -0.090643 0.315665 -0.944531
1 31.3379 28.0289 1.61142 0.0369026 0.166454 -0.985358
1 25.2902 12.3104 1.62403 0.477067 0.0811912 -0.875109
1 27.7446 12.6905 1.60952 0.588871 -0.260305 -0.765162
1 10.0286 14.7318 1.60707 -0.070764 -0.178951 -0.98131
1 22.6019 12.9786 1.62937 0.484759 0.571385 -0.662215
1 2.61852 15.297 1.76054 -0.447415 0.422789 0.78808
1 5.16786 7.07668 1.60644 0.535273 0.458126 -0.70965
1 17.1654 7.39361 1.75964 0.499399 -0.105441 0.859932
1 21.8187 30.5894 1.74088 0.280366 0.636474 0.718537
1 5.06325 23.759 1.59402 -0.68796 0.276784 0.670896
1 6.38848 27.1987 1.75938 0.0765324 -0.107622 0.991242
1 12.9371 30.6657 1.7448 0.278848 -0.552202 0.785695
1 7.24713 20.6958 1.61405 0.519725 0.416478 -0.745944
1 19.1249 8.48006 1.75117 0.335826 0.330641 0.881985
1 33.343 31.6002 1.61068 0.495772 -0.0756508 -0.865152
1 22.6102 24.8242 1.74918 0.466946 -0.482287 0.741189
1 8.3879 30.2699 1.7532 -0.426945 0.193999 0.883223
1 1.41208 24.0808 1.74622 -0.608602 -0.102259 0.786858
1 8.58916 32.7988 1.59536 -0.722697 -0.238185 -0.648828
1 29.1455 0.905307 1.74851 -0.0839625 0.469381 0.878995
1 10.1075 10.9521 1.61414 -0.468994 -0.259524 -0.844211
1 30.7196 15.5076 1.64421 -0.51423 -0.595218 -0.617481
1 14.8702 1.11402 1.75543 -0.364585 -0.308818 0.87847
1 7.09248 10.3987 1.61022 -0.528479 0.251141 -0.810949
1 0.87481 3.57952 1.61024 -0.0990717 -0.222144 -0.969967
1 18.898 16.7081 1.7577 -0.479489 0.218982 0.849786
1 16.0922 11.9962 1.7583 -0.0341615 -0.214884 0.976042
1 9.39901 1.42911 1.6144 -0.254075 -0.147697 -0.955841
1 10.9263 3.79593 1.60889 -0.0586609 -0.295083 -0.953669
1 20.6818 0.814506 1.71773 -0.540806 0.550028 0.636394
1 25.1019 15.9574 1.61564 -0.41782 0.269243 -0.867718
1 30.6508 25.7445 1.60868 -0.273183 0.290481 -0.917056
1 11.8034 8.15877 1.60639 0.572565 -0.340406 -0.745851
1 14.4616 2.72753 1.76276 -0.606 -0.492516 0.624654
1 26.8401 3.27218 1.75584 -0.436379 0.255555 0.862708
1 15.8488 23.0392 1.60755 -0.0118919 0.0876265 -0.996082
1 25.8812 19.3554 1.6089 0.0940697 0.0916208 -0.991341
1 24.9602 18.8059 1.60926 0.00839617 0.200782 -0.9796
1 18.1751 21.454 1.60571 -0.272927 -0.291397 -0.916841
1 19.9935 21.3132 1.63105 -0.28581 -0.580437 -0.7625
1 11.4511 28.167 1.75358 -0.127629 0.600564 0.789325
1 13.7646 6.89054 1.61052 0.311295 -0.62909 -0.712279
1 3.4871 20.8927 1.75717 0.022021 0.219662 0.975328
1 17.7216 2.69465 1.75906 -0.580904 0.0897668 0.809007
1 17.1405 3.57182 1.75552 -0.692573 -0.0160282 0.721169
1 17.8417 12.5088 1.76105 -0.00146503 0.0697548 0.997563
1 33.7786 18.7595 1.74778 0.366159 -0.429724 0.825388
1 30.0712 0.505429 1.76163 -0.0552412 0.597442 0.800007
1 16.2034 8.10917 1.75411 0.406261 -0.24695 0.879754
1 23.5731 27.558 1.7603 -0.0772401 -0.298834 0.951174
1 3.29676 5.05698 1.60774 -0.0947747 -0.699589 -0.708232
1 3.06195 27.9351 1.75683 -0.0673653 -0.577093 0.813895
1 25.1611 6.57277 1.60909 -0.36232 0.161674 -0.917925
1 2.25514 11.1027 1.75695 0.258008 0.353305 0.899226
1 34.1346 21.68 1.75774 -0.148596 -0.396559 0.905903
1 17.1235 21.3365 1.60755 -0.292185 -0.12226 -0.948515
1 27.4124 15.8745 1.61741 -0.452446 -0.020339 -0.89156
1 18.8027 15.0555 1.76191 -0.266871 0.225567 0.936963
1 1.29393 14.0133 1.75573 -0.206207 0.218238 0.953861
1 20.721 7.45254 1.77119 0.329615 0.68842 0.64609
1 23.2515 23.6541 1.78373 0.747497 -0.292562 0.596369
1 24.259 6.10039 1.61225 -0.414833 0.282182 -0.865036
1 30.6446 7.14603 1.60407 -0.250349 -0.607975 -0.753453
1 8.49249 29.224 1.75657 -0.228739 0.210311 0.950499
1 1.7483 19.6218 1.7538 0.221134 -0.0371072 0.974537
1 12.4104 16.0822 1.64515 0.014542 -0.573417 -0.819134
1 7.03683 17.1557 1.61386 0.211594 0.363974 -0.907056
1 13.0718 26.2427 1.618 0.401242 0.678306 -0.615554
1 32.7422 19.1762 1.75652 0.254752 -0.629403 0.734134
1 8.15939 2.29083 1.60825 -0.0848656 -0.0571494 -0.994752
1 12.4186 6.13235 1.60684 0.247939 -0.439751 -0.863218
1 15.6295 33.1315 1.75965 -0.0480979 -0.158547 0.986179
1 15.3752 11.1332 1.75751 0.0553082 -0.339119 0.939116
1 24.3267 7.22564 1.60794 -0.243675 0.27976 -0.928632
1 33.4668 16.5801 1.74522 -0.705567 -0.130864 0.696456
1 28.3328 0.38201 1.76281 0.0356139 0.353036 0.934932
1 5.32927 20.7097 1.75773 0.0122512 0.508221 0.861139
1 30.2079 4.12563 1.60613 0.0417024 0.731793 -0.68025
1 26.9201 32.6023 1.75368 0.511796 0.0867247 0.854718
1 31.5492 10.8522 1.75295 0.287254 -0.594384 0.751127
1 4.26685 3.27458 1.61867 0.128531 0.515477 -0.847209
1 20.5407 15.962 1.75509 -0.258659 0.518972 0.814717
1 15.0698 8.07988 1.74749 0.465684 -0.425922 0.775712
1 10.3257 26.6317 1.75764 0.17621 0.43462 0.883208
1 19.9072 7.93163 1.74801 0.336735 0.516822 0.787086
1 7.77991 33.4401 1.61541 -0.570573 -0.158155 -0.805874
1 1.26051 12.6081 1.76239 0.0119086 0.207438 0.978176
1 33.3205 21.0436 1.75338 -0.0347843 -0.533366 0.845169
1 15.263 32.1407 1.75956 0.0744177 -0.208732 0.975137
1 8.75277 6.89247 1.61086 0.392809 0.0179067 -0.919446
1 0.71395 30.3861 1.60601 0.277741 -0.527386 -0.802947
1 30.2222 17.4612 1.61044 -0.180406 -0.474396 -0.861627
1 17.1343 1.79383 1.76134 -0.46348 -0.0259109 0.885728
1 22.3267 5.00762 1.75179 -0.9109 0.223662 0.346752
1 5.02246 27.386 1.75935 0.0462039 -0.273254 0.960832
1 12.2519 22.1203 1.6185 -0.16588 0.672566 -0.721207
1 31.0907 23.6099 1.60714 -0.632031 0.162391 -0.757737
1 5.51133 13.228 1.60185 -0.157434 0.59962 -0.784647
1 4.93585 2.45207 1.6115 -0.0204874 0.384843 -0.922755
1 3.11155 0.477185 1.77186 0.0964673 -0.682407 0.724579
1 24.0475 11.5641 1.60406 0.3475 0.284963 -0.893331
1 20.7839 32.6874 1.75266 -0.0468672 0.519497 0.853186
1 32.6082 13.7246 1.75952 -0.180645 -0.352977 0.918028
1 28.8271 10.3983 1.61263 0.266066 -0.403806 -0.875299
1 6.89083 30.4538 1.7554 -0.425481 0.0258535 0.904598
1 18.0408 14.3712 1.76098 -0.20075 0.113389 0.973058
1 24.3937 8.46977 1.60974 -0.0821617 0.273529 -0.958348
1 2.49374 21.2094 1.75899 -0.0512012 0.0695525 0.996263
1 10.4521 5.64461 1.60841 0.177893 -0.187639 -0.965995
1 1.15689 17.7604 1.75818 0.597016 -0.113733 0.794126
1 0.482592 28.8019 1.61778 0.122162 -0.544674 -0.829703
1 10.0454 17.6057 1.6096 0.214822 -0.129914 -0.967974
1 2.22066 33.2105 1.59788 0.682244 -0.339964 -0.647277
1 0.780639 2.54325 1.60816 -0.268796 -0.246866 -0.931024
1 15.7904 31.2551 1.75969 0.187327 -0.169639 0.967539
1 23.5166 29.5524 1.75988 -0.454562 -0.307116 0.836094
1 0.761732 31.7174 1.60296 0.497174 -0.469238 -0.729817
1 2.30501 34.5975 1.60424 -0.307355 0.73904 -0.59946
1 14.7395 20.0126 1.6083 -0.481617 0.311756 -0.819057
1 17.6153 31.1135 1.75934 0.216821 0.0492868 0.974966
1 31.5608 16.8269 1.62118 -0.298819 -0.711023 -0.636517
1 19.5224 15.7676 1.75772 -0.326907 0.343738 0.880327
1 11.0656 17.3452 1.61323 0.207237 -0.298941 -0.931497
1 15.3107 14.7688 1.74888 -0.294074 -0.372196 0.880335
1 25.1126 20.8703 1.61059 0.34956 0.17797 -0.919856
1 3.62534 17.4388 1.76766 0.647636 0.30891 0.696521
1 29.8689 30.9844 1.60587 -0.535371 -0.647924 -0.541823
1 3.40974 19.9141 1.75624 0.202294 0.234073 0.95094
1 28.5565 11.6568 1.61223 0.449872 -0.366435 -0.814457
1 13.7783 4.51898 1.61619 -0.0973033 -0.652271 -0.751714
1 21.5796 15.6086 1.75376 -0.160236 0.693365 0.702545
1 19.0586 9.7261 1.7545 0.225738 0.362529 0.904221
1 20.8544 14.7748 1.75603 -0.0553273 0.566958 0.821886
1 16.7085 20.4035 1.6128 -0.45189 -0.0560337 -0.890312
1 9.51127 5.2344 1.60968 0.121843 -0.0815182 -0.989196
1 0.665352 20.1148 1.76028 0.125349 -0.206704 0.970341
1 9.91093 15.766 1.6086 0.0304615 -0.133416 -0.990592
1 4.39499 21.371 1.75648 -0.0858979 0.345416 0.93451
1 1.34273 11.6072 1.75904 0.18411 0.197116 0.962938
1 9.44146 18.6281 1.60857 0.299416 -0.0174163 -0.953964
1 29.1834 4.99961 1.61358 -0.614574 -0.297619 -0.730563
1 8.87928 13.2869 1.60715 -0.18348 -0.0344998 -0.982418
1 13.253 21.9932 1.60987 -0.209808 0.509221 -0.834671
1 17.576 24.7988 1.6058 0.304653 -0.158617 -0.939163
1 16.866 23.0652 1.60765 0.00367786 -0.0716515 -0.997423
1 16.4246 5.66494 1.76133 0.692377 -0.326229 0.643575
1 30.7339 2.80189 1.61432 -0.235067 0.667612 -0.706427
1 11.6213 7.06086 1.60584 0.398378 -0.320412 -0.859436
1 28.2213 1.62149 1.75415 -0.183202 0.393756 0.900774
1 6.52255 21.4077 1.6155 -0.383527 -0.820597 -0.423707
1 6.48893 24.0607 1.75941 0.603101 -0.363633 0.709958
1 27.314 11.8302 1.60816 0.447411 -0.178363 -0.876362
1 26.1318 27.0325 1.75948 0.0739923 0.16027 0.984296
1 30.5377 29.7122 1.61322 0.297269 0.4268 -0.854092
1 26.2517 33.3428 1.76013 0.381099 -0.00846114 0.924496
1 33.3603 14.4857 1.7576 -0.304676 -0.212963 0.928342
1 13.5253 0.345939 1.75482 -0.32297 -0.459177 0.827555
1 34.4858 19.5033 1.75741 0.237628 -0.32919 0.913875
1 6.40507 7.54657 1.61319 0.618674 0.218747 -0.75458
1 10.7773 0.208198 1.61949 -0.37514 -0.635097 -0.67522
1 20.3975 31.5611 1.7572 0.146152 0.432032 0.889937
1 1.60747 2.012 1.6143 -0.33433 -0.483213 -0.809153
1 15.9845 25.8113 1.61372 0.477761 0.100214 -0.872755
1 1.55214 20.5765 1.75922 0.0439572 -0.0658086 0.996864
1 13.6508 32.7676 1.75225 -0.0164593 -0.414526 0.909889
1 0.385529 11.262 1.75781 0.252592 0.026812 0.967201
1 7.6321 34.3678 1.60703 -0.431441 -0.114855 -0.8948
1 29.3992 16.6899 1.60978 -0.288453 -0.346866 -0.892457
1 33.5762 5.41971 1.60961 0.231359 0.151267 -0.961037
1 17.9355 23.3438 1.60938 0.0418825 -0.235699 -0.970923
1 20.7171 4.9729 1.60259 0.531641 0.601747 -0.596035
1 5.66159 29.0565 1.75839 -0.213113 -0.172149 0.961742
1 5.03443 31.6971 1.75949 -0.692942 -0.202299 0.692031
1 28.3809 14.9192 1.61631 -0.582945 -0.117847 -0.80392
1 3.8743 30.0508 1.7561 -0.386696 -0.414066 0.824024
1 29.7108 32.2601 1.74287 0.351521 0.574668 0.739046
1 15.9729 1.5833 1.75432 -0.428617 -0.205982 0.879693
1 31.9096 24.3452 1.61136 -0.519211 -0.0117104 -0.854566
1 4.50306 33.7115 1.60778 -0.437046 0.340531 -0.832484
1 10.2103 4.52429 1.60978 0.0286301 -0.177339 -0.983733
1 18.1479 7.87897 1.75684 0.422192 0.10848 0.899992
1 19.1522 23.3724 1.61324 0.0501297 -0.442824 -0.895206
1 20.0312 22.6306 1.61114 -0.0797554 -0.604796 -0.792377
1 8.34836 28.2467 1.76103 -0.0676269 0.171306 0.982894
1 33.021 4.35147 1.60908 0.0588818 0.236987 -0.969727
1 18.2707 8.92714 1.75509 0.293997 0.170011 0.940565
1 12.6182 2.16036 1.61858 -0.441579 -0.56372 -0.698017
1 28.959 7.66116 1.61002 -0.168728 -0.33504 -0.926973
1 4.88521 5.85692 1.61684 0.342237 0.540081 -0.768887
1 12.2079 31.9475 1.75898 0.173074 -0.621627 0.763953
1 30.7094 27.2999 1.61482 -0.0658037 0.306554 -0.949576
1 13.3989 5.71083 1.6091 0.133054 -0.578482 -0.80477
1 0.806133 4.70258 1.61027 0.0806119 -0.204899 -0.975458
1 16.707 31.5107 1.75775 0.15449 -0.0612666 0.986093
1 0.636758 14.7925 1.75755 -0.339647 0.102789 0.934919
1 7.26972 14.9066 1.60978 -0.0313583 0.269843 -0.962394
1 5.87664 2.86937 1.60455 0.00620436 0.238674 -0.97108
1 32.797 3.32779 1.6089 -0.106461 0.267528 -0.957651
1 8.00617 17.5791 1.61213 0.181173 0.190138 -0.964896
1 26.8733 5.2394 1.78362 0.622601 -0.100115 0.776109
1 9.77102 12.5754 1.60718 -0.277002 -0.196685 -0.940524
1 27.5918 29.3224 1.75002 -0.30924 0.4058 0.860056
1 3.13563 10.6107 1.75319 0.297388 0.516173 0.803197
1 33.5496 29.4234 1.60821 0.229126 -0.186032 -0.955455
1 29.0729 33.1795 1.757 0.278216 0.453158 0.846902
1 28.1444 2.78508 1.75759 -0.420006 0.370929 0.828255
1 24.4366 33.8805 1.76159 0.36554 -0.313668 0.876352
1 30.9136 34.2236 1.75149 -0.0798803 0.748645 0.658141
1 20.8102 13.5664 1.751 0.151462 0.556077 0.817213
1 25.6439 0.382244 1.75904 0.125888 -0.0474386 0.99091
1 20.2917 11.7907 1.75151 -0.0373106 0.584881 0.810261
1 3.9834 28.8771 1.75897 -0.199919 -0.434436 0.878236
1 16.3455 32.4352 1.76006 0.049389 -0.0858164 0.995086
1 2.87313 13.058 1.75192 -0.0516923 0.528852 0.847138
1 1.49771 5.41077 1.60762 0.168763 -0.341304 -0.924679
1 22.6717 33.0761 1.77683 -0.226675 0.778206 0.585674
1 10.2903 24.6651 1.75622 0.490337 0.422553 0.762246
1 32.4133 14.8169 1.75392 -0.380239 -0.375224 0.845355
1 21.0979 19.3868 1.59817 0.028906 0.72175 -0.69155
1 4.26418 14.9898 1.60283 -0.0735093 0.763142 -0.642036
1 24.9729 4.29139 1.75477 -0.537211 -0.0209658 0.843187
1 21.2703 26.0126 1.59597 -0.199874 0.723445 -0.660816
1 12.716 32.9676 1.75692 -0.0384267 -0.551151 0.83352
1 25.2599 26.5726 1.76001 0.147381 0.00272786 0.989076
1 9.62659 20.4512 1.60994 0.552174 -0.0307971 -0.83316
1 3.27453 18.4085 1.75085 0.477073 0.218076 0.851378
1 3.40265 25.016 1.6551 0.518694 -0.375685 0.767995
1 8.56274 4.80392 1.61145 0.0680645 0.0302781 -0.997221
1 15.3954 16.7725 1.74748 -0.495431 -0.437939 0.750172
1 15.5713 0.398916 1.75766 -0.274417 -0.195777 0.94147
1 13.8291 8.49298 1.72356 0.466232 -0.624179 0.62692
1 23.6406 0.292866 1.76044 0.248954 -0.375702 0.892676
1 16.0055 34.105 1.75867 -0.163406 -0.112709 0.9801
1 0.10636 23.9488 1.75312 -0.556874 -0.322228 0.765546
1 4.85128 30.6673 1.75572 -0.502333 -0.231603 0.83308
1 4.00959 2.05853 1.60771 -0.00711204 0.542698 -0.839898
1 29.5888 10.9116 1.63446 0.373611 -0.540849 -0.75359
1 33.4749 19.8942 1.75328 0.162677 -0.49575 0.853093
1 15.4431 27.703 1.76182 0.792382 -0.221764 0.568288
1 30.0121 1.91825 1.77104 -0.258601 0.73585 0.62582
1 23.1743 12.1857 1.61163 0.419881 0.422609 -0.803182
1 28.8622 19.9153 1.60872 0.214052 -0.295047 -0.931198
1 6.0812 12.1687 1.60691 -0.272772 0.424846 -0.863193
1 28.3254 8.45657 1.61111 -0.0355788 -0.246392 -0.968517
1 33.3411 15.5376 1.75594 -0.498539 -0.212799 0.840343
1 11.9701 20.6681 1.59748 0.584496 -0.560724 -0.586476
1 11.0239 32.2125 1.75411 0.174618 -0.765884 0.618814
1 23.0258 18.4687 1.61179 -0.0454747 0.448909 -0.89242
1 34.3977 26.477 1.61193 -0.248553 -0.451357 -0.857029
1 12.5174 23.3874 1.61596 0.00973918 0.601144 -0.799081
1 34.3746 17.7099 1.7495 0.619273 -0.247305 0.745212
1 8.55948 31.9279 1.74608 -0.780233 0.109097 0.615901
1 3.88775 25.8077 1.75722 0.331799 -0.403267 0.85281
1 25.1652 13.2544 1.63159 0.63668 0.010697 -0.771054
1 23.297 5.70938 1.59783 -0.497196 0.395187 -0.772414
1 17.4266 32.134 1.76022 0.0654284 0.0256424 0.997528
1 8.29752 10.0261 1.60577 -0.59916 0.0442565 -0.799405
1 23.9894 1.20517 1.75231 0.0853633 -0.257303 0.962553
1 24.5823 17.2571 1.61087 -0.250777 0.292924 -0.922663
1 9.15796 24.5414 1.75807 0.493009 0.232482 0.838388
1 17.7676 30.1776 1.76055 0.370203 0.0556366 0.927283
1 25.281 32.9315 1.75812 0.482251 -0.158806 0.861519
1 26.2499 2.51296 1.76057 -0.28272 0.12705 0.950751
1 18.9774 18.7175 1.76151 -0.796846 0.15366 0.584316
1 21.2076 1.59432 1.6869 0.424588 -0.576563 0.698069
1 5.00663 15.6899 1.77954 -0.0819476 -0.659019 0.747649
1 21.9795 34.2522 1.6248 -0.4489 0.662026 0.600176
1 11.4781 1.81906 1.62007 -0.335178 -0.408636 -0.848924
1 16.9735 16.0184 1.75413 -0.436191 -0.0989515 0.894397
1 24.3626 26.0522 1.75915 0.229526 -0.166491 0.958957
1 3.26133 26.7737 1.7583 0.136625 -0.511507 0.848348
1 11.7603 15.1474 1.62066 -0.0764786 -0.467103 -0.880889
1 0.0979463 25.402 1.60871 -0.489497 -0.514067 -0.704363
1 3.52102 6.38429 1.61126 0.192425 -0.622378 -0.758695
1 23.4382 25.4191 1.75647 0.340629 -0.34673 0.873928
1 16.4974 2.55174 1.76257 -0.565606 -0.138178 0.813017
1 26.4227 12.5506 1.6341 0.56585 -0.0809209 -0.820527
1 16.0634 21.2838 1.60776 -0.301361 0.0524893 -0.952064
1 10.533 16.5177 1.6086 0.111861 -0.231365 -0.966415
1 11.9096 4.05656 1.60689 -0.0630221 -0.42131 -0.904724
1 26.7284 1.61766 1.76001 -0.126752 0.16293 0.978462
1 18.9555 20.7358 1.61049 -0.416016 -0.398238 -0.817519
1 27.6043 24.6826 1.75676 0.478501 0.452664 0.752417
1 5.62336 0.625542 1.60891 -0.255261 0.220565 -0.941378
1 25.3164 25.6099 1.76261 0.326248 0.0129474 0.945196
1 27.3394 2.2985 1.7508 -0.258476 0.275099 0.926019
1 28.3684 18.1881 1.60806 -0.0484226 -0.195818 -0.979444
1 29.5815 14.6458 1.63196 -0.619153 -0.310007 -0.721488
1 11.3282 26.9649 1.75017 0.116416 0.589537 0.799308
1 27.0578 27.3228 1.75314 0.059514 0.335335 0.940217
1 20.2192 2.83841 1.77136 0.292323 -0.799478 0.524768
1 17.5496 10.8735 1.75905 0.129173 0.0441134 0.99064
1 14.8057 10.2325 1.7606 0.183859 -0.453904 0.871875
1 33.4949 12.5241 1.75876 0.024001 -0.204239 0.978627
1 31.7481 33.0645 1.78479 -0.0623146 0.864131 0.499394
1 27.3533 31.7272 1.75273 0.689061 0.116799 0.715229
1 29.395 15.6121 1.60644 -0.471617 -0.32206 -0.820886
1 4.84029 1.33973 1.61135 -0.15538 0.378521 -0.912458
1 31.2611 1.17429 1.60383 -0.405749 0.637028 -0.655411
1 6.85225 15.9525 1.61227 0.063165 0.365286 -0.92875
1 32.4074 7.90566 1.77477 -0.690467 -0.365959 0.623963
1 16.808 10.1546 1.75811 0.173303 -0.0951952 0.980257
1 16.7206 33.3728 1.75857 -0.0562418 -0.0313207 0.997926
1 1.97826 23.2489 1.76192 -0.458593 0.00742993 0.888615
1 15.8117 19.4318 1.60965 -0.588544 0.0758211 -0.804902
1 22.7938 15.0636 1.73272 0.427475 -0.7318 0.530787
1 3.78573 12.8933 1.76588 -0.0698396 0.706323 0.704437
1 16.4793 22.17 1.60769 -0.152147 -0.0151477 -0.988242
1 10.5265 11.9467 1.60969 -0.320069 -0.355039 -0.878353
1 30.0545 5.99574 1.61952 -0.464429 -0.51064 -0.72357
1 8.70314 16.2811 1.60816 0.110333 0.0761028 -0.990977
1 11.9041 2.92927 1.62646 -0.203808 -0.465457 -0.861285
1 24.4125 27.0675 1.76011 0.0315849 -0.151507 0.987951
1 21.1104 16.9199 1.75404 -0.393152 0.59652 0.699711
1 22.5754 7.66476 1.61735 -0.184238 0.598175 -0.7799
1 10.08 30.2836 1.75102 -0.446444 0.411425 0.794618
1 13.695 3.11749 1.59988 -0.330785 -0.71733 -0.613204
1 22.4441 26.0078 1.75932 0.212744 -0.515787 0.829882
1 4.06639 4.50916 1.63498 0.284059 0.728794 -0.623033
1 15.0566 6.8013 1.73224 0.566124 -0.628277 0.53364
1 19.9364 17.0328 1.75656 -0.458483 0.401452 0.792862
1 21.7424 26.9763 1.76 0.0098143 -0.628347 0.777871
1 17.7736 28.3736 1.75619 0.674955 -0.00127206 0.737858
1 1.6578 4.24777 1.61532 -0.0226851 -0.368328 -0.929419
1 33.1485 17.9387 1.75573 0.489145 -0.492145 0.720091
1 11.2122 30.2878 1.66008 -0.500897 0.585469 0.637439
1 24.0161 16.4587 1.6091 -0.393149 0.368453 -0.842422
1 21.4461 20.7075 1.60015 0.31089 0.647504 -0.695763
1 32.3187 31.0949 1.60798 0.48682 0.151039 -0.860345
1 2.18082 28.4838 1.76205 -0.164803 -0.762043 0.626203
1 13.663 33.872 1.75325 -0.158745 -0.425692 0.890835
1 28.0262 32.8628 1.75475 0.400649 0.267813 0.876217
1 16.3708 11.0375 1.75815 0.079701 -0.166378 0.982836
1 20.9841 23.4437 1.60585 0.0649618 -0.732862 -0.677269
1 24.1773 21.346 1.60922 0.431151 0.277396 -0.858581
1 0.930782 19.13 1.75531 0.303433 -0.166489 0.938195
1 30.3328 21.7564 1.61172 0.543732 -0.498078 -0.67548
1 33.5433 1.60042 1.60844 -0.377007 0.127268 -0.917425
1 28.1478 19.1842 1.60861 0.0990421 -0.174187 -0.979719
1 33.6811 25.5112 1.61691 -0.395952 -0.346278 -0.850478
1 34.4129 9.49527 1.76604 0.562153 -0.07703 0.823438
1 18.0358 26.4226 1.61772 0.602153 -0.198802 -0.773234
1 27.8441 23.3379 1.6159 0.777001 0.0747513 -0.625046
1 17.5374 33.9368 1.75855 -0.140731 0.0537351 0.988589
1 7.0186 12.5166 1.60595 -0.241291 0.257025 -0.935798
1 32.7322 30.1595 1.60915 0.347841 0.0135831 -0.937455
1 0.597259 13.3538 1.76041 -0.104187 0.0977936 0.989738
1 34.2692 22.8147 1.7566 -0.367859 -0.391774 0.843323
1 31.7665 19.1444 1.6911 0.0987273 -0.813615 -0.572961
1 4.79108 24.9464 1.74281 0.542559 -0.27701 0.793029
1 18.4977 22.5183 1.60701 -0.0934767 -0.338756 -0.936219
1 6.02086 11.0242 1.6126 -0.402635 0.427321 -0.809495
1 8.109 15.4094 1.61131 0.00223099 0.146168 -0.989257
1 17.1138 11.7619 1.76097 0.0282132 -0.0461398 0.998536
1 10.7665 21.6777 1.59897 0.724909 -0.312072 -0.6141
1 11.4308 24.8118 1.74895 0.464371 0.622933 0.629535
1 29.1048 3.24003 1.74854 -0.493204 0.542047 0.680393
1 34.612 5.23961 1.60787 0.186403 -0.046268 -0.981383
1 31.4881 29.011 1.60852 0.207698 0.173152 -0.962746
1 13.014 8.09419 1.59711 0.567156 -0.535357 -0.625881
1 33.4628 0.380005 1.63617 -0.565831 0.139958 -0.812556
1 28.3191 33.9257 1.76012 0.216574 0.315568 0.923857
1 34.4696 2.03701 1.60955 -0.323928 -0.0596801 -0.944198
1 5.96775 4.3051 1.6116 0.122445 0.314102 -0.94146
1 22.054 3.29679 1.75667 -0.0911482 -0.541236 0.835916
1 31.7297 2.03118 1.63373 -0.331299 0.465075 -0.820942
1 12.2092 17.2766 1.61097 0.159974 -0.490024 -0.856905
1 0.742942 23.1978 1.75311 -0.433973 -0.198169 0.878861
1 2.51123 20.2449 1.76024 0.121104 0.0900109 0.98855
1 14.9485 21.2617 1.60833 -0.299161 0.242922 -0.922763
1 18.7371 13.0131 1.75919 -0.00319951 0.210354 0.97762
1 2.44494 14.1304 1.75066 -0.237667 0.442354 0.864776
1 25.8493 14.9146 1.65735 -0.650768 0.297803 -0.698438
1 27.4222 34.5884 1.76004 0.13976 0.205215 0.968687
1 9.27457 28.4878 1.75733 -0.115309 0.316028 0.941717
1 19.0303 28.8177 1.75328 0.591679 0.207336 0.779056
1 14.4674 0.0894613 1.75878 -0.242269 -0.331488 0.911823
1 29.0171 12.5129 1.60211 0.575097 -0.450799 -0.682674
1 1.28182 10.6021 1.75809 0.359207 0.165496 0.918467
1 18.1705 0.0791001 1.75819 -0.249686 0.1396 0.958211
1 31.8381 3.09298 1.61163 -0.150404 0.433174 -0.888672
1 2.67496 19.1971 1.75683 0.323712 0.113452 0.939329
1 15.8398 3.24942 1.73619 -0.650951 -0.261692 0.712587
1 26.2379 21.3431 1.61322 0.397754 0.0668419 -0.915054
1 9.91017 33.4401 1.60818 -0.535256 -0.514 -0.670302
1 7.74382 16.433 1.60918 0.112779 0.228652 -0.966953
1 33.4474 23.4108 1.74036 -0.538891 -0.517618 0.664581
1 30.76 32.6488 1.75244 0.185234 0.748667 0.636542
1 27.358 6.38311 1.61969 -0.392409 -0.104895 -0.91379
1 28.4535 29.7931 1.76891 -0.412222 0.52544 0.744303
1 30.0536 33.5579 1.74176 0.111013 0.620382 0.776403
1 23.0459 19.5658 1.61244 0.139554 0.435294 -0.889407
1 9.10168 2.64766 1.61235 -0.0796358 -0.137054 -0.987357
1 6.57298 25.9651 1.7562 0.271571 -0.112386 0.955834
1 33.6866 30.5651 1.6118 0.358186 -0.177149 -0.91669
1 9.70534 0.150769 1.60447 -0.333856 -0.443955 -0.831531
1 10.7138 7.86994 1.60776 0.546957 -0.181902 -0.81716
1 24.0187 15.4012 1.62434 -0.616993 0.339716 -0.709868
1 13.3698 24.2144 1.6115 0.166636 0.509057 -0.844449
1 7.99521 10.9555 1.61263 -0.461191 0.0725676 -0.884329
1 18.2811 1.78743 1.75857 -0.460953 0.16335 0.872261
1 18.3099 11.6605 1.75565 0.0898901 0.18086 0.979392
1 28.0219 25.9796 1.76318 0.255504 0.679038 0.688204
1 13.9173 30.7664 1.75339 0.243696 -0.426797 0.870894
1 32.5863 10.7677 1.75659 0.319613 -0.377422 0.869138
1 20.5016 6.03436 1.74167 0.559684 0.511794 0.651783
1 21.3394 4.07312 1.76669 -0.240992 -0.624186 0.743179
1 14.8912 28.7503 1.75999 0.590164 -0.320946 0.740743
1 17.0907 19.5017 1.60687 -0.630483 -0.134003 -0.764549
1 10.4769 18.4845 1.608 0.313108 -0.197324 -0.928992
1 21.4033 31.696 1.75138 0.103831 0.57899 0.808696
1 28.0722 22.3217 1.60622 0.608308 -0.10548 -0.786661
1 24.3615 32.0319 1.59099 -0.712198 0.249863 -0.656005
1 18.8396 17.7432 1.75377 -0.643902 0.204743 0.737204
1 23.1057 21.6942 1.64466 0.503648 0.408165 -0.761407
1 18.8496 2.9834 1.75909 -0.559823 0.348143 0.751927
1 32.308 0.299322 1.62863 -0.551325 0.378284 -0.743601
1 20.9805 21.9813 1.60155 -0.250341 -0.769863 -0.587061
1 11.6251 11.4328 1.61498 -0.396275 -0.552975 -0.732929
1 6.96949 24.9242 1.76395 0.47438 -0.119066 0.872231
1 27.9181 10.96 1.60761 0.322295 -0.259728 -0.910312
1 31.4041 20.7726 1.6194 0.314067 -0.754838 -0.575831
1 10.9469 14.3571 1.6096 -0.144415 -0.328254 -0.933484
1 19.9896 29.6024 1.75829 0.446554 0.359853 0.819204
1 14.2546 26.6317 1.60382 0.539379 0.424696 -0.72712
1 33.7374 3.61309 1.60746 -0.0744024 0.0928257 -0.992899
1 25.9523 7.13468 1.60932 -0.262225 0.0604886 -0.963109
