1 16.3689 32.5749 1.75889 0.0301228 -0.0899214 0.995493
1 27.6779 14.7324 1.67492 -0.7587 0.169069 -0.629118
1 20.6497 13.3214 1.74305 -0.234119 0.551499 0.800648
1 26.7799 20.3693 1.6092 0.19125 0.000884022 -0.981541
1 4.78373 26.9358 1.75853 0.0957314 -0.368767 0.924579
1 20.2135 6.47873 1.76468 0.557986 0.496814 0.664701
1 13.8956 20.3044 1.61458 -0.41219 0.420104 -0.808463
1 29.3776 19.7718 1.60565 0.128718 -0.389351 -0.912051
1 8.36298 6.48911 1.60702 0.475804 0.258772 -0.840623
1 3.0395 11.812 1.75549 0.0490237 0.586517 0.808452
1 19.4064 17.6444 1.75825 -0.644057 0.260963 0.719089
1 0.574797 15.2598 1.75361 -0.581527 0.134693 0.802299
1 24.1541 2.16328 1.75721 -0.143689 -0.384621 0.911823
1 31.0769 14.6707 1.75698 -0.367915 -0.50138 0.783107
1 15.3135 21.3953 1.6075 -0.217685 0.162531 -0.962391
1 26.2221 17.9187 1.61044 -0.207112 0.0803432 -0.975013
1 17.6652 0.849271 1.76018 -0.257998 0.0843108 0.96246
1 31.0999 20.2252 1.62669 0.232051 -0.665437 -0.709469
1 31.0325 18.8621 1.6181 -0.0144496 -0.64747 -0.761954
1 14.707 19.3373 1.60831 -0.576189 0.256735 -0.775946
1 13.8251 31.3324 1.75498 0.181865 -0.433768 0.88248
1 19.1277 20.7597 1.6122 -0.353865 -0.437279 -0.826781
1 16.4782 29.9962 1.7565 0.3718 -0.0774397 0.925077
1 33.941 34.6165 1.75295 0.0105076 0.669753 0.74251
1 32.9751 0.689604 1.75127 -0.0776455 0.518989 0.851247
1 23.4983 13.2408 1.60875 0.525086 0.318409 -0.78924
1 8.94613 10.2647 1.61116 -0.524152 -0.0323153 -0.851011
1 8.37551 16.1771 1.60735 0.100446 0.113521 -0.988445
1 6.57501 34.4074 1.60848 -0.304965 0.00118354 -0.952363
1 16.9314 15.6167 1.75617 -0.469075 -0.0828838 0.87926
1 12.6088 14.4314 1.60982 -0.075002 -0.706415 -0.703813
1 7.86387 26.147 1.75844 0.19202 0.0265267 0.981033
1 10.3343 6.18996 1.60867 0.377076 -0.0459571 -0.925041
1 13.938 25.8738 1.61308 0.531019 0.35464 -0.769577
1 20.0334 8.38781 1.74457 0.317034 0.498482 0.806849
1 25.5126 25.8987 1.75472 0.300796 0.144245 0.942717
1 8.52657 8.37234 1.63781 0.828066 0.0801913 -0.554866
1 3.35424 33.7385 1.60971 -0.348419 0.405871 -0.84491
1 16.7404 31.7091 1.75814 0.136528 -0.0396627 0.989842
1 5.78554 16.8333 1.61226 0.204066 0.57264 -0.794003
1 3.13016 14.8507 1.74403 -0.422629 0.592637 0.685686
1 2.77508 18.8186 1.75574 0.320162 0.150303 0.935364
1 19.6555 24.2026 1.60353 0.23532 -0.500163 -0.833344
1 18.2472 15.5518 1.76244 -0.418814 0.135711 0.897874
1 5.16132 10.1428 1.60657 -0.447153 0.591946 -0.670562
1 22.3749 30.1875 1.75303 -0.515996 -0.463677 0.720244
1 20.8573 9.3154 1.75242 0.16768 0.697664 0.696526
1 30.2549 13.8002 1.75724 -0.140977 -0.625815 0.767125
1 29.8893 7.67343 1.64092 -0.251833 -0.686379 -0.682249
1 3.63868 4.54897 1.60604 -0.157506 -0.442143 -0.883007
1 28.2907 26.055 1.7716 0.238771 0.718467 0.653295
1 2.34111 17.8837 1.75871 0.492914 0.094797 0.864899
1 10.0674 8.00242 1.61073 0.666994 -0.0178714 -0.744849
1 12.7723 20.6115 1.63108 -0.319771 0.64253 -0.696348
1 22.119 18.1558 1.61576 -0.192365 0.631301 -0.751302
1 9.92296 28.8508 1.75225 -0.237026 0.370008 0.898283
1 32.6001 27.8671 1.60719 -0.0421045 0.0500697 -0.997858
1 27.5644 24.924 1.75996 0.425824 0.479943 0.767026
1 17.5414 17.3979 1.74514 -0.680124 0.0381108 0.732106
1 5.00235 6.11433 1.6057 0.0769183 -0.705971 -0.704051
1 7.51468 3.65598 1.60516 -0.0381686 0.384148 -0.922482
1 25.6079 24.9338 1.75708 0.479897 0.127907 0.867951
1 19.9046 9.49612 1.74916 0.219911 0.464685 0.857734
1 33.9913 12.4114 1.75637 0.0292691 -0.055521 0.998028
1 30.6543 24.1895 1.61242 -0.655279 0.300219 -0.693165
1 2.50325 28.5428 1.75179 -0.143219 -0.731808 0.666292
1 28.8343 7.32499 1.60853 -0.258069 -0.51694 -0.816194
1 22.4858 34.1654 1.72739 -0.328366 0.774062 0.541298
1 15.8368 19.5945 1.61134 -0.517614 0.0738369 -0.852422
1 33.5312 27.6603 1.60754 -0.0822174 -0.13557 -0.987351
1 32.2534 3.42851 1.60893 -0.284562 0.26053 -0.922577
1 5.22153 1.14944 1.60985 0.00480393 0.152182 -0.988341
1 12.1163 5.38381 1.60849 0.214066 -0.357302 -0.909127
1 18.6995 13.4045 1.7594 -0.160396 0.203101 0.965931
1 15.8548 33.3561 1.75956 -0.0619155 -0.164842 0.984375
1 22.9666 24.9005 1.75824 0.484499 -0.286641 0.826497
1 16.5001 5.63989 1.7546 0.713351 -0.251997 0.653932
1 24.7363 26.5 1.76015 0.175324 0.0128624 0.984427
1 0.0497743 13.0436 1.75789 -0.10199 0.0506195 0.993497
1 9.54295 26.2494 1.7587 0.166776 0.293982 0.941148
1 30.9162 33.4349 1.75057 0.428475 0.31933 0.845244
1 32.9742 25.9285 1.60892 -0.377376 -0.0655627 -0.923736
1 31.7465 26.7676 1.60974 -0.230378 0.187826 -0.954802
1 21.5202 6.06201 1.6071 -0.209827 0.703162 -0.679364
1 16.0525 31.002 1.75721 0.225436 -0.140124 0.964129
1 24.2352 11.28 1.60768 0.242681 0.25136 -0.936976
1 7.90241 13.2525 1.60716 -0.177982 0.10999 -0.977867
1 23.6909 8.28692 1.61469 -0.108243 0.295107 -0.949313
1 29.7243 12.6805 1.76766 0.103489 -0.753344 0.649432
1 2.1601 11.4994 1.76507 0.120579 0.398082 0.909391
1 28.2932 8.28062 1.61237 -0.0820194 -0.427671 -0.900206
1 8.68922 0.246449 1.6103 -0.25614 -0.202132 -0.94527
1 27.0293 4.63558 1.62645 -0.79104 -0.143226 -0.594762
1 18.8228 26.5818 1.78236 -0.682926 0.305985 0.663314
1 14.1398 12.13 1.75336 -0.166776 -0.568206 0.805809
1 9.74846 33.7874 1.61701 -0.432863 -0.342012 -0.83406
1 27.2116 29.6558 1.74411 -0.390536 0.427847 0.815125
1 4.2517 19.9565 1.75562 0.092697 0.360314 0.928214
1 19.5952 3.8943 1.74698 -0.625258 0.455912 0.633401
1 26.7616 17.0643 1.60696 -0.359547 0.0416691 -0.932196
1 0.251495 0.110514 1.59701 0.0722464 0.848905 -0.523585
1 23.136 25.8732 1.75975 0.290115 -0.266906 0.919018
1 28.803 20.7484 1.60922 0.282264 -0.281614 -0.917072
1 13.5724 14.2845 1.75122 -0.284252 -0.738072 0.611924
1 34.0302 13.8097 1.75532 -0.240244 -0.019146 0.970524
1 22.0753 11.2904 1.61052 0.206357 0.640421 -0.739782
1 0.635406 1.69759 1.63032 0.393704 0.699001 -0.596988
1 29.7223 22.5422 1.61165 0.589842 -0.345208 -0.730012
1 24.938 16.2785 1.61759 -0.481839 0.274599 -0.832122
1 1.77054 5.05402 1.60649 -0.0247526 -0.221469 -0.974853
1 30.4825 17.7796 1.60958 -0.204423 -0.518948 -0.830002
1 19.9631 11.5015 1.75151 -0.0294339 0.438165 0.898413
1 4.69695 4.81856 1.60538 -0.137452 -0.631477 -0.763115
1 17.6686 16.4363 1.76162 -0.540339 0.0404305 0.840476
1 17.1137 21.1028 1.60583 -0.293663 -0.116554 -0.948777
1 13.569 17.4977 1.60121 0.117766 -0.776638 -0.618841
1 10.0909 10.1169 1.61533 -0.568019 -0.222623 -0.792334
1 12.2292 15.7556 1.63524 0.0656018 -0.571449 -0.818011
1 11.936 29.1512 1.72547 -0.422189 0.615289 0.665714
1 16.1544 26.6154 1.61227 0.666384 0.0422555 -0.74441
1 15.8818 3.1761 1.7656 -0.576372 -0.261856 0.774098
1 7.93984 29.8501 1.7571 -0.390418 0.102456 0.914919
1 18.9257 9.06704 1.75766 0.22871 0.273611 0.934253
1 23.7385 16.2526 1.6165 -0.516371 0.420321 -0.746117
1 25.5636 26.995 1.76108 0.095819 0.172329 0.980368
1 25.7234 19.8367 1.61006 0.10603 0.147104 -0.983422
1 15.0407 32.7957 1.7606 -0.00839098 -0.281063 0.959653
1 4.27824 15.2248 1.61922 -0.0310602 0.789098 -0.613482
1 29.2446 8.47242 1.60782 -0.0561838 -0.586198 -0.808217
1 31.1626 34.4777 1.75695 0.204768 0.319554 0.925179
1 6.50769 27.9549 1.76041 -0.0834949 -0.10629 0.990823
1 11.0299 5.44958 1.60767 0.245368 -0.172075 -0.954036
1 15.2119 16.4245 1.7523 -0.565379 -0.403382 0.719465
1 12.3073 31.1126 1.68901 0.251581 -0.627958 0.736461
1 11.2865 16.011 1.60972 0.0769223 -0.390054 -0.917574
1 31.2645 13.5919 1.75522 -0.150302 -0.474834 0.867146
1 8.7023 13.9791 1.60667 -0.092414 0.00557443 -0.995705
1 34.1418 28.4963 1.60823 0.0670725 -0.247379 -0.966595
1 1.84968 15.1704 1.74583 -0.573285 0.349401 0.741123
1 10.9458 10.9312 1.60931 -0.411591 -0.395763 -0.820954
1 16.7445 28.2252 1.76102 0.670309 -0.0315084 0.741413
1 31.318 3.10198 1.61216 -0.348289 0.403417 -0.846138
1 30.3488 8.96349 1.6196 0.0512831 -0.739026 -0.671722
1 27.3009 0.292079 1.75993 0.0550403 0.0017697 0.998483
1 19.6149 7.22614 1.75432 0.460788 0.398231 0.793149
1 6.63977 26.9816 1.76054 0.0769615 -0.120814 0.989687
1 6.11003 25.4588 1.76358 0.338573 -0.240992 0.909556
1 28.5013 9.37785 1.61012 0.0989528 -0.474545 -0.874651
1 16.0619 8.76411 1.7579 0.278573 -0.230897 0.932247
1 21.5827 28.2331 1.76006 -0.188474 -0.545198 0.816845
1 22.3991 8.71591 1.6107 -0.0681533 0.571615 -0.817686
1 10.0115 13.6312 1.61004 -0.130806 -0.17223 -0.976333
1 20.6488 24.3478 1.61853 0.317997 -0.659833 -0.680807
1 23.3321 0.48831 1.75697 0.22189 -0.478161 0.849781
1 5.78159 10.9706 1.6125 -0.290072 0.533723 -0.794354
1 9.25492 5.93923 1.60901 0.355195 0.123014 -0.926663
1 6.25092 15.8347 1.60942 0.0544975 0.477028 -0.877197
1 19.6096 10.4705 1.74278 0.113203 0.382884 0.916834
1 26.4179 26.4617 1.75963 0.20359 0.333705 0.92043
1 3.38878 24.9923 1.76284 0.548099 -0.607657 0.574752
1 20.0793 16.6019 1.76026 -0.464301 0.436865 0.770437
1 7.43354 23.095 1.7379 0.684661 -0.090089 0.723273
1 10.6652 34.5201 1.6174 -0.30652 -0.513588 -0.80142
1 3.56964 13.4959 1.74437 -0.190855 0.667628 0.719616
1 26.9201 7.47872 1.61115 -0.23045 -0.205632 -0.951109
1 24.8954 33.5696 1.75209 0.428451 -0.279518 0.859244
1 12.8406 18.762 1.60454 0.419745 -0.654955 -0.62837
1 10.8401 20.012 1.62487 0.518339 -0.332003 -0.788098
1 4.39665 9.41853 1.77622 0.00354354 0.920055 0.391773
1 17.9429 9.28851 1.75698 0.20201 0.0962344 0.974644
1 25.8784 15.4139 1.62405 -0.697147 0.199471 -0.68862
1 9.57328 6.9022 1.62046 0.506311 0.0925567 -0.857369
1 26.853 10.081 1.60831 0.134483 -0.176405 -0.975087
1 9.32588 16.3851 1.60761 0.11137 -0.0321086 -0.99326
1 6.30735 9.84226 1.60823 -0.485961 0.379832 -0.787127
1 19.5258 1.89648 1.75579 -0.394954 0.344438 0.851689
1 32.2125 2.35807 1.60152 -0.477122 0.236816 -0.846329
1 4.12224 32.8795 1.59539 -0.559342 0.27377 -0.782423
1 25.6988 13.6263 1.621 0.631255 -0.0436488 -0.774346
1 33.9749 18.9761 1.75909 0.265033 -0.431098 0.862503
1 11.5447 3.55613 1.60921 -0.0455746 -0.337092 -0.940368
1 27.8474 7.27068 1.61064 -0.254942 -0.356136 -0.898984
1 0.83797 30.3038 1.62564 0.384876 -0.47304 -0.79253
1 25.1994 23.9566 1.76124 0.667866 0.0667442 0.741283
1 7.70732 24.0808 1.75836 0.518485 -0.0153861 0.854948
1 9.71645 11.0292 1.6122 -0.423757 -0.173963 -0.888913
1 18.6609 0.797332 1.75412 -0.251329 0.223975 0.941631
1 3.79428 19.0347 1.75165 0.272473 0.316956 0.908459
1 5.63806 18.0698 1.60325 0.359097 0.674049 -0.645528
1 9.86077 17.2165 1.60848 0.205092 -0.113715 -0.972114
1 32.6663 29.5824 1.60973 0.260287 0.054516 -0.963991
1 26.6533 25.4384 1.75726 0.386221 0.322691 0.864121
1 20.9391 27.4242 1.58517 0.0568436 0.656304 -0.752352
1 4.84547 28.0504 1.76057 -0.0971181 -0.345408 0.933414
1 24.1215 9.26771 1.60584 0.0146117 0.256411 -0.966457
1 28.2256 27.4473 1.76035 0.0464804 0.701693 0.710961
1 24.4905 4.6978 1.61308 -0.670074 0.136818 -0.729576
1 32.5442 33.0212 1.76286 0.441249 0.430486 0.787389
1 14.3714 21.2069 1.61093 -0.246611 0.322094 -0.914023
1 16.7529 13.9654 1.76064 -0.267193 -0.104937 0.957912
1 14.2773 23.1801 1.6087 0.076326 0.329821 -0.940953
1 7.29522 4.81683 1.61145 0.153137 0.433199 -0.888194
1 33.4451 4.79752 1.60931 -0.0323934 0.135432 -0.990257
1 10.5954 4.12197 1.60896 0.0930547 -0.145812 -0.984926
1 31.4438 4.20029 1.60972 -0.136173 0.418254 -0.898065
1 10.8031 30.3355 1.75424 -0.513025 0.51672 0.685424
1 4.84888 2.01991 1.61363 0.182902 0.187691 -0.965049
1 26.0579 6.97533 1.61037 -0.290298 -0.0727726 -0.954165
1 2.97685 16.9926 1.74402 0.637608 0.234606 0.733769
1 25.1124 6.63972 1.61047 -0.32297 0.0763735 -0.943322
1 6.67561 18.1106 1.61598 0.338839 0.488232 -0.80425
1 0.516298 28.2744 1.60422 0.0133844 -0.441497 -0.897163
1 1.96045 22.2963 1.75431 -0.314769 0.0442197 0.948138
1 6.05549 8.79501 1.75845 0.731955 -0.183873 0.656074
1 0.186832 14.4213 1.75307 -0.387085 0.0951489 0.917122
1 34.4856 27.4726 1.60834 -0.120657 -0.313978 -0.941732
1 17.0523 8.34314 1.76006 0.331311 -0.0565941 0.941823
1 23.994 20.5253 1.6117 0.221353 0.375557 -0.899978
1 17.5519 29.9815 1.75222 0.378732 0.0667923 0.923093
1 26.3873 27.5138 1.7595 0.0142775 0.335469 0.941943
1 20.3482 34.517 1.74934 -0.176598 0.467703 0.866064
1 33.221 9.07834 1.76835 0.739165 -0.0877496 0.667783
1 33.8184 14.78 1.75658 -0.405538 -0.0734825 0.91112
1 26.9015 12.0779 1.61416 0.425145 -0.190456 -0.884861
1 23.3335 17.4488 1.6116 -0.302175 0.491385 -0.816842
1 27.4723 17.779 1.6092 -0.214646 -0.0666566 -0.974415
1 12.9571 0.400508 1.7295 -0.320252 -0.677644 0.661994
1 7.41766 7.10825 1.61519 0.556148 0.459786 -0.692313
1 0.00115689 18.0852 1.76906 0.467527 -0.283956 0.837131
1 22.2284 6.75464 1.63726 -0.152429 0.567631 -0.809049
1 7.77834 16.9448 1.60708 0.18801 0.229581 -0.954958
1 19.772 31.5203 1.75853 0.178831 0.379988 0.90754
1 26.0189 28.4388 1.75659 -0.146455 0.237959 0.96017
1 6.83948 22.299 1.75316 -0.663809 0.58805 0.46212
1 34.4327 5.19131 1.60671 0.0184195 0.016282 -0.999698
1 27.1103 22.3936 1.613 0.538241 0.0257219 -0.842399
1 8.16978 2.7702 1.61066 -0.106979 0.200037 -0.973931
1 10.6905 3.06761 1.61211 -0.0431814 -0.20112 -0.978614
1 1.64598 32.2421 1.75653 -0.116526 0.426763 0.896825
1 29.9507 33.8274 1.76112 0.330223 0.220165 0.917867
1 17.8316 10.5179 1.75834 0.107746 0.0873583 0.990333
1 4.73613 29.0999 1.75751 -0.271732 -0.345655 0.898156
1 14.7512 17.3372 1.76126 -0.664807 -0.48885 0.564852
1 1.73781 1.89754 1.65982 0.353068 0.52523 -0.774259
1 27.3384 8.37158 1.60889 -0.0939408 -0.265843 -0.959428
1 10.05 5.16792 1.60784 0.230628 -0.023012 -0.97277
1 28.0086 21.6447 1.6112 0.418911 -0.143508 -0.896615
1 13.1153 16.1215 1.59682 -0.0194722 -0.744916 -0.666874
1 1.54756 10.6896 1.75891 0.281513 0.274393 0.919488
1 17.4025 23.1933 1.60703 0.0601476 -0.153154 -0.98637
1 18.4467 1.8468 1.75418 -0.379593 0.187579 0.905938
1 13.671 23.9797 1.60968 0.222526 0.436701 -0.871651
1 18.6879 10.0776 1.7574 0.121364 0.229135 0.965799
1 9.6497 24.1353 1.75411 0.490893 0.280319 0.824891
1 26.9789 28.6216 1.75487 -0.174335 0.415681 0.892646
1 19.2026 28.1396 1.75279 0.618247 0.436739 0.653475
1 13.3334 30.4086 1.7446 0.344215 -0.499218 0.795171
1 2.05553 30.3768 1.60578 -0.116193 -0.850117 -0.513615
1 33.7834 1.19943 1.69001 -0.250764 0.595426 0.763273
1 8.4026 1.24843 1.61062 -0.0853109 -0.155263 -0.984183
1 30.9338 31.4113 1.63406 0.647331 0.378146 -0.661792
1 30.4923 16.658 1.62501 -0.408365 -0.519927 -0.750276
1 11.7775 13.5616 1.60916 -0.132175 -0.512308 -0.848569
1 25.8891 20.8369 1.61159 0.265724 0.12235 -0.956254
1 0.533191 3.33415 1.60998 -0.366646 -0.184676 -0.911847
1 1.93232 12.4739 1.75875 -0.0411564 0.345875 0.937377
1 9.68772 20.0593 1.61221 0.547934 -0.119848 -0.827892
1 27.5323 1.22364 1.76127 -0.118065 0.0746193 0.990198
1 28.2668 15.984 1.61076 -0.478525 -0.141878 -0.866536
1 31.9845 33.9007 1.75145 0.248628 0.430541 0.867651
1 3.48277 28.5767 1.75799 -0.170786 -0.549641 0.817757
1 25.9882 21.8453 1.61244 0.434386 0.107991 -0.89423
1 31.0525 28.6149 1.61111 0.0731688 0.369037 -0.92653
1 15.8169 2.17507 1.75078 -0.449577 -0.218448 0.866118
1 19.5388 5.31663 1.7692 0.744458 0.282893 0.604775
1 4.51414 13.5262 1.61324 -0.218498 0.797908 -0.561784
1 5.19452 31.2317 1.74762 -0.643412 -0.229387 0.730344
1 12.5599 6.32639 1.60787 0.343814 -0.425355 -0.837177
1 16.7144 0.531236 1.75843 -0.256978 -0.0548302 0.964861
1 11.4672 9.96995 1.60858 -0.572349 -0.392573 -0.719932
1 15.8545 24.1143 1.60946 0.217357 0.0914313 -0.9718
1 2.73874 26.2725 1.76351 0.255972 -0.636318 0.727721
1 32.8382 20.3173 1.75978 -0.0127925 -0.679401 0.733655
1 12.5779 25.7302 1.72429 0.351529 0.76965 0.532979
1 9.61396 4.19209 1.60531 0.116608 0.0159245 -0.99305
1 3.18284 19.7898 1.75662 0.13718 0.203319 0.969455
1 4.72365 24.1417 1.73124 0.660584 -0.41716 0.624185
1 24.9788 9.66244 1.60962 0.0595129 0.122517 -0.99068
1 10.4305 23.4714 1.74739 0.663588 0.329976 0.671391
1 34.5498 7.66371 1.62194 0.531492 0.0968932 -0.841504
1 23.7696 22.5172 1.63295 0.580068 0.321948 -0.748245
1 27.7777 20.6106 1.6077 0.242474 -0.14241 -0.959649
1 29.8633 20.8344 1.61313 0.302909 -0.422457 -0.854269
1 30.8045 5.09385 1.6131 0.0263328 0.549948 -0.834783
1 8.48142 11.1646 1.61544 -0.394628 0.0343674 -0.918198
1 9.09967 2.40028 1.60409 -0.109749 0.018661 -0.993784
1 18.1317 21.0457 1.60239 -0.328649 -0.267406 -0.905806
1 6.83023 29.8646 1.75665 -0.402017 -0.0265404 0.915248
1 29.4588 24.9218 1.6139 -0.508451 0.548594 -0.663719
1 33.1464 28.6818 1.6081 0.102524 -0.0503676 -0.993454
1 22.3592 19.3816 1.61215 0.0381569 0.61438 -0.788087
1 33.6313 8.25042 1.61911 0.733723 0.159267 -0.660519
1 15.9802 20.6174 1.61086 -0.3531 0.0424761 -0.934621
1 27.406 26.3885 1.75232 0.240983 0.532888 0.811146
1 17.7462 21.9553 1.60677 -0.154097 -0.212024 -0.965039
1 22.6311 23.0437 1.76576 -0.799132 -0.266604 0.538804
1 26.6023 9.04 1.60683 -0.00612873 -0.149629 -0.988723
1 18.1555 30.7888 1.7593 0.265175 0.145021 0.953232
1 15.6089 31.9306 1.75973 0.0956555 -0.194732 0.976181
1 30.4898 3.91903 1.61156 -0.20338 0.564803 -0.799771
1 7.35721 30.7259 1.75328 -0.56113 0.0626455 0.825354
1 20.6846 29.621 1.73355 0.438275 0.54453 0.715124
1 29.423 31.7623 1.75173 0.691829 0.193866 0.695549
1 5.65638 27.4662 1.75994 -0.00329875 -0.238623 0.971107
1 26.9447 21.3473 1.61105 0.350345 -0.0138917 -0.936518
1 27.9012 2.09303 1.76373 -0.284854 0.149972 0.946766
1 26.9306 11.0702 1.60752 0.275804 -0.184143 -0.94341
1 32.2579 10.4656 1.75489 0.389549 -0.328234 0.860531
1 31.3275 22.1801 1.60402 0.482053 -0.589199 -0.648437
1 16.923 25.8542 1.61965 0.522056 -0.0413359 -0.851909
1 30.1837 6.19979 1.6063 0.292436 0.700274 -0.651227
1 15.8455 22.4291 1.60792 -0.0599019 0.0805347 -0.99495
1 19.5279 19.7454 1.60938 -0.51754 -0.471813 -0.713824
1 6.80471 10.7124 1.61726 -0.373008 0.336327 -0.864725
1 14.251 10.2066 1.75089 0.0704488 -0.524509 0.848485
1 20.4265 28.2373 1.75212 0.595167 0.680065 0.428121
1 15.4319 30.2798 1.75754 0.331094 -0.212147 0.91944
1 34.3311 10.3932 1.75553 0.404378 -0.0148004 0.914472
1 29.3741 29.2683 1.61436 0.172721 0.63972 -0.748949
1 28.7607 2.52756 1.756 -0.360097 0.319608 0.876459
1 12.5225 33.5826 1.7478 -0.14644 -0.666407 0.731066
1 0.82672 8.44733 1.61115 0.721161 0.0315702 -0.692048
1 31.4669 17.6577 1.61133 -0.253034 -0.666613 -0.701143
1 1.98792 3.39881 1.67253 -0.417052 -0.203696 -0.885763
1 19.6719 14.8513 1.75536 -0.295306 0.347552 0.889945
1 29.2123 27.8844 1.60983 -0.0621558 0.734959 -0.675256
1 33.0101 34.151 1.76011 0.158438 0.543256 0.824482
1 27.0029 6.52105 1.60933 -0.41053 -0.218111 -0.885377
1 26.4541 24.3311 1.75149 0.583422 0.276657 0.763597
1 20.374 2.53171 1.75054 -0.459016 0.533761 0.710213
1 4.94256 30.195 1.7499 -0.461083 -0.27862 0.84248
1 15.2969 10.4681 1.75424 0.0291327 -0.338872 0.940381
1 10.3451 16.2867 1.60688 0.0982839 -0.21612 -0.971408
1 0.779441 9.99519 1.75436 0.416609 0.142815 0.897798
1 8.64755 23.4883 1.74962 0.596563 0.119022 0.793691
1 32.8411 6.3636 1.61233 0.291783 0.237431 -0.926547
1 13.333 12.6827 1.73923 -0.136233 -0.758449 0.637334
1 26.5583 19.4271 1.60842 0.0426402 0.0292981 -0.998661
1 15.7122 13.7308 1.75821 -0.28299 -0.276375 0.918441
1 7.65649 33.1453 1.63875 -0.572117 -0.129207 -0.80993
1 15.1235 14.4462 1.74841 -0.357451 -0.395271 0.846162
1 29.143 34.5099 1.76286 0.189718 0.157765 0.969081
1 32.2282 13.4334 1.7591 -0.137575 -0.310883 0.940439
1 11.6412 34.348 1.61342 -0.346364 -0.688028 -0.637691
1 13.5574 34.1757 1.75134 -0.237126 -0.526075 0.816711
1 20.4247 32.4366 1.7578 0.0558444 0.470518 0.880622
1 11.5067 8.28682 1.61379 0.729413 -0.172444 -0.661981
1 19.5007 29.2862 1.74555 0.474056 0.354671 0.805902
1 13.9698 15.9054 1.77195 -0.469509 -0.679765 0.563454
1 16.9732 19.2188 1.61621 -0.64539 -0.0800141 -0.759651
1 4.82694 11.6606 1.60842 -0.219511 0.75019 -0.623723
1 14.5747 15.2025 1.74542 -0.421343 -0.531085 0.735131
1 2.88437 29.9252 1.75121 -0.371803 -0.608596 0.70098
1 26.2585 31.7363 1.73123 0.795792 -0.130677 0.591303
1 8.75035 17.2391 1.60961 0.220226 0.0769712 -0.972407
1 11.4873 2.45757 1.60696 -0.222452 -0.297214 -0.928536
1 2.55202 33.2056 1.60704 -0.428081 0.56005 -0.709288
1 27.8825 10.348 1.60908 0.20539 -0.33741 -0.918678
1 27.5122 23.3993 1.61093 0.705723 0.0872272 -0.703097
1 25.4566 32.6057 1.75878 0.587984 -0.152493 0.794368
1 5.85826 2.43511 1.60321 0.239577 0.0989781 -0.965819
1 10.6507 24.8257 1.75744 0.40637 0.465112 0.78647
1 19.9189 18.5011 1.74962 -0.791479 0.209806 0.574057
1 2.64612 10.6232 1.7643 0.289969 0.452929 0.843074
1 13.2063 8.45622 1.76245 0.408576 -0.696257 0.590163
1 25.5622 8.82363 1.60734 -0.0461325 0.0111988 -0.998873
1 2.72854 0.0343388 1.61286 -0.125973 0.476818 -0.869928
1 26.2097 8.10168 1.60834 -0.13789 -0.100564 -0.985329
1 12.848 27.9065 1.7433 -0.262571 0.746928 0.610864
1 7.21319 16.0563 1.6097 0.0764799 0.307388 -0.948506
1 19.5984 25.366 1.60893 0.463804 -0.454943 -0.760205
1 8.68729 20.6965 1.62321 0.658255 0.0460853 -0.751383
1 9.73443 3.19719 1.60655 0.00137073 -0.0475619 -0.998867
1 0.252788 26.5417 1.61348 -0.295786 -0.400862 -0.867076
1 4.01343 5.65804 1.60675 0.0387748 -0.522755 -0.851601
1 16.9416 9.32913 1.76026 0.211434 -0.0656769 0.975183
1 25.3067 7.64934 1.60913 -0.182974 0.0393582 -0.98233
1 26.697 3.72868 1.75555 -0.66896 0.0305318 0.742671
1 14.885 22.3203 1.60967 -0.0716993 0.234321 -0.969512
1 0.99441 12.6865 1.75843 -0.0593849 0.193194 0.979362
1 25.1981 27.9306 1.7597 -0.0691563 0.0966167 0.992916
1 22.8165 12.2703 1.60916 0.351726 0.45901 -0.815843
1 25.5343 17.1659 1.61647 -0.335547 0.176307 -0.925378
1 16.323 1.3859 1.75553 -0.361117 -0.131434 0.923212
1 24.6861 13.0369 1.60836 0.51116 0.13038 -0.849539
1 23.7788 10.2883 1.60799 0.118702 0.347579 -0.930107
1 18.812 21.864 1.60875 -0.166954 -0.368911 -0.914347
1 1.30525 26.5564 1.6191 -0.239621 -0.593869 -0.76805
1 30.9466 0.901539 1.75381 -0.0107276 0.313563 0.949507
1 1.86343 9.74588 1.75629 0.498341 0.29824 0.814069
1 8.4004 27.725 1.76027 -0.0555778 0.145591 0.987783
1 26.2594 33.2782 1.75148 0.392203 -0.135956 0.909776
1 9.7192 0.215268 1.61033 -0.28408 -0.345074 -0.894552
1 3.92799 11.9524 1.74154 -0.000400256 0.763096 0.646286
1 1.1543 29.1398 1.61986 0.166801 -0.524524 -0.834896
1 24.9483 12.0494 1.60642 0.355071 0.114717 -0.927774
1 22.7992 26.8888 1.75755 0.0839693 -0.33728 0.937652
1 3.06622 3.57365 1.61685 -0.348706 -0.350865 -0.869079
1 5.73127 28.572 1.75875 -0.193172 -0.20574 0.959352
1 20.6045 10.5929 1.74279 0.0713975 0.570889 0.817917
1 27.0285 5.57149 1.61559 -0.599862 -0.205907 -0.773155
1 5.65198 22.2124 1.73259 -0.34413 0.576596 0.741021
1 33.9972 15.736 1.75279 -0.57139 -0.0456342 0.819409
1 28.3099 13.3611 1.61666 0.598901 -0.495497 -0.629127
1 28.3186 5.24388 1.61332 -0.601744 -0.386367 -0.699017
1 18.4832 7.12082 1.7598 0.470116 0.174218 0.865239
1 17.3564 1.80377 1.75908 -0.386495 0.0204869 0.922064
1 33.1538 2.82496 1.59792 -0.415623 0.0899496 -0.905078
1 8.69598 25.6094 1.75589 0.270316 0.15128 0.950812
1 3.85228 31.799 1.75544 0.869537 0.151602 0.470024
1 23.941 21.5332 1.63041 0.394304 0.349331 -0.849995
1 8.669 26.737 1.75957 0.0994661 0.162479 0.981686
1 33.5939 21.2473 1.75745 -0.17384 -0.514676 0.839577
1 28.8603 33.4709 1.75809 0.392723 0.0981107 0.914409
1 34.4574 20.8136 1.76237 -0.0818276 -0.357811 0.930202
1 14.7499 26.7524 1.60908 0.698128 0.160881 -0.697664
1 9.04958 28.4421 1.75629 -0.170814 0.243152 0.95483
1 25.8282 12.6524 1.60875 0.479863 -0.0351217 -0.87664
1 15.6641 0.401107 1.75482 -0.268079 -0.211347 0.939929
1 0.628305 16.169 1.72314 -0.777446 0.100309 0.620899
1 18.3284 22.8039 1.60756 -0.00142734 -0.290971 -0.956731
1 30.4219 29.4785 1.61128 0.231964 0.462446 -0.855767
1 34.0263 25.706 1.60724 -0.479178 -0.254315 -0.840067
1 13.5647 6.44908 1.61294 0.330461 -0.586195 -0.73971
1 17.8223 27.6411 1.75087 0.78904 0.132166 0.599957
1 21.8039 9.89378 1.59585 -0.00222746 0.769712 -0.638388
1 24.8199 19.1275 1.60899 -0.00450935 0.272694 -0.96209
1 0.875401 33.0631 1.75768 -0.200064 0.209089 0.957213
1 32.0904 28.7335 1.60821 0.112846 0.162503 -0.980234
1 11.2245 26.9401 1.75544 0.0556871 0.571203 0.818917
1 2.76518 21.6177 1.75635 -0.185216 0.147813 0.971518
1 32.0426 6.92088 1.60827 0.371048 0.368612 -0.85232
1 33.2691 10.8924 1.76247 0.349502 -0.161664 0.922883
1 28.0254 31.5329 1.75325 0.732837 -0.0430841 0.679039
1 20.756 17.4231 1.75579 -0.577907 0.490531 0.652229
1 15.4426 7.113 1.75965 0.516113 -0.354888 0.77954
1 4.78068 0.159274 1.60842 -0.186245 0.211413 -0.959488
1 32.7238 24.929 1.62179 -0.542534 -0.0598485 -0.837899
1 28.6884 1.43947 1.76129 -0.142359 0.207448 0.967832
1 24.3073 7.42446 1.61148 -0.210991 0.197343 -0.95736
1 28.8298 10.8123 1.61732 0.303945 -0.492257 -0.81566
1 23.7512 26.657 1.75875 0.141194 -0.166487 0.975882
1 27.6112 30.618 1.76342 -0.736984 0.25942 0.624144
1 14.8846 31.2436 1.7599 0.17596 -0.29331 0.939685
1 2.48263 4.35648 1.60607 -0.193454 -0.300825 -0.933852
1 11.4649 12.0186 1.60709 -0.216907 -0.528276 -0.820899
1 3.56278 20.7157 1.75734 -0.0432975 0.25378 0.966293
1 18.0043 5.39445 1.7447 0.75462 -0.00956228 0.656093
1 1.67882 17.0461 1.73338 0.669731 0.00173627 0.742602
1 17.9005 12.544 1.75888 -0.1107 0.0931337 0.98948
1 20.7406 7.80558 1.77262 0.340638 0.670018 0.659577
1 7.46889 9.41243 1.61071 -0.610848 0.176237 -0.771884
1 10.4431 11.8358 1.60814 -0.309031 -0.318515 -0.896129
1 17.9935 2.84885 1.75774 -0.518018 0.129817 0.845462
1 33.2742 30.44 1.60923 0.400804 -0.0598941 -0.914204
1 10.0889 2.20418 1.60198 -0.110757 -0.157921 -0.981221
1 33.7045 33.3193 1.76544 0.298336 0.629082 0.71781
1 0.290923 12.0112 1.75768 0.0782088 0.0824804 0.993519
1 30.6936 12.6289 1.75693 0.0593546 -0.580625 0.812005
1 3.92033 30.7994 1.75005 -0.543325 -0.418404 0.72783
1 9.39761 1.17692 1.60835 -0.145286 -0.275047 -0.95039
1 28.9009 16.8896 1.61545 -0.340323 -0.278349 -0.898166
1 4.59229 23.1032 1.75136 -0.537227 0.437328 0.721201
1 10.5529 25.9469 1.75591 0.225418 0.46017 0.858738
1 6.95665 14.9963 1.60863 -0.058611 0.345027 -0.936761
1 24.4595 24.8031 1.74106 0.5097 -0.0780739 0.856803
1 16.2747 21.5675 1.60977 -0.195678 0.00411336 -0.98066
1 22.5258 27.9797 1.75713 -0.119469 -0.381783 0.916498
1 29.2871 3.33576 1.7482 -0.472355 0.491187 0.731858
1 17.734 6.32952 1.76262 0.597323 0.0278952 0.801515
1 6.78589 28.9039 1.75871 -0.251319 -0.0435448 0.966924
1 19.0043 11.2525 1.75499 0.0362393 0.271722 0.961693
1 10.6758 33.3082 1.61902 -0.518673 -0.464955 -0.717492
1 14.0281 0.910625 1.7545 -0.370287 -0.502511 0.781262
1 4.17497 3.72973 1.61617 -0.32733 -0.490226 -0.807796
1 13.3191 2.95784 1.62289 -0.39179 -0.590501 -0.705556
1 34.5115 21.8982 1.75877 -0.281034 -0.330071 0.901151
1 19.3412 34.4307 1.7585 -0.155604 0.310041 0.937903
1 0.611354 6.96021 1.61108 0.371115 0.00623691 -0.928566
1 5.46616 24.7666 1.74413 0.486831 -0.348103 0.801137
1 15.1967 34.0208 1.75837 -0.159033 -0.267221 0.950422
1 23.4519 31.0394 1.73059 -0.690614 -0.18665 0.698723
1 32.0508 14.4587 1.75976 -0.321601 -0.353002 0.878614
1 0.1461 29.3334 1.60905 0.213984 -0.34778 -0.912831
1 11.6365 14.8256 1.61591 -0.0308092 -0.467684 -0.883358
1 23.7273 33.9875 1.75839 0.390701 -0.453402 0.801111
1 13.3428 4.18689 1.62729 -0.126608 -0.593993 -0.794445
1 10.9062 14.0801 1.61386 -0.0978151 -0.322218 -0.941598
1 11.4288 18.0702 1.61827 0.292011 -0.380704 -0.877379
1 28.998 18.7517 1.60858 -0.0331556 -0.312833 -0.949229
1 25.9288 9.74795 1.60741 0.0802835 -0.0278779 -0.996382
1 16.0392 9.79784 1.75885 0.134075 -0.220931 0.96603
1 11.6339 28.0758 1.75376 -0.169182 0.613571 0.771303
1 23.8479 24.0404 1.7678 0.661018 -0.157844 0.733581
1 34.069 3.34229 1.60632 -0.3518 -0.0354214 -0.935405
1 2.11932 24.8071 1.5944 0.737842 -0.209386 -0.641675
1 30.1056 28.3227 1.61417 -0.0047567 0.555402 -0.831568
1 4.69218 21.9879 1.74938 -0.29251 0.44368 0.847104
1 8.92468 12.9657 1.6085 -0.191655 -0.0508189 -0.980146
1 33.0529 16.3704 1.75567 -0.69119 -0.164041 0.703808
1 16.0977 29.0952 1.75957 0.512273 -0.10182 0.852765
1 24.6687 8.41932 1.60765 -0.0808786 0.143925 -0.986278
1 21.4241 32.1807 1.75262 0.0566569 0.628848 0.775462
1 9.33346 18.0728 1.6098 0.307832 -0.00965591 -0.951392
1 0.118745 6.11091 1.60552 0.192947 0.0048296 -0.981197
1 17.1922 4.55429 1.75641 -0.794721 0.0609077 0.603911
1 13.1991 22.8986 1.61507 0.0444659 0.504164 -0.862463
1 12.4125 12.5824 1.60491 -0.126788 -0.740444 -0.660051
1 29.7862 4.8784 1.60355 -0.0121111 0.68972 -0.723975
1 33.7337 29.5 1.60916 0.246549 -0.156021 -0.956489
1 27.4891 19.6054 1.60645 0.0769374 -0.106053 -0.99138
1 4.76045 16.6602 1.60758 0.251685 0.733399 -0.631491
1 16.1409 17.3625 1.75611 -0.723849 -0.201175 0.659978
1 30.0056 10.3902 1.59373 0.392398 -0.697942 -0.599083
1 15.7919 4.19223 1.74871 -0.716175 -0.236831 0.656509
1 30.1447 15.434 1.61461 -0.631329 -0.410948 -0.657682
1 30.4273 11.4872 1.75863 0.273756 -0.641407 0.716697
1 33.0062 14.1213 1.75955 -0.269994 -0.189093 0.944112
1 32.7533 22.947 1.74935 -0.509493 -0.570217 0.644414
1 25.5158 14.5827 1.61442 0.774461 -0.106365 -0.623616
1 3.80141 26.4905 1.756 0.197504 -0.500024 0.84319
1 31.6646 27.7985 1.6095 -0.0588295 0.232132 -0.970904
1 7.47288 28.1198 1.7596 -0.109003 0.0235458 0.993763
1 12.7879 7.58759 1.61706 0.583455 -0.47018 -0.662201
1 19.3143 15.9085 1.75676 -0.417638 0.301942 0.856977
1 23.1144 18.6155 1.60637 -0.0880513 0.50949 -0.85596
1 32.7344 21.6577 1.76528 -0.231469 -0.664396 0.710633
1 17.3654 32.5921 1.75959 0.041295 0.0427654 0.998231
1 26.1929 29.4034 1.7545 -0.323206 0.250213 0.912651
1 24.2241 29.3678 1.75816 -0.350712 -0.0915833 0.931994
1 5.22094 14.2639 1.62405 -0.196097 0.641349 -0.741766
1 8.79837 3.55112 1.60718 0.0250159 0.127101 -0.991574
1 2.58076 20.6213 1.75925 -0.0119317 0.103523 0.994556
1 19.808 21.8644 1.6136 -0.170895 -0.536923 -0.82614
1 25.9463 11.6698 1.60815 0.33546 -0.033851 -0.941446
1 19.0484 8.03968 1.76399 0.339826 0.303231 0.890264
1 25.79 18.8189 1.60868 -0.0597811 0.132842 -0.989333
1 33.6155 17.71 1.75314 0.470953 -0.481318 0.739281
1 13.4879 19.4081 1.60218 -0.562375 0.499866 -0.658686
1 11.7359 22.5923 1.78481 -0.00170292 -0.778261 0.627939
1 12.9288 31.9019 1.7681 0.106733 -0.573505 0.812219
1 33.6925 22.467 1.75671 -0.397333 -0.461099 0.793419
1 6.56396 4.00128 1.60707 0.0045107 0.568465 -0.822695
1 3.21001 6.3667 1.60773 0.202903 -0.380197 -0.902375
1 22.4069 32.0807 1.76794 0.140461 0.778024 0.612331
1 10.8807 17.1559 1.60767 0.192129 -0.295474 -0.935832
1 23.8269 19.4439 1.60917 0.0495502 0.412792 -0.909477
1 7.51903 20.113 1.62655 0.606799 0.282344 -0.743019
1 5.77607 0.370689 1.6101 -0.159487 0.0995491 -0.982168
1 1.43179 27.8521 1.61464 -0.00463888 -0.654381 -0.75615
1 14.285 33.4801 1.75799 -0.119569 -0.401824 0.907877
1 28.4799 17.8019 1.60931 -0.193812 -0.221727 -0.955654
1 8.58375 19.6632 1.614 0.521157 0.10435 -0.847057
1 10.4143 21.0804 1.60716 0.661327 -0.298612 -0.688097
1 31.1902 1.99472 1.70424 -0.729136 0.616945 0.296207
1 1.38093 4.12098 1.61348 -0.20467 -0.205404 -0.957037
1 28.8401 15.0968 1.60635 -0.649066 -0.099387 -0.754212
1 13.878 29.2307 1.74435 0.523096 -0.397338 0.753985
1 23.4598 27.6893 1.75936 -0.0536661 -0.216944 0.974708
1 10.6917 7.12815 1.61182 0.511193 -0.106867 -0.852796
1 31.0889 30.4453 1.60489 0.45415 0.34227 -0.822556
1 11.334 0.915717 1.60974 -0.131486 -0.616718 -0.776125
1 30.313 19.7725 1.62793 0.148514 -0.531921 -0.833669
1 31.9316 25.7332 1.61038 -0.400865 0.13139 -0.906666
1 24.844 5.64186 1.61403 -0.484852 0.110485 -0.867589
1 23.667 5.52745 1.60988 -0.472093 0.291845 -0.831838
1 7.76473 14.3027 1.60463 -0.0894704 0.1563 -0.983649
1 29.196 6.33567 1.6286 -0.426436 -0.599523 -0.677292
1 34.4495 9.42672 1.7513 0.594545 0.043416 0.802889
1 12.2811 1.2456 1.59478 -0.1369 -0.786934 -0.601659
1 18.6201 14.5358 1.76075 -0.286897 0.192172 0.938488
1 14.6903 3.13717 1.75603 -0.61251 -0.508789 0.604951
1 0.294489 17.1446 1.72046 0.673918 -0.19652 0.71219
1 8.08977 28.874 1.76091 -0.238625 0.102101 0.965729
1 21.6394 0.991381 1.64852 -0.478842 0.659378 0.579596
1 12.0651 11.1406 1.60747 -0.346103 -0.608839 -0.713813
1 15.703 15.5717 1.75551 -0.470744 -0.303867 0.82829
1 30.2237 25.5338 1.60861 -0.399493 0.472699 -0.785468
1 24.2169 30.3493 1.75766 -0.527336 -0.0898116 0.844897
1 8.69529 24.6059 1.75992 0.421089 0.131982 0.897365
1 3.46143 18.0471 1.76352 0.464817 0.316099 0.827059
1 6.14668 6.51995 1.64388 0.364955 0.734762 -0.571781
1 25.6241 34.1796 1.74987 0.248896 -0.209631 0.945572
1 6.50825 19.1988 1.62343 0.511606 0.487884 -0.707269
1 22.8895 21.5476 1.62359 0.398634 0.495755 -0.771569
1 20.0559 30.3392 1.74997 0.334176 0.417916 0.844791
1 10.6366 19.0458 1.62065 0.415754 -0.25794 -0.872133
1 32.2208 7.97437 1.61469 0.577375 0.332075 -0.745899
1 15.2032 8.25107 1.75585 0.34901 -0.378863 0.85712
1 18.1077 11.5559 1.75861 -0.000165477 0.132129 0.991232
1 7.2862 5.95642 1.61274 0.361881 0.432008 -0.826082
1 6.84538 2.26693 1.60627 0.17825 -0.0523616 -0.982591
1 14.3616 30.3673 1.75495 0.321563 -0.340449 0.883568
1 28.899 23.6164 1.61102 0.729301 -0.143743 -0.668923
1 33.778 26.6703 1.60745 -0.274455 -0.204693 -0.939561
1 8.26155 32.2962 1.6474 -0.785494 -0.0305042 -0.618116
1 15.7099 27.5737 1.7456 0.843631 -0.134531 0.519797
1 27.1803 32.4275 1.74761 0.57443 -0.129069 0.808314
1 16.8562 22.3666 1.60819 -0.0731237 -0.0809963 -0.994028
1 27.9956 18.7121 1.60853 -0.0565049 -0.164469 -0.984763
1 28.4326 19.7102 1.60579 0.10683 -0.246586 -0.963215
1 16.4483 24.9934 1.60855 0.361705 0.00300022 -0.932288
1 13.1906 24.8769 1.60879 0.371632 0.528663 -0.763154
1 4.27903 25.349 1.7314 0.424513 -0.511723 0.746946
1 6.49643 32.4844 1.62465 -0.727704 0.0175186 -0.685667
1 1.72527 18.7091 1.75569 0.337596 -0.0277636 0.940882
1 14.0438 28.0421 1.74526 0.679459 -0.459846 0.571732
1 12.6104 29.7766 1.72113 0.50909 -0.593747 0.623131
1 16.6286 12.0692 1.75547 -0.0782377 -0.105824 0.991302
1 0.192909 22.9848 1.75781 -0.479351 -0.253783 0.840129
1 24.1413 1.01601 1.75255 0.0651142 -0.363373 0.929366
1 18.7403 16.8813 1.74963 -0.550959 0.210545 0.807537
1 25.2353 29.9214 1.75714 -0.438075 0.072559 0.896005
1 31.8263 5.61678 1.59796 0.136641 0.413264 -0.900301
1 10.6542 28.0031 1.75263 -0.11102 0.470169 0.875566
1 26.8434 13.0678 1.61481 0.563796 -0.208453 -0.799175
1 32.3725 11.5095 1.75435 0.204454 -0.314872 0.926852
1 3.76069 21.6833 1.75742 -0.218354 0.293726 0.930616
1 17.5685 25.0182 1.61105 0.372453 -0.150001 -0.915848
1 29.141 21.7418 1.61134 0.455455 -0.292932 -0.840686
1 15.0377 12.778 1.76231 -0.194097 -0.395417 0.897759
1 0.549039 10.9855 1.75759 0.252145 0.113509 0.961009
1 16.015 18.301 1.75374 -0.883474 -0.039174 0.466839
1 25.1779 30.9529 1.74837 -0.671963 0.0602945 0.738126
1 26.9374 14.0121 1.62596 0.700324 -0.275579 -0.658485
1 21.6189 7.89478 1.60499 -0.0157094 0.801817 -0.597364
1 7.6212 25.1422 1.75492 0.359611 -0.0220462 0.932842
1 0.684875 20.3687 1.76107 0.0134291 -0.205739 0.978515
1 6.07091 14.6641 1.61271 -0.122903 0.502972 -0.85552
1 10.8837 12.927 1.60985 -0.180279 -0.344138 -0.921449
1 20.2374 20.8837 1.61544 -0.326434 -0.610472 -0.72164
1 2.58964 23.0162 1.76109 -0.435903 0.16086 0.885501
1 9.03979 4.9696 1.60589 0.202466 0.143843 -0.968668
1 5.51472 34.02 1.60796 -0.344712 0.115042 -0.931632
1 19.4055 32.5344 1.75821 0.0580751 0.317835 0.946366
1 19.8609 12.6466 1.75241 -0.124882 0.413571 0.901867
1 29.0417 11.9671 1.61894 0.430885 -0.642456 -0.63371
1 3.60775 10.548 1.73717 0.217774 0.633488 0.742474
1 25.3067 0.583709 1.75754 0.0661349 -0.241589 0.968122
1 33.0099 18.8926 1.76073 0.187673 -0.646191 0.73974
1 3.00831 5.29455 1.60713 -0.00196417 -0.352258 -0.935901
1 25.8617 1.88436 1.75942 -0.222928 -0.122595 0.967095
1 2.27764 15.9987 1.76567 -0.781524 0.275259 0.559868
1 14.1829 5.34261 1.61561 0.0588465 -0.670799 -0.739301
1 14.3389 7.72093 1.74746 0.411526 -0.521834 0.747219
1 20.5252 15.4205 1.76028 -0.250249 0.539962 0.803627
1 5.82373 26.4551 1.76187 0.173986 -0.258909 0.950103
1 16.4581 16.4797 1.76033 -0.594158 -0.167836 0.786643
1 6.92067 7.97496 1.59894 0.745748 0.421442 -0.515991
1 33.2811 11.8294 1.7589 0.156224 -0.158216 0.974968
1 3.67193 22.7017 1.7489 -0.39728 0.320832 0.859788
1 18.9058 33.4857 1.759 -0.0498842 0.246522 0.967852
1 8.6351 33.8175 1.61293 -0.408999 -0.225698 -0.884183
1 31.5525 29.5735 1.60983 0.267173 0.271551 -0.924597
1 23.0211 20.404 1.60386 0.1922 0.522488 -0.830702
1 15.1187 28.5106 1.76555 0.67142 -0.194869 0.714997
1 21.7697 4.11874 1.76627 -0.670502 -0.0751473 0.738093
1 8.98043 29.4652 1.75547 -0.344527 0.242168 0.907004
1 20.2463 23.1961 1.60079 0.0334111 -0.6097 -0.791927
1 0.0493415 31.3046 1.6129 0.578438 -0.33369 -0.744353
1 12.5702 17.5677 1.60352 0.250069 -0.613705 -0.748887
1 12.4068 4.30398 1.61514 0.0185292 -0.446061 -0.894811
1 2.71209 1.80784 1.77832 -0.252909 -0.40261 0.87974
1 25.96 5.98853 1.61203 -0.457405 -0.0574226 -0.887403
1 14.1702 32.3295 1.7577 0.05164 -0.391903 0.918556
1 1.31307 14.4174 1.75358 -0.410899 0.263971 0.872629
1 23.2296 11.3079 1.60936 0.211604 0.422857 -0.881145
1 9.67184 25.2029 1.75729 0.332051 0.304414 0.89279
1 15.583 11.8808 1.75918 -0.0783773 -0.282668 0.95601
1 27.5554 9.35671 1.60627 0.0504774 -0.308718 -0.949813
1 2.19887 19.6228 1.75899 0.16884 0.0442524 0.98465
1 7.69755 0.461287 1.60892 -0.204974 -0.0794322 -0.975539
1 34.0266 23.6283 1.74779 -0.629716 -0.350938 0.693037
1 32.1951 30.4626 1.60905 0.414703 0.143247 -0.898611
1 7.11016 12.6008 1.61131 -0.220827 0.241082 -0.945048
1 33.9602 24.6929 1.63523 -0.688132 -0.273357 -0.672123
1 31.0283 7.45612 1.61589 0.45981 0.563084 -0.686667
1 18.3355 34.4387 1.75998 -0.155495 0.168278 0.973398
1 27.3149 27.5593 1.75294 0.0286946 0.521745 0.852619
1 29.2371 26.334 1.60111 -0.234103 0.731057 -0.640899
1 3.86937 2.7829 1.78565 0.989041 0.0966626 -0.111595
1 19.343 22.8188 1.61481 -0.00455319 -0.449945 -0.893045
1 16.271 34.2571 1.75836 -0.161935 -0.110225 0.980626
1 22.0584 20.5335 1.63245 0.241778 0.666523 -0.705188
1 15.1099 9.39402 1.7559 0.18608 -0.386281 0.903416
1 6.40247 11.8466 1.61205 -0.245532 0.382167 -0.890877
1 18.0707 8.23157 1.75993 0.328225 0.125835 0.93618
1 27.8255 16.8684 1.61131 -0.351832 -0.113643 -0.929139
1 0.74415 24.0468 1.75376 -0.655903 -0.12329 0.744708
1 0.679687 31.9482 1.76332 0.583152 -0.602421 0.544998
1 0.616817 18.798 1.75458 0.320733 -0.213308 0.922838
1 22.9338 7.64708 1.60801 -0.146298 0.409567 -0.900473
1 4.4436 33.8246 1.60741 -0.366108 0.258524 -0.893941
1 13.4542 11.0808 1.75749 -0.022645 -0.664165 0.747243
1 16.2232 14.7647 1.75618 -0.377304 -0.193969 0.905548
1 14.2105 8.96691 1.75162 0.246972 -0.533585 0.808883
1 18.6806 24.758 1.60949 0.348266 -0.318619 -0.881585
1 7.42223 1.46172 1.60965 -0.00618782 -0.0568954 -0.998361
1 1.76945 21.363 1.76007 -0.151181 -0.0147023 0.988397
1 6.92809 13.8174 1.61132 -0.155774 0.289746 -0.944342
1 1.15383 17.8976 1.76572 0.500868 -0.0932893 0.860482
1 32.5915 12.5069 1.75836 0.0238291 -0.252732 0.967243
1 8.16729 12.2126 1.60881 -0.272766 0.0724233 -0.959351
1 23.117 14.2105 1.61581 0.675328 0.35742 -0.645123
1 7.8691 15.3183 1.60633 -0.000892914 0.181355 -0.983417
1 20.8118 22.2239 1.60865 -0.166974 -0.719148 -0.674497
1 13.9434 22.2005 1.61403 -0.0864161 0.382486 -0.919911
1 16.3734 23.2617 1.6076 0.0737263 0.00561178 -0.997263
1 21.2753 16.1577 1.76135 -0.328183 0.647461 0.687815
1 4.12449 6.89318 1.60991 0.250521 -0.53989 -0.803591
1 6.47136 33.4584 1.61122 -0.504377 -0.00176978 -0.863482
1 26.3026 0.214493 1.7556 0.0819372 -0.130437 0.988065
1 6.6093 20.6369 1.62147 -0.527124 -0.704974 -0.474501
1 8.18226 31.4349 1.7519 -0.727191 0.131907 0.673642
1 23.162 6.51856 1.61115 -0.270829 0.395799 -0.877494
1 24.3933 27.4017 1.76006 0.0122139 -0.0480705 0.998769
1 0.501152 25.5027 1.61029 -0.48185 -0.46529 -0.742513
1 26.865 2.05851 1.76008 -0.27079 0.0170899 0.962487
1 1.78676 13.4756 1.75991 -0.221702 0.325678 0.91912
1 21.5497 30.8519 1.73786 0.315106 0.660098 0.681893
1 0.906439 22.2761 1.75794 -0.329698 -0.135404 0.934326
1 9.48665 32.7609 1.60714 -0.599858 -0.204661 -0.773488
1 3.79423 1.8775 1.62456 0.168277 0.278686 -0.945525
1 14.5613 0.100459 1.75535 -0.26702 -0.375456 0.887544
1 31.1284 6.24362 1.64809 0.240107 0.540241 -0.806529
1 14.98 20.3117 1.61027 -0.397325 0.22112 -0.89064
1 1.63314 20.4207 1.75994 0.0173284 -0.049206 0.998638
1 19.9313 33.4849 1.7564 -0.052348 0.399721 0.915141
1 33.3093 13.1541 1.75818 -0.102947 -0.135901 0.985359
1 8.70476 7.47623 1.62118 0.652569 0.203896 -0.729781
1 24.9421 21.211 1.61159 0.338297 0.235484 -0.9111
1 33.1816 3.83702 1.60799 -0.223363 0.121292 -0.967159
1 15.3034 23.2603 1.60827 0.0794404 0.16835 -0.982521
1 20.6377 4.98717 1.59391 0.0625745 0.944758 -0.321741
1 9.40273 27.4629 1.75738 -0.0126767 0.291978 0.956341
1 11.581 24.4606 1.75797 0.521208 0.580712 0.625392
1 28.4129 22.6488 1.61339 0.595663 -0.117774 -0.794554
1 12.1815 26.9509 1.75621 0.0514264 0.711512 0.700789
1 26.1698 2.83062 1.76073 -0.430291 -0.0509043 0.901254
1 18.5544 29.6926 1.75567 0.434643 0.208099 0.876231
1 34.3577 30.3566 1.61072 0.406834 -0.2691 -0.872967
1 1.19125 0.748773 1.61054 0.132162 0.683792 -0.717608
1 6.7403 0.744332 1.61039 -0.119271 0.0215873 -0.992627
1 17.779 13.8204 1.75988 -0.215292 0.062085 0.974574
1 14.7679 24.1045 1.60917 0.225086 0.25564 -0.940204
1 14.3147 24.982 1.6086 0.377297 0.33298 -0.864159
1 7.6201 27.1158 1.75959 0.0455066 0.0190623 0.998782
1 0.53208 4.5251 1.60818 -0.10774 -0.101383 -0.988996
1 17.4874 14.7812 1.75998 -0.351158 0.00990344 0.936264
1 2.16375 0.938204 1.61536 0.0994304 0.531029 -0.8415
1 24.995 10.666 1.60891 0.193484 0.127076 -0.972839
1 12.3811 3.15515 1.6346 -0.181702 -0.47744 -0.859672
1 20.4869 1.19581 1.7447 -0.30676 0.515966 0.799798
1 32.7594 26.8944 1.60652 -0.214221 -0.00669994 -0.976762
1 3.75335 0.0786926 1.60856 -0.17295 0.341687 -0.923763
1 33.9728 6.76381 1.61228 0.335633 0.104344 -0.936196
1 17.3367 34.3806 1.75928 -0.160844 0.0353867 0.986345
1 1.23371 11.71 1.75776 0.110954 0.233605 0.96598
1 10.6756 15.1574 1.60847 -0.0182961 -0.271613 -0.962233
1 11.4818 4.57177 1.60699 0.108337 -0.277115 -0.95471
1 34.215 4.24974 1.60343 -0.166806 0.0146555 -0.985881
1 9.19844 11.895 1.61336 -0.314218 -0.0827699 -0.945736
1 23.7972 12.1786 1.76983 -0.368683 -0.298536 0.880312
1 8.51902 18.6417 1.61132 0.375527 0.140637 -0.916079
1 22.4589 24.0452 1.7693 0.677399 -0.318129 0.663268
1 31.4125 11.4636 1.75438 0.223202 -0.479755 0.848537
1 30.9274 26.2117 1.61304 -0.317642 0.342582 -0.884161
1 25.1054 2.56644 1.75701 -0.313641 -0.223531 0.922856
1 26.9316 34.0035 1.75696 0.225913 -0.0794662 0.970901
1 29.7824 2.07848 1.7494 -0.209693 0.472468 0.856039
1 24.4999 34.5986 1.75663 0.247358 -0.339098 0.907649
1 14.7033 11.2845 1.74623 -0.0810302 -0.44218 0.893259
1 30.2046 0.190815 1.76468 0.150388 0.242199 0.958501
1 14.2914 13.5094 1.75158 -0.265438 -0.566656 0.780028
1 10.2694 26.999 1.75926 0.0523374 0.414789 0.908411
1 17.8922 33.4954 1.75959 -0.0545108 0.110265 0.992406
1 31.9214 9.40848 1.76313 0.568472 -0.311125 0.761604
1 32.7284 5.39379 1.60943 0.0963043 0.25387 -0.962432
1 13.504 1.75264 1.76473 -0.516952 -0.599435 0.611096
1 3.96278 27.6146 1.74589 -0.0112859 -0.473777 0.880573
1 2.49349 14.1212 1.75616 -0.34685 0.455744 0.819751
1 31.884 20.6969 1.59697 0.229187 -0.812777 -0.535599
1 11.0638 21.8726 1.58101 0.609042 -0.603374 -0.51479
1 28.5162 32.4763 1.75609 0.575173 0.040266 0.81704
1 20.7236 26.2073 1.59257 -0.243933 0.627749 -0.739208
1 21.3475 34.5571 1.74849 -0.292902 0.605541 0.739951
1 24.265 28.3779 1.75985 -0.167769 -0.0722676 0.983174
1 10.3812 9.22996 1.64265 -0.747431 -0.141832 -0.649023
1 33.7442 20.0666 1.75684 0.0421315 -0.499805 0.865113
1 9.64442 31.1518 1.74899 -0.641029 0.319748 0.697741
1 8.20982 4.39206 1.60795 0.10266 0.273423 -0.9564
1 18.9604 6.19572 1.75893 0.611676 0.233316 0.75592
1 19.1324 30.6219 1.7587 0.2928 0.282006 0.913642
1 20.8522 11.9764 1.7334 -0.0569627 0.639555 0.766632
1 32.0113 0.478024 1.7551 0.0235118 0.411666 0.911031
1 18.7879 31.6323 1.75924 0.161517 0.235095 0.958458
1 4.20277 17.4755 1.74146 0.524057 0.530931 0.665941
1 11.5455 25.7565 1.75584 0.266404 0.626359 0.7326
1 13.1645 5.33446 1.60894 0.120535 -0.523616 -0.843384
1 22.7158 10.2901 1.61978 0.0613626 0.572041 -0.817926
1 1.35632 23.1574 1.75271 -0.481291 -0.030843 0.876018
1 18.3126 3.84307 1.76053 -0.644543 0.197861 0.738523
1 22.3338 2.77338 1.74683 0.00766796 -0.645027 0.764122
1 28.0712 6.26414 1.61418 -0.432611 -0.396916 -0.80951
1 24.0995 18.3511 1.60971 -0.132091 0.375752 -0.917258
1 11.7223 19.1075 1.60856 0.37252 -0.47069 -0.7998
1 25.9973 10.7068 1.60952 0.207686 -0.0311018 -0.977701
1 2.75837 12.9664 1.75415 -0.13936 0.499674 0.85493
1 7.8297 10.3375 1.61333 -0.466542 0.158656 -0.870153
1 21.8894 33.2977 1.75967 -0.130087 0.701598 0.700598
1 29.9898 18.7344 1.61239 -0.0214392 -0.460523 -0.887389
1 32.2154 31.4506 1.62651 0.584854 0.151382 -0.796887
1 18.0354 20.0636 1.60951 -0.517736 -0.274369 -0.810353
1 3.28991 23.7983 1.74783 -0.599552 0.313398 0.736423
1 8.88926 22.5647 1.751 0.738328 0.126895 0.662397
1 8.75924 30.4958 1.75807 -0.536004 0.193828 0.821663
1 25.7736 5.01879 1.62694 -0.613237 -0.0339423 -0.789169
1 24.4007 14.0266 1.61144 0.655752 0.116816 -0.745884
1 16.8755 33.4681 1.75971 -0.0643968 -0.0232123 0.997654
1 9.541 19.0563 1.61058 0.427158 -0.0603712 -0.902159
1 29.6042 1.00247 1.76543 -0.0341482 0.274917 0.960861
1 30.5835 21.5161 1.61539 0.414113 -0.50339 -0.758359
1 3.89012 29.6863 1.75457 -0.353988 -0.448874 0.82049
1 16.8493 2.65592 1.75492 -0.508006 -0.0606961 0.859213
1 28.0658 3.62841 1.7619 -0.582671 0.248747 0.773705
1 28.0574 34.1805 1.75946 0.227238 0.0430903 0.972885
1 14.9938 6.17033 1.68475 0.574949 -0.623546 0.52974
1 30.7721 32.3756 1.74716 0.631709 0.380456 0.675423
1 11.5628 20.6201 1.78161 -0.469275 0.578736 0.666968
1 11.9289 32.3661 1.74736 0.0210308 -0.734224 0.678582
1 3.20999 0.994138 1.60929 0.0335101 0.392268 -0.91924
1 17.3895 7.35261 1.75765 0.45666 -0.0140694 0.88953
1 23.3141 28.7248 1.75763 -0.24486 -0.238611 0.939738
1 9.86158 29.9658 1.75161 -0.436223 0.377528 0.816812
1 6.78625 17.0034 1.61263 0.196286 0.405772 -0.892648
1 29.9031 30.4771 1.61525 0.413696 0.532652 -0.738334
1 34.324 2.46065 1.60081 -0.55457 -0.111625 -0.824616
1 23.2671 29.7526 1.75766 -0.43272 -0.267314 0.860986
1 17.2931 29.0761 1.76174 0.521637 0.0518432 0.851591
1 24.1413 6.43011 1.60905 -0.327016 0.2326 -0.915946
1 17.8935 24.0584 1.60823 0.203034 -0.215592 -0.955143
1 6.13609 13.2722 1.62088 -0.201126 0.423432 -0.88332
1 6.17267 1.5203 1.61063 0.0581213 0.0550116 -0.996793
1 28.3111 0.529339 1.76138 0.0324749 0.136472 0.990112
1 15.2017 25.887 1.61134 0.524043 0.164407 -0.835673
1 21.8668 27.1021 1.75492 0.0228114 -0.498358 0.866671
1 11.8076 7.24161 1.60609 0.533491 -0.300986 -0.790439
1 22.3483 29.0717 1.75702 -0.313395 -0.398719 0.861862
1 27.7205 33.2533 1.75551 0.411065 -0.0505671 0.910202
1 24.8538 20.1692 1.6113 0.162801 0.264735 -0.95048
1 21.1579 20.7234 1.59796 0.329834 0.771507 -0.544047
1 5.06065 25.8653 1.75399 0.292479 -0.400091 0.868552
1 24.1847 25.7193 1.76465 0.32689 -0.0797981 0.941687
1 21.2733 3.02329 1.75142 0.286454 -0.787137 0.546222
1 17.1796 11.2824 1.75946 -0.000222938 -0.0117213 0.999931
1 19.6153 13.7749 1.75598 -0.202223 0.33622 0.919816
1 0.781279 13.6334 1.76169 -0.235522 0.165475 0.957678
1 25.4171 3.54736 1.75987 -0.536995 -0.165266 0.827239
1 27.3525 2.92179 1.76217 -0.467186 0.0973644 0.878782
1 24.9056 22.2216 1.61236 0.52346 0.188572 -0.830921
1 11.4729 6.3115 1.60911 0.381387 -0.241614 -0.892282
1 3.12182 7.47922 1.61177 0.406778 -0.349824 -0.843893
1 9.89348 12.6377 1.60855 -0.231497 -0.186142 -0.954861
1 3.26959 8.58954 1.76606 -0.557087 0.421988 0.715249
1 17.0613 13.0419 1.75818 -0.151169 -0.0443638 0.987512
1 18.378 32.571 1.75866 0.0524736 0.175291 0.983117
1 4.72998 18.7584 1.7491 0.329511 0.503284 0.798829
1 18.3112 25.7548 1.60978 0.540124 -0.225989 -0.810676
1 23.0594 15.4817 1.74325 0.673221 -0.448589 0.587827
1 31.1799 10.4051 1.74994 0.410572 -0.498852 0.763268
1 16.8936 24.1117 1.60923 0.211932 -0.0653556 -0.975097
1 7.56487 19.0224 1.6176 0.449498 0.314023 -0.836266
1 22.2504 13.094 1.62038 0.438016 0.578355 -0.688221
1 8.82486 15.2016 1.60661 -0.00879236 0.0330004 -0.999417
1 4.22869 1.00605 1.6086 -0.0098554 0.261413 -0.965177
1 25.1507 28.9429 1.75916 -0.255342 0.0776034 0.963731
1 13.2612 9.76717 1.76281 0.175792 -0.674543 0.717
1 29.3869 9.65153 1.62129 0.192187 -0.609658 -0.769013
1 6.67888 24.5713 1.74885 0.466345 -0.161457 0.869743
1 1.81115 34.3499 1.60245 -0.137082 0.628021 -0.766027
1 26.2711 30.3984 1.75124 -0.506625 0.212356 0.835605
1 14.2535 4.00617 1.59457 -0.257852 -0.72466 -0.639046
1 21.5386 14.797 1.75793 -0.0407345 0.692102 0.72065
1 16.2787 7.69491 1.75915 0.423784 -0.210291 0.881014
1 27.9775 28.7297 1.75237 -0.179152 0.594535 0.783857
1 17.0463 3.61606 1.762 -0.649478 -0.0184696 0.760156
1 33.1118 7.33073 1.60424 0.500641 0.179472 -0.846846
1 2.01903 23.9078 1.76087 -0.597812 0.10473 0.794766
1 6.12608 23.7645 1.72192 0.639942 -0.205321 0.740485
1 30.3736 23.2929 1.60852 0.712057 -0.385226 -0.587005
1 31.985 18.9729 1.61128 0.028249 -0.803574 -0.594534
1 32.014 24.0481 1.61176 -0.693352 0.00821564 -0.720552
1 10.8632 29.1287 1.74848 -0.310706 0.49795 0.809634
1 20.9288 33.4365 1.7432 -0.0813845 0.561047 0.823773
1 24.948 1.54386 1.75379 -0.0981246 -0.248391 0.963677
1 18.897 12.3284 1.76114 -0.0753107 0.261234 0.962333
1 12.5116 21.9994 1.60594 -0.0714937 0.640339 -0.764758
1 29.4188 16.0921 1.62587 -0.4886 -0.328543 -0.808288
1 0.751451 21.3276 1.759 -0.160493 -0.179981 0.970489
1 24.4282 17.2894 1.61311 -0.309208 0.335322 -0.889916
1 1.35549 6.31805 1.61061 0.233988 -0.102729 -0.966797
1 26.981 18.5913 1.60976 -0.0842645 -0.017507 -0.99629
1 33.4434 31.4203 1.61521 0.561147 -0.088996 -0.822918
1 31.9528 15.625 1.74852 -0.556582 -0.389486 0.733837
1 13.3866 21.3895 1.61138 -0.210672 0.496382 -0.842154
1 27.1557 15.7178 1.6319 -0.561957 0.0152972 -0.827025
1 17.7588 31.6834 1.7586 0.150615 0.0948825 0.984029
1 11.8617 16.903 1.61913 0.194881 -0.472308 -0.85962
1 30.0088 26.9135 1.61904 -0.212843 0.557992 -0.802086
1 34.184 11.3596 1.75883 0.220512 -0.0270927 0.975008
1 4.556 20.9378 1.75443 -0.0884395 0.4177 0.90427
1 21.3592 19.2654 1.61667 -0.0124193 0.765621 -0.643172
1 6.08259 30.5881 1.75367 -0.551164 -0.101878 0.828154
1 15.3876 24.963 1.60876 0.363806 0.16019 -0.917597
1 9.13788 21.6482 1.60837 0.784189 -0.00678864 -0.620485
1 9.76148 15.4913 1.60667 0.0214359 -0.117726 -0.992815
1 16.8685 10.3321 1.76148 0.106249 -0.0659084 0.992153
1 8.81123 9.32102 1.61282 -0.681085 -0.010689 -0.732127
1 3.00945 27.4365 1.75181 0.035171 -0.611288 0.790627
1 22.3789 1.48182 1.74036 0.268646 -0.652811 0.708285
1 32.3753 4.4635 1.60614 -0.0914411 0.268666 -0.958883
1 31.2995 24.9725 1.60559 -0.531854 0.22788 -0.815599
1 5.31131 33.0378 1.61109 -0.517729 0.127838 -0.84594
1 2.27898 6.91838 1.61004 0.341472 -0.201374 -0.918066
1 23.2978 1.70272 1.73815 0.0308521 -0.526663 0.849514
1 1.45614 7.59879 1.6085 0.523574 -0.0714832 -0.848976
1 10.4112 1.12161 1.60834 -0.148903 -0.44878 -0.88115
1 29.7313 32.8049 1.75416 0.522569 0.21776 0.824319
1 2.26333 5.92449 1.60706 0.144943 -0.241624 -0.959484
1 5.46775 12.5256 1.62245 -0.223839 0.573469 -0.788054
1 5.2267 19.9245 1.75602 0.126034 0.522505 0.84327
1 1.19386 19.5457 1.75783 0.176944 -0.125242 0.97622
1 18.8231 23.7117 1.60954 0.151793 -0.359599 -0.920678
1 16.0682 12.8461 1.75312 -0.177816 -0.206436 0.962167
1 33.3341 9.96909 1.74889 0.544588 -0.15107 0.824986
1 22.0365 22.0217 1.59663 0.578854 0.520905 -0.627365
1 26.5127 1.13891 1.7621 -0.0861117 -0.0707891 0.993767
1 6.89102 26.0038 1.75726 0.233266 -0.12224 0.964699
1 14.7092 2.05875 1.74606 -0.483673 -0.399132 0.778945
1 20.705 31.3058 1.75689 0.202118 0.524277 0.827213
1 22.5754 5.52071 1.61647 -0.383661 0.51354 -0.767516
1 31.6476 12.5249 1.75701 0.0359546 -0.417081 0.908158
1 17.0943 30.8227 1.75882 0.255546 0.00662319 0.966774
1 0.860949 5.45268 1.60619 0.0646678 -0.102013 -0.992679
1 0.0459889 19.6658 1.75733 0.138792 -0.321587 0.936653
1 18.3197 28.6704 1.75938 0.61053 0.213771 0.762598
1 26.1564 16.3124 1.62909 -0.503489 0.130185 -0.854138
1 5.60415 4.13496 1.61187 0.114082 0.744274 -0.658059
1 9.56675 14.5054 1.60538 -0.0609753 -0.110872 -0.991962
1 5.50376 21.0802 1.7667 -0.100814 0.579092 0.809005
1 24.301 3.24435 1.75982 -0.366683 -0.346218 0.863526
1 27.8575 11.4201 1.61363 0.342914 -0.328532 -0.880044
1 21.6408 25.0703 1.75768 0.457482 -0.467047 0.756688
1 23.3007 2.89876 1.74985 -0.179095 -0.504832 0.844434
1 29.4919 17.7785 1.61134 -0.182637 -0.370402 -0.910739
1 8.18495 5.46275 1.607 0.287965 0.287523 -0.913459
1 5.76636 29.5746 1.7572 -0.35892 -0.177804 0.916276
1 30.8063 27.4213 1.61228 -0.139685 0.397769 -0.90679
1 6.34331 5.22138 1.61925 0.22377 0.579693 -0.783507
1 7.56396 34.0943 1.60621 -0.384331 -0.117586 -0.915676
1 25.7998 23.0845 1.64317 0.778811 0.182079 -0.600251
1 16.9046 20.1501 1.61254 -0.466827 -0.102895 -0.878342
1 10.3603 18.1087 1.61466 0.308864 -0.189351 -0.932067
1 14.9598 29.4683 1.75894 0.484702 -0.238378 0.84157
1 16.1668 11.0511 1.75799 0.0183279 -0.179794 0.983534
1 22.0808 25.9847 1.75515 0.256157 -0.44478 0.858227
1 19.639 0.806078 1.75726 -0.269334 0.362626 0.892167
1 32.9055 15.2431 1.75907 -0.474394 -0.236327 0.847998
1 18.1219 18.2691 1.75819 -0.823903 0.0472194 0.564761
1 24.2087 32.9094 1.75901 0.579917 -0.363891 0.728889
1 19.1791 2.95824 1.75453 -0.523637 0.31519 0.791492
1 17.6154 26.6564 1.60366 0.699597 -0.0895308 -0.708907
1 7.4393 11.4842 1.61261 -0.325029 0.205275 -0.923157
1 13.3498 32.976 1.75719 -0.0519937 -0.524698 0.849699
1 25.1023 18.1014 1.61059 -0.176561 0.230152 -0.957004
1 23.938 32.037 1.59601 -0.788897 0.221433 -0.573245
1 16.5702 6.64183 1.7564 0.56282 -0.160924 0.810763
1 31.4448 16.3697 1.60717 -0.538131 -0.634111 -0.555264
1 11.267 31.2629 1.77089 0.391894 -0.732711 0.556376
1 2.22644 8.31655 1.61192 0.613697 -0.208405 -0.76154
1 12.5503 23.7388 1.61096 0.182071 0.624691 -0.759349
1 5.27738 15.5754 1.61215 0.0344885 0.643543 -0.764633
1 6.53391 31.5317 1.7595 -0.739955 0.00215358 0.672653
1 23.194 9.27666 1.61704 -0.0182161 0.418085 -0.908225
1 22.5025 16.8566 1.61531 -0.418466 0.593116 -0.687822
1 7.6655 17.9473 1.61556 0.307562 0.299701 -0.903097
1 15.1405 1.19477 1.75373 -0.365272 -0.312428 0.876907
1 18.267 19.1752 1.60179 -0.678337 -0.285011 -0.67722
1 33.6755 5.80594 1.60874 0.1553 0.123871 -0.98007
1 27.9139 12.4593 1.60698 0.473211 -0.40328 -0.783222
