1 17.9914 31.5572 1.75846 0.155057 0.129408 0.979393
1 26.6599 22.938 1.61292 0.769782 0.0894633 -0.632007
1 13.6355 11.3031 1.75592 -0.083305 -0.65418 0.751737
1 29.3687 17.8679 1.60692 -0.10057 -0.335083 -0.936806
1 8.63988 25.1443 1.75872 0.422199 0.137773 0.895972
1 14.407 17.1216 1.78306 -0.426206 -0.700872 0.57195
1 15.1212 26.0781 1.60682 0.526512 0.129795 -0.840201
1 24.5686 18.0368 1.60876 -0.105003 0.268432 -0.957559
1 9.48782 1.21334 1.61242 -0.204182 -0.432044 -0.878435
1 0.072039 16.5464 1.73585 -0.6682 -0.0427379 0.742753
1 15.7701 7.46309 1.75213 0.488504 -0.382221 0.784392
1 31.8327 13.3087 1.75691 -0.090301 -0.500132 0.861228
1 25.9504 33.4433 1.75602 0.347253 -0.0731641 0.934913
1 34.1071 8.76748 1.76043 0.733137 -0.143979 0.664666
1 14.5486 23.8157 1.60755 0.0942243 0.236083 -0.967154
1 26.9562 20.3534 1.60921 0.288734 -0.0188449 -0.957224
1 14.8468 31.0936 1.75476 0.218796 -0.248743 0.943534
1 24.6379 16.2621 1.61233 -0.403078 0.272997 -0.873499
1 22.765 17.4873 1.6093 -0.238004 0.511305 -0.825785
1 14.4581 26.8748 1.61425 0.671073 0.219424 -0.708176
1 19.1672 31.4428 1.75929 0.160535 0.257063 0.952968
1 12.2936 22.8816 1.60986 -0.106984 0.596526 -0.795432
1 18.8377 34.3713 1.74977 -0.208971 0.273709 0.938837
1 31.4025 22.1761 1.75802 -0.255992 0.798047 0.545517
1 22.2885 0.590256 1.74829 0.373015 -0.609406 0.699632
1 30.0497 9.44475 1.60971 0.156715 -0.579165 -0.800005
1 8.79609 20.5287 1.61118 0.564774 0.137319 -0.813741
1 9.88705 12.9393 1.60859 -0.245842 -0.243013 -0.938353
1 10.7166 6.6126 1.60676 0.303389 0.0506201 -0.951521
1 17.968 9.22834 1.759 0.243869 0.0696222 0.967306
1 6.24016 15.2278 1.6065 -0.0147445 0.436013 -0.89982
1 8.19291 28.4779 1.76 -0.102728 0.132229 0.985882
1 7.36524 1.19633 1.60816 -0.229234 -0.0985878 -0.968366
1 18.7253 23.1586 1.61249 0.00241934 -0.405714 -0.913997
1 13.5389 13.669 1.76425 -0.393447 -0.686876 0.611066
1 27.1194 27.888 1.75698 -0.139259 0.27129 0.95237
1 4.09723 9.03263 1.60253 0.832536 0.20272 -0.515547
1 13.8124 6.80868 1.61281 0.307454 -0.537234 -0.785399
1 19.3211 33.1923 1.76471 -0.0860976 0.311084 0.946474
1 12.2494 15.0372 1.62257 -0.0757922 -0.641569 -0.763312
1 32.255 14.3593 1.75807 -0.288162 -0.455352 0.842388
1 3.50703 20.8246 1.75856 0.0484198 0.213785 0.97568
1 17.2489 20.5497 1.61505 -0.410032 -0.216974 -0.885887
1 15.9439 9.4202 1.75766 0.2206 -0.277482 0.935061
1 12.4947 19.3816 1.61607 0.447949 -0.561211 -0.695977
1 23.3338 23.658 1.76355 0.702494 -0.309904 0.640673
1 13.9282 12.6486 1.74772 -0.267454 -0.579913 0.769526
1 0.941926 8.81789 1.74153 0.707804 0.101779 0.699038
1 21.5236 9.35084 1.59544 -0.0328568 0.739467 -0.67239
1 31.44 6.17342 1.60728 0.388549 0.579649 -0.716265
1 24.1102 30.5666 1.74166 -0.718507 -0.181322 0.671468
1 4.4635 21.0319 1.75709 -0.0116625 0.365694 0.930662
1 8.14003 33.9689 1.61556 -0.547421 -0.206779 -0.810909
1 19.0188 25.1412 1.61216 0.316735 -0.412903 -0.853926
1 28.6862 21.8267 1.60922 0.531328 -0.252772 -0.808577
1 4.58517 29.3886 1.75734 -0.229164 -0.367978 0.901153
1 32.5936 27.8756 1.60731 -0.0091207 -0.0890997 -0.995981
1 26.1118 30.8069 1.73898 -0.737228 0.0109843 0.675554
1 16.8834 7.36361 1.75625 0.463902 -0.131042 0.876141
1 31.2319 2.74209 1.61312 -0.120849 0.525301 -0.842291
1 9.41972 3.77998 1.61099 -0.188986 0.187493 -0.963914
1 27.9485 28.4906 1.75834 -0.254835 0.403709 0.87868
1 15.0621 16.4777 1.73919 -0.444656 -0.504404 0.740174
1 34.5671 13.1653 1.75936 -0.0904069 -0.0418175 0.995027
1 31.0477 28.6112 1.61118 0.0744249 0.282159 -0.956476
1 11.6852 25.3609 1.76034 0.456383 0.6038 0.653559
1 21.3819 7.15071 1.58717 -0.135767 0.763095 -0.631865
1 11.4068 32.5757 1.75965 0.0936768 -0.696725 0.711196
1 13.762 24.431 1.60931 0.205199 0.364701 -0.908233
1 32.1884 26.8639 1.60795 -0.158406 -0.079842 -0.984141
1 33.2316 5.39767 1.60989 0.238383 0.213263 -0.947466
1 12.3447 5.86062 1.60752 0.1939 -0.287401 -0.937978
1 6.34396 1.40207 1.60878 -0.214413 0.0640687 -0.974639
1 15.4856 10.398 1.75782 0.103495 -0.351308 0.930522
1 17.6034 30.5389 1.75951 0.284255 0.0663786 0.956448
1 28.237 26.3863 1.7754 0.173396 0.465645 0.867819
1 19.2708 18.0102 1.73588 -0.682408 0.187274 0.706574
1 26.4479 27.1685 1.75854 -0.00443512 0.158385 0.987367
1 0.536251 12.3986 1.76063 0.0489579 0.0573747 0.997152
1 7.73005 29.5276 1.75916 -0.265145 0.0765341 0.961166
1 26.2716 3.2572 1.75018 -0.476648 0.0427628 0.878054
1 30.0557 24.7988 1.6074 -0.398861 0.207164 -0.893305
1 32.0167 28.7679 1.60791 0.127122 0.0999881 -0.986835
1 30.8105 10.1068 1.60466 0.357308 -0.68248 -0.637615
1 20.4616 33.1229 1.75352 -0.0960538 0.475242 0.874597
1 30.078 8.22624 1.60699 -0.0771735 -0.571749 -0.816791
1 9.16955 16.6026 1.60744 0.131856 -0.0433218 -0.990322
1 25.6844 11.1999 1.60886 0.315838 0.0252769 -0.948476
1 2.20334 9.22797 1.75092 0.546204 0.323166 0.772803
1 1.59326 15.6091 1.76642 -0.546182 0.20377 0.812504
1 23.8594 7.9485 1.60915 -0.159486 0.258254 -0.952822
1 9.72566 6.76573 1.62056 0.289516 0.27251 -0.917561
1 23.7695 13.773 1.60481 0.660628 0.129202 -0.739512
1 19.027 26.4396 1.76491 -0.499371 0.465485 0.730721
1 19.2778 12.1782 1.75905 0.0805168 0.359173 0.929791
1 5.84164 5.93274 1.61421 0.355285 0.0365953 -0.934041
1 22.4129 25.4631 1.76155 0.291441 -0.507228 0.811038
1 2.51859 22.3522 1.75722 -0.231855 0.0739828 0.969933
1 12.3659 30.1917 1.75171 0.488541 -0.571017 0.659749
1 25.9707 19.9371 1.60965 0.207288 0.087252 -0.974381
1 8.3989 33.0603 1.60625 -0.712045 -0.178475 -0.679072
1 27.4218 25.551 1.76558 0.301619 0.339617 0.890891
1 26.2709 17.2322 1.60991 -0.215285 0.0660412 -0.974316
1 20.6083 9.48612 1.73946 0.106023 0.759831 0.641417
1 34.2165 12.2416 1.76074 0.0768796 -0.100871 0.991925
1 28.6703 11.0597 1.61102 0.364535 -0.363284 -0.857403
1 7.03492 33.2062 1.60852 -0.674846 -0.0186627 -0.737723
1 27.7149 14.9571 1.65814 -0.584099 -0.0288975 -0.811168
1 24.5702 21.6897 1.61326 0.530298 0.159333 -0.832705
1 31.8803 1.7898 1.61877 -0.294601 0.433075 -0.851854
1 22.2519 18.7291 1.60077 -0.0776717 0.609943 -0.78863
1 14.9778 13.3197 1.7527 -0.154959 -0.368055 0.916801
1 32.4767 6.89724 1.60354 0.481187 0.365029 -0.797002
1 17.2524 6.42503 1.75578 0.590147 -0.0178316 0.807099
1 14.3322 22.0012 1.61184 -0.222017 0.255158 -0.941065
1 4.46485 14.4197 1.61527 -0.135127 0.802579 -0.58104
1 7.46789 18.7724 1.60581 0.323096 0.365917 -0.872762
1 5.62544 13.3421 1.6092 -0.247901 0.543118 -0.802227
1 2.56525 30.2157 1.76429 -0.304527 -0.73284 0.608448
1 20.2061 20.7796 1.60545 -0.352964 -0.690408 -0.631469
1 16.009 27.7673 1.66389 0.809539 -0.0659912 0.583346
1 4.7153 27.4329 1.75876 0.0976006 -0.364441 0.926098
1 15.3223 15.486 1.736 -0.357818 -0.400835 0.843385
1 30.001 14.8162 1.61987 -0.561117 -0.410099 -0.719004
1 25.1008 28.3078 1.75965 -0.233778 -0.0760166 0.969314
1 26.6799 18.1676 1.60837 -0.0564418 0.0149402 -0.998294
1 18.7828 32.362 1.76105 0.0384039 0.224609 0.973692
1 13.2002 15.2861 1.59946 -0.0776186 -0.796305 -0.599895
1 22.959 7.59235 1.61029 -0.183173 0.39653 -0.899562
1 25.3772 1.97969 1.75266 -0.169386 -0.0962144 0.980842
1 8.33141 27.0679 1.7609 0.111206 0.128434 0.985463
1 7.87514 2.04687 1.608 -0.0909291 -0.191001 -0.977369
1 19.0187 7.58184 1.75046 0.387996 0.325891 0.862122
1 19.2915 2.65191 1.76248 -0.487052 0.506041 0.711831
1 6.20115 12.2078 1.61964 -0.373339 0.410599 -0.831881
1 33.4344 9.71614 1.75827 0.53778 -0.247383 0.805974
1 9.60022 15.5729 1.60667 0.0140812 -0.129496 -0.99148
1 33.228 27.0498 1.60829 -0.150826 -0.263691 -0.952742
1 32.7847 15.4029 1.75665 -0.474269 -0.399186 0.784678
1 6.66023 19.2885 1.6192 0.321023 0.562304 -0.762076
1 17.4027 4.60841 1.7616 -0.811824 0.135244 0.568024
1 2.74552 5.01139 1.61753 0.0212339 -0.596156 -0.802588
1 22.3684 6.67525 1.615 -0.235256 0.541133 -0.80736
1 27.55 0.874363 1.75949 -0.0457502 0.190703 0.980581
1 16.1465 16.7876 1.76191 -0.464672 -0.305534 0.831101
1 9.38128 26.8277 1.75995 0.159245 0.281847 0.946152
1 10.3827 26.5974 1.75791 0.195604 0.44173 0.875565
1 24.2688 6.98584 1.60863 -0.297954 0.195556 -0.934335
1 19.3356 15.9859 1.7588 -0.361784 0.283958 0.887964
1 23.4807 25.6577 1.75803 0.27065 -0.343866 0.899169
1 29.3274 11.8944 1.62026 0.537026 -0.471285 -0.699638
1 6.32781 14.0414 1.60914 -0.153611 0.425506 -0.891823
1 15.5661 18.902 1.62269 -0.739135 -0.0122867 -0.673445
1 28.6266 33.1969 1.74649 0.313741 0.340199 0.886471
1 10.6194 19.1967 1.61187 0.458402 -0.255009 -0.851374
1 8.42189 1.11348 1.60952 -0.230358 -0.262243 -0.937104
1 12.6385 16.5042 1.6208 0.0813412 -0.643233 -0.761337
1 14.6976 14.3852 1.75502 -0.246859 -0.46246 0.851582
1 26.1441 28.1967 1.75947 -0.200635 0.105657 0.973952
1 12.5931 26.5636 1.74156 0.250387 0.766407 0.591546
1 14.3425 8.7092 1.74421 0.356118 -0.557132 0.750189
1 12.0479 29.2266 1.63903 -0.511197 0.610196 0.605258
1 4.31614 8.12108 1.59115 0.700805 0.219077 -0.67888
1 33.3888 16.5578 1.75193 -0.627674 -0.280961 0.726007
1 24.5317 8.7572 1.6064 -0.0390623 0.177454 -0.983354
1 29.3844 0.379802 1.75695 -0.0129099 0.495647 0.868428
1 4.33952 16.9569 1.60444 0.324477 0.802432 -0.500816
1 6.31428 10.2905 1.62506 -0.5808 0.398684 -0.709734
1 31.3889 14.7362 1.74085 -0.346947 -0.622806 0.701242
1 17.4496 15.7994 1.75876 -0.34182 -0.0234733 0.939472
1 27.453 22.1428 1.60975 0.613554 -0.040758 -0.7886
1 7.79133 0.264999 1.61159 -0.385344 -0.163939 -0.908093
1 25.4763 8.57039 1.60734 -0.0588496 0.0400228 -0.997464
1 8.97807 14.7 1.60759 -0.0634404 -0.04307 -0.997056
1 10.0626 20.5794 1.61137 0.59707 -0.117574 -0.793526
1 12.2828 31.4455 1.7474 0.263914 -0.591026 0.762258
1 33.5486 7.57377 1.60761 0.605624 0.180034 -0.775118
1 11.9192 7.74453 1.60488 0.508844 -0.191082 -0.839384
1 26.725 5.4705 1.60071 -0.602452 -0.0914832 -0.792895
1 2.91565 18.2773 1.75822 0.51792 0.165559 0.839255
1 4.85298 2.48893 1.60771 -0.0584111 0.32743 -0.943068
1 22.0085 8.06329 1.61548 -0.139073 0.56914 -0.810394
1 30.7696 23.952 1.5951 -0.567966 0.0344585 -0.82233
1 27.7786 29.5408 1.75855 -0.482769 0.32548 0.813017
1 10.3777 28.7168 1.74484 -0.143519 0.470703 0.87054
1 7.43558 17.5075 1.61 0.186527 0.285894 -0.939932
1 14.0166 32.1536 1.76126 0.109243 -0.341229 0.933611
1 4.3469 22.0513 1.75993 -0.21278 0.343497 0.914732
1 11.3298 10.9047 1.61612 -0.482572 -0.544405 -0.686111
1 8.84512 12.6087 1.6056 -0.300702 -0.0621201 -0.951693
1 33.8551 29.3686 1.60843 0.228225 -0.225458 -0.947144
1 26.9218 28.9079 1.75803 -0.346951 0.222484 0.911112
1 21.1771 27.5877 1.59724 0.162035 0.741073 -0.651579
1 7.64798 25.7165 1.7571 0.321291 -0.00463239 0.946969
1 26.7092 10.7345 1.6122 0.270256 -0.114356 -0.955973
1 22.8053 29.8451 1.7512 -0.56044 -0.48852 0.668772
1 25.1242 14.0802 1.5956 0.794677 -0.0937942 -0.599743
1 22.5861 2.67742 1.75772 -0.115341 -0.539726 0.833902
1 15.2814 24.4807 1.60903 0.218484 0.132038 -0.966866
1 18.7533 9.96192 1.74966 0.222958 0.239401 0.944974
1 16.8564 25.1248 1.61034 0.346152 -0.088377 -0.934007
1 11.0844 3.21378 1.60687 -0.262179 -0.197103 -0.944676
1 33.3739 4.32895 1.60913 0.0693094 0.154766 -0.985517
1 6.87987 2.24639 1.60765 -0.10412 -0.0302733 -0.994104
1 34.1881 5.91125 1.61118 0.321837 0.0391459 -0.945986
1 2.38927 28.7358 1.75071 -0.0832452 -0.756772 0.648356
1 11.8509 2.61812 1.61389 -0.341983 -0.413099 -0.844036
1 24.2653 9.77783 1.60728 0.0951437 0.238427 -0.966489
1 4.35207 23.0473 1.72261 -0.402854 0.353174 0.84438
1 23.9613 10.8611 1.60834 0.229168 0.285048 -0.930715
1 11.3157 14.6477 1.61827 -0.021036 -0.460236 -0.887547
1 32.7757 26.0151 1.60943 -0.294048 -0.226054 -0.928674
1 34.3978 21.8348 1.75932 -0.147567 -0.370236 0.917142
1 5.80288 9.51817 1.78471 0.650296 -0.492027 0.578813
1 32.8694 13.6102 1.75589 -0.175131 -0.333605 0.926303
1 31.6564 25.9255 1.6071 -0.295209 -0.0359964 -0.954754
1 18.4325 15.4953 1.75899 -0.288492 0.140709 0.947087
1 29.7303 18.9132 1.6094 0.0621153 -0.407173 -0.911236
1 17.4077 0.796385 1.75669 -0.298996 0.0921877 0.949791
1 25.8418 29.1611 1.75626 -0.379867 0.0492513 0.923729
1 13.3357 33.0316 1.75785 -0.0203006 -0.444873 0.895364
1 3.84518 12.3288 1.76441 0.0567288 0.680599 0.730457
1 32.5313 12.5469 1.75623 0.0216714 -0.381512 0.92411
1 27.8444 6.0208 1.61269 -0.492988 -0.245739 -0.834611
1 27.8862 21.2032 1.60586 0.437979 -0.130638 -0.889442
1 27.0159 19.3363 1.60659 0.128013 -0.0243493 -0.991474
1 19.5703 29.0805 1.75638 0.502064 0.301747 0.810482
1 10.08 0.383681 1.60864 -0.343242 -0.520188 -0.782042
1 3.58937 19.1339 1.75864 0.359767 0.254414 0.897687
1 28.4005 12.9311 1.63285 0.744391 -0.269231 -0.611062
1 10.3908 14.9476 1.60955 -0.0322217 -0.271745 -0.96183
1 15.4938 0.161631 1.75953 -0.234861 -0.142367 0.961547
1 24.7716 29.1827 1.75835 -0.391298 -0.133289 0.91056
1 10.8136 23.254 1.74046 -0.543966 -0.674823 0.498714
1 33.8104 1.86866 1.60931 -0.269577 0.0457466 -0.961892
1 28.8841 15.0578 1.61248 -0.525785 -0.237315 -0.816842
1 6.59725 5.08584 1.61108 0.226574 -0.0544738 -0.97247
1 6.41385 3.24296 1.6081 0.00531469 0.0295588 -0.999549
1 2.82272 32.3765 1.77047 0.592197 0.106534 0.79872
1 26.2637 2.33306 1.75745 -0.293889 0.0265696 0.95547
1 16.8218 14.9562 1.75739 -0.25564 -0.112355 0.960221
1 6.46889 26.3677 1.75802 0.236214 -0.13684 0.962017
1 20.5683 7.71715 1.76529 0.268341 0.748365 0.606583
1 4.6795 34.0211 1.60247 -0.483487 0.33385 -0.809187
1 23.6088 8.96477 1.61028 -0.0275453 0.320247 -0.946933
1 8.89394 2.05145 1.6101 -0.0688832 -0.356641 -0.931699
1 27.8053 15.8632 1.61242 -0.43667 -0.104866 -0.893489
1 6.64558 20.5434 1.61478 0.493548 0.584473 -0.644051
1 2.21669 14.7285 1.75816 -0.358073 0.323591 0.875827
1 16.299 21.6569 1.60745 -0.248442 -0.0558344 -0.967036
1 13.8281 31.1593 1.7584 0.244097 -0.374907 0.89435
1 18.2194 25.9908 1.60523 0.495969 -0.26276 -0.82763
1 16.9396 13.98 1.75666 -0.151799 -0.0687271 0.986019
1 9.44794 30.7551 1.75519 -0.48757 0.388849 0.781711
1 23.8111 29.5307 1.75778 -0.506604 -0.291655 0.811351
1 15.9999 3.16336 1.75537 -0.631146 -0.182999 0.753768
1 21.7625 32.1514 1.74511 -0.0147083 0.629996 0.776459
1 28.4666 24.1265 1.60287 -0.457754 0.498068 -0.736471
1 23.4607 33.3318 1.75545 0.402977 -0.573148 0.71352
1 7.88105 6.12429 1.6289 0.294604 -0.362232 -0.884305
1 34.457 25.5177 1.61813 -0.447931 -0.522639 -0.725401
1 23.1567 19.1173 1.61249 0.0612523 0.461626 -0.884958
1 4.83851 15.8079 1.61598 0.11386 0.720159 -0.684403
1 28.3894 17.7168 1.60658 -0.123245 -0.19319 -0.97339
1 32.3518 5.79436 1.60941 0.308697 0.392093 -0.866585
1 1.02779 14.8013 1.75861 -0.377591 0.135942 0.915939
1 7.07355 9.16887 1.61713 -0.739549 0.266611 -0.61805
1 26.7137 0.437296 1.75788 0.0478511 0.0606671 0.99701
1 23.5814 20.9947 1.60942 0.399932 0.334766 -0.853221
1 24.1794 3.30454 1.75284 -0.341571 -0.290893 0.893706
1 7.53795 23.379 1.7359 0.736651 -0.148138 0.659849
1 29.7124 16.9242 1.61483 -0.238794 -0.386456 -0.890859
1 1.67461 30.9465 1.60984 0.236171 -0.733034 -0.637875
1 16.2921 29.4202 1.73998 0.481432 -0.112866 0.869186
1 15.6612 17.6975 1.75555 -0.614445 -0.396377 0.68216
1 13.598 18.465 1.60462 0.34014 -0.74858 -0.569151
1 5.21121 24.5991 1.6768 0.656129 -0.315327 0.685612
1 4.71248 0.423069 1.6099 -0.330294 0.340744 -0.880227
1 15.8648 31.1159 1.7567 0.204158 -0.130496 0.970201
1 7.84738 21.2771 1.6149 0.631809 0.3213 -0.705396
1 17.7146 23.2831 1.60793 0.0285657 -0.247639 -0.968431
1 10.5787 24.3207 1.74136 0.577856 0.422781 0.698097
1 5.16252 20.2735 1.75556 0.127057 0.515165 0.847621
1 6.04328 32.1509 1.74894 -0.748674 -0.0971091 0.655787
1 7.98075 4.0563 1.61567 0.10524 -0.275278 -0.955587
1 3.3639 21.7863 1.758 -0.125098 0.192084 0.973373
1 12.0069 27.6433 1.75688 0.0196503 0.694501 0.719223
1 27.1014 9.82584 1.61104 0.131914 -0.152094 -0.979523
1 9.16759 31.8722 1.75946 -0.694088 0.325363 0.642169
1 34.5948 4.18237 1.60497 0.0454509 -0.0867279 -0.995195
1 29.188 13.8476 1.60001 -0.70717 -0.169719 -0.686371
1 27.3511 17.4332 1.60807 -0.175308 -0.0629427 -0.982499
1 26.9936 16.5105 1.61043 -0.336201 -0.0113149 -0.941722
1 34.3755 6.87015 1.60509 0.495749 0.00430827 -0.868455
1 8.3778 19.5127 1.60612 0.424645 0.203064 -0.882293
1 6.02496 4.16025 1.60945 0.119632 0.0763922 -0.989875
1 15.3264 19.895 1.61239 -0.55949 0.0639822 -0.826364
1 3.68341 27.3571 1.75687 0.115685 -0.517438 0.847865
1 32.692 32.2301 1.61475 0.716892 0.150904 -0.680656
1 33.5718 28.0506 1.6089 0.0346529 -0.258403 -0.965415
1 30.7961 20.4284 1.61525 0.249456 -0.579008 -0.776223
1 1.13139 1.38965 1.59881 -0.378577 -0.358343 -0.853387
1 13.9847 22.9983 1.60858 -0.0513957 0.314741 -0.947785
1 26.5782 29.8958 1.7611 -0.559905 0.124461 0.819155
1 13.6523 21.3344 1.61332 -0.348734 0.346064 -0.87099
1 22.6788 22.797 1.77598 -0.792354 -0.146546 0.592199
1 27.8825 7.20887 1.61862 -0.265501 -0.272691 -0.924742
1 17.8371 34.4527 1.75695 -0.193392 0.13575 0.971685
1 19.8264 32.2532 1.75899 0.0409375 0.366537 0.929503
1 1.37223 6.74394 1.61556 0.420129 -0.276843 -0.864205
1 4.19966 28.3635 1.75537 -0.0631157 -0.452226 0.889668
1 14.7132 3.19415 1.77923 -0.678769 -0.465861 0.567667
1 21.0817 3.18291 1.7415 0.0819913 -0.746321 0.660517
1 8.60151 26.1315 1.75873 0.263011 0.145433 0.953769
1 28.1113 16.782 1.60707 -0.277401 -0.162014 -0.946995
1 24.3552 0.398726 1.75689 0.145924 -0.281891 0.948285
1 28.219 8.23382 1.60851 -0.0913647 -0.305626 -0.947758
1 2.37925 10.4187 1.7574 0.35212 0.359168 0.864297
1 23.4333 16.4074 1.61254 -0.398537 0.430627 -0.809771
1 19.2004 20.9463 1.61205 -0.355777 -0.524764 -0.773334
1 34.1006 34.5064 1.59999 -0.580635 0.0651709 -0.811551
1 15.6373 23.5658 1.60752 0.0639636 0.0701689 -0.995482
1 13.1337 23.5337 1.60837 0.0337481 0.457027 -0.888812
1 9.55354 19.6956 1.60874 0.480989 -0.031628 -0.876156
1 19.3768 13.2778 1.75903 -0.0412349 0.32334 0.945384
1 20.1404 26.3105 1.7663 -0.364605 0.704545 0.608835
1 21.3831 33.3778 1.7264 -0.215144 0.599814 0.770673
1 2.31312 11.735 1.75628 0.164015 0.377319 0.911444
1 1.47921 29.0848 1.62189 0.0950545 -0.750759 -0.653701
1 23.7987 1.37515 1.74982 0.00841322 -0.346588 0.93798
1 21.6496 34.5276 1.63716 -0.504956 0.594237 0.62602
1 32.8901 33.2847 1.59394 -0.764929 0.123378 -0.632188
1 21.9696 21.8766 1.61694 0.614558 0.449901 -0.648003
1 0.309819 7.72073 1.61426 0.689749 -0.00991664 -0.72398
1 14.5407 10.8098 1.75434 0.0283689 -0.516479 0.85583
1 0.782313 31.9567 1.61273 0.45308 -0.454771 -0.766748
1 21.8747 1.94678 1.69744 0.114625 -0.620585 0.775716
1 22.6943 8.79405 1.61543 -0.0536788 0.455815 -0.888454
1 27.5235 30.5805 1.76073 -0.692952 0.272055 0.667685
1 11.3229 31.2909 1.74448 0.344974 -0.705656 0.618905
1 4.40296 26.4725 1.75834 0.270478 -0.396227 0.877409
1 17.6927 13.3701 1.75848 -0.0815873 0.0537103 0.995218
1 9.0602 13.5453 1.60674 -0.181406 -0.0677302 -0.981073
1 2.64775 13.7305 1.75576 -0.16876 0.43703 0.883473
1 10.655 29.808 1.75658 -0.343858 0.482582 0.805529
1 2.28463 6.08127 1.60772 0.220825 -0.438269 -0.871296
1 21.1601 11.6452 1.74748 0.409834 0.69354 0.592484
1 28.9582 19.6684 1.60827 0.187435 -0.286237 -0.939647
1 18.4805 12.7963 1.75858 -0.00912473 0.188594 0.982013
1 7.44715 8.00782 1.61052 0.66429 -0.261782 -0.700135
1 19.1646 11.0641 1.75855 0.164865 0.289524 0.942865
1 26.041 1.2201 1.75758 -0.0672348 -0.015015 0.997624
1 33.1644 10.8316 1.75356 0.319783 -0.285832 0.903349
1 6.22702 7.76405 1.63835 0.610422 -0.0712019 -0.78887
1 21.4478 29.7618 1.74826 0.402834 0.601453 0.689913
1 14.8958 33.9404 1.75937 -0.136434 -0.224258 0.964932
1 5.80723 34.26 1.61618 -0.485811 0.152389 -0.860677
1 16.9651 2.58665 1.76008 -0.555716 0.0380429 0.830501
1 19.8722 8.39458 1.73637 0.298884 0.552849 0.777834
1 13.8997 25.8749 1.61363 0.480561 0.321855 -0.815764
1 11.2011 19.9043 1.62676 0.563134 -0.368026 -0.73989
1 19.2997 9.18767 1.74361 0.288033 0.36781 0.884168
1 6.59442 24.3185 1.73775 0.558048 -0.174249 0.811307
1 25.1459 3.944 1.74776 -0.542705 -0.16176 0.8242
1 8.39731 11.7315 1.60599 -0.419588 0.0123848 -0.90763
1 4.98145 4.27668 1.61662 0.158184 0.27519 -0.948287
1 14.3805 5.75596 1.61226 0.0605187 -0.620824 -0.781611
1 26.3551 8.22067 1.60683 -0.106064 -0.0701395 -0.991882
1 24.2151 15.3432 1.61049 -0.588389 0.353517 -0.727203
1 26.3849 4.16981 1.75119 -0.65253 0.0262401 0.757308
1 12.0245 3.75806 1.61577 -0.146256 -0.340647 -0.928746
1 8.26241 31.238 1.75757 -0.582969 0.181495 0.791964
1 17.619 5.50675 1.74865 0.720906 0.058575 0.690553
1 2.7484 15.9631 1.74841 -0.558457 0.403011 0.725057
1 21.5355 16.2831 1.73468 -0.408228 0.678246 0.611009
1 26.291 9.211 1.60696 0.0417349 -0.0522035 -0.997764
1 13.7881 4.73843 1.60712 -0.107167 -0.536097 -0.837326
1 25.2107 9.51235 1.60712 0.0735057 0.0860038 -0.99358
1 4.69416 31.73 1.74851 -0.624291 -0.344832 0.700965
1 11.0821 16.9651 1.61084 0.155124 -0.338318 -0.928158
1 17.4033 19.1855 1.60493 -0.717155 -0.283671 -0.636569
1 8.52654 8.92261 1.60594 -0.771909 -0.0281961 -0.635108
1 7.37954 3.13388 1.60592 0.00669276 -0.133953 -0.990965
1 29.6171 23.829 1.60451 -0.53181 0.276713 -0.80038
1 30.6129 3.63596 1.60771 0.0910376 0.610493 -0.786772
1 17.8167 14.6513 1.75721 -0.205204 0.052576 0.977306
1 24.9376 10.5347 1.60688 0.206714 0.133159 -0.969298
1 26.7764 31.7724 1.74602 0.725666 0.0309409 0.687351
1 16.2827 24.3394 1.60704 0.201082 -0.0194189 -0.979382
1 33.9243 13.8768 1.7577 -0.221761 -0.155477 0.962626
1 25.4851 27.4394 1.75999 -0.0655096 -0.0100244 0.997802
1 29.045 9.96493 1.61009 0.195892 -0.409968 -0.890816
1 25.7112 20.9116 1.611 0.361511 0.0960936 -0.927403
1 15.4833 30.1661 1.75648 0.346864 -0.177993 0.920871
1 29.4585 5.0649 1.6683 -0.6415 -0.412946 -0.646493
1 28.0169 10.262 1.60912 0.227666 -0.255248 -0.93969
1 15.0747 20.9961 1.60675 -0.37757 0.145624 -0.914459
1 29.022 24.8987 1.64142 -0.340715 0.401402 -0.85017
1 24.7344 1.29527 1.75485 -0.0237096 -0.192803 0.980951
1 3.23795 14.8264 1.7542 -0.337994 0.525054 0.781075
1 6.23411 28.3252 1.75862 -0.0686646 -0.142534 0.987405
1 29.4869 2.48968 1.75785 -0.322603 0.537231 0.779301
1 5.60902 5.02666 1.61662 0.234068 0.118098 -0.965021
1 32.1455 16.0371 1.74435 -0.54884 -0.557992 0.62243
1 32.1897 25.0718 1.60866 -0.42131 -0.168412 -0.891143
1 29.096 7.78747 1.60632 -0.168484 -0.418631 -0.89239
1 25.3609 24.6116 1.76077 0.489702 0.01689 0.871726
1 30.515 4.87778 1.6076 0.328861 0.706432 -0.626741
1 7.42628 26.6861 1.76042 0.174916 0.000208278 0.984583
1 14.1959 15.4325 1.75018 -0.281737 -0.660836 0.695644
1 22.9208 10.958 1.60888 0.244388 0.450523 -0.858664
1 33.6577 23.847 1.76063 -0.606768 -0.429324 0.668965
1 30.3798 12.3278 1.73767 0.198378 -0.718408 0.666736
1 24.8115 6.09203 1.60839 -0.439777 0.100135 -0.892507
1 22.4438 11.8499 1.62592 0.375526 0.512422 -0.772272
1 18.1461 17.4711 1.75459 -0.60467 0.0283831 0.79597
1 14.4026 30.2086 1.75899 0.363629 -0.292449 0.884448
1 33.335 6.43655 1.61567 0.408455 0.206092 -0.889208
1 8.71427 29.2827 1.76031 -0.226393 0.20851 0.951457
1 1.82648 0.541858 1.7767 0.266547 0.796365 0.542914
1 31.3247 18.1745 1.61012 -0.0852935 -0.652087 -0.753331
1 7.17478 28.6774 1.76024 -0.130701 -0.0143547 0.991318
1 4.01285 18.1529 1.75984 0.538156 0.386651 0.748925
1 27.4123 3.4121 1.7494 -0.558301 0.229444 0.79728
1 0.629717 18.4269 1.75661 0.501482 -0.214094 0.83826
1 20.9446 22.3436 1.60292 -0.166941 -0.798096 -0.578942
1 5.74521 29.2078 1.75685 -0.20699 -0.203297 0.956988
1 29.7481 7.02716 1.60328 -0.299798 -0.527559 -0.79486
1 17.4374 29.5495 1.75627 0.434905 0.0302235 0.899969
1 31.341 11.065 1.75509 0.337172 -0.61814 0.710084
1 15.3357 21.9188 1.60814 -0.218891 0.0965099 -0.970965
1 0.855689 30.3636 1.6204 0.35221 -0.495177 -0.794196
1 30.1337 26.7349 1.61394 -0.122106 0.294131 -0.947933
1 3.04123 1.85599 1.61054 -0.0148294 0.69972 -0.714263
1 13.4422 1.62375 1.74768 -0.544696 -0.498205 0.674609
1 29.7308 10.6994 1.61176 0.327862 -0.508092 -0.79646
1 29.8863 20.0344 1.61064 0.229704 -0.434562 -0.870857
1 4.17249 32.5044 1.7701 0.696916 0.371508 0.613425
1 33.3944 30.3396 1.60716 0.405265 -0.0739171 -0.911206
1 6.40198 30.5 1.75553 -0.439022 -0.0740465 0.89542
1 0.859834 21.8751 1.75922 -0.143552 -0.18727 0.971763
1 1.8529 4.59984 1.61692 0.0361652 -0.439936 -0.8973
1 1.54097 10.9862 1.75897 0.285861 0.215498 0.933726
1 25.2268 2.95586 1.75261 -0.352164 -0.120959 0.928089
1 15.9863 6.32297 1.75303 0.661533 -0.281554 0.695055
1 19.6311 18.9536 1.77657 -0.862081 0.00615283 0.506733
1 10.6889 4.99514 1.60479 0.027143 -0.0197807 -0.999436
1 30.2606 29.2586 1.61191 0.157416 0.463905 -0.871787
1 26.0094 34.4229 1.75696 0.174976 -0.0458869 0.983503
1 24.6705 11.662 1.608 0.348062 0.158554 -0.923966
1 26.3446 7.24432 1.61382 -0.251409 -0.0784103 -0.9647
1 26.3988 25.005 1.75866 0.408111 0.186867 0.893603
1 24.5968 23.8539 1.75404 0.612197 -0.127127 0.780419
1 20.7895 32.0193 1.75174 0.0520164 0.497807 0.865727
1 32.2112 2.77036 1.60867 -0.152562 0.346673 -0.925496
1 6.51999 17.8746 1.6137 0.219469 0.464501 -0.857946
1 1.53186 22.6588 1.75854 -0.290485 -0.0823514 0.953329
1 17.9226 18.4168 1.76238 -0.761552 -0.0708827 0.644216
1 5.40186 22.4824 1.73551 -0.350544 0.511053 0.78482
1 16.9419 9.16283 1.75812 0.239446 -0.116819 0.963856
1 12.8593 12.0366 1.75618 -0.234736 -0.768413 0.595349
1 11.7162 20.6456 1.631 0.637625 -0.498719 -0.587123
1 6.73734 16.6889 1.61416 0.0911862 0.38216 -0.919586
1 14.6668 29.2148 1.75933 0.516459 -0.254659 0.817569
1 34.3202 27.3502 1.60911 -0.0999845 -0.417125 -0.903333
1 6.88075 6.04345 1.60856 0.345692 -0.16053 -0.924514
1 23.498 2.43572 1.74929 -0.14723 -0.401592 0.903907
1 0.432792 14.0207 1.75864 -0.235283 0.0453607 0.970868
1 0.182953 9.56574 1.75505 0.571205 -0.0253518 0.820416
1 6.66437 25.3505 1.75174 0.389083 -0.149243 0.909033
1 8.24697 7.08174 1.63357 0.441348 -0.423538 -0.791093
1 24.1441 19.0066 1.60845 0.0538427 0.320195 -0.94582
1 32.7619 22.8031 1.75254 -0.368431 -0.579263 0.727127
1 7.51078 30.506 1.75627 -0.430826 0.0755054 0.899271
1 11.0278 18.1119 1.61107 0.292219 -0.315377 -0.902854
1 27.2957 26.6643 1.75844 0.0934713 0.303868 0.948118
1 14.9626 22.8443 1.60756 -0.0670897 0.161719 -0.984554
1 24.3042 24.8851 1.75182 0.40808 -0.176512 0.89572
1 24.4428 32.4767 1.75987 0.581918 -0.294821 0.757926
1 19.3071 17.0234 1.75786 -0.530034 0.247063 0.811187
1 6.66809 27.3747 1.75807 0.0722529 -0.0935858 0.992986
1 15.7985 14.64 1.75236 -0.264106 -0.281803 0.922407
1 6.04122 6.84758 1.61388 0.482776 -0.0247131 -0.875395
1 19.3128 27.9601 1.73434 0.685775 0.246238 0.684894
1 1.64645 7.68049 1.61215 0.613304 -0.214728 -0.760098
1 5.61031 8.6416 1.59665 0.779261 -0.0796955 -0.621611
1 33.6057 19.7223 1.75857 0.24157 -0.479808 0.843462
1 14.3608 33.095 1.7601 -0.0201406 -0.292891 0.955934
1 0.462271 3.35104 1.60777 -0.0716581 -0.226753 -0.971313
1 10.9864 27.5625 1.75918 0.0149917 0.548462 0.836041
1 18.574 29.5918 1.75303 0.430202 0.159483 0.888533
1 23.2963 24.6482 1.76978 0.494969 -0.339398 0.799884
1 32.265 11.4861 1.75295 0.214881 -0.446207 0.868749
1 33.8534 26.2682 1.6095 -0.311276 -0.406637 -0.858926
1 6.73198 12.967 1.61496 -0.287398 0.314313 -0.90477
1 28.9383 3.58556 1.76135 -0.515737 0.411713 0.751337
1 4.37761 3.43922 1.61342 0.0758262 0.426366 -0.901367
1 5.80368 16.2308 1.61318 0.114548 0.552928 -0.825318
1 7.98966 10.8464 1.60842 -0.529648 0.0978646 -0.842553
1 25.1234 18.8734 1.60723 0.0421093 0.193675 -0.980162
1 27.326 8.86069 1.60997 -0.0145453 -0.174373 -0.984572
1 16.6969 12.9274 1.75949 -0.0474513 -0.101759 0.993677
1 4.49441 30.5099 1.75626 -0.413461 -0.379448 0.827689
1 29.1794 29.5167 1.72377 -0.196139 0.947025 0.25431
1 31.5236 4.946 1.62199 0.186191 0.540821 -0.820272
1 1.45852 25.7414 1.74457 0.754811 0.45947 -0.468132
1 33.3487 31.3656 1.61107 0.576777 0.0184346 -0.816693
1 0.211998 23.7597 1.7571 -0.470909 -0.285878 0.834577
1 8.39765 17.2148 1.60616 0.167856 0.10705 -0.979982
1 32.648 9.09697 1.76322 0.616483 -0.419435 0.66635
1 20.5918 34.4629 1.69759 -0.294256 0.51481 0.805223
1 25.9323 10.162 1.60596 0.173911 -0.0137002 -0.984666
1 14.3876 1.19162 1.74361 -0.431128 -0.317369 0.844634
1 9.53889 11.9153 1.60494 -0.390625 -0.203061 -0.897874
1 34.4328 2.61039 1.61036 -0.171881 -0.0928041 -0.980737
1 14.5419 28.1399 1.74814 0.710443 -0.295872 0.638538
1 16.5857 26.0533 1.60783 0.52906 -0.0603111 -0.846439
1 5.46354 17.3266 1.61322 0.277418 0.645484 -0.711611
1 1.85007 2.34806 1.61476 -0.244595 -0.518414 -0.819402
1 34.4458 28.4656 1.61205 0.098863 -0.407728 -0.907736
1 27.6634 18.3902 1.60719 -0.00875815 -0.0993029 -0.995019
1 11.8492 12.2683 1.621 -0.317341 -0.621284 -0.71645
1 18.4561 6.44669 1.75919 0.536975 0.237003 0.809622
1 21.734 5.66591 1.62126 -0.3095 0.587659 -0.747574
1 17.8242 27.729 1.73108 0.77305 0.0250274 0.633851
1 22.4392 21.0416 1.61242 0.42822 0.485287 -0.762315
1 3.24462 9.895 1.75663 0.391632 0.513401 0.763573
1 33.294 11.8489 1.75822 0.142651 -0.260094 0.954988
1 2.97737 17.3166 1.75232 0.700818 0.104408 0.705658
1 22.7903 5.52086 1.61409 -0.426881 0.399743 -0.811159
1 9.6007 24.7026 1.759 0.507891 0.277314 0.815563
1 32.9987 28.8766 1.60622 0.157289 -0.0821517 -0.98413
1 7.57309 27.7293 1.75981 0.0101468 0.0336717 0.999381
1 2.70769 0.571624 1.60479 -0.226847 0.724597 -0.650769
1 15.4782 11.4622 1.75826 -0.0179626 -0.330092 0.943778
1 28.9283 20.7206 1.607 0.353202 -0.291742 -0.888895
1 6.28947 22.8488 1.77897 -0.473337 0.623596 0.622157
1 17.8558 32.6275 1.75791 0.0172606 0.115541 0.993153
1 22.9511 28.6897 1.7591 -0.339184 -0.446488 0.828011
1 23.3334 27.5935 1.75862 -0.117115 -0.385442 0.91527
1 13.4894 16.9747 1.60029 0.0785169 -0.78886 -0.609536
1 7.00855 4.13558 1.60829 0.109399 -0.0975094 -0.989204
1 1.84459 21.6907 1.75785 -0.107455 -0.0257656 0.993876
1 14.2104 19.385 1.6073 -0.660338 0.305933 -0.685828
1 29.0865 5.92688 1.61385 -0.513433 -0.378747 -0.770025
1 17.2539 16.7607 1.75573 -0.470566 -0.10287 0.876348
1 26.7503 21.327 1.6108 0.438084 0.00116028 -0.898933
1 5.38708 21.3911 1.76205 -0.119967 0.506103 0.854089
1 17.3497 26.7888 1.61617 0.700246 -0.134549 -0.701108
1 11.5718 22.0621 1.77902 0.372164 -0.671874 0.640375
1 21.1169 30.945 1.75853 0.206676 0.534745 0.819349
1 34.451 17.682 1.73517 0.69172 -0.252316 0.676653
1 10.3493 3.93413 1.60701 -0.145011 0.00367112 -0.989423
1 34.0169 0.88077 1.60879 -0.419476 0.0361192 -0.907048
1 12.3707 0.474445 1.76047 -0.405831 -0.594246 0.694387
1 7.82515 12.7555 1.60565 -0.29002 0.104611 -0.951286
1 29.7767 21.2012 1.61314 0.409261 -0.431364 -0.804009
1 10.08 9.283 1.60546 -0.760398 -0.363001 -0.53854
1 11.2893 5.81281 1.60799 0.182187 -0.0889006 -0.979237
1 29.5768 25.8106 1.61357 -0.224981 0.351904 -0.908596
1 18.6217 30.5864 1.75908 0.271603 0.180307 0.945368
1 24.9006 19.8207 1.60926 0.195878 0.202765 -0.959436
1 10.4116 11.4129 1.60439 -0.460817 -0.356564 -0.812718
1 4.86272 10.9572 1.60441 -0.279838 0.780333 -0.559259
1 0.58831 33.1928 1.74727 -0.66161 0.323423 0.676513
1 31.6738 3.79691 1.6096 0.014282 0.437533 -0.899089
1 23.4124 21.9751 1.61941 0.575608 0.300756 -0.760409
1 18.55 3.75889 1.75313 -0.65283 0.335678 0.679068
1 25.514 25.5607 1.75655 0.307605 0.0100544 0.951461
1 6.97251 34.1375 1.61415 -0.517227 -0.0292921 -0.855347
1 0.510943 29.1933 1.60258 0.188191 -0.542593 -0.818644
1 4.72254 5.42748 1.61213 0.310733 0.271747 -0.910823
1 25.1405 17.1441 1.61055 -0.244528 0.201426 -0.94849
1 31.1302 26.8185 1.60606 -0.163911 0.113814 -0.979888
1 23.5969 11.8799 1.61111 0.38189 0.30378 -0.872856
1 25.4303 13.1443 1.63753 0.655231 -0.0634242 -0.752761
1 10.8824 15.8384 1.61277 0.0524855 -0.339154 -0.939266
1 21.7507 10.7587 1.61134 0.212163 0.681272 -0.700611
1 3.62177 13.6173 1.75883 -0.139877 0.626439 0.766817
1 4.94335 6.44957 1.60648 0.443142 0.194777 -0.875036
1 15.3874 8.58657 1.75076 0.322779 -0.387744 0.863405
1 20.5477 28.6668 1.75496 0.558121 0.469883 0.683894
1 5.09773 23.6371 1.73645 -0.628429 0.375317 0.681333
1 5.69642 27.4711 1.75963 0.0817214 -0.224565 0.971026
1 12.3477 32.8461 1.7563 0.00744627 -0.591211 0.806483
1 5.47876 18.7459 1.62945 0.438438 0.777226 -0.451322
1 17.9691 7.31811 1.7568 0.440804 0.102507 0.891731
1 31.5729 31.4077 1.62081 0.580685 0.368208 -0.726104
1 21.9327 26.577 1.77176 0.0801671 -0.62105 0.77966
1 9.6424 29.6547 1.75591 -0.291301 0.351849 0.889576
1 3.42761 23.811 1.74345 -0.529584 0.211337 0.821509
1 9.77213 32.9738 1.6063 -0.696033 -0.389571 -0.603135
1 28.6134 34.2494 1.75563 0.13897 0.351038 0.925991
1 10.8294 12.5303 1.60997 -0.30443 -0.419901 -0.854989
1 31.8234 17.139 1.60655 -0.286475 -0.722574 -0.629142
1 15.8717 2.1554 1.76133 -0.495615 -0.141014 0.857019
1 8.86137 9.91687 1.61348 -0.649048 -0.0611839 -0.758283
1 0.937539 4.3175 1.61118 0.0608717 -0.267751 -0.961563
1 20.1521 15.2102 1.75103 -0.247281 0.443466 0.861504
1 15.9728 13.6427 1.75487 -0.152935 -0.210727 0.965508
1 10.8046 2.14108 1.61057 -0.42252 -0.213468 -0.880857
1 11.2395 4.22863 1.60329 -0.0898172 -0.157362 -0.983448
1 22.3675 33.3691 1.75767 -0.287433 0.718338 0.63354
1 26.6595 15.5955 1.61782 -0.500536 0.0566517 -0.86386
1 31.1228 24.8879 1.60686 -0.413122 0.0160202 -0.910535
1 10.8677 8.52687 1.61488 0.649204 0.0656192 -0.757778
1 15.9922 4.16782 1.76047 -0.759012 -0.18555 0.624077
1 28.3885 2.6866 1.75671 -0.362726 0.359841 0.859619
1 16.0147 22.6448 1.60716 -0.0874632 0.000848136 -0.996167
1 26.0988 18.9559 1.60747 0.0592351 0.0800102 -0.995032
1 25.6413 18.0211 1.6091 -0.0942545 0.137946 -0.985945
1 18.9991 22.0984 1.61836 -0.153916 -0.488518 -0.858871
1 20.2165 23.3165 1.60947 0.0458736 -0.682955 -0.729019
1 11.4286 26.4891 1.75512 0.236766 0.593916 0.768899
1 13.0331 7.79152 1.60833 0.512231 -0.416545 -0.751072
1 3.02132 19.9713 1.75814 0.211869 0.143321 0.966732
1 18.9139 1.69038 1.76143 -0.431548 0.34058 0.835327
1 18.1051 2.80053 1.76066 -0.546196 0.266275 0.794209
1 17.4678 12.2752 1.75892 0.0103552 0.0232547 0.999676
1 33.1507 20.7633 1.75705 0.0292015 -0.560538 0.827613
1 29.516 33.8047 1.75151 0.176422 0.498441 0.848782
1 14.8209 9.64781 1.75287 0.201216 -0.474552 0.85692
1 23.9485 28.4899 1.75973 -0.284285 -0.27648 0.918009
1 3.28682 6.08285 1.62276 0.200014 -0.606362 -0.769623
1 3.56111 29.6762 1.75639 -0.262708 -0.538938 0.800331
1 27.0134 6.54983 1.62203 -0.373628 -0.163322 -0.913087
1 0.591227 10.4948 1.75851 0.382028 0.0446912 0.92307
1 0.462094 22.7822 1.7583 -0.309461 -0.254467 0.916232
1 18.0333 22.2966 1.60906 -0.130306 -0.320846 -0.938125
1 28.8755 16.1407 1.61325 -0.358719 -0.277013 -0.891395
1 19.2026 14.8139 1.75932 -0.194372 0.283254 0.939142
1 1.99517 12.9269 1.75892 -0.0308435 0.330869 0.943173
1 20.2384 6.17665 1.77323 0.487707 0.63245 0.601787
1 22.076 24.4034 1.75932 0.477939 -0.558913 0.677636
1 25.9579 6.16535 1.61665 -0.434226 -0.0403083 -0.899902
1 31.0895 8.76161 1.61815 0.0749817 -0.695676 -0.714432
1 9.4587 28.6129 1.7555 -0.117074 0.314959 0.941857
1 0.816652 20.0946 1.75918 0.187815 -0.194668 0.96272
1 12.7171 18.0404 1.60697 0.244147 -0.628809 -0.738236
1 7.12928 15.6893 1.60942 0.00649185 0.270862 -0.962596
1 12.2977 24.0834 1.6233 0.150497 0.569379 -0.808182
1 32.3909 21.4853 1.76227 -0.111674 -0.708823 0.696491
1 8.33063 2.93676 1.60742 0.048922 -0.297654 -0.953419
1 11.723 6.76436 1.61018 0.343125 -0.149709 -0.927282
1 15.9315 33.8986 1.75853 -0.128242 -0.0889168 0.987749
1 15.7024 12.5857 1.75841 -0.0614356 -0.254429 0.965138
1 25.3425 6.95007 1.61196 -0.295611 0.0361355 -0.954625
1 1.48795 16.5387 1.72317 -0.733831 0.169816 0.657765
1 27.6743 34.5226 1.75987 0.116444 0.199577 0.972939
1 4.67799 19.2011 1.7576 0.338268 0.457785 0.822197
1 30.9199 1.62192 1.61668 -0.301155 0.667105 -0.681379
1 24.9295 33.2517 1.75215 0.431106 -0.23632 0.870805
1 30.8742 13.4679 1.74791 -0.081498 -0.666221 0.741288
1 3.88639 2.42082 1.61711 -0.0237941 0.515053 -0.856828
1 20.9892 14.1357 1.76048 -0.0553111 0.56761 0.821437
1 13.7858 9.99306 1.7504 0.178038 -0.650455 0.738384
1 9.58627 25.7814 1.75789 0.329368 0.300415 0.895136
1 19.5844 6.82758 1.75506 0.435375 0.491796 0.754046
1 9.39657 33.9182 1.60895 -0.539373 -0.392659 -0.744913
1 1.42852 12.0695 1.76057 0.106317 0.216028 0.970582
1 34.0155 22.8734 1.75721 -0.352796 -0.422825 0.834718
1 15.4039 33.0236 1.75975 -0.0189394 -0.162208 0.986575
1 7.1591 7.01396 1.61018 0.476817 -0.233768 -0.847347
1 34.5705 31.2088 1.61111 0.50004 -0.222672 -0.836886
1 30.6854 19.1668 1.60978 0.0876619 -0.572935 -0.8149
1 18.4406 0.793429 1.75498 -0.321672 0.23372 0.917552
1 25.1164 4.92029 1.61291 -0.894822 -0.0793921 -0.439306
1 5.175 28.3738 1.75736 -0.0664198 -0.296908 0.952593
1 13.2084 20.4323 1.64229 -0.49307 0.48793 -0.720282
1 31.9988 24.0284 1.60373 -0.59361 -0.221398 -0.773699
1 5.65997 11.4492 1.61915 -0.410088 0.553087 -0.725205
1 5.33503 1.57166 1.60882 -0.188895 0.231304 -0.954367
1 3.74164 0.572437 1.76554 0.268052 -0.543253 0.795628
1 23.3285 9.97956 1.61045 0.101553 0.401082 -0.910396
1 20.112 31.1199 1.75281 0.19081 0.393667 0.899232
1 33.342 14.6372 1.75587 -0.353237 -0.272171 0.895068
1 27.5893 11.2129 1.60818 0.377357 -0.222703 -0.898891
1 8.60081 30.2513 1.75417 -0.399795 0.228422 0.887686
1 18.5786 13.9426 1.75884 -0.127472 0.187843 0.973892
1 24.8617 7.80303 1.60916 -0.17493 0.100095 -0.97948
1 2.49517 20.9153 1.7601 0.0372575 0.0632265 0.997304
1 10.1656 5.79759 1.60762 0.145634 0.121053 -0.981905
1 34.0888 18.7021 1.75673 0.461816 -0.384755 0.79918
1 34.4764 30.1646 1.60547 0.329534 -0.307497 -0.892666
1 9.23524 17.7786 1.60745 0.236217 -0.0168576 -0.971554
1 2.87621 33.3343 1.59697 0.642234 -0.372026 -0.670173
1 1.41422 3.35113 1.61419 -0.071405 -0.43761 -0.896325
1 15.008 32.0953 1.75954 0.0969524 -0.217347 0.971268
1 25.2177 30.0761 1.7545 -0.550476 -0.0529369 0.833171
1 34.0952 32.2032 1.61792 0.683223 -0.131638 -0.718246
1 3.55843 34.1067 1.6093 -0.464318 0.539893 -0.702086
1 16.4798 19.7162 1.6186 -0.577333 -0.154499 -0.801758
1 16.8928 31.2578 1.76009 0.187157 -0.00597916 0.982312
1 31.6583 19.4799 1.61865 0.145742 -0.763921 -0.628637
1 20.0017 14.1348 1.75914 -0.0895491 0.416641 0.90465
1 10.0231 18.4796 1.60446 0.343553 -0.138747 -0.928828
1 16.3791 15.824 1.75464 -0.360061 -0.212617 0.908378
1 23.8313 19.9897 1.61237 0.215905 0.33605 -0.916764
1 1.41074 17.4903 1.75143 0.715333 -0.095878 0.692175
1 30.815 31.9932 1.58957 -0.482118 -0.684168 -0.547245
1 2.44514 19.1521 1.75807 0.371576 0.0581663 0.926579
1 26.8084 12.5652 1.63597 0.570739 -0.131178 -0.810586
1 13.3556 5.79004 1.61088 0.132305 -0.463598 -0.876112
1 21.4956 13.076 1.7504 0.154071 0.653201 0.741344
1 18.5027 8.39998 1.75533 0.328234 0.181154 0.927063
1 20.4225 13.1254 1.75559 0.103375 0.476655 0.872991
1 18.2326 21.2322 1.6099 -0.30361 -0.369366 -0.878288
1 9.21675 5.57998 1.63175 0.104709 0.305809 -0.946317
1 0.394636 21.0005 1.7605 0.0140248 -0.260979 0.965243
1 10.1384 16.5061 1.6099 0.0939486 -0.186089 -0.978031
1 4.13057 20.0453 1.75698 0.187151 0.330959 0.9249
1 0.604207 11.4485 1.75902 0.214411 0.0575846 0.975045
1 8.24009 18.1925 1.60892 0.287997 0.172124 -0.942036
1 30.2451 6.16115 1.60956 -0.448492 -0.597115 -0.665063
1 9.82603 14.1345 1.61109 -0.115855 -0.190249 -0.974876
1 14.2971 20.3944 1.61297 -0.487938 0.266106 -0.831327
1 15.7925 25.3307 1.61314 0.375856 0.0618913 -0.924609
1 16.6818 23.4276 1.6075 0.0487351 -0.0882707 -0.994904
1 14.6373 7.37764 1.73635 0.568917 -0.617948 0.542655
1 31.8871 0.710139 1.62343 -0.45832 0.440854 -0.771745
1 10.8226 7.55518 1.60674 0.473756 0.0375164 -0.879857
1 28.4698 0.694052 1.75749 -0.0302822 0.34134 0.939452
1 8.41201 22.4839 1.63113 -0.829854 -0.0328744 -0.557012
1 4.33385 25.4609 1.73821 0.443413 -0.386026 0.80893
1 25.6213 12.2001 1.61545 0.486847 0.0389221 -0.87262
1 25.7277 26.4989 1.75956 0.120243 0.0327646 0.992204
1 30.2635 27.9761 1.60943 -0.0146083 0.445404 -0.895211
1 25.0723 34.2049 1.75987 0.256958 -0.200353 0.945427
1 34.4303 14.8062 1.75653 -0.368827 -0.0705875 0.926814
1 14.7807 2.22835 1.68783 -0.579374 -0.298086 0.758597
1 34.1196 20.6601 1.75163 0.0742502 -0.407656 0.910112
1 5.037 7.42199 1.63974 0.58183 0.148754 -0.799591
1 12.7923 2.33245 1.60688 -0.461396 -0.576333 -0.674502
1 19.5233 30.1716 1.75829 0.325184 0.307636 0.894212
1 2.36471 3.57254 1.6116 -0.114392 -0.654887 -0.747019
1 14.5812 25.1526 1.6107 0.347823 0.232706 -0.908222
1 1.39638 20.8603 1.75883 0.0443455 -0.0995181 0.994047
1 13.7997 34.0144 1.75677 -0.164013 -0.377361 0.911426
1 34.2014 11.2977 1.76087 0.248884 -0.108733 0.96241
1 8.93541 0.211971 1.61242 -0.383534 -0.33551 -0.860427
1 30.3395 18.0125 1.60895 -0.0899203 -0.494119 -0.864731
1 32.4405 4.67563 1.60942 0.134782 0.351183 -0.926555
1 17.3388 24.2302 1.60813 0.185705 -0.172132 -0.967411
1 20.7125 4.99051 1.61426 0.0817914 0.843761 -0.53045
1 6.7023 29.5795 1.75924 -0.277018 -0.0699213 0.958317
1 7.58119 32.1662 1.76455 -0.777503 0.133046 0.614645
1 29.8417 15.8604 1.61159 -0.396392 -0.438772 -0.806445
1 5.57224 31.1464 1.75768 -0.558561 -0.193965 0.806466
1 28.4032 31.6197 1.75749 0.630233 0.23823 0.738954
1 16.7137 1.58101 1.76424 -0.41335 -0.00784458 0.910539
1 33.2787 24.9866 1.60969 -0.495392 -0.34772 -0.796039
1 5.70528 33.295 1.60368 -0.646529 0.176624 -0.742162
1 9.72446 4.73829 1.60652 -0.0197506 0.152389 -0.988123
1 16.4147 8.32155 1.75719 0.346249 -0.214249 0.91335
1 17.8897 25.1182 1.62276 0.332936 -0.24514 -0.910527
1 19.369 24.0187 1.61023 0.119698 -0.504098 -0.855312
1 8.97301 27.7842 1.76245 0.00233459 0.225694 0.974196
1 32.6727 3.64806 1.60872 -0.0276666 0.261061 -0.964926
1 17.4693 8.23264 1.75826 0.345287 -0.0164409 0.938353
1 13.8897 3.54972 1.59982 -0.336312 -0.643075 -0.688003
1 29.2089 8.86332 1.60819 0.0207201 -0.440258 -0.897632
1 4.03608 4.48631 1.63067 0.245468 0.462648 -0.851882
1 12.7609 34.0089 1.75275 -0.188568 -0.541014 0.819601
1 30.6061 25.7802 1.6092 -0.27355 0.15569 -0.949174
1 12.7635 6.80288 1.61149 0.346872 -0.352592 -0.869114
1 0.437418 5.20526 1.60914 0.18832 -0.127364 -0.973814
1 16.0061 32.1147 1.75989 0.0872489 -0.0969815 0.991455
1 1.63172 13.9508 1.75907 -0.215281 0.246919 0.94482
1 7.33864 13.6669 1.61072 -0.193983 0.214228 -0.957328
1 5.87445 2.4067 1.6086 -0.0915971 0.139404 -0.98599
1 33.2412 2.76006 1.6081 -0.148268 0.149188 -0.97763
1 7.80731 16.4128 1.61003 0.074197 0.175303 -0.981715
1 28.2606 5.16693 1.77387 0.697529 0.166814 0.696869
1 10.6814 13.6866 1.60998 -0.143697 -0.371473 -0.917256
1 27.9995 27.4144 1.75982 -0.037774 0.419031 0.907186
1 1.37476 9.84941 1.75606 0.488235 0.174983 0.85499
1 32.4803 29.7385 1.60715 0.30078 0.0692032 -0.95118
1 27.8404 32.4253 1.75644 0.489637 0.197776 0.8492
1 28.9932 1.58692 1.76083 -0.177233 0.458714 0.870729
1 23.3711 0.366475 1.75529 0.188027 -0.443424 0.876368
1 30.2365 33.0676 1.76334 0.213444 0.662009 0.718461
1 20.2619 11.9686 1.76883 0.302429 0.533334 0.789995
1 25.3555 0.541783 1.75811 0.078058 -0.116086 0.990167
1 19.849 10.3104 1.7512 0.189348 0.480697 0.8562
1 5.39966 30.1092 1.75917 -0.359349 -0.23002 0.904411
1 16.4384 33.0435 1.75938 -0.0305983 -0.0351435 0.998914
1 3.14808 11.3015 1.75293 0.214107 0.539978 0.813991
1 0.56209 6.19148 1.61022 0.343653 -0.13781 -0.92893
1 22.1025 30.9306 1.74927 0.176314 0.658767 0.731396
1 8.53231 24.0778 1.75813 0.611972 0.0698563 0.787788
1 33.9027 15.6753 1.75971 -0.500192 -0.184477 0.846036
1 21.6589 17.7885 1.61833 -0.350355 0.672336 -0.652086
1 4.87144 12.6914 1.60998 -0.236669 0.728041 -0.643385
1 27.7032 4.26224 1.77649 -0.735222 0.253566 0.628611
1 21.2387 25.992 1.59075 -0.218784 0.735944 -0.640718
1 13.4416 0.426693 1.7538 -0.334991 -0.446492 0.829714
1 24.8029 26.736 1.76044 0.0586116 -0.127038 0.990165
1 7.60613 20.1359 1.61368 0.472444 0.382593 -0.79399
1 1.79626 18.3592 1.75284 0.523764 -0.0411357 0.85087
1 3.32817 25.1481 1.75351 0.573739 -0.467799 0.672301
1 7.60377 5.08452 1.61074 0.209413 -0.230961 -0.95016
1 16.8965 17.6895 1.75498 -0.59993 -0.178464 0.779894
1 16.3858 0.654427 1.75738 -0.28517 -0.0405864 0.957617
1 12.7088 10.4955 1.75538 0.0644352 -0.773196 0.630885
1 22.8554 1.52543 1.75119 0.0802438 -0.49737 0.863819
1 16.8284 34.3847 1.75932 -0.18121 0.00431845 0.983435
1 2.29706 24.3143 1.75089 -0.594599 0.0404821 0.803002
1 6.8735 31.3798 1.75223 -0.613791 0.0217687 0.789169
1 4.36542 1.45961 1.60753 -0.170699 0.397298 -0.901674
1 28.0305 12.0539 1.61339 0.546292 -0.286412 -0.787105
1 33.3784 21.9085 1.75721 -0.165738 -0.522976 0.836078
1 13.5241 29.1468 1.75559 0.552811 -0.448058 0.702598
1 30.2982 34.5798 1.74994 0.0177231 0.636056 0.77144
1 22.3869 9.91302 1.606 0.0792349 0.57069 -0.817334
1 28.0315 20.2445 1.6094 0.282248 -0.146799 -0.948043
1 6.82096 11.0973 1.61286 -0.496215 0.313425 -0.809652
1 28.2689 9.26609 1.6072 0.0738314 -0.29138 -0.953754
1 0.427182 15.6446 1.75968 -0.513122 0.0135512 0.858209
1 10.5239 21.4709 1.59817 0.700342 -0.20372 -0.68412
1 11.7134 33.885 1.75045 -0.175442 -0.689531 0.702685
1 24.035 17.1809 1.61104 -0.255087 0.341865 -0.904466
1 0.728635 27.968 1.60883 -0.0223141 -0.575934 -0.817192
1 12.5755 21.6304 1.60617 -0.310938 0.512501 -0.800413
1 33.045 18.492 1.73606 0.397498 -0.605361 0.689589
1 10.4139 31.0656 1.7526 -0.510152 0.572262 0.642076
1 2.64269 27.3332 1.75244 0.141178 -0.684453 0.715257
1 23.1662 12.8256 1.61887 0.516986 0.307193 -0.798973
1 23.8745 5.54586 1.60203 -0.513639 0.1898 -0.83675
1 16.9925 32.2135 1.75999 0.0693556 0.0231524 0.997323
1 10.1138 10.3317 1.61442 -0.61582 -0.298734 -0.729057
1 24.4378 2.27045 1.75468 -0.179519 -0.246038 0.952491
1 25.8324 16.3286 1.61245 -0.367212 0.126834 -0.921449
1 7.61489 24.7247 1.75311 0.473872 -0.0253794 0.880228
1 16.5772 30.3259 1.75747 0.330292 -0.0630199 0.941773
1 24.0867 34.0397 1.76397 0.329135 -0.377608 0.865495
1 27.2717 2.50203 1.76519 -0.369169 0.185741 0.910612
1 20.5481 17.448 1.7396 -0.59202 0.463507 0.659298
1 20.857 1.90767 1.68671 0.403617 -0.693367 0.596939
1 5.42797 14.4713 1.77338 0.0734737 -0.626902 0.775626
1 22.776 31.9984 1.7766 -0.0239198 0.764974 0.643616
1 12.9343 3.60319 1.62409 -0.225647 -0.501209 -0.835388
1 18.3371 16.4965 1.75667 -0.446758 0.0963929 0.889447
1 23.8384 26.6533 1.75868 0.0686041 -0.29905 0.951768
1 3.27068 28.4581 1.74221 -0.0735527 -0.607274 0.79108
1 11.9277 17.4593 1.61349 0.202559 -0.485769 -0.850293
1 1.4194 27.1012 1.59991 -0.140375 -0.731315 -0.667438
1 2.75602 7.16688 1.61082 0.404743 -0.409931 -0.817398
1 22.8739 26.5843 1.75673 0.0742344 -0.465971 0.881681
1 17.7876 1.79286 1.75955 -0.43223 0.164756 0.886585
1 24.3424 12.718 1.61009 0.511856 0.11542 -0.851282
1 17.2893 21.5364 1.60527 -0.254921 -0.209954 -0.943893
1 10.2155 17.5109 1.60869 0.208284 -0.172282 -0.962776
1 11.8552 4.98266 1.60613 0.0497617 -0.222549 -0.973651
1 26.9317 1.60743 1.76034 -0.177352 0.116078 0.977278
1 19.9456 22.0002 1.61173 -0.154112 -0.635575 -0.756501
1 25.9444 23.8151 1.75437 0.664095 0.123877 0.737314
1 6.70588 0.436804 1.61061 -0.360678 0.00198362 -0.932688
1 24.5057 25.8234 1.75927 0.230897 -0.16589 0.958732
1 28.0028 1.73755 1.75927 -0.200547 0.284157 0.937569
1 28.7631 18.6551 1.60796 0.0269852 -0.246612 -0.968739
1 30.9058 15.8701 1.60868 -0.420097 -0.623153 -0.659695
1 10.5974 25.4922 1.75512 0.389435 0.451967 0.802537
1 26.5307 25.9896 1.75637 0.219311 0.176062 0.959638
1 20.0644 3.3215 1.77322 0.198325 -0.867783 0.455652
1 17.3956 10.0699 1.76262 0.157682 -0.0441034 0.986505
1 14.6454 11.9836 1.75497 -0.142621 -0.46387 0.874347
1 33.5194 12.8993 1.75834 -0.050076 -0.217798 0.974708
1 31.1359 33.7285 1.78514 -0.0542638 0.815032 0.57687
1 25.7299 32.4087 1.75968 0.548809 -0.0768882 0.832404
1 30.7382 17.0012 1.60638 -0.262669 -0.54927 -0.793289
1 5.68437 0.626567 1.60705 -0.324939 0.168318 -0.930636
1 31.8046 34.2769 1.58244 -0.589831 0.542808 -0.597879
1 7.08517 14.6507 1.61098 -0.0921281 0.268787 -0.958784
1 32.1859 7.75492 1.7688 -0.622802 -0.420473 0.659788
1 16.4729 10.4721 1.76065 0.100698 -0.198883 0.974836
1 17.3401 33.5087 1.75926 -0.0817888 0.0567796 0.995031
1 3.38574 22.789 1.75257 -0.32038 0.21313 0.923002
1 18.2051 20.1659 1.60998 -0.491895 -0.348275 -0.797962
1 23.122 15.3253 1.76439 0.486853 -0.582131 0.651227
1 4.01686 10.9435 1.76974 0.207104 0.719899 0.66246
1 17.0169 22.4862 1.60687 -0.104832 -0.155478 -0.982261
1 11.6142 13.4835 1.62256 -0.164655 -0.539817 -0.825522
1 30.7953 7.43532 1.60231 -0.200459 -0.692924 -0.692584
1 8.61394 15.7586 1.60871 0.0411512 0.0274635 -0.998775
1 12.8022 4.76415 1.61172 -0.0193071 -0.386348 -0.922151
1 24.3527 27.5943 1.75913 -0.109351 -0.205034 0.972627
1 22.1283 14.7054 1.74984 -0.0866441 0.770236 0.631846
1 23.3963 6.53008 1.60968 -0.347858 0.335884 -0.875315
1 11.3192 28.6565 1.75205 -0.204891 0.617524 0.759397
1 14.8593 4.695 1.60292 -0.218682 -0.691729 -0.688251
1 22.3527 27.6622 1.75936 -0.146076 -0.548788 0.8231
1 3.3867 3.40803 1.62792 0.150045 0.660177 -0.735971
1 13.2252 9.0041 1.76607 0.428786 -0.719414 0.546431
1 21.1207 15.3112 1.76575 -0.256157 0.599978 0.757898
1 21.8873 28.6585 1.75314 -0.374562 -0.629623 0.680645
1 15.736 28.6393 1.77406 0.65054 -0.112439 0.751103
1 1.4079 5.5707 1.60892 0.199675 -0.292687 -0.935128
1 32.5249 19.8336 1.74338 0.154896 -0.710374 0.686568
1 12.9521 28.0641 1.74916 -0.27486 0.756315 0.593666
1 25.429 15.4166 1.61299 -0.513777 0.196167 -0.835196
1 21.1971 20.6617 1.61715 0.383695 0.667778 -0.637849
1 30.7126 30.3712 1.61813 0.381341 0.432243 -0.817157
1 3.61934 30.9378 1.75075 -0.439796 -0.525666 0.728186
1 14.4898 0.224252 1.74794 -0.28471 -0.278391 0.9173
1 26.8297 32.8694 1.75754 0.43875 0.0658676 0.896192
1 16.4581 11.7076 1.76123 -0.00157663 -0.164141 0.986436
1 20.0884 24.8079 1.61677 0.250416 -0.592254 -0.76585
1 22.8061 20.0975 1.61696 0.243881 0.473016 -0.846627
1 0.0891159 19.4642 1.75702 0.309552 -0.312704 0.897994
1 28.1576 22.952 1.61435 0.726615 -0.170735 -0.665492
1 0.152573 1.5898 1.61168 -0.32355 -0.153872 -0.933616
1 28.0151 19.2917 1.60851 0.132687 -0.143267 -0.980749
1 0.432285 26.6556 1.61266 -0.207406 -0.563055 -0.79997
1 32.331 10.2799 1.75028 0.410281 -0.424251 0.807268
1 15.8938 26.8799 1.6113 0.696394 0.027839 -0.717119
1 24.9594 22.6764 1.61095 0.738407 0.185872 -0.648234
1 18.3542 33.4894 1.75735 -0.0932922 0.190304 0.977282
1 7.29644 11.9351 1.60894 -0.402123 0.206564 -0.89198
1 31.4028 29.6484 1.60999 0.274597 0.27192 -0.92231
1 1.02829 13.2087 1.75978 -0.0856427 0.149562 0.985036
1 1.32696 23.6093 1.75746 -0.460236 -0.114917 0.880328
1 30.5712 21.7162 1.64299 0.429747 -0.577613 -0.694032
1 3.40886 26.2717 1.76349 0.317002 -0.548153 0.773976
1 18.3693 24.1828 1.61626 0.165641 -0.333255 -0.928172
1 7.58071 9.9785 1.61389 -0.634846 0.179697 -0.751451
1 8.21848 14.017 1.60777 -0.149628 0.0778118 -0.985676
1 17.2959 11.16 1.76066 0.0631756 -0.0286173 0.997592
1 9.16101 21.5366 1.61476 0.688456 0.0622474 -0.722602
1 9.43619 23.4351 1.73601 0.694481 0.226923 0.68279
1 29.9993 1.28871 1.7607 -0.163101 0.651226 0.74115
1 34.095 4.97415 1.60687 0.164137 0.0387678 -0.985675
1 31.6029 27.7376 1.6074 -0.0271998 0.0924214 -0.995348
1 12.1393 8.73729 1.59993 0.667183 -0.241417 -0.704688
1 0.442209 0.478678 1.60227 -0.49635 -0.14838 -0.855348
1 27.7191 33.5018 1.76082 0.289678 0.205691 0.934761
1 0.837439 2.40084 1.61079 -0.213144 -0.310808 -0.926266
1 5.40933 3.35284 1.6085 0.0322716 0.213088 -0.9765
1 23.2072 3.67458 1.76091 -0.35406 -0.442507 0.823911
1 32.9521 0.798753 1.61235 -0.42923 0.244057 -0.869596
1 11.7413 18.7684 1.61271 0.369735 -0.446612 -0.81476
1 2.41211 23.3312 1.75728 -0.416797 0.0577335 0.907164
1 1.94945 20.0281 1.75968 0.205756 -0.021022 0.978378
1 16.1337 20.6683 1.6123 -0.417703 -0.0434165 -0.907546
1 18.326 11.7348 1.7594 0.0660108 0.159668 0.984961
1 2.94198 12.6343 1.75365 0.0248426 0.510637 0.859437
1 27.8737 14.0422 1.63099 -0.730884 0.0892607 -0.67664
1 26.8506 33.9354 1.75852 0.235482 0.0751132 0.968972
1 10.0086 27.6786 1.75798 0.0266354 0.393777 0.91882
1 17.0887 28.5817 1.75698 0.59868 0.00971563 0.800929
1 15.4909 1.17021 1.75561 -0.374385 -0.170248 0.911511
1 26.4457 13.6239 1.74796 0.731278 -0.306042 -0.609566
1 34.1459 10.3676 1.75256 0.410435 -0.12694 0.903011
1 19.8014 34.0239 1.74307 -0.199236 0.399751 0.894709
1 32.8422 1.83727 1.61048 -0.274333 0.240596 -0.93105
1 1.29627 19.2236 1.76035 0.356398 -0.117255 0.926948
1 17.1984 3.63242 1.75854 -0.685085 0.0720108 0.724896
1 24.6173 20.7358 1.612 0.350983 0.211048 -0.912288
1 10.6656 34.1615 1.60953 -0.450488 -0.636034 -0.626515
1 7.98116 15.0087 1.60971 -0.0373562 0.127386 -0.991149
1 1.13434 24.5725 1.72232 -0.621612 -0.172686 0.764054
1 29.7225 31.6552 1.7741 0.539284 0.486141 0.687634
1 28.7002 6.76929 1.60038 -0.345452 -0.364151 -0.864903
1 28.8621 27.8735 1.76151 -0.09083 0.586597 0.804769
1 29.2432 32.5093 1.76041 0.403918 0.443306 0.800207
1 23.5299 18.1259 1.61093 -0.0996323 0.406685 -0.908119
1 10.0921 2.93901 1.60749 -0.314993 -0.00192511 -0.949092
1 5.42325 26.5203 1.75895 0.247569 -0.263466 0.93236
1 32.3222 30.7332 1.61101 0.46826 0.200349 -0.860577
1 11.5998 1.45608 1.61446 -0.536423 -0.386966 -0.750005
1 9.78049 7.90211 1.60501 0.492856 0.265764 -0.82853
1 26.5215 14.6454 1.63743 -0.664505 0.19578 -0.721182
1 13.2391 22.3777 1.60988 -0.169486 0.42451 -0.889419
1 9.18369 10.9252 1.60945 -0.527556 -0.131224 -0.839324
1 19.51 0.52116 1.75371 -0.353829 0.393691 0.848418
1 18.1747 10.7197 1.76128 0.147644 0.109766 0.982931
1 27.0899 24.3487 1.75648 0.49535 0.360615 0.790307
1 13.0645 31.9605 1.76027 0.146774 -0.48817 0.860318
1 31.3977 12.2807 1.75276 0.109275 -0.567221 0.816284
1 18.9969 5.61094 1.76118 0.622896 0.343089 0.703058
1 22.0731 3.62335 1.77444 -0.252465 -0.62828 0.735884
1 13.3089 30.3872 1.69865 0.364303 -0.467961 0.805168
1 19.1598 19.7616 1.60437 -0.59344 -0.46662 -0.655816
1 9.05817 18.8088 1.60778 0.356162 0.0387654 -0.93362
1 20.4659 29.8982 1.75758 0.361236 0.452019 0.81559
1 25.9313 22.0141 1.61005 0.574221 0.0944223 -0.813237
1 24.3826 31.5526 1.58465 -0.768547 0.0466618 -0.638089
1 20.3554 16.3578 1.75671 -0.425657 0.458435 0.780163
1 21.7882 19.8236 1.60421 0.189602 0.626769 -0.755786
1 20.1932 1.19531 1.74019 -0.47403 0.533273 0.700654
1 32.9491 34.3745 1.60547 -0.576843 0.310335 -0.755609
1 21.0922 23.9424 1.61408 0.210941 -0.786692 -0.580189
1 12.6407 13.8592 1.63264 -0.261932 -0.713818 -0.649504
1 5.55601 25.4935 1.75695 0.43924 -0.298145 0.847454
1 26.5973 11.6812 1.60714 0.421954 -0.0908735 -0.902051
1 29.4868 22.4367 1.60954 0.601953 -0.376155 -0.704386
1 11.7746 16.1215 1.61861 0.0562494 -0.495418 -0.866832
1 18.4433 28.6286 1.76075 0.591389 0.108692 0.799027
1 13.01 25.0658 1.61517 0.335663 0.477273 -0.812121
1 33.9086 3.47753 1.60774 -0.0523329 0.0260533 -0.99829
1 27.2334 7.86885 1.6102 -0.166121 -0.184809 -0.968633
