1 17.2124 33.6244 1.7594 -0.0874086 0.043439 0.995225
1 31.9457 17.1456 1.60142 -0.2268 -0.704512 -0.672477
1 19.0121 6.4084 1.75987 0.486503 0.259248 0.834329
1 25.4929 18.462 1.60733 -0.133619 0.197551 -0.971143
1 8.33779 29.811 1.76054 -0.366143 0.19655 0.909564
1 15.6822 5.87623 1.75207 0.62094 -0.424523 0.658949
1 19.0168 21.4389 1.60932 -0.252235 -0.479262 -0.840646
1 26.8644 20.981 1.60681 0.287523 0.0159788 -0.957641
1 5.55192 1.55724 1.61088 -0.157257 0.33104 -0.930421
1 32.028 9.0286 1.74641 0.641294 -0.285783 0.712089
1 20.2933 9.99953 1.72688 0.153349 0.586463 0.795327
1 2.5898 10.462 1.76103 0.209916 0.462162 0.861593
1 28.0678 2.26506 1.75275 -0.317195 0.267093 0.909972
1 3.69727 13.7118 1.755 -0.24352 0.674718 0.696745
1 18.01 22.8961 1.60532 0.0120883 -0.293166 -0.955985
1 29.123 18.1664 1.6109 -0.0927668 -0.26205 -0.960585
1 19.4308 31.6252 1.7599 0.171073 0.316433 0.933062
1 24.9964 22.1198 1.60619 0.537175 0.158429 -0.828459
1 26.8972 22.6436 1.6145 0.605569 0.133665 -0.784487
1 19.846 22.2917 1.62999 -0.0904916 -0.622998 -0.776972
1 16.97 0.952449 1.75502 -0.323671 -0.0138963 0.946067
1 17.7516 26.5457 1.60474 0.665671 -0.107886 -0.738405
1 14.3355 33.4745 1.75727 -0.0985911 -0.345753 0.933132
1 29.0481 28.9642 1.74661 0.0915077 0.97604 0.197415
1 29.6483 32.1102 1.75178 0.438434 0.458696 0.7729
1 24.6251 5.98695 1.61545 -0.487066 0.175222 -0.855608
1 12.4031 15.4598 1.62097 -0.0220089 -0.564372 -0.825227
1 6.79772 14.6649 1.60918 -0.0887591 0.318679 -0.943698
1 11.0755 2.81665 1.6193 -0.110984 -0.350149 -0.930096
1 19.4007 14.2178 1.76273 -0.163417 0.334982 0.927945
1 9.78021 19.8992 1.60901 0.534046 -0.141998 -0.833445
1 5.87137 28.0424 1.75941 -0.0525447 -0.20508 0.977334
1 6.17337 4.16279 1.61534 0.139617 0.322399 -0.936251
1 14.2409 20.1345 1.61866 -0.466821 0.330659 -0.820209
1 17.038 5.41759 1.74891 0.7346 -0.126634 0.666579
1 23.474 27.2552 1.75851 -0.00418866 -0.274828 0.961484
1 5.76913 8.1695 1.58622 0.6981 0.459315 -0.54926
1 11.498 34.3927 1.66263 -0.562295 -0.594823 -0.574465
1 16.3098 33.3586 1.75863 -0.0557858 -0.0667096 0.996212
1 6.79519 10.7028 1.61538 -0.534784 0.278657 -0.79772
1 1.59844 10.0594 1.75991 0.332735 0.269961 0.903553
1 34.2171 21.1441 1.75641 -0.152448 -0.408847 0.89978
1 13.6872 24.8342 1.61663 0.24146 0.475527 -0.845914
1 19.1475 11.4787 1.75439 0.0426804 0.32427 0.945001
1 11.5121 10.4462 1.62951 -0.577263 -0.526924 -0.623794
1 28.1655 27.5858 1.75202 -0.044225 0.510315 0.85885
1 17.8524 6.31024 1.76035 0.549622 0.0316322 0.834815
1 2.67044 15.5393 1.7525 -0.571635 0.44763 0.687649
1 26.297 14.3944 1.76686 0.646086 -0.328028 -0.689181
1 3.32963 6.9205 1.61219 0.189836 -0.680535 -0.707697
1 22.3984 23.8594 1.77361 0.715596 -0.292056 0.634528
1 33.3751 21.6704 1.76097 -0.238583 -0.549764 0.800524
1 4.29673 3.1216 1.67727 0.175967 0.526993 -0.831453
1 18.9539 19.2368 1.61078 -0.662195 -0.44559 -0.602451
1 28.5789 15.6502 1.63339 -0.519388 -0.0931017 -0.849452
1 9.16461 24.3492 1.75526 0.520505 0.233766 0.821236
1 33.6521 28.3977 1.60822 0.0497633 -0.264908 -0.962989
1 21.787 24.9848 1.74773 0.453967 -0.483247 0.74859
1 19.904 12.5894 1.75132 -0.024619 0.411681 0.910995
1 1.27331 7.51259 1.61077 0.421585 -0.319376 -0.848685
1 8.06403 2.27077 1.6086 -0.144585 0.0527222 -0.988087
1 22.7063 27.8655 1.76087 -0.132806 -0.402517 0.905728
1 14.9284 7.15648 1.74848 0.509525 -0.426483 0.747326
1 33.9601 12.5046 1.76088 -0.0370394 -0.109192 0.99333
1 0.963567 28.6069 1.62033 0.0828356 -0.597445 -0.79762
1 5.74486 31.7725 1.75186 -0.716407 -0.0252529 0.697226
1 26.7725 13.267 1.61741 0.493212 -0.192829 -0.848268
1 17.6709 27.6078 1.70296 0.783917 0.115633 0.610003
1 19.5658 23.4795 1.61704 0.129162 -0.528083 -0.839313
1 32.6715 28.294 1.60799 0.0428247 -0.0807905 -0.995811
1 1.42599 4.15319 1.612 -0.151608 -0.326524 -0.932951
1 8.85485 34.0289 1.61355 -0.553666 -0.136229 -0.82152
1 7.47596 6.13978 1.61024 0.348957 0.257205 -0.901152
1 18.8997 9.51204 1.75889 0.211665 0.250777 0.944621
1 18.0479 34.0598 1.75882 -0.139205 0.155571 0.977967
1 23.4878 29.9011 1.75099 -0.512313 -0.260492 0.818339
1 13.5418 11.5279 1.76012 -0.145912 -0.649415 0.746304
1 23.7075 28.2784 1.75825 -0.196381 -0.23349 0.952322
1 0.351996 12.534 1.76047 -0.0534037 0.0501712 0.997312
1 5.69055 27.0386 1.76094 0.123786 -0.266476 0.95586
1 24.8171 33.9889 1.75416 0.269454 -0.229916 0.935165
1 33.7438 30.4081 1.60765 0.36108 -0.179971 -0.915004
1 0.00901672 28.4737 1.61067 0.0542671 -0.442317 -0.895215
1 27.8799 5.08164 1.61633 -0.77559 -0.188747 -0.602358
1 15.0231 34.3585 1.75546 -0.206897 -0.248623 0.946245
1 24.2081 6.97344 1.61002 -0.333399 0.224348 -0.915704
1 9.52934 14.3409 1.60689 -0.122892 -0.120069 -0.98513
1 28.0604 7.7471 1.60827 -0.221203 -0.326706 -0.918875
1 1.32331 15.8321 1.75011 -0.680692 0.202673 0.703976
1 31.7283 10.9685 1.76168 0.242286 -0.499045 0.832017
1 25.6729 13.0062 1.62637 0.449951 -0.00898618 -0.893008
1 11.7466 3.61977 1.61844 -0.0289568 -0.440343 -0.897362
1 29.8023 11.0621 1.60927 0.318385 -0.68381 -0.656532
1 18.9431 26.6961 1.77461 -0.741471 0.250729 0.622379
1 18.3311 16.4544 1.75686 -0.488183 0.107901 0.866046
1 11.6594 5.02189 1.60085 0.164205 -0.388954 -0.906505
1 26.732 24.4225 1.75655 0.575239 0.282535 0.767642
1 0.0433489 18.9847 1.76094 0.244127 -0.34206 0.907412
1 21.1614 29.9921 1.75312 0.421121 0.587767 0.690787
1 29.7456 18.9432 1.61231 0.0275346 -0.37132 -0.928097
1 1.88555 33.7554 1.60051 -0.235805 0.581322 -0.778756
1 24.8726 30.0669 1.75138 -0.566926 -0.086493 0.819215
1 25.8364 20.7077 1.60888 0.228233 0.120005 -0.966182
1 19.1127 18.3197 1.74671 -0.78544 0.0153593 0.618748
1 1.29996 12.0882 1.75695 0.0031075 0.207844 0.978157
1 25.7439 5.85607 1.61135 -0.570746 -0.0166344 -0.820958
1 1.12772 0.11987 1.59344 0.0180078 0.718713 -0.695073
1 23.0043 20.6297 1.61342 0.220849 0.473822 -0.852478
1 31.1646 17.8337 1.61535 -0.143257 -0.576465 -0.804466
1 34.0051 7.13451 1.60955 0.464679 0.0107679 -0.885414
1 28.2691 22.6596 1.60877 0.627032 -0.08362 -0.774493
1 17.2054 7.20754 1.75805 0.450138 -0.0737825 0.889905
1 4.26168 7.1414 1.59541 0.15405 -0.831063 -0.534418
1 20.145 11.4779 1.75023 0.0929166 0.531762 0.841781
1 17.6109 24.3029 1.6113 0.245377 -0.194964 -0.94962
1 9.47273 21.097 1.60838 0.698447 -0.118338 -0.70581
1 11.7081 17.4025 1.60808 0.173663 -0.43508 -0.883485
1 7.86216 19.5698 1.60958 0.503597 0.235179 -0.831313
1 9.0751 22.8953 1.74594 0.750089 0.116605 0.650976
1 12.8108 21.8202 1.60304 -0.234862 0.561225 -0.793641
1 21.824 0.0734079 1.69399 -0.364125 0.746465 0.556958
1 9.18187 26.4638 1.75733 0.171611 0.26294 0.949427
1 15.5986 8.30352 1.75002 0.292393 -0.334862 0.895753
1 28.3653 14.0447 1.74812 -0.743651 0.266569 -0.613126
1 24.5154 26.5831 1.75974 0.136756 -0.0974774 0.985797
1 26.3773 19.0186 1.60694 -0.0336334 0.0698498 -0.99699
1 17.0205 34.5896 1.75828 -0.204124 0.0137887 0.978848
1 8.76127 9.23759 1.64647 -0.798621 -0.0345254 -0.600843
1 25.4311 13.9303 1.60937 0.605772 -0.0930156 -0.790183
1 25.904 33.768 1.75616 0.300829 -0.0814842 0.950191
1 7.84295 28.1136 1.75988 -0.0855435 0.0834134 0.992837
1 7.17097 4.18433 1.61059 0.113206 0.194539 -0.97434
1 20.7166 15.7205 1.76094 -0.351185 0.510423 0.784944
1 15.0073 3.75625 1.77751 -0.635067 -0.528698 0.563177
1 8.02678 18.5801 1.60788 0.379759 0.21492 -0.899774
1 2.73191 14.4168 1.75317 -0.361996 0.46836 0.805977
1 8.7845 15.0254 1.60649 -0.0541984 0.0112138 -0.998467
1 31.7201 28.0674 1.60962 0.0244905 0.100982 -0.994587
1 0.0573144 9.54826 1.75617 0.471021 0.0348276 0.881434
1 12.666 17.9778 1.62873 0.259212 -0.601231 -0.755864
1 11.8507 32.3467 1.73712 0.0726864 -0.673531 0.735576
1 34.322 0.744417 1.60467 -0.597055 0.0654163 -0.799529
1 25.1539 14.8823 1.59288 0.748505 -0.0968026 -0.656026
1 26.8156 1.38299 1.75808 -0.129292 0.0826498 0.988156
1 14.596 8.36339 1.74687 0.333654 -0.488525 0.806237
1 7.32673 29.0293 1.76019 -0.232278 0.0187904 0.972468
1 6.15505 29.9887 1.75911 -0.386208 -0.0912955 0.917883
1 24.6461 12.6289 1.60872 0.35817 0.152843 -0.921061
1 16.0578 13.0553 1.75473 -0.122726 -0.236694 0.963802
1 27.875 28.6679 1.75654 -0.265556 0.373665 0.888738
1 25.9833 4.95817 1.61257 -0.775737 -0.113365 -0.620791
1 9.93139 18.7703 1.60865 0.384731 -0.13756 -0.912721
1 13.7665 26.9329 1.60627 0.611362 0.381787 -0.693163
1 27.9246 4.21485 1.75808 -0.698525 0.197206 0.687875
1 11.275 11.5478 1.61228 -0.427911 -0.510272 -0.745999
1 5.84768 2.56819 1.60599 -0.0392971 0.298066 -0.953736
1 7.92664 10.9367 1.61151 -0.515913 0.0803798 -0.852862
1 16.0354 7.30045 1.75901 0.435234 -0.260158 0.86191
1 23.571 26.2534 1.76063 0.181434 -0.250562 0.950947
1 4.30792 31.7616 1.75225 -0.675591 -0.284534 0.680159
1 20.2926 8.28618 1.74446 0.267822 0.548119 0.792361
1 2.43542 29.3427 1.76891 -0.286714 -0.738916 0.609752
1 12.6615 6.56594 1.59691 0.409445 -0.498782 -0.763919
1 33.485 8.95544 1.73513 0.770815 -0.0277714 0.636454
1 26.1868 11.2606 1.60759 0.213076 -0.0628051 -0.975015
1 24.9486 2.93741 1.75169 -0.333802 -0.148317 0.930902
1 10.5546 21.6825 1.6091 0.804795 -0.260122 -0.533518
1 5.97563 18.9868 1.60964 0.418809 0.655923 -0.627984
1 2.22155 9.28265 1.76017 0.416643 0.396092 0.818242
1 15.5319 10.1069 1.75827 0.116927 -0.30415 0.945421
1 31.0262 16.1943 1.60792 -0.439591 -0.525105 -0.728714
1 5.29902 3.4867 1.61316 0.117019 0.388527 -0.913977
1 25.3713 10.6973 1.60868 0.124039 0.0694594 -0.989843
1 8.03739 15.7149 1.60696 0.0191157 0.146154 -0.989077
1 12.4518 11.7684 1.64159 -0.383614 -0.722055 -0.57574
1 19.8726 29.392 1.74483 0.529017 0.41583 0.739748
1 2.23623 3.60383 1.62109 -0.346635 -0.433104 -0.832025
1 11.538 0.976165 1.62032 -0.381206 -0.480511 -0.789804
1 22.6107 8.47299 1.62261 -0.164685 0.571976 -0.803568
1 1.93824 23.0865 1.747 -0.470201 0.0318745 0.881984
1 9.37569 6.50434 1.60973 0.39649 -0.0244004 -0.917715
1 26.5927 12.3277 1.60927 0.364355 -0.124844 -0.922854
1 30.0446 28.7989 1.61085 0.186301 0.387519 -0.902841
1 21.8243 27.3266 1.75406 -0.0600445 -0.569192 0.82001
1 4.19543 29.1861 1.74908 -0.249364 -0.424247 0.870536
1 11.6556 16.2426 1.61012 0.0508987 -0.415841 -0.908012
1 19.2183 30.6038 1.75792 0.312407 0.285644 0.905985
1 33.4293 20.3496 1.75314 -0.0341365 -0.5675 0.822665
1 5.53288 10.6184 1.59902 -0.456158 0.601581 -0.655759
1 7.4518 16.751 1.61002 0.138193 0.267073 -0.953716
1 31.2073 25.8815 1.60938 -0.30355 0.209194 -0.929567
1 22.631 26.6948 1.75605 0.0766736 -0.423358 0.902712
1 21.0302 27.9982 1.59006 0.230757 0.708659 -0.666749
1 9.3112 29.2341 1.75461 -0.267709 0.32882 0.905654
1 26.9582 7.54055 1.6087 -0.264565 -0.180442 -0.947336
1 24.0997 23.7959 1.76704 0.692561 -0.147969 0.70602
1 30.1058 9.6798 1.61296 0.130023 -0.66253 -0.737664
1 24.3634 32.5899 1.7321 0.560023 -0.295205 0.774098
1 18.101 21.8632 1.60666 -0.175242 -0.319671 -0.931182
1 18.4616 13.9644 1.76196 -0.184834 0.150587 0.971164
1 16.8948 20.3716 1.60759 -0.454088 -0.130473 -0.881352
1 6.52048 1.2491 1.60845 -0.241629 0.214796 -0.946297
1 34.4555 4.32878 1.61135 -0.0497585 -0.0496966 -0.997524
1 7.79169 5.10934 1.60969 0.21103 0.163105 -0.963776
1 1.22462 3.03168 1.6095 -0.317232 -0.273816 -0.907959
1 10.543 22.9001 1.75808 0.708676 0.399404 0.581597
1 5.47084 34.02 1.61347 -0.505559 0.354126 -0.786769
1 27.3033 10.4154 1.60846 0.169475 -0.21929 -0.960828
1 32.5512 20.7913 1.76986 -0.0979485 -0.722765 0.684117
1 28.3319 9.8641 1.61148 0.132058 -0.382668 -0.914399
1 6.99952 11.6903 1.61406 -0.414466 0.247697 -0.875708
1 31.4559 29.9313 1.61005 0.341922 0.165236 -0.925087
1 2.72051 18.7998 1.75396 0.340953 0.136581 0.930106
1 5.9305 9.13974 1.79323 0.776102 -0.342402 0.529554
1 1.07134 10.8354 1.75743 0.210683 0.176512 0.961487
1 32.0568 29.1131 1.60846 0.186673 0.0474145 -0.981277
1 15.5338 12.0294 1.75788 -0.0647302 -0.316967 0.946225
1 25.915 17.3063 1.62548 -0.334113 0.136483 -0.932599
1 13.8234 32.4957 1.75738 0.0259977 -0.413149 0.910292
1 23.7211 25.2803 1.75525 0.361577 -0.214734 0.907277
1 17.7195 29.3358 1.74603 0.504072 0.0898826 0.858972
1 31.6618 15.3196 1.75369 -0.572386 -0.454239 0.682672
1 1.94491 11.2899 1.75805 0.109706 0.323323 0.939908
1 22.7988 9.93696 1.62141 -0.0572889 0.560427 -0.82622
1 29.5414 16.2214 1.61738 -0.421251 -0.268078 -0.866419
1 28.8575 19.478 1.60679 0.107345 -0.251691 -0.961836
1 18.5795 2.29967 1.75787 -0.493277 0.261753 0.829556
1 4.59108 1.2607 1.61141 -0.17016 0.466233 -0.868143
1 0.735005 22.9585 1.76117 -0.487276 -0.189781 0.852376
1 29.1621 5.87689 1.61893 -0.51596 -0.56555 -0.643381
1 7.49942 13.7345 1.60801 -0.19043 0.188418 -0.963449
1 15.1952 30.7411 1.75307 0.27523 -0.213081 0.937467
1 24.7173 25.6112 1.75943 0.323096 -0.0625846 0.944295
1 8.13871 21.9227 1.77994 -0.829252 -0.0237501 0.558369
1 33.4139 5.42396 1.60796 0.165163 0.121744 -0.978723
1 21.6917 19.3241 1.61472 -0.055454 0.665059 -0.744729
1 9.48364 3.09693 1.60888 -0.050144 -0.122188 -0.991239
1 9.66145 5.53786 1.60921 0.261598 -0.0841722 -0.9615
1 3.0772 32.5844 1.76231 0.256859 0.671349 0.695207
1 25.4456 0.0889218 1.75767 0.149771 -0.113614 0.982171
1 16.5539 10.0691 1.75983 0.113664 -0.13565 0.984215
1 10.1968 28.3258 1.75182 -0.14597 0.424413 0.893625
1 21.1468 16.6573 1.75529 -0.486656 0.546673 0.681406
1 1.80456 1.69125 1.58756 0.441408 0.77026 -0.460281
1 25.6133 12.0768 1.60681 0.296988 0.0208394 -0.954654
1 6.59693 3.24263 1.6135 0.0187047 0.237198 -0.971281
1 24.8779 20.1683 1.61368 0.160648 0.24289 -0.956659
1 11.8261 20.6215 1.60441 0.634758 -0.538663 -0.554008
1 31.3318 12.0922 1.76267 0.0589309 -0.55306 0.831055
1 15.3393 23.5503 1.60577 0.0872353 0.146476 -0.98536
1 20.2623 30.5252 1.74901 0.348395 0.427525 0.834172
1 16.4762 19.4078 1.6136 -0.628193 -0.0758483 -0.774351
1 16.0262 9.17199 1.76211 0.210624 -0.228344 0.950524
1 3.30678 27.2572 1.75575 0.0768368 -0.593748 0.800974
1 24.5908 24.6342 1.75205 0.520445 -0.0849333 0.849661
1 12.6037 29.729 1.74793 0.434529 -0.548645 0.714264
1 16.0088 1.54651 1.76203 -0.398006 -0.193519 0.89674
1 31.7712 31.6897 1.61511 0.442829 0.435628 -0.783665
1 30.7445 32.1486 1.72117 0.435593 0.633725 0.639258
1 10.354 3.5106 1.60908 -0.00717945 -0.231086 -0.972907
1 29.2697 25.4314 1.62486 -0.230969 0.622684 -0.747608
1 29.5016 22.2433 1.60925 0.543418 -0.330978 -0.77146
1 10.6954 20.4218 1.60863 0.602793 -0.337048 -0.723214
1 24.7417 19.1718 1.60861 -0.0138188 0.279888 -0.959933
1 2.28921 5.9171 1.60767 0.0784888 -0.499676 -0.862649
1 32.7324 10.8892 1.75926 0.262426 -0.325814 0.908283
1 4.21689 15.9939 1.61312 0.11569 0.78139 -0.613225
1 27.2877 0.508649 1.75965 0.0138311 0.12756 0.991734
1 30.668 20.2305 1.61135 0.223644 -0.565088 -0.79414
1 25.2482 33.0479 1.73226 0.426404 -0.203805 0.881274
1 10.1698 30.7271 1.75045 -0.513225 0.532423 0.673146
1 24.1149 18.3817 1.61263 -0.167669 0.368555 -0.91436
1 33.1186 24.5432 1.61084 -0.578589 -0.144387 -0.802738
1 20.4751 33.9593 1.73649 -0.158464 0.504155 0.848951
1 13.7107 8.02591 1.74618 0.467148 -0.590018 0.658523
1 10.266 9.55441 1.61918 -0.732655 -0.275747 -0.622238
1 12.2494 28.2009 1.75938 -0.23752 0.741501 0.627503
1 6.40776 6.2278 1.608 0.370826 0.433923 -0.821096
1 19.6757 32.6695 1.75826 0.0313793 0.36982 0.928573
1 13.6748 17.5747 1.61994 0.101339 -0.770277 -0.629606
1 15.3579 21.6438 1.60666 -0.233333 0.123324 -0.964545
1 7.34293 31.6621 1.75496 -0.71845 0.129511 0.683415
1 2.73156 23.7522 1.76388 -0.594136 0.160755 0.788137
1 4.34143 24.6064 1.73005 0.618152 -0.433646 0.655621
1 8.16176 4.12211 1.60851 0.0862605 0.0705775 -0.99377
1 34.361 20.0249 1.75596 0.0463996 -0.398302 0.91608
1 4.36368 30.7125 1.75609 -0.485233 -0.353028 0.79995
1 26.3291 8.35183 1.60587 -0.139362 -0.0737189 -0.987494
1 2.5218 26.5481 1.7496 0.226934 -0.667288 0.709385
1 32.1374 3.93864 1.61655 -0.105404 0.34987 -0.93085
1 21.6818 17.9137 1.6229 -0.324379 0.729827 -0.601774
1 25.7094 19.6988 1.60975 0.0681686 0.147852 -0.986657
1 24.8932 21.1494 1.61286 0.350394 0.205567 -0.913765
1 0.1838 2.72081 1.6094 -0.338987 -0.113595 -0.933908
1 11.5034 15.007 1.61591 -0.0536661 -0.419103 -0.906351
1 10.0089 4.54334 1.60767 0.126104 -0.15738 -0.979454
1 15.8945 25.3847 1.61877 0.408314 0.114734 -0.905602
1 10.1242 26.2862 1.75287 0.191052 0.420184 0.887099
1 1.43922 27.0512 1.64653 -0.0367231 -0.800814 -0.597786
1 32.3014 27.2299 1.6101 -0.110543 -0.0193778 -0.993682
1 26.4149 16.4017 1.60916 -0.536244 0.18599 -0.823317
1 31.091 2.55447 1.60735 -0.36061 0.656044 -0.662998
1 18.5605 23.7257 1.61016 0.171199 -0.362948 -0.915947
1 22.6669 25.6026 1.75633 0.292082 -0.385742 0.875152
1 16.8126 24.9547 1.6128 0.336095 -0.04287 -0.940852
1 22.4757 22.8885 1.77843 -0.770968 -0.252554 0.584659
1 24.7025 9.98529 1.6074 0.0212097 0.182365 -0.983002
1 14.8652 32.542 1.75925 0.0392116 -0.257816 0.965398
1 16.0305 34.25 1.75547 -0.16832 -0.10306 0.98033
1 0.868782 1.9893 1.62178 -0.491034 -0.315149 -0.812137
1 10.0591 25.1805 1.75963 0.377926 0.418944 0.825626
1 13.1943 28.4676 1.72023 0.610861 -0.535244 0.583406
1 22.8305 0.0531556 1.73926 0.292418 -0.595899 0.747927
1 8.40483 28.8496 1.7607 -0.209503 0.16681 0.963474
1 23.6878 19.3817 1.6116 0.014262 0.413047 -0.910598
1 28.8822 34.1422 1.75912 0.160812 0.30724 0.937946
1 24.4192 9.01847 1.60804 -0.100208 0.215059 -0.971446
1 33.7691 15.2474 1.7545 -0.554942 -0.0494405 0.830418
1 23.868 22.5006 1.62069 0.591248 0.277842 -0.75712
1 13.5036 22.5164 1.61772 -0.123792 0.444872 -0.886997
1 32.034 0.607119 1.6099 -0.502602 0.642654 -0.578262
1 17.1628 22.4056 1.60687 -0.085483 -0.159515 -0.983487
1 19.5543 24.6489 1.61334 0.344375 -0.507574 -0.789794
1 11.982 12.7857 1.60656 -0.256131 -0.625053 -0.737364
1 16.7721 15.9291 1.75472 -0.443651 -0.152791 0.883079
1 19.9352 25.6801 1.77022 -0.533825 0.539789 0.650891
1 14.919 0.735514 1.75444 -0.3393 -0.288838 0.895237
1 32.5842 13.7851 1.75713 -0.253049 -0.302334 0.918999
1 31.01 23.5999 1.60231 -0.678203 0.292734 -0.674053
1 28.2076 33.3701 1.75841 0.316497 0.182503 0.930872
1 16.3631 4.49321 1.74878 -0.784812 -0.132489 0.605406
1 30.4748 4.70778 1.60909 0.099326 0.616497 -0.781067
1 29.0561 23.4593 1.61279 0.706599 -0.217039 -0.673508
1 3.18019 5.64334 1.62874 -0.0571898 -0.646094 -0.761112
1 19.3596 7.62383 1.75651 0.352152 0.344356 0.870292
1 34.4451 24.577 1.61064 -0.680977 -0.397613 -0.614959
1 27.223 31.6898 1.76356 0.694178 -0.00465638 0.719788
1 27.1657 11.4329 1.60802 0.288484 -0.204504 -0.93539
1 21.6956 26.1568 1.75235 0.190959 -0.556114 0.808871
1 20.45 28.6781 1.74397 0.590605 0.549097 0.591335
1 10.7528 27.2306 1.75479 -0.00169667 0.51394 0.857825
1 17.0081 12.8831 1.75729 -0.120749 -0.0821804 0.989276
1 8.38336 16.6364 1.60742 0.123917 0.112331 -0.985914
1 31.0165 13.2074 1.75981 -0.148327 -0.607762 0.780144
1 3.23274 28.6115 1.76248 -0.148299 -0.598227 0.787484
1 33.7965 2.52614 1.60868 -0.314847 0.0869342 -0.945153
1 17.6386 17.8323 1.75362 -0.723889 -0.0761871 0.685697
1 27.4638 18.0954 1.60604 -0.130083 -0.0413559 -0.99064
1 17.7816 15.596 1.757 -0.385558 0.0186293 0.922495
1 13.354 4.20857 1.62657 0.00979412 -0.670973 -0.741417
1 19.2869 15.813 1.7579 -0.382913 0.280214 0.88026
1 26.5544 34.4857 1.75754 0.165369 0.0302435 0.985768
1 1.91583 13.7782 1.75607 -0.264302 0.334605 0.904535
1 14.6085 5.59971 1.62038 0.280638 -0.770567 -0.572249
1 18.4105 3.3954 1.75893 -0.652551 0.186768 0.734367
1 15.8347 29.9314 1.75892 0.395038 -0.125392 0.910067
1 5.27791 6.12244 1.6126 0.324312 0.641029 -0.695632
1 13.3829 30.2395 1.75944 0.353756 -0.455853 0.816734
1 20.1676 17.5837 1.75286 -0.652914 0.283141 0.70252
1 20.8386 22.545 1.60416 -0.207649 -0.787599 -0.580147
1 10.3076 10.6222 1.60981 -0.576006 -0.321451 -0.75159
1 19.8434 16.6352 1.76072 -0.50367 0.324605 0.800593
1 11.3495 29.3762 1.72035 -0.439527 0.617112 0.652678
1 21.45 2.25475 1.73734 0.201029 -0.673406 0.711415
1 7.05803 15.7367 1.61136 0.0216372 0.306196 -0.951723
1 10.4905 7.29955 1.60612 0.489115 -0.161228 -0.857188
1 9.56416 33.2316 1.61729 -0.712704 -0.184786 -0.676688
1 24.1382 10.8477 1.61054 0.107426 0.266492 -0.957832
1 21.7605 21.9846 1.59267 0.564288 0.487801 -0.666055
1 22.2882 2.76985 1.74597 -0.029062 -0.575172 0.817516
1 6.39131 34.5654 1.61546 -0.458965 0.209523 -0.863395
1 3.73309 26.0162 1.7577 0.31887 -0.539944 0.778962
1 21.0484 11.0191 1.7377 -0.00270045 0.75525 0.655432
1 30.6797 11.2947 1.75707 0.178553 -0.711267 0.679866
1 14.1156 15.8284 1.75751 -0.382013 -0.690586 0.614131
1 26.5439 9.29193 1.60586 -0.0135373 -0.106839 -0.994184
1 7.94548 33.2266 1.61638 -0.679676 -0.0348836 -0.732682
1 26.32 10.2654 1.606 0.100855 -0.0778723 -0.991849
1 6.97049 23.2335 1.72547 0.737011 -0.244096 0.630263
1 8.25103 12.9491 1.60874 -0.270935 0.0523116 -0.961175
1 13.0779 25.7603 1.60068 0.333684 0.629661 -0.701556
1 4.43364 14.4036 1.61783 -0.226518 0.768209 -0.598786
1 8.81675 4.95223 1.60676 0.18684 0.00667737 -0.982368
1 33.0284 31.2207 1.6114 0.488347 -0.00369801 -0.872641
1 33.5727 8.07157 1.60243 0.689834 0.0793794 -0.719603
1 16.0288 11.0291 1.75992 0.0306531 -0.225512 0.973758
1 27.4961 9.42647 1.60819 0.0399718 -0.243777 -0.969007
1 31.3398 34.5925 1.77503 -0.0389059 0.765013 0.642839
1 17.152 21.3934 1.60801 -0.265482 -0.165429 -0.949817
1 34.1932 11.5785 1.75847 0.135511 -0.0833906 0.98726
1 24.3922 27.5607 1.76053 -0.0442707 -0.127723 0.990821
1 25.2777 6.73402 1.60968 -0.396918 0.0551363 -0.916197
1 30.1782 17.9893 1.61309 -0.129236 -0.418649 -0.898905
1 20.6562 32.8126 1.74888 -0.000979114 0.51006 0.860138
1 21.8735 7.74893 1.59111 -0.133742 0.788993 -0.599669
1 25.9358 7.47467 1.6081 -0.267192 -0.0298361 -0.963181
1 15.4788 24.4977 1.60385 0.249276 0.146541 -0.957281
1 32.878 32.2545 1.61186 0.590863 0.173062 -0.787991
1 26.3656 32.8183 1.75238 0.463467 -0.0549392 0.884409
1 30.0761 12.8954 1.75435 0.0650119 -0.768246 0.636846
1 7.26001 26.2623 1.75762 0.21469 -0.043033 0.975734
1 23.9862 2.5788 1.75387 -0.198367 -0.299659 0.933196
1 11.5162 6.13582 1.61459 0.336698 -0.340774 -0.877786
1 1.07097 9.10897 1.76142 0.530643 0.186019 0.826931
1 30.3358 29.857 1.61738 0.371353 0.345408 -0.861853
1 24.0434 8.06547 1.60741 -0.203962 0.249342 -0.946693
1 26.1992 30.0155 1.75994 -0.56829 0.103629 0.816277
1 2.31009 7.07831 1.61121 0.281896 -0.503252 -0.816867
1 9.21627 28.2105 1.75744 -0.103207 0.268725 0.957672
1 16.6481 6.37697 1.76531 0.584293 -0.186777 0.789757
1 28.7334 11.6543 1.6153 0.39365 -0.487035 -0.779639
1 0.656366 16.8894 1.71629 0.749801 -0.124371 0.649869
1 3.54127 10.8609 1.76007 0.0933272 0.640614 0.76217
1 22.9966 13.6997 1.61129 0.473708 0.402232 -0.78346
1 29.2548 12.4457 1.59608 0.506803 -0.592694 -0.625991
1 14.0873 10.4462 1.75496 0.0243316 -0.562436 0.826483
1 20.4133 31.6899 1.74912 0.165479 0.452413 0.876321
1 2.32719 4.75578 1.61251 -0.129198 -0.484109 -0.865417
1 4.93956 27.7019 1.76006 -0.00431334 -0.3536 0.935387
1 1.91599 32.431 1.7494 0.556839 -0.528286 0.640972
1 23.9058 17.3435 1.61218 -0.377656 0.401494 -0.834373
1 6.63233 27.1314 1.75677 0.0817633 -0.127998 0.988398
1 3.60983 22.9659 1.74559 -0.450601 0.312108 0.836389
1 24.4227 0.51064 1.757 0.144728 -0.260697 0.954511
1 3.2159 21.497 1.75702 -0.134133 0.207441 0.969008
1 13.1116 20.5682 1.62362 -0.439793 0.556801 -0.704666
1 8.06294 25.5718 1.7609 0.317259 0.0827941 0.944718
1 23.2734 7.50153 1.61917 -0.250616 0.387452 -0.887171
1 18.8597 34.5452 1.75704 -0.195643 0.275417 0.941206
1 4.33579 10.057 1.7755 0.241344 0.763595 0.598895
1 16.3899 24.0493 1.60595 0.18005 -0.000794984 -0.983657
1 32.0124 24.0955 1.61135 -0.603507 0.0989356 -0.791196
1 34.3468 31.2868 1.60388 0.435915 -0.310584 -0.844699
1 7.13186 8.16229 1.61201 0.680659 0.289264 -0.673075
1 11.38 30.8023 1.643 0.441582 -0.657041 0.610985
1 24.4879 5.04483 1.61612 -0.674754 0.126164 -0.727179
1 27.2986 17.1135 1.61315 -0.300414 0.0485015 -0.952575
1 2.88745 33.8678 1.75123 -0.0152095 0.66926 0.742873
1 32.2073 26.2111 1.61056 -0.280303 -0.00639544 -0.95989
1 5.97619 25.1453 1.7541 0.426909 -0.243377 0.870928
1 1.77575 19.2566 1.75658 0.247471 -0.050728 0.967566
1 33.3053 1.611 1.61437 -0.450213 0.185289 -0.873485
1 33.4437 14.3336 1.75773 -0.369211 -0.148922 0.917336
1 22.4029 1.33137 1.75129 0.132401 -0.555388 0.820984
1 21.0652 9.39838 1.76623 0.143222 0.764281 0.628779
1 14.0851 14.5221 1.72182 -0.176703 -0.649293 0.739726
1 9.3824 0.371378 1.61022 -0.406477 -0.170594 -0.897593
1 0.787241 30.7146 1.60331 0.338811 -0.539081 -0.771102
1 27.7913 34.2669 1.75908 0.160773 0.158481 0.974185
1 28.3226 8.77928 1.60949 -0.0452788 -0.367984 -0.928729
1 23.8417 11.8801 1.60857 0.237773 0.307757 -0.921276
1 25.4677 29.2708 1.75522 -0.40146 0.00898912 0.915832
1 27.9408 29.7097 1.75933 -0.488655 0.290374 0.822739
1 15.9505 0.574245 1.75362 -0.27961 -0.139862 0.949872
1 0.450212 6.84625 1.60832 0.358098 -0.167347 -0.918565
1 11.6894 18.5033 1.61951 0.329336 -0.426869 -0.842212
1 1.03043 18.6822 1.76221 0.357787 -0.175108 0.917238
1 13.0305 10.309 1.75604 0.0203029 -0.720366 0.693296
1 32.4557 22.2185 1.76657 -0.294407 -0.717779 0.630965
1 18.5045 10.4054 1.75708 0.124064 0.199776 0.971956
1 18.4077 5.4271 1.75186 0.650757 0.118244 0.750023
1 13.0178 13.3051 1.60727 -0.108801 -0.820877 -0.560646
1 10.8332 16.975 1.61025 0.149952 -0.284554 -0.94686
1 21.5622 32.3905 1.75994 0.040335 0.643112 0.764709
1 30.4625 26.7514 1.61299 -0.146058 0.352644 -0.924289
1 10.6891 5.29733 1.60504 0.218216 -0.238437 -0.946324
1 25.7538 32.0209 1.76234 0.632444 -0.13266 0.763161
1 33.241 11.7676 1.75836 0.101858 -0.237326 0.966075
1 1.65676 14.8339 1.75761 -0.471428 0.278701 0.836709
1 11.2134 28.2349 1.75313 -0.22277 0.576443 0.786185
1 10.9937 4.27253 1.60334 0.0717974 -0.308154 -0.948623
1 29.7189 21.0899 1.60888 0.368175 -0.395336 -0.84152
1 3.23953 16.8444 1.75954 0.680072 0.277691 0.678521
1 5.22699 26.2155 1.75983 0.285245 -0.345184 0.894138
1 9.0218 12.2084 1.61001 -0.352285 -0.0902417 -0.931532
1 22.9645 28.9258 1.75953 -0.332313 -0.344838 0.877869
1 17.178 23.4264 1.60661 0.0884202 -0.143388 -0.985709
1 26.9077 29.2185 1.75984 -0.363545 0.172929 0.915385
1 30.7218 33.4525 1.75983 0.195823 0.621949 0.758178
1 14.5216 11.9676 1.7591 -0.130174 -0.483509 0.865606
1 8.63746 27.4177 1.76063 0.0231267 0.182344 0.982963
1 16.6386 8.12401 1.75904 0.316914 -0.159973 0.934866
1 13.556 5.5034 1.61982 0.252208 -0.658579 -0.708988
1 19.619 1.56892 1.75477 -0.403711 0.440964 0.801604
1 4.09969 5.50505 1.61237 -0.180017 -0.795874 -0.578081
1 13.6363 6.77682 1.60977 0.517798 -0.601518 -0.608326
1 4.14112 20.9679 1.75588 -0.0162252 0.370126 0.92884
1 18.1068 30.2882 1.75728 0.360018 0.142327 0.922025
1 31.6052 4.83265 1.60835 0.0810912 0.425018 -0.901545
1 5.07313 29.8338 1.75645 -0.358714 -0.259274 0.896717
1 18.8816 0.965162 1.75498 -0.334336 0.279027 0.900202
1 28.3175 26.3806 1.76042 0.18667 0.65571 0.731573
1 2.83595 13.2517 1.75071 -0.169747 0.495633 0.851783
1 31.0612 28.8863 1.6102 0.170815 0.222814 -0.959779
1 8.92923 19.2547 1.60839 0.457157 0.0389502 -0.888533
1 23.2094 3.22619 1.75847 -0.244658 -0.444081 0.861936
1 9.35246 7.45957 1.606 0.535895 0.00186924 -0.844283
1 10.8026 19.2914 1.61108 0.439976 -0.297666 -0.84724
1 6.49728 16.7459 1.61238 0.152559 0.427721 -0.890943
1 27.912 20.9264 1.60638 0.31739 -0.1085 -0.942068
1 25.5898 9.57391 1.60648 -0.000887723 0.0385122 -0.999258
1 16.5315 11.9504 1.76069 -0.046488 -0.15502 0.986817
1 6.92881 24.2907 1.74938 0.557242 -0.114646 0.822398
1 21.9287 28.5644 1.76031 -0.26777 -0.52794 0.805964
1 1.49605 5.30478 1.6104 0.0354053 -0.350127 -0.936033
1 2.38941 24.6832 1.58433 0.769502 -0.230458 -0.595614
1 34.0385 25.4279 1.61174 -0.495589 -0.354566 -0.79289
1 2.0208 17.1285 1.74942 0.620736 0.0580207 0.78187
1 9.83751 15.362 1.60691 -0.00859333 -0.134656 -0.990855
1 4.36501 11.637 1.77486 -0.0243032 0.803462 0.594859
1 14.0195 34.4966 1.75464 -0.24621 -0.405644 0.880246
1 27.3416 8.45677 1.60694 -0.109238 -0.217062 -0.970026
1 15.3671 28.7593 1.75181 0.591963 -0.203927 0.779739
1 5.84242 14.5307 1.61262 -0.109779 0.467079 -0.877374
1 32.6424 4.76779 1.6116 0.0425296 0.250503 -0.967181
1 22.369 33.1629 1.77364 -0.102885 0.795999 0.59649
1 17.7462 19.775 1.60487 -0.557692 -0.261745 -0.787699
1 11.8386 19.5171 1.6162 0.481584 -0.475721 -0.736048
1 33.285 34.1513 1.61808 -0.750298 0.339376 -0.567342
1 31.4004 26.9194 1.61058 -0.142582 0.161819 -0.976466
1 27.3591 19.096 1.60602 0.0243341 -0.0510005 -0.998402
1 6.62 9.74477 1.59479 -0.649688 0.313069 -0.692743
1 21.1802 14.5046 1.75451 -0.127121 0.620148 0.774117
1 23.8468 14.5787 1.60053 0.643131 0.178357 -0.744695
1 20.8323 1.47476 1.63563 -0.540016 0.601476 0.588735
1 31.4593 21.9283 1.61032 0.389175 -0.72046 -0.574004
1 34.415 16.0607 1.73893 -0.74577 0.0463197 0.664592
1 2.12119 12.5804 1.75786 -0.0867334 0.352945 0.931615
1 5.04834 22.6082 1.75761 -0.393837 0.429499 0.812664
1 22.1514 11.0042 1.61029 0.108958 0.656487 -0.746427
1 8.03034 30.7703 1.75728 -0.533014 0.169173 0.829021
1 33.2271 27.4463 1.60776 -0.101007 -0.198729 -0.974835
1 7.58058 27.2134 1.76023 0.0546283 0.0185107 0.998335
1 6.09866 7.22583 1.61309 0.522005 0.476139 -0.707674
1 18.7126 8.36716 1.75805 0.296092 0.203161 0.933304
1 28.5358 16.6149 1.61086 -0.352878 -0.120711 -0.92785
1 4.25917 23.6318 1.73454 -0.673801 0.34317 0.65439
1 16.9609 32.6365 1.75986 0.0395375 0.00959198 0.999172
1 25.701 24.882 1.7549 0.473359 0.100886 0.875073
1 26.4787 26.5108 1.75855 0.161976 0.249191 0.954813
1 9.07116 10.2124 1.60843 -0.638146 -0.105701 -0.762625
1 9.16212 4.02176 1.60688 0.0673972 -0.06491 -0.995613
1 0.745315 19.6751 1.75951 0.149991 -0.21931 0.964057
1 15.3163 26.1188 1.61311 0.551481 0.209049 -0.807569
1 23.4208 8.93492 1.6112 -0.146029 0.400337 -0.904658
1 13.738 9.27698 1.74926 0.205942 -0.610189 0.765021
1 29.4136 17.2167 1.61146 -0.253703 -0.275377 -0.927255
1 0.014611 23.6427 1.75132 -0.637106 -0.288319 0.71482
1 19.9918 20.9878 1.61251 -0.32766 -0.664316 -0.671806
1 11.8857 21.9473 1.78188 0.273794 -0.716247 0.641893
1 16.3158 2.55905 1.76399 -0.530555 -0.178306 0.828685
1 4.05142 22.0148 1.76308 -0.230098 0.331442 0.914987
1 7.22994 0.493039 1.60558 -0.369849 0.116372 -0.921775
1 31.9883 6.59761 1.61684 0.374017 0.334597 -0.86496
1 14.6516 28.043 1.75753 0.728068 -0.280238 0.625606
1 8.18683 17.5983 1.60763 0.250402 0.16277 -0.954361
1 27.5766 16.1507 1.61072 -0.438002 0.0263569 -0.898587
1 5.03624 12.546 1.60863 -0.336476 0.682462 -0.648868
1 9.77528 1.40035 1.61083 -0.280754 -0.191115 -0.940559
1 34.0771 32.5403 1.61031 0.573266 -0.11814 -0.810807
1 17.938 0.481497 1.75808 -0.266299 0.135445 0.954327
1 28.871 20.5348 1.60635 0.268018 -0.256873 -0.928538
1 5.42482 13.569 1.61799 -0.240528 0.541978 -0.805237
1 6.94815 20.0593 1.61644 0.558389 0.413385 -0.719246
1 32.7313 33.2532 1.75156 -0.752483 -0.00411484 0.658599
1 1.41618 6.43452 1.6082 0.223406 -0.342759 -0.912472
1 31.5634 20.4672 1.62573 0.204745 -0.727801 -0.654511
1 14.1101 2.1952 1.76059 -0.531275 -0.567886 0.628691
1 25.9932 28.4511 1.76093 -0.219354 0.0869534 0.971763
1 4.80381 4.61839 1.60958 0.207726 0.658449 -0.723391
1 30.9608 24.7592 1.60963 -0.463146 0.264638 -0.84585
1 11.6134 7.21241 1.60895 0.486066 -0.332722 -0.808106
1 26.1681 21.7275 1.6082 0.408684 0.114635 -0.905448
1 34.0373 29.389 1.61006 0.204026 -0.303243 -0.930815
1 29.231 9.23406 1.61379 0.0437702 -0.513582 -0.856923
1 30.1693 8.40072 1.61266 -0.0937886 -0.623835 -0.775908
1 8.49885 14.0089 1.60672 -0.16501 0.028836 -0.98587
1 28.033 13.1558 1.60218 0.601545 -0.370715 -0.707611
1 30.6198 14.289 1.7388 -0.391406 -0.636656 0.664432
1 12.4068 7.84932 1.61677 0.630817 -0.437897 -0.64056
1 19.4829 10.4912 1.75337 0.164843 0.389739 0.906052
1 19.5872 2.7173 1.74833 -0.574307 0.431212 0.695865
1 33.5323 22.8945 1.75546 -0.456994 -0.486781 0.744446
1 8.22734 26.5143 1.75972 0.16619 0.111457 0.979775
1 19.2578 27.7729 1.75523 0.719551 0.305601 0.623581
1 13.0047 19.0606 1.63936 0.421241 -0.696874 -0.580451
1 20.0708 14.9707 1.75939 -0.244365 0.432924 0.867677
1 0.533426 27.4668 1.60158 -0.121796 -0.567068 -0.814616
1 27.3794 26.2182 1.76739 0.189638 0.444158 0.875649
1 4.04772 28.0485 1.75486 -0.064446 -0.475168 0.877532
1 32.7039 19.4284 1.76089 0.125721 -0.68922 0.713562
1 3.57597 0.845588 1.6206 -0.157624 0.654852 -0.739137
1 26.0164 2.7909 1.75481 -0.335907 -0.0260783 0.941534
1 5.93771 11.5727 1.60927 -0.409136 0.437778 -0.800599
1 23.8697 16.2555 1.61113 -0.598049 0.381841 -0.704652
1 14.214 30.6539 1.7572 0.282978 -0.345769 0.894632
1 5.51333 16.5168 1.60605 0.186573 0.603008 -0.775611
1 31.8855 2.97042 1.60987 -0.262006 0.466396 -0.844883
1 15.9683 14.1224 1.75847 -0.230288 -0.295195 0.927269
1 17.0168 9.07045 1.75928 0.205892 -0.0701612 0.976056
1 5.43356 0.528765 1.60929 -0.321539 0.339733 -0.883852
1 7.63094 1.38184 1.60919 -0.251977 0.0890011 -0.963632
1 15.0168 1.79091 1.75026 -0.477281 -0.358493 0.8023
1 22.003 20.6085 1.61562 0.209372 0.611174 -0.763302
1 32.5615 30.2228 1.61051 0.337415 -0.00659902 -0.941333
1 14.2573 4.18244 1.59188 -0.0864445 -0.795165 -0.6002
1 10.9035 32.0445 1.78015 0.175921 -0.752976 0.634097
1 23.1269 2.04611 1.75254 -0.0247916 -0.428501 0.903201
1 16.2474 23.0449 1.60719 0.00727208 -0.00215496 -0.999971
1 27.9009 19.9252 1.60857 0.166452 -0.118045 -0.978958
1 26.7818 19.9754 1.60714 0.141122 0.0245048 -0.989689
1 14.4247 22.0243 1.61003 -0.186138 0.284496 -0.940433
1 14.1679 19.0248 1.61642 -0.573499 0.503995 -0.645824
1 5.5125 30.8005 1.75508 -0.531903 -0.151524 0.833139
1 13.4478 2.78699 1.5999 -0.228857 -0.739946 -0.632538
1 0.491241 21.7302 1.7572 -0.241162 -0.244485 0.939185
1 12.2901 33.5686 1.74145 -0.151889 -0.655336 0.739909
1 12.9998 0.0446204 1.75553 -0.311202 -0.570739 0.759875
1 17.9708 13.0812 1.76052 -0.130621 0.0645823 0.989327
1 4.39708 19.9478 1.75084 0.191703 0.460438 0.866745
1 27.0189 3.21613 1.7641 -0.486202 0.0784811 0.870315
1 19.6419 8.96491 1.73725 0.243156 0.396999 0.885024
1 25.7221 25.8349 1.75813 0.289058 0.108509 0.951142
1 34.3859 1.71228 1.61071 -0.450264 -0.0436117 -0.89183
1 8.05391 24.6087 1.75727 0.471786 0.0629536 0.879463
1 22.8133 12.0265 1.61115 0.263209 0.486126 -0.833308
1 34.4821 14.4132 1.75421 -0.373841 0.0157118 0.92736
1 1.93487 18.1004 1.7558 0.457202 0.00640469 0.88934
1 14.3724 23.076 1.60972 -0.010269 0.303173 -0.95288
1 23.9541 20.4358 1.61426 0.201578 0.353363 -0.91351
1 16.7946 14.9071 1.75899 -0.317585 -0.162959 0.934122
1 31.9489 12.9633 1.75541 -0.107483 -0.438202 0.892427
1 21.8892 15.4341 1.7612 -0.24738 0.709673 0.659672
1 27.7609 25.1747 1.75427 0.394891 0.4698 0.789525
1 22.1045 12.742 1.6109 0.286369 0.676543 -0.678441
1 23.1616 5.20573 1.60892 -0.564097 0.388884 -0.728399
1 5.12483 28.7666 1.75981 -0.185428 -0.294106 0.937613
1 2.34761 20.7976 1.76065 -0.0309204 0.0592742 0.997763
1 9.05573 11.2061 1.60955 -0.493193 -0.109541 -0.862996
1 10.8315 18.1118 1.60907 0.285867 -0.290542 -0.913162
1 18.8056 25.6911 1.60904 0.545816 -0.333297 -0.768764
1 4.21736 17.8503 1.76716 0.526879 0.486701 0.696793
1 7.56302 3.17458 1.61033 -0.0166366 0.124087 -0.992132
1 10.8621 1.72764 1.6136 -0.259389 -0.344369 -0.90229
1 16.2653 30.822 1.75922 0.268908 -0.0796672 0.959866
1 17.6884 8.11266 1.75941 0.320911 0.0154212 0.946984
1 23.5707 12.8727 1.61355 0.384911 0.303031 -0.871789
1 31.2622 10.0554 1.749 0.398005 -0.565289 0.722524
1 27.0283 2.28205 1.75297 -0.302291 0.102597 0.947678
1 1.31416 23.9603 1.76122 -0.654906 -0.0306579 0.755088
1 32.8781 7.24642 1.61084 0.502949 0.1749 -0.846435
1 29.4175 0.426029 1.75589 0.00401305 0.429996 0.902822
1 3.28829 9.53896 1.75492 0.309509 0.583001 0.751208
1 8.3603 7.96503 1.61165 0.595097 0.164856 -0.786564
1 14.9714 15.5089 1.75151 -0.382897 -0.523946 0.760836
1 20.0513 6.9537 1.75319 0.404772 0.492592 0.770398
1 7.25527 30.0187 1.76082 -0.3808 0.0563693 0.922938
1 20.3396 13.8418 1.75827 -0.0311446 0.504016 0.863133
1 3.86298 2.02077 1.64761 0.011957 0.553758 -0.832592
1 33.7543 13.4388 1.76007 -0.206944 -0.128981 0.969813
1 3.03037 17.8356 1.75421 0.510757 0.235168 0.826936
1 17.352 30.9814 1.75945 0.252398 0.0503564 0.966312
1 12.4566 4.36298 1.60565 0.0601162 -0.527641 -0.847338
1 32.9626 25.5397 1.61331 -0.404726 -0.153835 -0.901405
1 25.0381 16.5803 1.6205 -0.462654 0.278226 -0.841749
1 13.3147 33.5298 1.75653 -0.129774 -0.502567 0.854742
1 21.8964 4.80366 1.77284 -0.659095 0.446918 0.604862
1 9.07906 25.4166 1.76132 0.344387 0.255231 0.903468
1 15.1744 27.0398 1.62079 0.763337 0.0528231 -0.643837
1 29.8176 27.7169 1.61154 0.0244239 0.44962 -0.892886
1 6.96608 18.7846 1.61209 0.409338 0.434162 -0.802462
1 8.34231 6.91268 1.61123 0.445656 0.144067 -0.883536
1 2.67688 1.42361 1.78434 -0.291365 -0.67694 0.675913
1 28.119 10.9479 1.61429 0.282351 -0.362472 -0.888196
1 17.0478 1.91944 1.75653 -0.436414 -0.0362195 0.899017
1 0.120306 10.5235 1.75842 0.296479 0.0178747 0.954872
1 26.428 6.63746 1.60605 -0.41389 -0.101567 -0.904643
1 4.31561 26.8688 1.76011 0.151093 -0.458043 0.875995
1 16.9427 13.8844 1.75991 -0.207323 -0.114823 0.971511
1 24.7932 11.5702 1.60745 0.204414 0.144095 -0.968221
1 0.524838 20.6836 1.75908 -0.0452041 -0.249736 0.967258
1 10.1409 2.39558 1.612 -0.15434 -0.222493 -0.96264
1 4.96498 21.4839 1.74742 -0.133837 0.500657 0.855237
1 31.9805 25.1043 1.61337 -0.439519 0.0567834 -0.896437
1 10.2735 13.6529 1.60921 -0.18957 -0.255414 -0.948065
1 1.67022 31.1291 1.62159 0.373143 -0.673038 -0.638579
1 32.1681 1.78719 1.61222 -0.421636 0.40795 -0.809814
1 18.4319 31.2567 1.75747 0.220748 0.180059 0.958566
1 23.0835 24.5676 1.75056 0.507516 -0.296227 0.809121
1 0.751956 25.7534 1.62725 -0.35761 -0.604137 -0.712133
1 2.99882 2.89535 1.74889 0.604411 0.628475 -0.489599
1 14.1536 25.97 1.61871 0.432894 0.422656 -0.796219
1 18.7728 33.307 1.76027 -0.0580795 0.257714 0.964474
1 25.9805 15.5754 1.65198 -0.71517 0.301149 -0.630746
1 15.8725 15.2173 1.75811 -0.358149 -0.344858 0.867642
1 10.9596 12.5852 1.60943 -0.288792 -0.436136 -0.852282
1 14.7795 9.45681 1.75952 0.178558 -0.445146 0.877475
1 29.7675 19.9843 1.60704 0.189361 -0.40428 -0.894818
1 5.92722 21.5044 1.76772 -0.217361 0.650131 0.728069
1 29.8101 30.917 1.64731 0.985013 -0.172089 -0.0115919
1 1.39703 22.2404 1.75663 -0.325628 -0.0835094 0.941803
1 28.1333 6.09237 1.617 -0.54119 -0.349859 -0.764665
1 10.4556 0.668912 1.61076 -0.384145 -0.312157 -0.868902
1 16.2316 17.4678 1.75894 -0.670476 -0.23523 0.703654
1 18.6828 15.0159 1.75858 -0.295843 0.186889 0.936776
1 15.8585 16.4198 1.74699 -0.510298 -0.308206 0.802873
1 13.4718 23.6551 1.61266 0.0644608 0.478011 -0.875985
1 9.09601 2.17846 1.60821 -0.167247 -0.0775798 -0.982858
1 2.52117 19.852 1.75946 0.149929 0.0881566 0.984759
1 9.23548 13.3107 1.60712 -0.239152 -0.10592 -0.965188
1 34.3424 22.3347 1.75881 -0.364014 -0.366264 0.856356
1 0.168019 13.485 1.76044 -0.21347 0.0372624 0.976239
1 10.5665 14.6784 1.6113 -0.0759103 -0.27027 -0.959787
1 22.0654 5.99911 1.63044 -0.417228 0.634577 -0.650563
1 7.77382 14.7403 1.60624 -0.0849855 0.164079 -0.98278
1 16.5494 26.2296 1.61088 0.546278 0.0226617 -0.837297
1 18.0013 20.8157 1.60895 -0.369782 -0.307838 -0.87664
1 16.251 22.0517 1.60705 -0.160251 -0.0169669 -0.98693
1 21.0403 7.73288 1.76655 0.250158 0.717962 0.649578
1 32.0811 7.89091 1.60475 0.664315 0.266871 -0.698188
1 11.8672 2.20809 1.6213 -0.220307 -0.49345 -0.841411
1 25.9017 1.80759 1.7599 -0.162943 -0.0366621 0.985954
1 6.3418 22.4133 1.59264 0.490922 -0.600405 -0.631276
1 12.0036 25.745 1.74777 0.214699 0.754714 0.619928
1 28.7581 7.05784 1.61207 -0.342103 -0.422415 -0.839364
1 24.8006 28.4886 1.75974 -0.22461 -0.0684888 0.972039
1 0.619031 31.9839 1.60647 0.539124 -0.414172 -0.733353
1 28.3861 0.459833 1.75925 0.00625998 0.271441 0.962435
1 33.7402 10.7841 1.75979 0.304776 -0.16053 0.938798
1 13.9741 29.1222 1.76087 0.547482 -0.388678 0.741075
1 3.43714 19.5666 1.75238 0.222778 0.267149 0.937551
1 12.5072 5.51664 1.62676 0.247443 -0.497564 -0.831385
1 5.07967 33.1097 1.6228 -0.663303 0.381343 -0.643899
1 17.9842 1.50469 1.75511 -0.388596 0.122777 0.913192
1 33.1652 0.627734 1.61374 -0.576149 0.356027 -0.735729
1 18.9233 22.58 1.60804 -0.0426012 -0.456033 -0.888943
1 1.53686 20.2412 1.7596 0.0585064 -0.082278 0.994891
1 16.9658 30.0418 1.75983 0.381314 0.00986391 0.924393
1 1.17127 13.1301 1.75884 -0.163194 0.198351 0.96645
1 4.87429 2.33647 1.60907 0.00701303 0.431691 -0.901994
1 24.9029 17.6362 1.61514 -0.277607 0.26813 -0.922519
1 0.674595 4.78651 1.61112 -0.00549002 -0.19906 -0.979972
1 16.1627 21.0629 1.60515 -0.33866 -0.00368783 -0.940902
1 20.8473 4.82313 1.58998 0.283986 0.703111 -0.65191
1 6.27087 26.11 1.75801 0.261273 -0.189767 0.946428
1 3.05338 25.3185 1.74383 0.503081 -0.568509 0.650928
1 22.6749 19.4984 1.61611 0.016939 0.542922 -0.839612
1 5.72257 24.1768 1.74335 0.585036 -0.292978 0.756239
1 29.7252 1.49391 1.74935 -0.161178 0.545113 0.822723
1 13.4018 31.4232 1.75753 0.167866 -0.464049 0.869758
1 30.7819 27.8117 1.6106 0.00675624 0.277882 -0.960591
1 2.09382 0.327035 1.59528 0.0205449 0.568332 -0.822543
1 8.70122 1.2476 1.60856 -0.282921 -0.0427132 -0.958192
1 18.5261 12.2486 1.75661 -0.023591 0.170562 0.985065
1 15.6991 20.2132 1.60513 -0.500182 0.0778676 -0.862412
1 15.2204 19.386 1.62066 -0.635529 0.182026 -0.750313
1 6.85281 28.1313 1.75932 -0.0769608 -0.0623469 0.995083
1 0.608711 5.82552 1.60912 0.173321 -0.191425 -0.966083
1 19.0725 13.1566 1.75734 -0.0715836 0.258199 0.963436
1 6.58287 32.6598 1.60905 -0.814122 0.101542 -0.571746
1 24.956 7.67773 1.60754 -0.237794 0.106802 -0.965426
1 11.0672 8.25187 1.61583 0.643459 -0.189836 -0.741568
1 18.613 28.5686 1.74931 0.613587 0.238773 0.752661
1 33.0464 29.2923 1.60848 0.196353 -0.132166 -0.971585
1 10.1834 34.2229 1.60931 -0.55101 -0.327328 -0.767622
1 33.0684 3.53285 1.60831 -0.152544 0.192236 -0.96942
1 18.6835 32.2736 1.75871 0.0830172 0.225554 0.970687
1 32.2833 11.9078 1.75596 0.0735825 -0.395511 0.915509
1 9.04725 18.2219 1.60871 0.323658 0.0209867 -0.945941
1 8.50933 5.90521 1.60792 0.310715 0.0844478 -0.946744
1 34.3936 5.26775 1.60967 0.110808 -0.0396031 -0.993052
1 10.751 15.8152 1.61098 0.0309544 -0.27443 -0.961109
1 22.7188 6.61436 1.78041 0.295507 -0.5427 0.786227
1 6.49993 13.6059 1.61327 -0.20818 0.34581 -0.914919
1 22.349 29.7817 1.74361 -0.478823 -0.500482 0.721281
1 0.488556 15.1767 1.75351 -0.534239 0.102988 0.839036
1 34.1792 27.4217 1.60861 -0.113606 -0.382995 -0.916738
1 29.0418 2.49062 1.75677 -0.334497 0.442106 0.832259
1 24.9208 2.00051 1.75754 -0.162025 -0.17 0.972033
1 29.1215 32.9545 1.75841 0.334634 0.342237 0.878006
1 26.5712 4.08838 1.75552 -0.670154 0.0400361 0.741141
1 17.2181 16.8696 1.75371 -0.577719 -0.0740393 0.812871
1 27.0353 33.5829 1.75575 0.324286 0.0589641 0.94412
1 18.8174 17.3429 1.76064 -0.621931 0.115331 0.774532
1 7.05403 25.276 1.75656 0.38546 -0.0811131 0.919152
1 17.684 31.9313 1.7596 0.127885 0.0937153 0.987351
1 32.6311 14.9199 1.75608 -0.476927 -0.284433 0.831648
1 34.0746 3.45406 1.60906 -0.186958 0.0185275 -0.982193
1 17.9144 4.37083 1.7648 -0.801684 0.123373 0.584878
1 9.20905 30.3253 1.76029 -0.459333 0.356858 0.813428
1 33.5217 9.89957 1.74338 0.51436 -0.165647 0.841425
1 25.7351 23.0942 1.62029 0.798487 0.23463 -0.554407
1 7.89759 21.0006 1.60293 0.70742 0.183471 -0.682565
1 23.3783 0.893946 1.75293 0.156122 -0.41677 0.895505
1 20.6334 26.6228 1.62107 -0.182481 0.746989 -0.639303
1 17.2808 28.4451 1.7558 0.651466 0.0487694 0.757109
1 25.348 27.7021 1.75923 -0.059425 0.0187094 0.998057
1 12.5485 16.7913 1.62343 0.0572741 -0.585756 -0.808461
1 2.81849 22.4527 1.74801 -0.335059 0.178184 0.925195
1 11.5608 24.1316 1.75964 0.445534 0.708552 0.547223
1 8.53169 3.16994 1.60864 -0.0343518 0.000294338 -0.99941
1 12.6636 9.06264 1.75245 0.292615 -0.736542 0.609821
1 14.4682 31.6214 1.75945 0.155106 -0.30827 0.938569
1 19.654 5.47766 1.75877 0.571576 0.362255 0.736255
1 28.4674 32.0107 1.75448 0.534776 0.23498 0.811664
1 15.5228 31.6394 1.75892 0.16293 -0.167775 0.972268
1 33.1224 18.2011 1.74779 0.373945 -0.550076 0.746714
1 4.82389 25.3767 1.74487 0.446487 -0.408117 0.796298
1 7.27272 7.1638 1.61135 0.505776 0.306727 -0.806293
1 26.9421 5.77995 1.61006 -0.556736 -0.178165 -0.811358
1 3.85789 18.7355 1.75065 0.380576 0.374695 0.845438
1 22.2893 31.5495 1.76771 0.220465 0.74214 0.632949
1 25.3841 3.80117 1.75536 -0.518909 -0.0872495 0.850365
1 27.6985 12.2405 1.60567 0.434927 -0.306693 -0.846628
1 28.3086 17.5561 1.60797 -0.205113 -0.131921 -0.969807
1 6.11873 17.7679 1.61243 0.288983 0.522756 -0.802007
1 25.3453 8.59423 1.60654 -0.121772 0.0627029 -0.990576
1 32.3802 9.95311 1.75219 0.434067 -0.364814 0.823709
1 12.2759 14.2071 1.61113 -0.160219 -0.57407 -0.802978
1 16.2186 27.8545 1.75808 0.751543 -0.126524 0.647437
1 27.5114 21.8449 1.61131 0.475661 -0.00246845 -0.879625
1 30.219 25.6635 1.61117 -0.296172 0.415598 -0.859977
1 17.624 25.5733 1.61177 0.483714 -0.149637 -0.86234
1 5.38875 20.3917 1.75343 0.0796253 0.620667 0.78002
1 2.38407 27.8876 1.75796 -0.0302018 -0.730311 0.682447
1 10.9505 24.8537 1.72115 0.41406 0.562738 0.715458
1 29.1122 10.4081 1.61917 0.238315 -0.527016 -0.815758
1 21.9326 9.55842 1.60271 -0.0560585 0.751352 -0.657517
1 17.9022 32.9188 1.75988 -0.00417595 0.134116 0.990957
1 5.07784 15.3548 1.60604 -0.0429628 0.652682 -0.756413
1 27.4872 32.6235 1.75118 0.503118 0.0903497 0.859482
1 23.8891 21.4796 1.61196 0.399238 0.328065 -0.856144
1 10.2543 29.4739 1.74131 -0.322408 0.478203 0.81693
1 19.5853 33.7652 1.74955 -0.107895 0.381305 0.918131
1 29.8118 33.8092 1.75819 0.154978 0.470475 0.868697
1 25.1902 1.0757 1.75736 -0.00607832 -0.148173 0.988943
1 13.9736 12.88 1.75723 -0.276625 -0.591891 0.757063
1 23.4888 33.4187 1.76481 0.418604 -0.472733 0.775432
1 8.54342 20.2986 1.7806 -0.595522 -0.0746753 0.799861
1 16.6156 3.56121 1.75849 -0.678542 -0.0903413 0.728985
1 6.65695 33.5845 1.6109 -0.639868 0.168179 -0.749857
1 14.9805 11.0036 1.75658 0.00967093 -0.399922 0.916498
1 26.2907 27.4845 1.75721 -0.0205634 0.175478 0.984269
1 10.0912 23.8166 1.74715 0.596242 0.369277 0.712832
1 8.02511 11.9168 1.6122 -0.386695 0.0743692 -0.919204
1 29.9614 24.4196 1.60822 -0.457168 0.455309 -0.763997
1 3.22195 4.41123 1.62415 -0.320599 -0.590539 -0.740594
1 27.2477 27.2539 1.75723 0.0089578 0.348565 0.937242
1 12.8237 32.4383 1.75557 0.0280893 -0.557852 0.829465
1 29.1473 8.11189 1.61158 -0.15521 -0.475495 -0.865918
1 14.4546 24.1249 1.61009 0.165871 0.312375 -0.935365
1 9.96822 12.6392 1.60917 -0.306665 -0.251645 -0.91795
1 8.29725 0.317441 1.60889 -0.402847 -0.0229173 -0.91498
1 26.1218 0.76133 1.75648 0.013037 -0.0063914 0.999895
1 13.7931 21.2853 1.60686 -0.312057 0.403022 -0.860345
1 27.159 30.6665 1.75109 -0.723625 0.239431 0.647333
1 5.76811 5.13259 1.62386 0.22287 0.488001 -0.84391
1 26.9841 28.2287 1.75593 -0.16904 0.252591 0.952693
1 24.0774 1.53747 1.75495 -0.00378725 -0.293473 0.95596
1 26.4725 18.0644 1.605 -0.186775 0.0775032 -0.979341
1 22.8256 17.2543 1.62027 -0.390168 0.546775 -0.740815
1 6.68625 30.892 1.74922 -0.550424 0.0427764 0.833789
1 24.1724 29.2183 1.75893 -0.377264 -0.162218 0.911788
1 20.2886 3.42231 1.76285 0.348942 -0.73673 0.579196
1 17.5581 10.0538 1.7604 0.111195 0.0285354 0.993389
1 18.324 7.26822 1.75875 0.412967 0.135436 0.900619
1 0.500605 11.5729 1.75473 0.104319 0.0710256 0.992004
1 30.6992 1.30202 1.76111 -0.224321 0.707577 0.670086
1 30.3817 0.135436 1.75607 -0.026482 0.598054 0.801018
1 23.0862 18.3629 1.61484 -0.194887 0.517093 -0.833447
1 6.78608 5.21105 1.61206 0.231533 0.321488 -0.918171
1 31.0993 7.01112 1.6055 0.465777 0.481429 -0.742481
1 9.98744 17.6735 1.60939 0.240164 -0.148148 -0.959361
1 0.0362428 7.86698 1.78069 -0.569525 0.109658 0.814627
1 18.0777 11.2697 1.7544 0.053095 0.110591 0.992447
1 16.6132 31.7307 1.7597 0.153598 -0.0373369 0.987428
1 33.6742 19.1407 1.7559 0.184458 -0.516945 0.835908
1 12.69 24.3811 1.61112 0.148563 0.655777 -0.740193
1 22.8446 15.966 1.75474 0.573672 -0.575305 0.58303
1 32.9169 15.9964 1.75481 -0.669693 -0.202336 0.714543
1 15.3019 22.5959 1.60725 -0.0764523 0.138019 -0.987474
1 6.20945 12.5942 1.61672 -0.316417 0.394427 -0.862733
1 23.5579 6.13214 1.59888 -0.392976 0.372039 -0.840926
1 9.10409 16.008 1.60595 0.0583377 -0.00877752 -0.998258
1 7.59976 34.165 1.6106 -0.532806 0.0488716 -0.844825
1 25.5032 26.7638 1.75819 0.117108 0.0660187 0.990922
1 14.9514 17.0156 1.75856 -0.558974 -0.462932 0.687926
1 24.3043 13.6786 1.60815 0.510357 0.120845 -0.85143
1 3.48931 29.8563 1.75944 -0.346092 -0.534915 0.77077
1 8.69311 32.3639 1.61512 -0.853671 0.0081373 -0.520749
1 26.6605 25.4245 1.75789 0.357804 0.281825 0.890253
1 9.70512 8.39151 1.61731 0.723062 0.0369777 -0.689792
1 20.752 6.31927 1.76477 0.471815 0.619712 0.627175
1 15.0271 14.3544 1.74867 -0.234711 -0.470726 0.850487
1 25.4678 23.9328 1.75722 0.665772 0.0846414 0.741339
1 21.4106 33.6729 1.76312 -0.174238 0.648378 0.741112
1 32.8139 2.55585 1.60459 -0.285955 0.274681 -0.91803
1 4.96495 19.1274 1.76115 0.348241 0.60242 0.718205
1 3.10375 30.859 1.75542 -0.53303 -0.566903 0.628092
1 22.8078 21.6887 1.62809 0.423244 0.45387 -0.784134
1 27.6212 23.5819 1.61007 0.772965 0.104224 -0.62583
1 1.55718 29.619 1.59815 0.128129 -0.757846 -0.639729
1 8.19799 23.6248 1.75893 0.631378 0.00326387 0.775469
1 16.4479 29.1281 1.75058 0.519301 -0.0433484 0.853491
1 28.7773 1.41184 1.7527 -0.155763 0.380194 0.911697
1 17.9953 9.09492 1.762 0.203537 0.0843985 0.975423
1 17.3562 18.7537 1.61685 -0.739451 -0.263015 -0.619706
1 30.6091 21.4943 1.61398 0.408564 -0.553812 -0.725512
1 3.28172 20.5178 1.75757 0.0470989 0.217791 0.974858
1 30.0179 15.3984 1.60828 -0.575517 -0.29889 -0.761212
1 32.3238 5.68659 1.60979 0.216363 0.293956 -0.931008
1 28.2716 18.6676 1.60683 -0.0191525 -0.162041 -0.986598
1 29.52 26.6216 1.6134 -0.110306 0.544615 -0.8314
1 3.57712 12.4086 1.72936 -0.0375313 0.618742 0.784698
1 18.8988 20.3034 1.60902 -0.461521 -0.45494 -0.761595
1 31.6979 18.9659 1.62518 0.0341255 -0.723708 -0.689262
1 15.8964 32.5116 1.75937 0.0536771 -0.119576 0.991373
1 7.17131 17.751 1.60821 0.277456 0.342071 -0.897778
1 34.5841 26.4421 1.60861 -0.294531 -0.431656 -0.852599
1 32.9427 12.7777 1.75787 -0.079683 -0.272325 0.9589
1 0.836522 17.7825 1.74384 0.557357 -0.174975 0.811626
1 27.5096 15.1694 1.61882 -0.581213 0.134401 -0.802576
1 11.0728 26.1005 1.75092 0.201466 0.575701 0.792452
1 14.8183 20.8849 1.6094 -0.361717 0.213894 -0.90742
1 4.97819 17.3981 1.62407 0.366042 0.709236 -0.602493
1 9.16152 17.1935 1.60926 0.184762 -0.0122982 -0.982706
1 17.0742 11.0203 1.76004 0.0346577 -0.0563806 0.997808
1 13.3061 16.016 1.60528 -0.0860607 -0.754743 -0.650351
1 8.88885 31.4149 1.75526 -0.649857 0.302368 0.697323
1 24.2317 3.64124 1.75728 -0.428155 -0.279101 0.859526
1 0.511659 3.67817 1.61039 -0.180626 -0.159697 -0.9705
1 0.338265 29.7228 1.62486 0.23921 -0.461226 -0.854429
1 12.5976 1.47169 1.6057 -0.324706 -0.65862 -0.678812
1 31.1974 5.77627 1.62201 0.248928 0.51204 -0.822101
1 28.1525 3.24175 1.76368 -0.499926 0.257318 0.826959
1 31.112 3.82134 1.60943 -0.0898519 0.536544 -0.839075
1 10.4374 6.29488 1.61001 0.356065 -0.17917 -0.917124
1 23.845 34.3657 1.75108 0.266172 -0.395542 0.879033
1 33.1802 6.35616 1.61069 0.337642 0.152169 -0.928893
1 10.1516 11.6437 1.60898 -0.440394 -0.301794 -0.845561
1 34.2799 18.0776 1.75395 0.421088 -0.371353 0.827515
1 1.37248 21.2226 1.75978 -0.129368 -0.0987289 0.986669
1 14.7473 25.1637 1.61041 0.349346 0.287779 -0.891707
1 17.7234 14.5971 1.7599 -0.25525 0.00719515 0.966848
1 31.6884 14.1947 1.75595 -0.338768 -0.459775 0.82088
1 20.6783 19.3898 1.5938 -0.00627781 0.780386 -0.625266
1 27.7953 1.33974 1.76091 -0.146883 0.221427 0.964052
1 6.22323 28.9985 1.75891 -0.224568 -0.133913 0.965213
1 20.7031 0.426594 1.75643 -0.349114 0.566136 0.746732
1 14.7891 29.7106 1.76103 0.435268 -0.276317 0.856849
1 29.8039 7.16032 1.61163 -0.322089 -0.607692 -0.725926
1 0.913224 14.1727 1.75617 -0.337065 0.174143 0.925236
1 15.3436 33.4255 1.75828 -0.0732877 -0.197837 0.977491
1 34.2344 6.20385 1.6098 0.28377 -0.0173779 -0.958735
1 2.22675 21.7284 1.75981 -0.207648 0.0526411 0.976786
1 12.42 31.1012 1.74769 0.235685 -0.596427 0.767286
1 30.7187 18.9978 1.61409 0.0367947 -0.54616 -0.836872
1 3.87145 34.0277 1.60294 -0.429604 0.6777 -0.596794
1 9.96019 16.5233 1.6088 0.108146 -0.143305 -0.983752
1 33.9026 17.1832 1.75276 0.623071 -0.342873 0.703008
1 30.0034 2.64921 1.76076 -0.345781 0.62964 0.695693
1 23.7447 9.9177 1.60875 -0.0166585 0.359524 -0.932987
1 24.1749 30.8213 1.72835 -0.718245 -0.177375 0.672802
1 29.1662 3.7054 1.75699 -0.519046 0.434978 0.735789
1 28.6653 21.6268 1.60946 0.453391 -0.203443 -0.867783
1 6.95071 2.22469 1.61012 -0.123862 0.187649 -0.974395
1 9.76859 27.3285 1.75704 0.0280973 0.352879 0.935247
1 33.4993 26.4675 1.60636 -0.267423 -0.254315 -0.929413
1 4.51252 0.146039 1.61732 -0.351307 0.511094 -0.784453
1 12.6027 3.16408 1.61329 -0.132828 -0.59805 -0.790375
1 21.0299 20.7913 1.59828 0.320398 0.689458 -0.64961
1 18.4719 24.7792 1.60876 0.364229 -0.319314 -0.874858
1 6.09216 15.6204 1.6106 0.0401219 0.470807 -0.881323
1 13.9153 0.970321 1.75166 -0.392309 -0.4432 0.806019
1 17.5337 12.0662 1.75785 -0.0307167 0.0071703 0.999502
1 25.6664 30.8944 1.73098 -0.736222 0.0238343 0.67632
1 18.8474 29.6072 1.76076 0.456646 0.261249 0.850425
1 2.82092 11.7168 1.75886 0.0249584 0.470655 0.881964
1 21.0894 13.0697 1.75107 0.123759 0.680008 0.722685
1 21.4119 3.58416 1.76195 -0.0830104 -0.651946 0.753708
1 21.2442 31.1946 1.75487 0.229238 0.564018 0.793305
1 12.5074 23.0744 1.6075 -0.0566739 0.623374 -0.779867
1 11.2883 13.8093 1.61363 -0.177805 -0.415265 -0.892155
1 17.4818 2.81963 1.75632 -0.551743 0.0534228 0.832302
1 30.4141 16.9441 1.61379 -0.305767 -0.434844 -0.847005
1 23.8961 31.7107 1.61603 -0.792327 0.0824189 -0.604504
1 15.0831 13.2038 1.75015 -0.12358 -0.39702 0.909452
1 30.3258 22.826 1.6141 0.591579 -0.474151 -0.652085
1 15.3882 2.92255 1.70591 -0.599462 -0.338373 0.725361
1 30.2398 5.88992 1.60822 0.314848 0.692974 -0.648581
1 15.7604 18.4319 1.63233 -0.798314 -0.0298603 -0.6015
1 7.79981 9.98318 1.60959 -0.636249 0.0932573 -0.765827
1 11.7722 27.0849 1.75441 -0.0187054 0.659095 0.751827
1 27.5311 6.78987 1.61404 -0.398179 -0.275517 -0.874954
1 28.9586 14.7725 1.59798 -0.688805 -0.0213873 -0.724631
1 7.23908 12.7094 1.61068 -0.299606 0.218241 -0.928767
1 19.7476 0.291608 1.75014 -0.255368 0.420917 0.870411
1 20.5197 23.909 1.60906 0.118806 -0.687558 -0.716344
1 33.5238 4.41425 1.60899 -0.013526 0.103184 -0.99457
1 23.1793 11.0038 1.61115 0.0999996 0.448134 -0.888356
