1 18.1833 32.8475 1.75589 -0.0136139 0.184935 0.982656
1 31.3775 20.3042 1.61594 0.181956 -0.74417 -0.64273
1 16.6354 6.74792 1.75368 0.506667 -0.222421 0.832957
1 26.735 17.4774 1.60876 -0.221569 0.0335044 -0.974569
1 10.5087 28.1105 1.75084 -0.0773981 0.488284 0.869246
1 12.8751 9.12219 1.75137 0.396861 -0.692609 0.602324
1 19.2084 23.4447 1.60624 0.068785 -0.446167 -0.892302
1 25.2918 20.5352 1.61495 0.246951 0.234407 -0.940249
1 6.3758 0.574178 1.60958 -0.292132 0.157888 -0.943255
1 30.3488 12.2321 1.74483 0.167016 -0.766602 0.620022
1 19.8465 7.17204 1.75593 0.428017 0.429942 0.794953
1 34.4363 9.88061 1.7581 0.419566 -0.0880857 0.903441
1 28.7696 0.167803 1.75733 0.0719117 0.353437 0.93269
1 4.48651 10.3449 1.75918 0.0331681 0.825764 0.56304
1 17.5806 24.3151 1.60886 0.221716 -0.18504 -0.957393
1 28.9489 19.3499 1.60883 0.119092 -0.277991 -0.953173
1 18.0808 29.9207 1.75667 0.381981 0.143712 0.912928
1 22.6971 20.7236 1.61154 0.213962 0.580157 -0.785899
1 23.6439 21.5325 1.61031 0.417399 0.437084 -0.796703
1 19.7402 24.3938 1.61019 0.218584 -0.538627 -0.813697
1 18.3961 0.18131 1.75448 -0.244768 0.223881 0.94338
1 14.4722 26.8715 1.6141 0.720049 0.199148 -0.664733
1 15.5653 0.660585 1.75827 -0.306832 -0.172995 0.93591
1 29.2691 24.4249 1.72329 -0.47196 0.802535 0.364953
1 25.8741 31.8102 1.75354 0.753593 -0.0977616 0.650031
1 27.8469 5.81281 1.61883 -0.59102 -0.235295 -0.771578
1 12.4662 18.4196 1.60507 0.289593 -0.530186 -0.796893
1 7.43839 13.1034 1.60748 -0.220026 0.211179 -0.952361
1 11.8743 4.63257 1.60918 0.0577992 -0.382283 -0.922236
1 18.8077 12.4052 1.75778 0.00646409 0.233593 0.972313
1 7.99025 19.2228 1.60501 0.507093 0.265403 -0.820011
1 6.97787 28.6638 1.75837 -0.163578 -0.039963 0.985721
1 5.45986 2.40032 1.61029 -0.0006029 0.323399 -0.946262
1 17.1698 19.7763 1.62211 -0.562645 -0.157056 -0.811643
1 14.6029 7.09802 1.75264 0.495318 -0.590199 0.637437
1 24.0668 29.2236 1.7582 -0.386408 -0.158293 0.908643
1 5.84683 8.55456 1.59369 0.898823 0.100585 -0.426614
1 14.1273 3.30749 1.61926 -0.320256 -0.750658 -0.577882
1 16.8904 33.922 1.75985 -0.130941 0.00483896 0.991378
1 9.55686 10.4059 1.60532 -0.604276 -0.130129 -0.786077
1 33.2922 10.0495 1.75891 0.408224 -0.258847 0.875415
1 1.2171 22.4862 1.75769 -0.300676 -0.104584 0.947975
1 13.4153 22.0828 1.61397 -0.194092 0.425895 -0.883709
1 19.1792 8.91548 1.75518 0.247554 0.3011 0.920899
1 13.0703 14.3611 1.60365 -0.173823 -0.763176 -0.622373
1 27.831 24.8799 1.75048 0.370356 0.453578 0.810619
1 15.5819 7.39205 1.75206 0.42198 -0.428087 0.799171
1 4.16148 12.2414 1.76277 -0.0675044 0.762639 0.643292
1 23.5203 14.5383 1.59857 0.771464 0.237526 -0.590275
1 0.94866 7.7027 1.60677 0.495285 -0.212706 -0.842288
1 21.6028 26.2642 1.7562 0.123758 -0.601586 0.789163
1 1.18298 23.4811 1.76107 -0.475218 -0.116224 0.872158
1 4.16612 0.439482 1.60862 -0.173527 0.43113 -0.885446
1 20.2561 21.5652 1.61226 -0.264793 -0.607545 -0.748849
1 30.6204 17.055 1.60339 -0.285361 -0.542869 -0.789849
1 5.94205 25.2849 1.75038 0.370215 -0.25497 0.89327
1 33.0967 28.9884 1.60748 0.188298 -0.132481 -0.973135
1 21.4204 27.5516 1.75511 -0.118824 -0.61873 0.776565
1 20.0053 9.70881 1.75136 0.161249 0.474388 0.865422
1 33.5333 7.00948 1.61061 0.399794 0.122209 -0.908422
1 8.7326 2.41078 1.6056 -0.109887 -0.0532775 -0.992515
1 23.9565 30.1711 1.75968 -0.550751 -0.190267 0.812694
1 13.6379 9.73446 1.75516 0.199907 -0.626408 0.753425
1 34.0837 12.7627 1.75924 -0.0846502 -0.106746 0.990676
1 34.493 30.6368 1.61047 0.401828 -0.380825 -0.83277
1 9.87678 31.3392 1.74893 -0.592301 0.39213 0.703856
1 23.9993 13.5923 1.61316 0.624938 0.252418 -0.73874
1 14.2932 27.7327 1.76478 0.795147 -0.231964 0.560298
1 17.8898 25.2897 1.60984 0.383634 -0.261852 -0.885584
1 32.4314 28.2297 1.60879 0.0687086 -0.0171926 -0.997489
1 1.36943 5.93402 1.61075 0.122402 -0.27163 -0.954586
1 11.1885 1.4252 1.62286 -0.26303 -0.458306 -0.848983
1 6.34194 4.40487 1.60529 0.194809 0.361151 -0.911932
1 18.2656 8.19854 1.76043 0.333008 0.130091 0.933907
1 19.1023 32.6661 1.7516 -0.00281309 0.305764 0.952103
1 26.0257 30.3216 1.7503 -0.55619 0.160791 0.815352
1 14.4704 15.6342 1.75873 -0.408152 -0.599125 0.688812
1 25.0376 28.8393 1.75863 -0.29787 0.00850412 0.954569
1 0.37673 12.4577 1.76021 -0.0453863 0.0478091 0.997825
1 5.24956 28.4253 1.75981 -0.120344 -0.286651 0.950446
1 23.2877 1.68227 1.75241 0.0126181 -0.369691 0.929069
1 31.3229 30.2765 1.61125 0.319691 0.272054 -0.907626
1 33.7846 29.8026 1.60835 0.30867 -0.249131 -0.917963
1 31.173 7.49772 1.76385 -0.527699 -0.717502 -0.45467
1 16.7446 1.00889 1.75748 -0.337846 -0.0178649 0.941032
1 26.621 6.09918 1.6136 -0.533854 -0.0576089 -0.843612
1 10.0037 15.4913 1.60755 0.0213745 -0.157269 -0.987324
1 28.6129 9.62623 1.61174 0.0629016 -0.365681 -0.928612
1 3.70024 13.648 1.75237 -0.235434 0.691781 0.682649
1 31.5378 13.7855 1.75693 -0.255196 -0.524738 0.812112
1 24.0773 11.6884 1.60829 0.31542 0.322842 -0.892347
1 12.113 5.69566 1.60872 0.214619 -0.408995 -0.88694
1 28.2448 12.8797 1.61563 0.626522 -0.310059 -0.715075
1 18.9159 26.7537 1.76351 -0.632171 0.357592 0.687377
1 19.7762 15.5687 1.75819 -0.307749 0.380122 0.872237
1 10.4896 6.46111 1.61121 0.375953 -0.184392 -0.908108
1 23.6627 23.7062 1.7578 0.671813 -0.168973 0.72119
1 34.1038 21.241 1.7596 -0.0874469 -0.395994 0.91408
1 18.1724 27.8701 1.73387 0.742196 0.159582 0.650907
1 28.5602 20.4621 1.60864 0.28428 -0.217627 -0.933715
1 3.71528 33.695 1.59728 -0.388451 0.419479 -0.820453
1 27.1839 29.6659 1.75259 -0.484642 0.357343 0.798391
1 24.5988 19.7059 1.60996 0.106898 0.325691 -0.939414
1 21.6994 16.1945 1.74959 -0.390625 0.656375 0.645433
1 0.864148 11.5994 1.75982 0.0929502 0.104281 0.990195
1 28.7076 6.66084 1.61103 -0.428328 -0.365085 -0.826588
1 2.5232 34.0238 1.60443 -0.405571 0.618872 -0.672688
1 23.2082 18.2682 1.61206 -0.190364 0.48863 -0.85147
1 30.4033 21.1866 1.61779 0.350559 -0.534606 -0.768963
1 32.5915 6.54298 1.60623 0.32033 0.275893 -0.90624
1 24.9001 22.0942 1.61925 0.533232 0.277014 -0.799329
1 15.5067 8.54077 1.75621 0.287031 -0.32817 0.899954
1 2.60146 7.36993 1.60382 0.260851 -0.497261 -0.827459
1 20.0891 8.51757 1.75 0.279843 0.479256 0.831866
1 15.8864 24.7879 1.60888 0.312305 0.0691283 -0.947463
1 6.92222 19.7695 1.634 0.661823 0.542596 -0.517281
1 11.506 19.0934 1.60717 0.408085 -0.363072 -0.837643
1 5.69745 17.3716 1.60154 0.376376 0.539361 -0.75328
1 5.34644 24.008 1.66233 0.738413 -0.379774 0.557241
1 14.8156 19.1443 1.61016 -0.671489 0.245051 -0.699323
1 22.0292 30.7399 1.72081 0.264239 0.732152 0.627799
1 7.71293 25.838 1.75714 0.309653 0.0148991 0.950733
1 14.5166 10.4017 1.75504 0.0785446 -0.476955 0.875411
1 28.389 13.8001 1.71347 -0.763796 0.287096 -0.578093
1 24.1544 27.2315 1.75992 -0.0295394 -0.159084 0.986823
1 26.404 18.9935 1.6059 0.0164937 0.0704438 -0.997379
1 17.8673 33.8681 1.75617 -0.128698 0.142889 0.981335
1 10.8896 10.5933 1.60662 -0.622208 -0.329833 -0.709977
1 23.2942 12.5562 1.61286 0.430443 0.448384 -0.783371
1 24.1524 0.859484 1.75542 0.0926199 -0.309971 0.946224
1 8.63609 27.636 1.76035 0.0175355 0.184836 0.982613
1 6.41566 2.45649 1.60883 -0.0367471 0.206245 -0.97781
1 20.4582 13.5407 1.75821 -0.0104954 0.506828 0.861983
1 16.2949 4.55812 1.74533 -0.814196 -0.125607 0.56684
1 5.91224 16.2668 1.61508 0.178099 0.501723 -0.846495
1 3.64421 11.1317 1.75212 0.0720807 0.582949 0.809305
1 9.14002 15.0765 1.60866 -0.00299032 -0.0241203 -0.999705
1 31.7926 26.9146 1.60935 -0.0985804 0.109719 -0.989062
1 32.2076 10.4572 1.75201 0.339381 -0.433054 0.835036
1 11.0774 20.1896 1.6141 0.593826 -0.314785 -0.74046
1 12.7676 0.892033 1.76337 -0.483255 -0.631708 0.606144
1 0.798035 1.82845 1.61154 -0.470444 -0.265524 -0.841534
1 22.7114 13.4054 1.62104 0.556521 0.511869 -0.654428
1 27.3461 1.33052 1.7575 -0.0946462 0.160888 0.982424
1 13.6085 11.004 1.75939 -0.00961749 -0.627879 0.778252
1 8.83713 28.6783 1.75881 -0.154569 0.23971 0.958461
1 8.88643 29.7403 1.75693 -0.334334 0.260434 0.905757
1 23.6076 10.6982 1.60908 0.159846 0.418107 -0.894223
1 16.0303 14.7521 1.75263 -0.312919 -0.237818 0.919524
1 27.3527 25.7935 1.75206 0.264438 0.367186 0.891766
1 29.8922 6.97037 1.67933 -0.366367 -0.551892 -0.749127
1 7.59489 18.157 1.60988 0.357952 0.266319 -0.894955
1 12.136 23.8434 1.60934 0.0729678 0.662302 -0.745675
1 28.9576 2.09246 1.75793 -0.283061 0.40096 0.871268
1 12.5293 15.4422 1.61297 -0.0517227 -0.590409 -0.805445
1 5.83954 1.44207 1.60954 -0.142771 0.240713 -0.960038
1 10.2075 11.3375 1.61349 -0.471497 -0.259677 -0.842768
1 14.6313 9.2484 1.75704 0.227359 -0.455994 0.860452
1 24.0865 28.2423 1.75733 -0.214809 -0.161453 0.963219
1 8.54344 31.8636 1.75277 -0.72409 0.195776 0.661336
1 19.0333 6.27017 1.75632 0.570507 0.22762 0.78912
1 5.27089 31.9739 1.75214 -0.742661 -0.229985 0.628937
1 10.0296 8.42924 1.61675 0.711312 -0.0644253 -0.699917
1 31.1286 10.9999 1.72501 0.334671 -0.636067 0.69528
1 25.2284 10.7251 1.60817 0.192017 0.145292 -0.970577
1 27.257 3.04966 1.75864 -0.428293 0.132309 0.893901
1 8.84146 21.2663 1.62757 0.745348 0.0961895 -0.6597
1 4.04893 15.6075 1.60735 -0.0329805 0.770495 -0.636592
1 33.7727 9.08249 1.75552 0.593691 -0.194158 0.780918
1 15.0971 12.5796 1.75454 -0.165691 -0.356938 0.919316
1 31.1786 18.9004 1.61235 0.00557917 -0.627791 -0.778362
1 4.85537 1.50285 1.61284 -0.0882851 0.387121 -0.917792
1 25.2795 9.72091 1.60841 0.0325883 0.137074 -0.990025
1 8.18556 15.0033 1.60618 -0.00322561 0.107127 -0.99424
1 13.4691 16.0051 1.60595 -0.0443537 -0.753053 -0.656463
1 17.0572 28.4146 1.75219 0.644412 -0.0180125 0.764467
1 2.89374 5.26247 1.62635 -0.131751 -0.520162 -0.843844
1 13.6026 4.25698 1.62072 -0.1473 -0.634495 -0.758761
1 22.6736 7.45962 1.60594 -0.240337 0.655901 -0.715564
1 4.24071 21.7221 1.75673 -0.143479 0.333688 0.931701
1 7.5362 6.00036 1.61139 0.346472 0.206834 -0.914974
1 24.4365 12.6944 1.6143 0.482098 0.233561 -0.844411
1 29.4564 25.9837 1.62438 -0.164673 0.60868 -0.776139
1 22.8199 29.7752 1.75405 -0.48301 -0.413311 0.77193
1 6.7524 30.5197 1.76503 -0.472554 -0.0503603 0.879862
1 10.9479 18.3035 1.61267 0.329237 -0.263069 -0.906861
1 17.1234 29.364 1.75817 0.475879 0.013378 0.879409
1 0.180101 22.9099 1.75917 -0.386507 -0.26913 0.882146
1 7.57991 9.52564 1.61962 -0.692501 0.15052 -0.70554
1 7.21032 15.1024 1.60815 -0.0112675 0.263924 -0.964478
1 33.3062 26.4695 1.61071 -0.202091 -0.205549 -0.957554
1 23.0793 28.7412 1.7567 -0.321302 -0.338499 0.884411
1 20.5729 27.0427 1.59623 0.0687539 0.761804 -0.644149
1 10.2568 27.0452 1.7558 0.106034 0.431392 0.895912
1 28.1442 8.6295 1.60842 -0.0966288 -0.282569 -0.954368
1 21.9872 24.944 1.75105 0.329067 -0.51664 0.790442
1 29.4196 12.0871 1.60192 0.496728 -0.567765 -0.656433
1 23.2954 33.9049 1.75859 0.380238 -0.549267 0.744127
1 18.1663 23.4736 1.60879 0.0819785 -0.27087 -0.959119
1 18.5818 13.5236 1.75967 -0.117823 0.197699 0.973156
1 18.3069 21.6127 1.60976 -0.227841 -0.297298 -0.927201
1 7.44601 0.771553 1.60893 -0.292182 0.0291227 -0.955919
1 0.0746319 4.61639 1.6074 -0.0344365 -0.0818497 -0.99605
1 6.70092 3.46064 1.60523 0.0866428 0.216779 -0.972368
1 1.93539 5.07382 1.61982 -0.0501918 -0.377352 -0.924709
1 7.15407 23.0982 1.74946 0.725452 -0.245675 0.642933
1 8.09828 33.8119 1.6133 -0.592419 -0.0644947 -0.803044
1 26.1685 11.1505 1.60809 0.265578 -0.00992806 -0.964038
1 33.8478 23.3371 1.75841 -0.468606 -0.41803 0.778242
1 27.2614 11.3123 1.61059 0.305482 -0.179858 -0.935057
1 8.98774 11.2381 1.61345 -0.464889 -0.0721213 -0.882427
1 30.4995 27.9512 1.60917 0.0921054 0.349056 -0.932564
1 0.838855 18.756 1.75896 0.396173 -0.174782 0.901387
1 5.80855 9.51928 1.77281 0.562359 -0.533028 0.632166
1 33.9691 10.7997 1.75902 0.249388 -0.155008 0.955917
1 31.4863 27.9099 1.60916 0.0559607 0.165317 -0.984652
1 16.4534 13.883 1.75954 -0.195658 -0.130983 0.971886
1 27.7254 16.9059 1.60933 -0.278654 -0.0760055 -0.957379
1 14.8703 34.4081 1.75673 -0.231857 -0.256102 0.938432
1 23.2666 27.5793 1.75859 -0.109263 -0.315282 0.942687
1 14.8912 29.4294 1.75071 0.45504 -0.304567 0.836766
1 0.593764 16.1435 1.74105 -0.693732 0.15417 0.703539
1 0.418514 10.7146 1.76046 0.252826 0.0158573 0.967382
1 23.6696 7.36053 1.60834 -0.300964 0.454558 -0.83833
1 30.3857 18.1204 1.6093 -0.104002 -0.483987 -0.868873
1 27.9618 19.6613 1.60717 0.159529 -0.135456 -0.977856
1 20.6063 34.0164 1.75572 -0.263016 0.522135 0.811294
1 5.95243 34.2887 1.61198 -0.43189 0.20924 -0.87732
1 3.08149 22.4866 1.75529 -0.272684 0.183252 0.94449
1 31.1087 8.6421 1.58789 -0.273809 -0.701403 -0.658075
1 8.4109 13.1928 1.60874 -0.210029 0.0467888 -0.976575
1 14.584 32.2963 1.75922 0.0413994 -0.301013 0.952721
1 23.3977 26.5049 1.75832 0.0984918 -0.283758 0.953824
1 7.99031 22.0461 1.73913 -0.822376 -0.244784 0.513594
1 32.2172 4.59652 1.60988 -0.0308313 0.319515 -0.947079
1 23.281 17.0356 1.6102 -0.410674 0.483591 -0.772973
1 9.7735 4.22238 1.60796 0.0801295 -0.124287 -0.989006
1 8.1815 5.06131 1.61028 0.202076 0.103165 -0.973921
1 3.02649 31.9327 1.7768 0.630442 0.228948 0.741705
1 25.0192 1.2582 1.75852 -0.00864123 -0.156129 0.987699
1 15.7969 11.8845 1.75719 -0.060381 -0.236262 0.969812
1 9.92073 26.0025 1.75729 0.284145 0.367434 0.885581
1 21.4617 13.677 1.75838 0.100152 0.669819 0.73574
1 2.03063 0.796008 1.60281 -0.0826491 0.757206 -0.647926
1 25.1533 11.6772 1.60496 0.336382 0.141607 -0.931018
1 6.8375 1.55264 1.60904 -0.156643 0.111443 -0.981348
1 24.3706 18.6074 1.60831 -0.0838642 0.346624 -0.934247
1 10.6449 22.0927 1.59017 0.83674 -0.313732 -0.448818
1 32.2661 14.7441 1.75949 -0.431903 -0.380059 0.817933
1 14.8963 23.1288 1.60697 0.0102924 0.201473 -0.97944
1 18.1708 28.9287 1.75914 0.549175 0.161188 0.820016
1 19.1154 21.0504 1.61056 -0.343022 -0.423121 -0.838632
1 15.621 10.8028 1.75791 0.0446292 -0.282337 0.958276
1 4.13777 30.1303 1.75483 -0.421716 -0.398796 0.81432
1 22.6806 25.7103 1.75929 0.235938 -0.389753 0.890183
1 11.7414 32.769 1.73899 -0.0474418 -0.713852 0.698688
1 18.2081 2.08787 1.75728 -0.466923 0.217181 0.857213
1 29.4718 28.6459 1.67689 0.0972031 0.940537 -0.325487
1 27.6828 31.6265 1.75311 0.710987 0.0718472 0.699526
1 10.2295 5.12774 1.60824 0.184844 -0.16278 -0.969193
1 30.7259 23.8561 1.6122 -0.53268 0.360604 -0.765648
1 26.4776 22.4149 1.61881 0.614779 0.181001 -0.767649
1 8.37746 20.274 1.61199 0.629791 0.186688 -0.753996
1 26.0061 18.1237 1.60949 -0.119317 0.1126 -0.986451
1 1.70127 6.93855 1.61407 0.273563 -0.316738 -0.908207
1 32.1359 12.9412 1.76083 -0.0991516 -0.453077 0.88594
1 4.98768 12.3647 1.59972 -0.278211 0.704129 -0.6533
1 26.7741 0.524652 1.75913 0.0730284 0.0695071 0.994905
1 28.9403 22.1947 1.61204 0.538604 -0.255579 -0.802861
1 23.2764 0.533829 1.73727 0.190932 -0.455695 0.869418
1 12.4488 27.7036 1.75525 -0.0591874 0.792636 0.606816
1 25.6825 16.9989 1.61149 -0.306326 0.17805 -0.935127
1 0.563794 25.6419 1.60884 -0.416022 -0.548748 -0.725122
1 20.5827 31.5605 1.75829 0.144899 0.502535 0.852328
1 12.6457 10.6117 1.74555 0.0293105 -0.772135 0.634782
1 12.3311 12.8072 1.62028 -0.343199 -0.667785 -0.660513
1 11.4003 24.805 1.75729 0.503517 0.629767 0.591493
1 4.69115 3.7413 1.62499 0.258863 0.486546 -0.834424
1 18.8643 30.6449 1.75612 0.268125 0.247739 0.930986
1 11.7587 20.8969 1.62049 0.649744 -0.502917 -0.570006
1 16.1875 21.5578 1.60763 -0.262634 0.0180115 -0.964727
1 10.8593 30.3184 1.74201 -0.464415 0.553009 0.691737
1 4.90812 23.2234 1.72788 -0.546194 0.358332 0.757146
1 2.37218 27.1711 1.76329 0.0136168 -0.729261 0.684101
1 8.24378 3.2744 1.60728 -0.00355669 0.0384457 -0.999254
1 0.320771 21.896 1.75816 -0.201916 -0.252054 0.946414
1 7.61211 31.221 1.75167 -0.594843 0.0812553 0.799724
1 27.1966 8.68785 1.60791 -0.097059 -0.134075 -0.986207
1 3.01193 30.0691 1.75343 -0.403962 -0.598844 0.69152
1 33.5436 2.95094 1.60865 -0.251635 0.0911449 -0.963521
1 24.7201 15.5009 1.60552 -0.672749 0.281466 -0.684241
1 25.3339 18.9128 1.60797 -0.00562211 0.219812 -0.975526
1 23.6233 19.2898 1.61202 0.0117534 0.453845 -0.891003
1 1.62813 3.97295 1.62181 -0.209267 -0.383867 -0.899363
1 11.8412 17.6202 1.61436 0.229228 -0.416917 -0.879565
1 9.18945 5.07068 1.60818 0.194804 -0.031406 -0.980339
1 13.2564 24.1943 1.60767 0.175682 0.471886 -0.863979
1 8.21203 24.9085 1.7539 0.460389 0.0650656 0.885329
1 1.76154 30.7955 1.61729 0.339808 -0.707899 -0.619201
1 32.7032 27.2459 1.60773 -0.0855005 -0.0724235 -0.993702
1 28.9297 15.4754 1.61099 -0.519288 -0.192691 -0.832593
1 32.3193 0.65026 1.60544 -0.560065 0.419203 -0.71456
1 16.8658 25.0886 1.6099 0.350459 -0.0860785 -0.932614
1 22.3732 27.8578 1.76137 -0.183189 -0.462191 0.867652
1 14.9006 25.049 1.60624 0.362598 0.219948 -0.905619
1 21.7201 22.2364 1.7813 -0.465807 -0.70533 0.534354
1 25.0499 8.31123 1.61086 -0.171372 0.176963 -0.969183
1 15.6697 33.8682 1.75956 -0.149218 -0.15517 0.976553
1 17.3744 0.198985 1.75721 -0.236747 0.0766816 0.96854
1 2.67047 4.10217 1.633 -0.379582 -0.556431 -0.739123
1 7.09006 25.0518 1.75681 0.435386 -0.111504 0.893312
1 12.1398 31.5274 1.71419 0.159059 -0.654944 0.738748
1 21.1556 2.01109 1.74309 0.320103 -0.667698 0.672096
1 9.57192 27.8986 1.75829 -0.0284784 0.340896 0.93967
1 25.0789 17.8503 1.61046 -0.178543 0.238004 -0.954713
1 27.373 33.3074 1.75847 0.386863 0.114148 0.915045
1 25.662 7.53189 1.61081 -0.295356 0.0958318 -0.950569
1 1.95691 14.6864 1.75644 -0.401621 0.370488 0.83752
1 21.7906 21.0595 1.60981 0.253026 0.691401 -0.676714
1 14.8051 20.1896 1.61357 -0.499943 0.24635 -0.830282
1 32.6582 33.9844 1.5954 -0.665903 0.53703 -0.517853
1 17.1585 23.3281 1.60877 0.0544799 -0.110288 -0.992405
1 16.949 26.0577 1.60978 0.504672 -0.105579 -0.856831
1 12.5554 16.7139 1.63698 0.121671 -0.570802 -0.812023
1 18.7916 16.1385 1.75962 -0.428524 0.20515 0.879932
1 19.8153 25.7053 1.77075 -0.410772 0.635383 0.653877
1 17.0852 1.98808 1.75463 -0.462872 0.0423304 0.885414
1 34.5301 14.5089 1.75814 -0.38342 0.00305692 0.923569
1 32.9265 24.4165 1.6108 -0.538026 -0.115988 -0.83491
1 26.2916 33.4101 1.75239 0.394019 -0.0509472 0.917689
1 17.8398 4.28125 1.76144 -0.76836 0.169752 0.617095
1 31.2769 1.87084 1.59452 -0.513797 0.574743 -0.636933
1 25.7125 23.1001 1.61205 0.763952 0.262713 -0.589372
1 3.30537 6.46473 1.61311 0.0249869 -0.613801 -0.789066
1 17.4341 7.46149 1.75492 0.427042 -0.0382196 0.903424
1 1.38973 27.322 1.61965 -0.120336 -0.757225 -0.641973
1 24.3538 33.2641 1.76316 0.4713 -0.342534 0.812741
1 25.5529 12.5657 1.62477 0.468481 0.0633542 -0.881199
1 21.9369 28.7785 1.75569 -0.359957 -0.568394 0.739837
1 16.6428 27.5226 1.72849 0.800012 -0.0636256 0.596601
1 9.32931 25.0697 1.75687 0.434594 0.253502 0.864214
1 17.4089 13.6303 1.76135 -0.138355 0.00645537 0.990362
1 7.81841 15.9499 1.60736 0.0817624 0.190014 -0.978371
1 33.1308 15.5477 1.76256 -0.594996 -0.212206 0.775209
1 5.05679 30.8847 1.75334 -0.542915 -0.241163 0.804415
1 0.632265 2.84805 1.61052 -0.298562 -0.277389 -0.91319
1 20.649 17.2288 1.75199 -0.5444 0.492796 0.678808
1 28.5759 17.5514 1.60803 -0.170732 -0.209292 -0.962833
1 18.8909 15.0709 1.75876 -0.268667 0.233598 0.934478
1 12.4008 7.05715 1.63155 0.459464 -0.439732 -0.771705
1 19.6488 14.3076 1.75721 -0.160068 0.364894 0.917186
1 25.8013 0.682149 1.75659 0.0738786 -0.0694269 0.994848
1 2.66127 11.4308 1.75754 0.0865744 0.409343 0.908264
1 12.7519 7.93853 1.60517 0.617099 -0.464634 -0.635062
1 21.3266 0.0413415 1.74495 -0.387742 0.618682 0.683293
1 14.8129 31.2813 1.76048 0.182275 -0.264877 0.946898
1 3.53292 2.536 1.62036 0.273927 0.589218 -0.760122
1 12.8042 33.3841 1.74773 -0.154267 -0.574617 0.803752
1 21.5752 14.9682 1.75745 -0.156408 0.650588 0.74315
1 18.9362 25.4136 1.60678 0.407436 -0.452713 -0.793124
1 12.1193 14.0271 1.6236 -0.150562 -0.59483 -0.789625
1 20.5958 14.7452 1.75799 -0.163498 0.52041 0.838118
1 12.018 26.245 1.74636 0.256546 0.71654 0.648656
1 21.7453 2.93007 1.73731 0.0262453 -0.630146 0.776033
1 6.80684 14.1276 1.60567 -0.117291 0.308153 -0.944079
1 8.10438 6.92745 1.61368 0.478469 0.13415 -0.867797
1 12.2647 1.657 1.61478 -0.402553 -0.601332 -0.690182
1 24.5228 9.15858 1.6095 -0.0485048 0.255396 -0.965619
1 20.8036 20.1706 1.61043 0.157566 0.852221 -0.498892
1 22.3798 3.96621 1.77005 -0.293772 -0.601764 0.742683
1 8.28976 0.122762 1.60722 -0.43204 -0.0911303 -0.897238
1 3.58803 29.101 1.75953 -0.243087 -0.509961 0.825136
1 20.8417 7.92595 1.764 0.289668 0.662142 0.69113
1 31.2136 14.8399 1.74493 -0.45951 -0.573828 0.677918
1 16.2641 17.7591 1.75993 -0.701336 -0.254316 0.665922
1 26.6443 9.45633 1.60758 0.0087111 -0.0565317 -0.998363
1 10.2605 0.162695 1.61075 -0.365988 -0.458591 -0.809782
1 26.0775 10.2184 1.60745 0.115595 0.0189234 -0.993116
1 2.63779 25.7734 1.75333 0.339388 -0.665492 0.664783
1 9.38147 13.2249 1.60826 -0.192782 -0.115631 -0.974405
1 12.3804 22.2228 1.59769 -0.184134 0.593366 -0.783589
1 5.54374 11.0497 1.60664 -0.418534 0.522224 -0.743042
1 7.62974 4.08037 1.60971 0.0973273 0.147918 -0.984199
1 30.3771 29.784 1.60624 0.206932 0.462633 -0.862061
1 32.3474 7.44832 1.61099 0.490126 0.341962 -0.801772
1 16.096 12.9195 1.75779 -0.120942 -0.169607 0.978063
1 27.0322 10.3801 1.60882 0.160894 -0.126756 -0.978798
1 30.7826 32.652 1.74578 0.503177 0.606044 0.616055
1 17.6703 22.4771 1.60939 -0.0847528 -0.195145 -0.977106
1 33.6036 11.8762 1.75623 0.0628655 -0.212362 0.975167
1 25.029 27.8541 1.75953 -0.1241 6.17076e-05 0.99227
1 27.5885 6.74937 1.60999 -0.416548 -0.207071 -0.885217
1 29.553 20.1281 1.60742 0.224551 -0.378932 -0.897768
1 19.9398 30.5511 1.75389 0.292342 0.407956 0.864932
1 24.0759 5.33687 1.6138 -0.635504 0.270769 -0.723062
1 27.3407 7.72737 1.61096 -0.245306 -0.164882 -0.955321
1 14.2642 24.2066 1.60803 0.185784 0.30423 -0.934306
1 30.3 30.8865 1.62185 0.424746 0.456351 -0.781879
1 25.0001 0.190979 1.75725 0.189241 -0.20992 0.959229
1 32.1903 16.0057 1.74963 -0.632361 -0.433844 0.641793
1 6.25728 27.0491 1.75838 0.0968464 -0.16422 0.981658
1 25.4068 3.66716 1.75129 -0.507919 -0.108197 0.854583
1 9.27756 6.82319 1.6091 0.459318 -0.0162447 -0.888123
1 32.5071 9.342 1.73426 0.533392 -0.415138 0.736989
1 29.8796 27.0495 1.61376 -0.0205009 0.495371 -0.86844
1 25.5512 6.59878 1.61033 -0.466333 0.112706 -0.8774
1 27.6397 28.0688 1.75687 -0.0874017 0.454632 0.88638
1 34.497 7.46588 1.61014 0.446122 -0.0482756 -0.893669
1 9.27031 26.8327 1.75935 0.147775 0.276737 0.949515
1 14.0502 8.4532 1.74638 0.375438 -0.510286 0.773728
1 26.6168 12.9537 1.63479 0.550719 -0.113514 -0.826936
1 32.6146 18.5068 1.74657 0.312256 -0.703844 0.638043
1 1.58867 9.02908 1.75898 0.511125 0.194841 0.837131
1 21.9449 10.6549 1.61276 0.0687487 0.750845 -0.65689
1 26.3582 13.9423 1.63712 0.701214 -0.258752 -0.664339
1 14.4405 13.2944 1.74768 -0.272146 -0.486157 0.830415
1 19.1285 29.6718 1.75429 0.426316 0.298897 0.853765
1 2.36646 6.14896 1.61495 0.0790473 -0.434094 -0.897393
1 6.02079 29.1292 1.75759 -0.239958 -0.175393 0.954808
1 0.731277 33.8347 1.75748 0.774418 0.056552 0.630142
1 26.9358 15.6313 1.60865 -0.549097 0.127785 -0.825932
1 6.16388 28.0585 1.75924 -0.061376 -0.162914 0.984729
1 5.11888 22.1477 1.74786 -0.277336 0.460873 0.843019
1 24.2728 1.91241 1.75602 -0.0988125 -0.227473 0.968758
1 3.76587 19.6925 1.75905 0.229398 0.276059 0.933364
1 16.2029 18.8741 1.61146 -0.736481 -0.019219 -0.676185
1 5.5741 26.3312 1.75169 0.207229 -0.277631 0.938071
1 25.4516 5.66602 1.60865 -0.641759 0.116482 -0.758009
1 19.9832 32.375 1.76275 0.0144959 0.420649 0.907108
1 2.72113 9.17853 1.75766 0.406901 0.402399 0.820065
1 15.2691 24.0299 1.60605 0.168197 0.145484 -0.974959
1 34.0554 24.9254 1.60997 -0.50912 -0.347133 -0.787588
1 32.2363 30.8616 1.60808 0.455206 0.0972806 -0.885056
1 4.78731 5.40832 1.61961 0.309539 0.712624 -0.629566
1 11.1417 31.5025 1.7677 0.385145 -0.749187 0.538871
1 29.1894 5.80928 1.62567 -0.585364 -0.42683 -0.689322
1 28.7965 16.5772 1.61235 -0.334214 -0.2087 -0.9191
1 4.23913 32.4983 1.69669 0.606836 0.477303 0.635556
1 34.0867 27.1238 1.61107 -0.104888 -0.35092 -0.930513
1 4.2012 27.2547 1.75806 0.0885357 -0.436462 0.895356
1 0.591445 19.8288 1.75991 0.185699 -0.217358 0.958265
1 34.4253 1.2665 1.61608 -0.491713 -0.0141575 -0.870642
1 0.897923 14.1741 1.75755 -0.314285 0.173369 0.933364
1 22.7077 2.81312 1.7481 -0.0825971 -0.491646 0.866869
1 20.5583 6.55279 1.74009 0.49676 0.555457 0.666856
1 14.9175 17.3344 1.78545 -0.556885 -0.582786 0.591811
1 10.916 2.51289 1.61084 -0.173642 -0.294532 -0.939734
1 33.9951 31.7771 1.61167 0.600226 -0.237677 -0.763701
1 27.0666 34.2168 1.75953 0.232427 0.0919061 0.968262
1 28.0135 10.5611 1.60817 0.200387 -0.290549 -0.935642
1 23.6145 9.47884 1.61148 -0.00411369 0.410998 -0.911627
1 26.8406 28.7337 1.75933 -0.25446 0.32967 0.909158
1 28.3173 26.3729 1.75821 0.231658 0.592886 0.771246
1 17.8199 1.14728 1.75632 -0.35054 0.144815 0.925284
1 33.3676 5.97267 1.61031 0.209187 0.146938 -0.966773
1 10.3955 19.4737 1.60977 0.497191 -0.183516 -0.848011
1 34.2885 20.226 1.7599 0.103547 -0.369568 0.923416
1 13.8786 14.1259 1.75961 -0.306043 -0.685465 0.660663
1 0.313345 24.0456 1.75655 -0.601523 -0.25047 0.758574
1 18.247 9.27543 1.75817 0.213043 0.13891 0.967118
1 15.7245 6.17899 1.75182 0.581616 -0.37554 0.72159
1 14.137 17.6128 1.58456 0.0242661 -0.841489 -0.539729
1 9.88096 18.6473 1.6053 0.388597 -0.0776027 -0.918134
1 20.2101 29.5436 1.7571 0.437196 0.47681 0.76257
1 31.4023 25.9326 1.60971 -0.235912 0.194384 -0.952135
1 9.65697 5.92998 1.60578 0.30886 -0.0771225 -0.947976
1 24.1652 34.3514 1.75903 0.294513 -0.362376 0.884277
1 33.1408 12.9674 1.75881 -0.11039 -0.267902 0.957101
1 3.22662 12.4822 1.74436 -0.0474824 0.5909 0.805346
1 10.8825 25.6935 1.75333 0.354054 0.522363 0.775746
1 11.1296 5.54158 1.60871 0.223321 -0.280581 -0.933489
1 27.0279 21.5749 1.61163 0.475237 0.0508096 -0.87839
1 33.7204 17.6204 1.74839 0.58546 -0.459006 0.668244
1 4.27181 28.3591 1.75404 -0.103924 -0.421077 0.901052
1 10.3358 13.3841 1.61196 -0.169347 -0.275658 -0.946221
1 25.0107 29.8448 1.75767 -0.477036 -0.00295774 0.878879
1 16.5639 24.0991 1.61088 0.184898 -0.0204618 -0.982545
1 27.5405 26.9541 1.75394 0.107336 0.444716 0.889217
1 29.0204 32.0491 1.75776 0.552107 0.353441 0.755153
1 14.9368 14.6638 1.75515 -0.301809 -0.458208 0.836037
1 8.24065 26.7239 1.75939 0.158135 0.113303 0.980895
1 15.4906 9.72574 1.75732 0.16323 -0.323058 0.932196
1 11.2931 7.71756 1.61607 0.584751 -0.27539 -0.763038
1 21.62 33.2031 1.71103 -0.185981 0.671538 0.71725
1 4.24585 6.91365 1.59596 -0.0197749 -0.779683 -0.625862
1 11.4892 8.67731 1.60957 0.750563 -0.189718 -0.632979
1 3.62949 18.6195 1.75858 0.405816 0.294379 0.865248
1 16.1823 29.9393 1.75878 0.365385 -0.104101 0.925017
1 32.5925 2.69938 1.6166 -0.296187 0.259721 -0.91914
1 7.88164 30.255 1.75828 -0.425137 0.108812 0.898565
1 19.8343 33.4451 1.76021 -0.140935 0.413687 0.899444
1 26.73 24.5189 1.75891 0.513693 0.255745 0.818971
1 2.00635 9.99942 1.75742 0.322856 0.266364 0.908193
1 30.8376 26.9057 1.61184 -0.0693717 0.300377 -0.951294
1 6.69513 17.2994 1.61694 0.291314 0.403924 -0.867169
1 23.3338 3.78258 1.75289 -0.325842 -0.434948 0.839432
1 6.88482 6.7657 1.61032 0.487306 0.295727 -0.821631
1 9.19686 19.527 1.60901 0.534607 0.0277462 -0.844645
1 5.83731 14.2415 1.61543 -0.118791 0.450852 -0.884659
1 26.388 20.7102 1.60963 0.298772 0.091343 -0.949943
1 25.829 8.90795 1.60784 -0.0792777 0.0610019 -0.994984
1 16.9294 12.3465 1.76049 -0.0535245 -0.0485432 0.997386
1 3.79218 25.6738 1.76782 0.401561 -0.489476 0.774056
1 23.4977 30.9913 1.759 -0.658332 -0.343397 0.669834
1 0.671705 6.71649 1.61028 0.297074 -0.163352 -0.940778
1 1.57414 24.7664 1.59505 0.708875 0.0288268 -0.704745
1 0.927523 28.5824 1.62797 0.0783555 -0.607712 -0.790283
1 33.5502 18.8054 1.75488 0.357862 -0.511003 0.781543
1 10.1427 16.6127 1.6089 0.128904 -0.150306 -0.9802
1 3.78859 9.19129 1.75932 0.19841 0.628242 0.752293
1 16.0145 1.70912 1.75101 -0.428912 -0.119624 0.89539
1 27.6511 9.57708 1.60816 0.0443185 -0.215119 -0.975582
1 13.11 30.9217 1.74736 0.235586 -0.519466 0.821374
1 7.07972 12.1276 1.60834 -0.341535 0.266441 -0.901312
1 32.9425 3.82257 1.60636 -0.144503 0.209071 -0.967165
1 21.242 29.4151 1.75137 0.493097 0.635197 0.594458
1 19.5268 22.2233 1.61079 -0.155675 -0.485201 -0.860433
1 9.72275 20.4036 1.60968 0.649432 -0.0818746 -0.755999
1 33.7864 34.3015 1.6091 -0.689404 0.280303 -0.667947
1 32.3792 26.0972 1.60942 -0.239232 -0.0169005 -0.970815
1 27.3731 18.8629 1.60672 0.02404 -0.0526123 -0.998326
1 8.98208 9.50655 1.61632 -0.731443 -0.0408804 -0.680676
1 20.7151 10.6751 1.75165 0.0232852 0.585432 0.810387
1 22.1428 12.1022 1.62332 0.31555 0.679988 -0.661849
1 22.5562 32.0947 1.74639 -0.0528126 0.758483 0.649549
1 28.795 23.23 1.61435 0.691569 -0.247574 -0.678556
1 3.01645 14.9091 1.74715 -0.422445 0.561362 0.711627
1 1.53704 10.8666 1.75973 0.211206 0.201548 0.956436
1 5.16912 21.068 1.75879 -0.0170601 0.470961 0.881989
1 21.6949 7.80413 1.59946 -0.151211 0.832365 -0.533202
1 10.7585 29.1892 1.75412 -0.26967 0.540531 0.796934
1 33.4366 27.9333 1.60664 0.0149206 -0.206141 -0.978409
1 7.11717 27.6888 1.7604 0.0045173 -0.0226333 0.999734
1 3.50201 3.64516 1.7413 0.525199 0.604339 -0.599116
1 17.3087 8.56848 1.76014 0.303264 -0.0328362 0.952341
1 29.6156 17.3006 1.60977 -0.222844 -0.361537 -0.905335
1 6.02966 22.4891 1.7659 -0.429763 0.566288 0.703293
1 17.2481 32.9743 1.75874 -0.0202574 0.057265 0.998153
1 23.7353 25.4762 1.76099 0.316939 -0.206836 0.925618
1 24.8802 25.4043 1.76232 0.327839 -0.0280323 0.944317
1 11.4189 11.698 1.61234 -0.452535 -0.456531 -0.766023
1 8.69895 4.1795 1.60732 0.0946359 0.00808017 -0.995479
1 0.458091 20.8699 1.76002 -0.0107685 -0.239694 0.970789
1 12.6814 25.044 1.61213 0.311243 0.594207 -0.741651
1 24.4445 6.37808 1.60596 -0.475944 0.292455 -0.829426
1 14.0858 12.1386 1.76065 -0.126891 -0.532435 0.836906
1 29.946 19.0887 1.60977 0.0670277 -0.427351 -0.901598
1 3.24292 23.5204 1.75735 -0.471849 0.213961 0.855324
1 21.0035 22.7509 1.60951 -0.119756 -0.726017 -0.677169
1 11.4913 22.6435 1.78742 0.190325 -0.749945 0.633529
1 19.2944 2.173 1.75199 -0.466157 0.397142 0.790555
1 4.76821 20.0556 1.76115 0.22452 0.43036 0.874289
1 8.44364 1.07424 1.60741 -0.270688 -0.0878231 -0.958653
1 31.0488 4.21296 1.61429 -0.125554 0.544423 -0.829361
1 12.4085 30.1526 1.75022 0.363145 -0.631951 0.684663
1 6.87686 16.1816 1.61217 0.124082 0.348954 -0.928889
1 29.7611 16.2578 1.60742 -0.393733 -0.359963 -0.845814
1 6.46646 10.1599 1.612 -0.556391 0.339088 -0.758583
1 11.4882 3.58191 1.61057 -0.0993621 -0.343097 -0.93403
1 31.427 31.5552 1.61831 0.559485 0.268968 -0.783985
1 18.8381 33.6964 1.75695 -0.148408 0.28135 0.94806
1 27.5096 20.6714 1.60912 0.319549 -0.0545984 -0.945995
1 6.82988 11.0471 1.62872 -0.455981 0.290923 -0.841098
1 4.32476 17.0789 1.63193 0.3679 0.722524 -0.585328
1 32.7707 32.7265 1.75801 -0.773225 -0.0671614 0.630566
1 34.3173 6.38999 1.61048 0.26333 -0.00144003 -0.964705
1 29.9896 22.447 1.62064 0.512588 -0.468041 -0.719855
1 15.3817 3.48337 1.77303 -0.652825 -0.385264 0.65222
1 26.775 27.6431 1.75976 -0.0440929 0.308086 0.950336
1 3.90005 1.50279 1.62638 0.0240338 0.524305 -0.851192
1 33.1588 25.4393 1.60972 -0.376293 -0.182248 -0.908399
1 8.94449 7.73844 1.6239 0.619488 0.0595774 -0.782742
1 23.6313 20.3883 1.61317 0.196826 0.443318 -0.874488
1 32.7163 29.9674 1.61089 0.342438 -0.0442549 -0.938497
1 28.5444 11.659 1.60709 0.400227 -0.420872 -0.814055
1 29.9034 10.8097 1.60897 0.293259 -0.594699 -0.748553
1 8.78537 14.1226 1.60753 -0.104773 0.00486089 -0.994484
1 24.9812 14.3761 1.60482 0.765642 -0.0288699 -0.642619
1 33.7034 16.4853 1.72694 -0.76657 -0.00259499 0.642155
1 8.28515 8.57324 1.62289 0.815924 0.0484501 -0.576125
1 19.201 7.85383 1.757 0.362305 0.29126 0.885383
1 22.5 33.4676 1.67681 -0.374842 0.742638 0.554962
1 2.1864 24.0141 1.76575 -0.563624 0.0509365 0.82446
1 7.24319 26.7344 1.75977 0.151678 -0.0265632 0.988073
1 15.5181 28.1875 1.75944 0.628179 -0.16393 0.760604
1 10.3109 21.2184 1.6182 0.745126 -0.209305 -0.633229
1 19.9125 12.1808 1.75286 0.0706323 0.447633 0.891424
1 0.931221 30.1915 1.61124 0.243481 -0.602733 -0.759888
1 25.6236 24.7275 1.74923 0.488032 0.0603441 0.870737
1 5.68967 30.085 1.75711 -0.400272 -0.198591 0.894619
1 32.8864 22.5451 1.76032 -0.280792 -0.583875 0.761739
1 5.70006 33.3123 1.6055 -0.612443 0.276917 -0.740426
1 27.8828 2.16889 1.75707 -0.275847 0.244457 0.929596
1 8.22376 10.3671 1.60659 -0.58761 0.0645323 -0.806567
1 27.8969 14.9143 1.61998 -0.603801 0.0120339 -0.797045
1 13.7053 32.8121 1.75882 -0.0434962 -0.435405 0.899183
1 5.50556 13.2155 1.67108 -0.244784 0.526397 -0.81424
1 33.451 1.85241 1.61035 -0.385489 0.148573 -0.910673
1 16.8008 15.574 1.75489 -0.403175 -0.119706 0.90726
1 16.426 10.1617 1.75918 0.120023 -0.159452 0.979882
1 7.15211 34.4585 1.60886 -0.438365 0.0568671 -0.896996
1 9.29535 1.61297 1.6069 -0.195671 -0.169688 -0.965877
1 17.4448 2.91142 1.76534 -0.592976 0.078696 0.801365
1 22.1685 18.3697 1.61455 -0.259418 0.626468 -0.73501
1 31.0255 28.9203 1.60983 0.201324 0.231607 -0.951749
1 13.666 6.78837 1.611 0.390294 -0.633759 -0.667847
1 12.0718 34.1483 1.74104 -0.284501 -0.694012 0.661367
1 24.2962 3.54523 1.75906 -0.383484 -0.260301 0.886106
1 15.9879 23.2728 1.60744 0.0369707 0.0472333 -0.998199
1 26.9334 19.8434 1.60696 0.168084 0.00753562 -0.985744
1 25.8714 19.7896 1.60877 0.138727 0.152864 -0.978462
1 15.6531 20.7316 1.60779 -0.411402 0.091654 -0.906834
1 17.7355 18.9865 1.61283 -0.717066 -0.185562 -0.67185
1 8.83314 30.8202 1.75511 -0.527477 0.247611 0.812685
1 14.8071 4.71509 1.59575 -0.0551015 -0.802479 -0.594131
1 2.18022 22.0214 1.75782 -0.202779 0.042353 0.978308
1 13.9319 1.49059 1.76724 -0.441377 -0.441472 0.78121
1 14.9212 2.37525 1.75576 -0.525382 -0.307759 0.793258
1 17.8762 12.7466 1.76091 -0.0443474 0.0916538 0.994803
1 2.60698 17.9327 1.75409 0.571599 0.177798 0.801038
1 28.347 3.02607 1.75615 -0.467085 0.315428 0.826037
1 18.4459 7.0783 1.75678 0.462514 0.13234 0.87668
1 24.3548 26.2293 1.76124 0.165283 -0.118263 0.97913
1 1.65626 2.81052 1.61038 -0.393917 -0.49533 -0.77426
1 4.8685 25.067 1.76081 0.511626 -0.33628 0.790667
1 23.0562 8.55821 1.61404 -0.127726 0.519051 -0.845146
1 1.77614 13.6622 1.75625 -0.223602 0.330142 0.917065
1 34.4397 19.1945 1.75608 0.307259 -0.349062 0.885295
1 15.0179 21.5175 1.60939 -0.270892 0.173643 -0.946819
1 24.1121 17.5864 1.61396 -0.295854 0.350699 -0.888527
1 17.8843 15.4179 1.76073 -0.359647 0.0667463 0.930698
1 33.4596 14.666 1.75707 -0.43106 -0.180679 0.884049
1 20.9265 11.9569 1.73171 -0.098665 0.670606 0.735223
1 25.1002 23.8575 1.76755 0.700081 0.0621666 0.711352
1 22.1245 9.10977 1.62134 -0.0852656 0.680797 -0.727492
1 28.1208 4.88735 1.60426 -0.789496 -0.195547 -0.581771
1 6.96728 29.6139 1.76166 -0.323203 -0.0363449 0.945632
1 2.3109 20.0432 1.75902 0.153295 0.0513097 0.986848
1 11.2496 12.7751 1.60657 -0.287017 -0.463663 -0.838235
1 8.79199 18.5948 1.60706 0.409694 0.0979728 -0.906947
1 15.8893 26.6611 1.60742 0.691066 -0.000168949 -0.722792
1 0.520813 17.1362 1.72979 0.741852 -0.223261 0.632305
1 7.38018 2.71301 1.60805 -0.0310309 0.0980592 -0.994697
1 12.5252 3.7854 1.6094 -0.110568 -0.473054 -0.874068
1 15.6088 31.8653 1.76012 0.103314 -0.154818 0.982526
1 16.3807 9.08193 1.75837 0.239743 -0.179849 0.954032
1 22.7825 10.0365 1.61458 0.0487609 0.567142 -0.822175
1 30.4935 13.636 1.74569 -0.180289 -0.691721 0.699298
1 28.3217 1.20917 1.75543 -0.0949528 0.305416 0.947473
1 4.05313 22.7293 1.74866 -0.327595 0.318064 0.889672
1 31.559 6.44029 1.60343 0.326611 0.459127 -0.826152
1 28.8833 33.2884 1.75955 0.324948 0.33574 0.884131
1 0.383681 9.0123 1.74692 0.569026 0.0042151 0.822309
1 5.73568 6.37618 1.6134 0.425181 0.486531 -0.763222
1 17.3035 17.2631 1.75095 -0.635933 -0.0499252 0.770127
1 17.7457 6.27103 1.75659 0.573267 -0.0237341 0.819025
1 9.77172 29.0089 1.75682 -0.212366 0.388957 0.896445
1 19.7627 10.8153 1.75168 0.0230788 0.420947 0.906792
1 4.75264 34.1336 1.6072 -0.357521 0.324714 -0.875636
1 0.219324 13.4578 1.75802 -0.208674 0.0407221 0.977137
1 0.0227722 18.1447 1.75645 0.524791 -0.29742 0.797581
1 15.9432 30.9234 1.75762 0.22755 -0.119769 0.966373
1 11.5162 6.6313 1.60449 0.391112 -0.323264 -0.861703
1 0.41421 26.7794 1.60822 -0.170659 -0.54635 -0.819986
1 27.9679 15.9397 1.61044 -0.434589 -0.0418018 -0.899658
1 14.9744 1.39027 1.74231 -0.391968 -0.270743 0.879238
1 21.6357 5.34793 1.77302 -0.159158 0.552678 0.818056
1 6.60084 26.0087 1.75717 0.264271 -0.137486 0.954599
1 13.3737 26.1433 1.60881 0.515946 0.429646 -0.741083
1 30.023 24.9018 1.61225 -0.347339 0.453395 -0.820846
1 4.95576 16.3285 1.59694 0.19325 0.648581 -0.736205
1 6.47274 5.69531 1.61535 0.318069 0.368369 -0.873577
1 2.92808 1.15937 1.78183 -0.0491765 -0.661955 0.747929
1 26.4664 12.0299 1.61705 0.3982 -0.0637437 -0.915081
1 18.9156 1.12065 1.75444 -0.359224 0.307001 0.881311
1 32.9606 11.067 1.75811 0.220752 -0.316302 0.922617
1 28.3122 7.60598 1.61282 -0.254958 -0.313321 -0.914782
1 4.80096 29.367 1.7551 -0.282919 -0.335143 0.898686
1 17.1152 14.6645 1.76057 -0.277281 -0.0451644 0.959727
1 24.3996 10.1798 1.60475 0.110114 0.279225 -0.953891
1 1.29957 21.4796 1.75936 -0.114581 -0.101553 0.98821
1 10.9121 4.41172 1.61115 0.0571834 -0.25329 -0.965699
1 4.78214 18.9814 1.76623 0.466147 0.499964 0.729893
1 34.176 26.0035 1.6079 -0.304207 -0.377119 -0.87478
1 10.872 15.874 1.61325 0.0623513 -0.299003 -0.952213
1 2.18555 32.7589 1.60012 0.647501 -0.165064 -0.743973
1 33.4577 0.780311 1.61307 -0.530855 0.209603 -0.821133
1 17.1242 30.3359 1.75629 0.312571 0.0143587 0.949786
1 22.4477 26.7807 1.76038 0.0271567 -0.445522 0.894859
1 1.75466 29.2557 1.61228 0.028157 -0.79583 -0.604865
1 2.46385 2.34715 1.60317 0.395548 0.736475 -0.548768
1 12.9289 23.1188 1.61281 -0.0244112 0.505443 -0.862514
1 18.5671 31.778 1.75816 0.112161 0.21913 0.969227
1 29.2045 14.5561 1.62861 -0.700745 -0.139561 -0.699628
1 17.6819 16.3717 1.75996 -0.496181 0.010266 0.868159
1 11.5917 15.0705 1.61548 -0.0364356 -0.4361 -0.89916
1 14.8454 11.4713 1.75722 -0.0413804 -0.402072 0.914673
1 28.1988 21.4622 1.60961 0.449068 -0.137699 -0.882823
1 5.76204 20.1189 1.76494 0.205994 0.589258 0.781243
1 28.5075 29.8515 1.58731 0.399784 -0.565957 -0.721017
1 3.23412 21.4924 1.75938 -0.0966504 0.190307 0.976955
1 30.0787 8.52649 1.61595 -0.119736 -0.5783 -0.80699
1 11.9948 2.71624 1.6146 -0.265743 -0.433205 -0.861228
1 19.416 17.9391 1.75411 -0.686063 0.27163 0.674933
1 19.5193 13.1853 1.75653 -0.05126 0.339408 0.939242
1 18.5735 17.1743 1.75607 -0.597716 0.146663 0.788179
1 14.0762 21.1177 1.61361 -0.348812 0.329975 -0.877181
1 10.4382 3.44903 1.61008 -0.040192 -0.206558 -0.977609
1 1.5244 19.4891 1.76213 0.267741 -0.0586475 0.961704
1 9.76881 14.2571 1.60908 -0.0843467 -0.147411 -0.985472
1 2.17248 23.0319 1.75892 -0.38815 0.0464396 0.920425
1 1.2483 12.8418 1.76299 -0.111836 0.207147 0.971896
1 11.0294 17.069 1.61111 0.179031 -0.288551 -0.940578
1 25.3393 4.73564 1.61719 -0.821725 0.0463686 -0.567995
1 7.78849 14.0742 1.60688 -0.111535 0.158675 -0.981011
1 13.8153 25.2137 1.61003 0.363923 0.387041 -0.847207
1 18.6477 22.5836 1.60913 -0.0665433 -0.344661 -0.936366
1 16.6303 22.4564 1.60765 -0.102508 -0.0420588 -0.993843
1 19.6704 5.4867 1.76408 0.666265 0.344303 0.661473
1 30.619 5.5729 1.62758 0.220941 0.573855 -0.788591
1 12.8396 4.89643 1.60907 0.0454666 -0.525399 -0.84964
1 26.8268 2.22142 1.7564 -0.24904 0.0819452 0.96502
1 6.20613 21.094 1.58545 0.0752095 -0.621001 -0.780193
1 10.1287 23.4781 1.75849 0.691044 0.348381 0.633316
1 29.6126 9.64151 1.60959 0.0725204 -0.533528 -0.842668
1 25.9439 28.2945 1.75846 -0.184048 0.169394 0.968211
1 32.7134 31.7711 1.61458 0.616095 0.0193359 -0.787435
1 28.1507 33.9786 1.75675 0.22818 0.236051 0.944571
1 32.6738 12.0719 1.75949 0.0494868 -0.368102 0.928467
1 12.8872 32.1806 1.7563 0.0517801 -0.552122 0.832154
1 1.93549 18.6358 1.75912 0.441231 0.0215542 0.897134
1 10.159 7.44134 1.61749 0.543506 -0.13278 -0.828837
1 9.30012 32.9028 1.60871 -0.684081 -0.216575 -0.696512
1 19.4177 34.4941 1.75688 -0.292967 0.383387 0.875891
1 0.142364 0.294452 1.60531 -0.650636 0.0150782 -0.75924
1 18.6435 24.4046 1.61004 0.24233 -0.361979 -0.900138
1 1.3983 20.4827 1.76013 0.0728779 -0.0921178 0.993078
1 15.1859 30.3159 1.76224 0.320187 -0.228966 0.919269
1 1.77161 11.8877 1.76147 0.040784 0.259795 0.964802
1 5.23773 0.502559 1.60963 -0.246621 0.285567 -0.926083
1 26.7002 16.5496 1.62642 -0.383124 0.0569476 -0.92194
1 0.393978 5.67772 1.60935 0.125282 -0.116882 -0.985212
1 17.2514 21.5469 1.6088 -0.246533 -0.138755 -0.95915
1 20.66 5.16894 1.59042 0.435156 0.683385 -0.586195
1 5.22342 27.3631 1.75758 0.0456538 -0.305206 0.951191
1 2.5839 28.6809 1.75429 -0.199505 -0.703595 0.68202
1 24.4446 16.5533 1.61182 -0.482788 0.293345 -0.825145
1 3.31941 26.7624 1.75494 0.166081 -0.56133 0.810756
1 30.6225 34.01 1.75947 0.139815 0.686288 0.713765
1 13.8477 33.9317 1.75451 -0.217556 -0.425276 0.878527
1 30.4222 25.9246 1.61061 -0.201715 0.405588 -0.891521
1 3.21937 0.15063 1.59794 -0.180727 0.570606 -0.801091
1 9.886 2.50576 1.60875 -0.113752 -0.173751 -0.978198
1 19.0816 9.98664 1.75492 0.128236 0.298052 0.945897
1 17.8635 20.6598 1.6136 -0.394017 -0.244373 -0.886021
1 18.546 19.9529 1.61265 -0.53221 -0.325035 -0.781732
1 7.90631 28.2856 1.75956 -0.0897354 0.0908968 0.991809
1 34.0652 5.32581 1.60882 0.0877542 0.0314475 -0.995646
1 18.8797 11.2952 1.75919 0.0582426 0.237967 0.969525
1 10.423 33.6571 1.61803 -0.53535 -0.450399 -0.714522
1 26.5624 7.054 1.60955 -0.367326 -0.0474944 -0.928879
1 7.43399 7.73678 1.61414 0.643879 0.159275 -0.748366
1 14.309 28.7195 1.75724 0.587869 -0.361493 0.723694
1 32.0258 29.1911 1.61057 0.22048 0.0604986 -0.973514
1 13.0519 2.87555 1.61986 -0.243979 -0.590223 -0.769487
1 34.4109 3.4069 1.6095 -0.20712 -0.0750421 -0.975433
1 17.9049 30.9916 1.75873 0.220078 0.124647 0.967486
1 32.709 13.8706 1.75631 -0.275813 -0.319564 0.906535
1 7.60319 17.0182 1.61341 0.212161 0.25786 -0.942601
1 7.19126 5.00509 1.61308 0.213275 0.235404 -0.948208
1 33.148 4.91668 1.60866 0.0268825 0.17028 -0.985029
1 10.1903 17.6886 1.61336 0.25822 -0.142317 -0.955546
1 23.4685 6.2334 1.78004 0.473839 -0.462082 0.749638
1 8.13016 12.2492 1.6107 -0.32911 0.0817372 -0.940747
1 24.8974 30.9178 1.75176 -0.707713 -0.00530857 0.70648
1 2.72913 13.7548 1.7481 -0.22191 0.519812 0.824956
1 34.093 28.7182 1.60485 0.133733 -0.307756 -0.94202
1 30.0843 0.487246 1.75967 -0.0376404 0.603402 0.796548
1 26.0717 2.91836 1.76176 -0.376968 -0.0192495 0.926026
1 26.835 32.4478 1.75401 0.55135 -0.0125617 0.834179
1 29.4273 3.06034 1.74683 -0.455602 0.560487 0.691579
1 19.7208 16.7275 1.7566 -0.486292 0.351816 0.799841
1 26.0338 34.3671 1.75802 0.235538 -0.063956 0.969758
1 20.7145 15.9586 1.75502 -0.34403 0.526172 0.77768
1 4.58499 26.198 1.75354 0.289152 -0.401468 0.869031
1 16.8847 31.273 1.75738 0.182832 -0.00571653 0.983127
1 0.878192 15.1585 1.75681 -0.500581 0.177675 0.84726
1 0.667548 3.87408 1.6117 -0.145874 -0.213898 -0.965903
1 20.614 1.25441 1.63178 -0.560167 0.563351 0.607329
1 11.4652 28.0537 1.75883 -0.0979728 0.635567 0.765804
1 31.861 11.6158 1.74822 0.1666 -0.514463 0.841173
1 22.7767 22.0335 1.60877 0.442197 0.560824 -0.699956
1 5.37153 18.2945 1.67734 0.560638 0.579077 -0.591907
1 23.6659 2.69183 1.75648 -0.186568 -0.325477 0.926961
1 20.8877 25.6174 1.59873 -0.232501 0.728156 -0.644773
1 13.563 29.7484 1.75818 0.419772 -0.456805 0.784296
1 25.9065 27.2561 1.76052 -0.000497662 0.148347 0.988935
1 12.3096 19.6467 1.61141 0.463057 -0.495544 -0.734856
1 4.09133 20.7326 1.75758 0.0507039 0.332115 0.941875
1 8.61953 23.1084 1.74916 0.742935 0.0534933 0.667223
1 9.28284 3.31633 1.6073 -0.0119176 -0.08853 -0.996002
1 13.049 12.0799 1.74342 -0.276065 -0.702846 0.655589
1 14.6164 33.3628 1.7594 -0.113414 -0.301051 0.94684
1 16.9214 5.52763 1.75484 0.690693 -0.171758 0.702455
1 25.473 32.7658 1.76213 0.56552 -0.151175 0.810761
1 15.4108 32.8349 1.76023 -0.021466 -0.186618 0.982198
1 32.1709 21.4752 1.75809 -0.0865494 -0.767003 0.635779
1 3.31648 27.9335 1.75259 -0.0532535 -0.567342 0.821759
1 5.58607 4.95492 1.60865 0.25377 0.542686 -0.800682
1 29.3007 7.6667 1.60397 -0.254137 -0.453008 -0.854516
1 1.36643 17.803 1.75249 0.593977 -0.0952214 0.798827
1 20.1267 28.1396 1.76358 0.677995 0.486595 0.550953
1 27.8881 4.00964 1.75995 -0.69234 0.215573 0.688617
1 25.2766 13.463 1.62644 0.624117 0.0212544 -0.781041
1 29.3071 18.2911 1.60934 -0.0524068 -0.323973 -0.944614
1 5.22696 15.1772 1.60594 0.00300224 0.575402 -0.817865
1 26.4161 8.11544 1.60609 -0.192384 -0.0148005 -0.981208
1 31.2218 12.5969 1.75531 0.00703584 -0.626473 0.779411
1 13.236 17.4583 1.60926 0.160228 -0.689704 -0.706142
1 13.0818 28.8051 1.70901 0.530074 -0.597484 0.601693
1 24.5153 21.0784 1.61123 0.338966 0.325238 -0.882792
1 32.1045 25.102 1.60943 -0.391364 0.0386992 -0.919422
1 14.7295 25.9888 1.61686 0.549819 0.230715 -0.802789
1 3.51109 17.4552 1.75094 0.566415 0.461158 0.683014
1 3.94609 31.163 1.74855 -0.618536 -0.421536 0.663114
1 7.81256 23.9555 1.75496 0.60335 -0.06608 0.794734
1 27.5287 12.2251 1.60266 0.444632 -0.247123 -0.860949
1 22.2901 6.26138 1.60652 -0.472162 0.671539 -0.571051
1 17.5841 31.9983 1.75912 0.0913937 0.09278 0.991483
1 6.07545 11.9791 1.62768 -0.319807 0.461968 -0.827229
1 25.2052 33.7917 1.75507 0.369617 -0.20478 0.906338
1 22.6719 19.4608 1.60892 -0.010535 0.600638 -0.799452
1 11.2107 26.8735 1.75588 0.134031 0.579594 0.803808
1 19.5083 31.4624 1.75741 0.144947 0.33663 0.930414
1 28.0367 32.5791 1.75286 0.515439 0.188289 0.835984
1 25.5903 2.04942 1.76001 -0.183966 -0.0766595 0.979939
1 15.4622 16.611 1.74677 -0.537369 -0.400307 0.742286
1 22.1996 0.690061 1.72111 0.409993 -0.596132 0.690313
1 6.46661 18.3063 1.7803 -0.484342 -0.414708 0.770344
1 18.6054 3.23898 1.74878 -0.62092 0.303951 0.722546
1 9.31094 33.9911 1.61042 -0.510663 -0.274633 -0.814739
1 15.4421 13.7495 1.75939 -0.2197 -0.298323 0.928835
1 25.6245 26.1201 1.75938 0.19502 0.0842461 0.977174
1 6.59078 24.2268 1.74855 0.543974 -0.268373 0.795027
1 10.2281 12.3481 1.60786 -0.318265 -0.266175 -0.909867
1 31.8283 24.0574 1.61199 -0.534265 0.129342 -0.835363
1 3.8691 5.48531 1.61373 -0.250259 -0.683359 -0.68585
1 26.3601 25.4729 1.75497 0.334347 0.185407 0.924033
1 14.2203 0.492765 1.75261 -0.317261 -0.354752 0.879486
1 28.9858 10.596 1.61031 0.22096 -0.444134 -0.868287
1 14.3616 22.2922 1.60738 -0.14283 0.27481 -0.950831
1 10.6453 14.7482 1.60534 -0.0585727 -0.283028 -0.957321
1 10.1955 1.3149 1.61683 -0.215451 -0.319505 -0.922766
1 26.352 1.42545 1.75725 -0.0804774 0.0139263 0.996659
1 15.9362 19.7962 1.61607 -0.57669 0.0352675 -0.816202
1 28.5187 27.6528 1.76686 0.00664849 0.618329 0.785891
1 4.53507 2.57972 1.6201 0.0989547 0.450057 -0.8875
1 26.599 26.5177 1.75919 0.143911 0.257223 0.955576
1 24.8847 2.74359 1.75634 -0.293756 -0.163028 0.941876
1 27.621 17.8989 1.60576 -0.116478 -0.0730173 -0.990506
1 26.4722 14.8712 1.70949 -0.700451 0.27149 -0.660046
1 9.83889 30.121 1.75258 -0.395534 0.410371 0.821674
1 25.9709 29.3366 1.75755 -0.37212 0.170505 0.91239
1 19.9066 3.3244 1.755 0.380792 -0.796361 0.469899
1 17.3065 10.6648 1.76105 0.0784017 -0.00619247 0.996903
1 16.4544 7.9485 1.7566 0.377166 -0.205829 0.902984
1 34.5196 11.5998 1.75823 0.0967677 -0.0593273 0.993537
1 31.5989 33.9799 1.77795 0.0282867 0.839861 0.542064
1 29.8496 33.0213 1.76095 0.339846 0.515114 0.786868
1 25.7332 15.9837 1.61012 -0.467991 0.228844 -0.853589
1 5.63503 3.48223 1.609 0.116269 0.365321 -0.923592
1 29.9699 4.60197 1.60392 -0.00578634 0.669545 -0.742749
1 8.44566 17.6657 1.60703 0.281618 0.119303 -0.952081
1 33.2986 7.93315 1.77526 -0.605565 -0.114359 0.787536
1 18.2384 10.4449 1.75952 0.121872 0.129962 0.984001
1 16.5607 32.1967 1.75952 0.0704373 -0.042842 0.996596
1 33.8378 22.2364 1.76019 -0.271316 -0.420806 0.865627
1 12.9926 21.1124 1.61413 -0.361641 0.508898 -0.781177
1 23.494 15.6871 1.7813 0.651279 -0.471047 0.594937
1 1.9461 15.7524 1.74711 -0.597694 0.349583 0.721494
1 15.5537 22.3595 1.60819 -0.122141 0.107846 -0.986636
1 7.85387 11.3146 1.60978 -0.44684 0.112973 -0.887452
1 26.733 5.16228 1.6163 -0.680382 -0.0647 -0.729996
1 9.26558 16.1241 1.60645 0.0806959 -0.00896809 -0.996698
1 9.32663 0.524229 1.60977 -0.356563 -0.256333 -0.898419
1 25.0426 26.8815 1.76111 0.0490005 -0.00589295 0.998781
1 17.8893 18.1029 1.77018 -0.789943 0.0305891 0.612417
1 22.8841 11.3815 1.61251 0.230693 0.563477 -0.793269
1 6.19842 31.3225 1.74413 -0.636104 -0.0598039 0.769283
1 11.292 0.127155 1.6012 -0.36816 -0.652602 -0.662245
1 24.2687 24.5788 1.75946 0.511133 -0.0821864 0.855563
1 6.0879 7.52957 1.62049 0.643671 0.392744 -0.65684
1 18.3118 5.36139 1.76116 0.702602 0.0553619 0.709427
1 16.5305 16.4757 1.75587 -0.516369 -0.191927 0.834582
1 23.101 24.6774 1.75841 0.454522 -0.298164 0.83935
1 21.0211 30.5987 1.76297 0.289278 0.58473 0.757898
1 34.3685 2.29133 1.60965 -0.345074 -0.0661441 -0.936242
1 2.1275 16.9319 1.74012 0.75002 0.0428855 0.660023
1 6.90123 32.1195 1.74808 -0.786783 0.0719983 0.613016
1 21.7084 19.649 1.61044 -0.00315549 0.735519 -0.677497
1 24.0196 22.6511 1.61169 0.660884 0.353432 -0.662056
1 0.621532 31.4766 1.61357 0.482513 -0.484872 -0.729438
1 3.57698 24.7687 1.63471 0.610618 -0.454831 0.648285
1 14.1427 30.5366 1.75532 0.293768 -0.374656 0.879394
1 29.5667 34.1326 1.76398 0.145435 0.479145 0.865603
1 17.3027 9.62082 1.76015 0.187417 -0.0164159 0.982143
1 19.7931 20.3287 1.61384 -0.458452 -0.520167 -0.720589
1 27.7424 22.4327 1.61662 0.610176 -0.0374193 -0.791381
1 2.82109 19.2095 1.75682 0.308061 0.134194 0.941855
1 31.6231 17.6932 1.61194 -0.145196 -0.722737 -0.675699
1 31.9954 3.64296 1.61676 -0.199963 0.371233 -0.906753
1 28.3397 18.5769 1.608 -0.00244702 -0.186474 -0.982457
1 31.0608 24.9278 1.60868 -0.374115 0.259177 -0.89043
1 2.98996 10.2708 1.75958 0.205696 0.426467 0.880804
1 20.1541 23.2424 1.61017 -0.00704905 -0.601493 -0.798847
1 31.1596 21.8579 1.60613 0.370873 -0.709115 -0.599674
1 16.3091 33.1419 1.76098 -0.0436688 -0.0714812 0.996486
1 6.24737 15.235 1.61247 0.0181093 0.411331 -0.911306
1 0.18817 29.4593 1.60889 0.210977 -0.439861 -0.872933
1 33.8168 13.7453 1.75864 -0.258459 -0.136104 0.956386
1 33.3698 19.9985 1.75373 0.12289 -0.542851 0.830789
1 30.1668 15.3856 1.61647 -0.554743 -0.400141 -0.729484
1 9.064 24.0611 1.75331 0.594753 0.158292 0.78817
1 16.7371 20.6517 1.61147 -0.411374 -0.080022 -0.907947
1 4.6239 14.1906 1.61305 -0.17684 0.6975 -0.694422
1 8.50001 16.6832 1.60894 0.14497 0.106858 -0.983649
1 16.5769 11.3027 1.75811 0.0088978 -0.116535 0.993147
1 13.3646 18.8475 1.6139 0.347626 -0.685652 -0.639561
1 11.8061 29.1597 1.73382 -0.309548 0.706334 0.63661
1 26.6003 3.8334 1.74848 -0.591803 0.0353938 0.805305
1 0.999472 4.88741 1.61291 -0.0162039 -0.232732 -0.972406
1 33.3752 30.8524 1.60997 0.473393 -0.14224 -0.869291
1 13.9757 5.47286 1.615 0.0927243 -0.665012 -0.741054
1 31.4797 2.88161 1.60885 -0.356981 0.462583 -0.81153
1 29.2717 1.04884 1.73933 -0.0876031 0.451476 0.887973
1 32.4328 1.69116 1.60747 -0.423936 0.35574 -0.832903
1 8.60285 6.00499 1.61003 0.32871 0.0636982 -0.94228
1 22.2543 1.80762 1.75815 0.190298 -0.509767 0.839002
1 31.4822 5.25844 1.61038 0.0931848 0.454246 -0.885989
1 11.1878 13.9036 1.61484 -0.130677 -0.427544 -0.8945
1 33.1086 21.2019 1.75311 -0.100539 -0.588177 0.802458
1 2.27822 21.0383 1.75965 -0.0261516 0.0447302 0.998657
1 13.8873 23.2258 1.60857 0.0109339 0.360192 -0.932814
1 18.1043 14.4192 1.7596 -0.219461 0.109271 0.969483
1 34.3252 15.4733 1.75416 -0.556871 -0.00255203 0.830595
1 22.1253 17.1241 1.61261 -0.501322 0.627779 -0.595457
1 27.7725 0.352322 1.75882 0.0693759 0.208699 0.975516
1 7.9576 29.2661 1.75966 -0.25497 0.108478 0.960845
1 21.5576 31.892 1.75154 0.0719853 0.648077 0.758165
1 13.8126 31.6548 1.75432 0.129951 -0.414483 0.900731
1 30.5426 9.69489 1.60934 0.0711006 -0.684642 -0.725403
1 2.30203 12.7333 1.75113 -0.0644269 0.409034 0.910242
1 16.3256 0.0787707 1.76089 -0.223584 -0.0751067 0.971787
1 32.415 5.57303 1.60967 0.142307 0.287457 -0.947163
1 3.15918 20.4918 1.75929 0.0783783 0.182417 0.980092
1 13.1711 34.5951 1.74218 -0.351358 -0.5283 0.772947
1 29.334 21.177 1.60935 0.385459 -0.331871 -0.860978
1 7.9056 32.8988 1.62924 -0.750885 0.0292411 -0.659785
1 9.33214 17.2277 1.6096 0.211563 -0.0175979 -0.977206
1 32.4135 19.9865 1.75166 0.0859075 -0.715665 0.69314
1 30.9628 0.710875 1.76317 -0.210888 0.738038 0.640958
1 24.6801 7.35947 1.61121 -0.319302 0.265838 -0.909602
1 27.1862 30.7358 1.76572 -0.770072 0.222964 0.597726
1 30.0176 1.7715 1.75503 -0.261039 0.581684 0.770391
1 25.7503 21.4999 1.61385 0.416442 0.188521 -0.889402
1 7.82432 1.82684 1.60857 -0.14777 0.000886205 -0.989021
1 8.78587 25.8813 1.75811 0.304812 0.185218 0.934229
1 0.158828 27.9049 1.61209 0.0226014 -0.45485 -0.890281
1 6.84523 33.5511 1.61692 -0.567095 0.106698 -0.816712
1 13.0297 6.01181 1.61595 0.253795 -0.529558 -0.809417
1 21.064 18.5393 1.60998 -0.295048 0.763558 -0.574392
1 15.8426 25.7161 1.61463 0.492751 0.0636822 -0.867837
1 6.46245 13.1047 1.60462 -0.223574 0.372706 -0.900614
1 16.156 2.69661 1.7601 -0.574034 -0.125212 0.809201
1 17.8462 11.6875 1.75992 0.0597986 0.0751576 0.995377
1 28.2444 28.8894 1.75736 -0.242594 0.523541 0.816733
1 16.0149 29.0115 1.75085 0.498024 -0.141375 0.855562
1 0.950219 9.88178 1.75469 0.389186 0.0895663 0.916794
1 20.9115 9.40293 1.75598 0.160736 0.669732 0.724998
1 20.9137 3.62888 1.76852 -0.0188416 -0.768113 0.640037
1 19.2636 28.6603 1.75421 0.584449 0.338752 0.737337
1 13.7423 20.0172 1.61976 -0.533242 0.445746 -0.719002
1 11.7346 16.2485 1.62365 0.095237 -0.440159 -0.892855
1 20.0492 0.556334 1.75262 -0.432713 0.479041 0.763727
1 30.5237 19.9418 1.62476 0.186652 -0.555268 -0.810456
1 24.2699 32.3176 1.59803 -0.631049 0.377058 -0.677941
1 15.6553 15.6384 1.74743 -0.421335 -0.331968 0.843964
1 27.3427 23.3662 1.61167 0.765583 0.0452566 -0.641743
1 16.707 3.68263 1.76694 -0.691366 -0.0854002 0.71744
1 30.424 3.32963 1.60983 -0.307618 0.661855 -0.683607
1 19.182 19.1845 1.61058 -0.66764 -0.376154 -0.642468
1 10.5001 9.53195 1.60208 -0.791033 -0.268076 -0.54991
1 10.2093 24.5874 1.75436 0.510795 0.398169 0.761938
1 29.1022 8.69158 1.60808 -0.0866782 -0.424472 -0.901283
1 31.2352 16.32 1.61849 -0.439157 -0.633614 -0.636926
1 9.17918 12.2243 1.60936 -0.325014 -0.0916009 -0.941263
1 20.8094 32.7859 1.75251 -0.0781037 0.55311 0.829439
1 18.0469 26.2953 1.60511 0.549598 -0.257902 -0.794625
1 33.8245 4.20312 1.60744 -0.0929266 0.0563182 -0.994079
1 24.0369 8.30836 1.61057 -0.172976 0.352959 -0.91951
