1 16.9052 32.703 1.7601 0.0407211 -0.0143143 0.999068
1 23.4081 16.7128 1.61445 -0.453509 0.446731 -0.771208
1 19.9177 16.5029 1.75972 -0.490433 0.359779 0.793747
1 28.1544 19.7365 1.60862 0.119059 -0.203549 -0.971799
1 7.16301 24.9205 1.76583 0.42413 -0.119306 0.897708
1 21.2075 10.5266 1.74077 0.151756 0.779141 0.608202
1 13.4337 23.4949 1.61978 0.165461 0.526337 -0.834022
1 28.7632 17.8286 1.60662 -0.202407 -0.286568 -0.936435
1 11.1312 6.71043 1.60934 0.336332 -0.217351 -0.916318
1 2.15467 14.5801 1.76047 -0.32334 0.383965 0.864883
1 16.1071 16.5835 1.75341 -0.555161 -0.210345 0.804705
1 32.1024 14.8238 1.76143 -0.374852 -0.317747 0.870932
1 24.8919 34.0283 1.75651 0.297428 -0.411143 0.861683
1 30.2948 12.0691 1.75868 0.143 -0.609645 0.779669
1 15.0311 23.0213 1.61076 0.0448685 0.244776 -0.968541
1 25.1946 18.9497 1.60765 -0.0285099 0.184294 -0.982458
1 15.8228 0.603726 1.75841 -0.291254 -0.141073 0.946187
1 30.4005 16.8143 1.62619 -0.408101 -0.544656 -0.732669
1 29.2549 16.1756 1.6173 -0.519476 -0.350089 -0.779476
1 13.0686 21.1307 1.6196 -0.246759 0.639845 -0.727811
1 15.9975 29.2359 1.76159 0.527155 -0.160587 0.834457
1 16.2817 19.7829 1.60725 -0.481411 0.0620497 -0.874296
1 18.9086 30.9324 1.75752 0.304259 0.253687 0.918188
1 33.3433 2.22288 1.65381 -0.45468 0.631668 0.627903
1 30.9108 2.89923 1.74693 -0.43767 0.297902 0.848351
1 26.7662 12.6852 1.61899 0.512922 -0.265425 -0.81637
1 6.06994 11.8042 1.60848 -0.283927 0.378659 -0.88091
1 9.63333 16.1622 1.61026 0.092543 -0.107398 -0.9899
1 5.13848 33.737 1.60865 -0.228473 -0.0541134 -0.972045
1 15.1229 13.6468 1.75668 -0.169299 -0.375888 0.911069
1 10.9932 10.5111 1.62416 -0.492717 -0.474138 -0.729673
1 9.44416 26.7861 1.75902 0.0971974 0.208878 0.9731
1 11.2938 4.91084 1.60875 0.044846 -0.239441 -0.969875
1 17.341 26.5275 1.61209 0.670792 -0.0930506 -0.735785
1 20.1861 12.2347 1.74931 0.0320584 0.516457 0.855713
1 26.6161 27.5512 1.75663 0.0360703 0.303966 0.952
1 12.4195 7.92869 1.60676 0.543064 -0.500208 -0.674443
1 1.51506 34.1367 1.60964 -0.356175 0.465837 -0.810022
1 17.7609 32.2041 1.76103 0.119317 0.107706 0.986997
1 8.47078 19.4866 1.60772 0.476859 0.15333 -0.865503
1 0.593609 16.1403 1.7468 -0.694645 0.155057 0.702442
1 3.68174 20.8524 1.75885 0.0114223 0.289101 0.95723
1 20.0775 21.0047 1.61771 -0.333059 -0.555242 -0.762088
1 16.1597 14.4498 1.76062 -0.263407 -0.214352 0.940569
1 4.45854 12.8864 1.61516 -0.19163 0.768033 -0.611067
1 21.8389 27.1528 1.76194 0.0576741 -0.555141 0.829754
1 21.7597 13.6937 1.75525 0.0562909 0.768599 0.637249
1 30.7547 10.9473 1.74933 0.325067 -0.519552 0.790188
1 26.3848 4.40998 1.61852 -0.745865 -0.313807 -0.587546
1 3.45852 3.92583 1.6115 -0.172099 -0.287513 -0.942188
1 27.9338 29.1437 1.75279 -0.236062 0.530472 0.814171
1 4.60574 19.5064 1.75905 0.280497 0.429049 0.858626
1 13.1914 6.78339 1.61617 0.341523 -0.587686 -0.733476
1 12.1369 22.7734 1.60008 0.0188819 0.72516 -0.688321
1 22.4474 21.1994 1.6081 0.358407 0.535369 -0.764803
1 7.37064 29.5961 1.75086 -0.408837 -0.0134561 0.912508
1 32.452 28.0817 1.60628 -0.0106767 0.0403978 -0.999127
1 28.1823 27.9413 1.75641 -0.0304065 0.624542 0.780399
1 15.1394 15.8529 1.75625 -0.435564 -0.411854 0.800412
1 5.68847 3.67175 1.61091 -0.286542 -0.624957 -0.726169
1 7.70022 5.55035 1.60386 0.129129 0.498202 -0.857392
1 27.464 27.0967 1.75516 0.112952 0.484802 0.8673
1 20.6665 13.3692 1.75219 -0.130715 0.578007 0.805495
1 33.7189 12.7088 1.76045 0.0324722 -0.0845466 0.99589
1 29.2225 26.7838 1.60573 -0.132389 0.785073 -0.605089
1 3.74823 24.7797 1.74871 0.581916 -0.541868 0.606426
1 25.5663 5.07061 1.61453 -0.59425 -0.176666 -0.784637
1 19.6494 3.75111 1.75103 -0.672454 0.337984 0.658462
1 13.9208 21.6307 1.61388 -0.171218 0.456192 -0.873254
1 32.5664 27.0868 1.6067 -0.171768 -0.0219011 -0.984894
1 31.3192 5.47346 1.61236 -0.0302745 0.457208 -0.888844
1 5.72325 0.816081 1.60657 0.13826 -0.0984875 -0.985487
1 11.5725 3.85073 1.60934 -0.136942 -0.308006 -0.941477
1 17.9226 14.4427 1.75999 -0.253933 0.0869445 0.963306
1 16.0326 32.2206 1.75909 0.0885222 -0.130099 0.987541
1 26.3573 25.3722 1.75835 0.414574 0.235088 0.879126
1 19.9137 5.88094 1.76913 0.600606 0.516108 0.610659
1 25.8788 26.9169 1.76116 0.134394 0.150336 0.979458
1 33.937 13.7015 1.75922 -0.145642 -0.0494867 0.988099
1 10.142 27.4878 1.76101 -0.0245977 0.31062 0.950216
1 31.155 0.958889 1.75198 -0.0738216 0.386738 0.91923
1 30.6914 26.7114 1.61404 -0.217369 0.332295 -0.917786
1 31.544 28.292 1.6091 0.009023 0.227529 -0.97373
1 21.8003 8.53678 1.60168 0.0328951 0.737491 -0.674556
1 17.8978 31.2266 1.75899 0.25684 0.113812 0.959729
1 24.8139 12.3779 1.61179 0.46051 0.0888841 -0.883193
1 7.20359 14.7954 1.60785 -0.0188664 0.2204 -0.975227
1 24.05 10.5143 1.60788 0.178331 0.233297 -0.955913
1 31.3399 9.90436 1.76485 0.505807 -0.373576 0.777561
1 2.02586 13.5393 1.75681 -0.128285 0.370242 0.920034
1 26.0928 6.0564 1.61063 -0.418383 -0.194299 -0.887245
1 7.12171 33.3331 1.61609 -0.259752 -0.274179 -0.925935
1 22.3451 4.63619 1.61823 -0.513973 0.444601 -0.733596
1 20.1269 26.3613 1.72495 -0.49182 0.657539 0.57075
1 13.9304 8.87314 1.76284 0.275938 -0.583043 0.764146
1 6.4886 32.4219 1.61767 -0.485282 -0.274473 -0.83016
1 23.8919 31.0448 1.75225 -0.599445 -0.187402 0.778169
1 3.87049 22.6125 1.73904 -0.336908 0.358483 0.870622
1 15.08 4.08248 1.77406 -0.688671 -0.457993 0.562116
1 24.3109 18.4756 1.61145 -0.125172 0.296608 -0.946761
1 34.5728 2.5004 1.61909 0.0725814 0.649363 -0.757007
1 25.2067 25.1183 1.76064 0.464744 0.0253375 0.885082
1 29.5696 18.4713 1.61011 -0.0826768 -0.41405 -0.906492
1 12.8348 9.11999 1.7512 0.223153 -0.764207 0.605137
1 33.0121 13.3964 1.75949 -0.0985365 -0.186746 0.977454
1 23.6912 13.963 1.61554 0.708193 0.222867 -0.66992
1 0.823081 3.08386 1.64071 0.0732434 0.427215 -0.901179
1 31.1883 19.0501 1.61735 -0.0175628 -0.672959 -0.739471
1 21.4342 18.4702 1.60978 -0.14265 0.724861 -0.673964
1 1.97017 4.93579 1.60974 0.0274757 -0.0978912 -0.994818
1 27.9782 15.9877 1.61746 -0.521128 -0.1149 -0.845709
1 20.3078 15.378 1.75552 -0.295662 0.4702 0.831563
1 4.73135 2.85546 1.63991 -0.444162 -0.432009 -0.784913
1 15.2723 14.7848 1.75642 -0.288526 -0.367372 0.884189
1 14.9537 21.0112 1.60746 -0.271754 0.283675 -0.919607
1 12.6543 14.8484 1.62287 -0.272578 -0.672912 -0.68767
1 6.69945 10.841 1.61049 -0.425709 0.258562 -0.867132
1 11.8282 11.5742 1.61712 -0.292082 -0.660182 -0.691989
1 8.62261 31.1216 1.77351 -0.750925 0.106714 0.651708
1 19.6685 25.4584 1.66055 0.416229 -0.505367 -0.755882
1 12.8905 34.5304 1.75728 -0.324824 -0.595546 0.734721
1 5.58214 28.5675 1.75729 -0.233198 -0.295444 0.926462
1 19.2317 12.0665 1.75641 0.00796924 0.346762 0.937919
1 21.7448 19.9583 1.60706 0.161119 0.664178 -0.730006
1 25.5136 27.7766 1.76084 -0.0244352 0.0941385 0.995259
1 26.5326 20.5565 1.6079 0.262098 0.0111146 -0.964977
1 16.0405 31.184 1.76073 0.239589 -0.138087 0.961004
1 6.35881 18.8846 1.63795 0.542909 0.514323 -0.663869
1 26.9843 5.46733 1.62083 -0.550246 -0.317432 -0.772313
1 30.5591 1.95504 1.75517 -0.238481 0.284279 0.928608
1 6.63696 27.054 1.75924 0.050357 -0.17966 0.982439
1 10.679 4.10383 1.60852 -0.0852513 -0.130702 -0.98775
1 13.235 12.4803 1.73833 -0.125029 -0.711847 0.691117
1 15.4879 27.6454 1.75851 0.797493 -0.248014 0.549994
1 10.4414 12.9355 1.60644 -0.165823 -0.405408 -0.89897
1 31.8473 10.7649 1.75702 0.360915 -0.336879 0.869628
1 8.20102 14.5778 1.60833 -0.0522125 0.0608638 -0.99678
1 33.5336 26.8144 1.60888 -0.224588 -0.218655 -0.949605
1 32.1973 16.0026 1.75835 -0.613903 -0.255423 0.746915
1 7.46909 10.0039 1.61514 -0.556692 0.113866 -0.822878
1 20.1164 29.6273 1.74453 0.474863 0.47762 0.739178
1 29.927 5.29097 1.60449 0.00180362 0.67191 -0.740631
1 28.0601 5.13168 1.61712 -0.660776 -0.452959 -0.598501
1 28.5929 0.416383 1.75596 0.0778863 0.0275898 0.99658
1 20.3399 11.0419 1.74788 0.201197 0.566396 0.799197
1 7.62394 26.6257 1.75941 0.12351 -0.0511026 0.991027
1 8.70935 25.1697 1.75631 0.36726 0.105509 0.924115
1 27.1351 6.48882 1.61321 -0.370116 -0.348569 -0.861112
1 17.9739 8.33867 1.75258 0.368343 0.0996671 0.924332
1 22.9624 25.1459 1.76113 0.469215 -0.354823 0.808664
1 23.6662 12.2988 1.6115 0.435697 0.301961 -0.847931
1 8.89955 12.3807 1.60832 -0.263095 -0.10599 -0.95893
1 20.7482 22.1762 1.61187 -0.19334 -0.687604 -0.699871
1 25.1219 32.282 1.73802 0.720866 -0.261544 0.641831
1 4.67827 14.2363 1.62515 -0.091683 0.629812 -0.771318
1 10.7505 5.79646 1.60921 0.191299 -0.128596 -0.973071
1 7.45168 17.806 1.60881 0.278392 0.276351 -0.919852
1 19.8976 14.2952 1.75722 -0.216455 0.403765 0.888888
1 26.2349 28.496 1.75847 -0.144445 0.233857 0.961481
1 6.76851 23.1144 1.74976 0.702915 -0.22657 0.674223
1 17.2904 16.9975 1.74357 -0.625195 -0.00964617 0.780409
1 11.6955 24.1908 1.75139 0.507696 0.622484 0.595616
1 8.88187 32.5567 1.61784 -0.468915 -0.44667 -0.761974
1 2.92297 16.5518 1.75075 -0.904056 -0.0731837 0.421103
1 24.4509 6.76657 1.60635 -0.310069 0.0870824 -0.946717
1 27.9442 32.4983 1.75748 0.561093 -0.0383535 0.826864
1 13.4054 16.4549 1.60382 -0.179998 -0.786098 -0.591313
1 13.091 17.7559 1.60499 0.0319291 -0.65575 -0.754303
1 3.80105 10.6895 1.78169 0.128178 0.811217 0.570524
1 18.3788 11.3753 1.75571 0.0413183 0.199633 0.978999
1 22.4373 17.6368 1.61736 -0.280715 0.579809 -0.764866
1 11.7982 5.81889 1.60823 0.191286 -0.334994 -0.922599
1 27.0778 8.09717 1.60821 -0.12109 -0.309213 -0.943252
1 9.83839 15.0712 1.60895 -0.0189409 -0.161579 -0.986678
1 4.6463 10.7583 1.60113 -0.322292 0.674028 -0.664691
1 16.178 2.63518 1.75814 -0.552883 -0.112613 0.825614
1 30.7789 4.58468 1.59434 -0.213193 0.534133 -0.818077
1 1.36319 33.0718 1.61398 -0.545866 0.508813 -0.665688
1 28.6274 11.7123 1.62401 0.388077 -0.564598 -0.72844
1 1.39018 17.9956 1.75452 0.509697 -0.0497332 0.858915
1 9.72001 2.72767 1.60949 -0.284833 0.0562449 -0.956926
1 24.9845 5.89309 1.61166 -0.448837 -0.0281502 -0.89317
1 0.999703 26.4076 1.61182 -0.244802 -0.653641 -0.716118
1 28.2165 25.1894 1.76036 0.34412 0.637017 0.689776
1 10.6088 24.3268 1.75458 0.48686 0.442939 0.752843
1 7.05428 11.7971 1.60989 -0.296254 0.204712 -0.932913
1 16.0176 1.6231 1.75466 -0.425055 -0.115144 0.897814
1 4.35547 21.6197 1.75726 -0.125476 0.405036 0.90565
1 8.60513 20.714 1.613 0.611841 0.104338 -0.784069
1 10.5783 15.8548 1.61026 0.027207 -0.256328 -0.966207
1 34.0632 28.7286 1.60986 0.0918334 -0.268919 -0.958775
1 27.2496 28.3607 1.75392 -0.0922797 0.433641 0.896348
1 20.8202 27.5617 1.59166 0.0382865 0.72699 -0.68558
1 5.86932 26.4676 1.75844 0.159825 -0.2999 0.940487
1 25.0538 10.4915 1.60784 0.19473 0.0622785 -0.978878
1 27.5562 30.2547 1.76046 -0.445788 0.410417 0.795506
1 21.3778 5.47781 1.61883 -0.299076 0.63733 -0.710185
1 32.9993 0.330196 1.76724 -0.0196015 0.665212 0.746398
1 14.4125 23.8102 1.61265 0.183508 0.347879 -0.919405
1 16.8829 12.8742 1.76044 -0.0982048 -0.0696775 0.992724
1 15.8992 24.8979 1.60868 0.354847 0.103838 -0.92914
1 9.3178 7.27804 1.62237 0.464247 0.113265 -0.878434
1 33.3145 5.93847 1.61008 0.126247 0.220629 -0.967153
1 8.80606 3.77583 1.61144 -0.138066 0.233201 -0.962577
1 31.3832 6.57489 1.62107 0.214851 0.482207 -0.849303
1 7.11461 30.8955 1.74811 -0.753112 -0.0943808 0.651087
1 5.39259 1.7527 1.6035 0.33668 0.0123804 -0.941538
1 23.9236 7.62914 1.60797 -0.197993 0.211656 -0.957079
1 5.64995 19.7835 1.76038 0.319266 0.589485 0.742008
1 23.4695 8.5784 1.61078 -0.0652553 0.29798 -0.952339
1 9.50042 19.8751 1.60874 0.485334 -0.0505453 -0.872866
1 33.6367 25.765 1.6066 -0.416703 -0.264244 -0.86979
1 34.237 21.6597 1.75657 -0.191039 -0.351418 0.91652
1 5.52299 8.08237 1.73249 0.635454 -0.608826 0.474899
1 32.9353 14.3563 1.76217 -0.27206 -0.189309 0.943475
1 32.6749 26.1033 1.60966 -0.331465 -0.0782766 -0.940215
1 18.5701 9.25316 1.75996 0.275777 0.220028 0.9357
1 25.7721 21.5743 1.60427 0.468356 0.0963522 -0.87827
1 19.6341 31.8166 1.76031 0.188648 0.380491 0.905339
1 25.7203 29.3645 1.75935 -0.329472 0.155051 0.931347
1 18.3123 2.2853 1.755 -0.457251 0.195382 0.86761
1 1.60766 9.86792 1.74564 0.518944 0.292085 0.803357
1 32.1021 13.7031 1.76109 -0.161977 -0.328872 0.93038
1 28.2618 9.59861 1.61382 0.125287 -0.490361 -0.862467
1 22.7875 20.1279 1.60638 0.153865 0.509626 -0.846526
1 25.8204 18.0984 1.60612 -0.170695 0.120658 -0.977908
1 12.5256 31.1003 1.75751 0.308363 -0.604853 0.73421
1 11.2168 8.11447 1.60795 0.561082 -0.266409 -0.783718
1 2.66243 18.2634 1.74797 0.462327 0.125052 0.877847
1 22.1702 10.5586 1.60803 0.0702845 0.672803 -0.736476
1 9.4401 17.43 1.61129 0.169035 -0.0478796 -0.984446
1 20.3499 33.9623 1.75736 -0.0649362 0.477788 0.876072
1 24.672 29.471 1.75732 -0.352682 -0.0376704 0.934985
1 6.35958 22.2342 1.75921 -0.62132 0.546782 0.561241
1 34.5544 5.6997 1.60475 0.110054 0.161253 -0.980758
1 30.2134 21.5411 1.6117 0.402862 -0.538473 -0.740101
1 7.08112 4.54367 1.60972 -0.0952792 0.587833 -0.803352
1 8.68495 2.78795 1.6177 -0.298667 0.24357 -0.922752
1 34.3277 33.3641 1.75719 -0.649685 0.469054 0.598246
1 30.2095 1.0054 1.75619 -0.0477311 0.249474 0.967204
1 18.5316 12.7505 1.75557 -0.0442883 0.208829 0.976949
1 5.13587 25.8764 1.7619 0.286048 -0.40402 0.868875
1 13.3525 14.0751 1.7499 -0.254239 -0.753585 0.606194
1 1.66986 2.41161 1.63277 0.00305932 0.311455 -0.950256
1 25.5022 6.86925 1.61028 -0.300817 -0.0835502 -0.950015
1 10.2666 4.94028 1.60633 0.0479527 -0.0332722 -0.998295
1 29.7274 20.4724 1.6072 0.221014 -0.479402 -0.84931
1 12.3088 12.9185 1.59563 -0.0440604 -0.772825 -0.633088
1 2.67631 12.6902 1.75613 0.00508943 0.506768 0.862068
1 17.5333 22.1332 1.60787 -0.110746 -0.149082 -0.982604
1 14.9272 1.0505 1.74424 -0.380685 -0.251207 0.889929
1 16.4853 25.7543 1.62274 0.516608 0.027705 -0.855773
1 19.5963 13.1765 1.75633 -0.0965495 0.391146 0.91525
1 11.491 26.5757 1.75848 0.12692 0.525851 0.841054
1 24.8192 30.3932 1.74652 -0.524351 0.00709997 0.851473
1 22.3168 31.4467 1.74072 0.320573 0.767556 0.555059
1 16.4102 28.3007 1.74722 0.672634 -0.122654 0.72974
1 1.93538 30.4879 1.60389 0.128445 -0.740617 -0.659537
1 32.0674 2.77958 1.73882 -0.487517 0.455284 0.745012
1 7.73177 0.377243 1.6096 0.0564879 -0.41153 -0.909644
1 0.0392675 31.7901 1.6038 0.562157 -0.3385 -0.754585
1 27.0885 15.3266 1.62168 -0.649475 0.059671 -0.758038
1 9.84126 10.9549 1.60655 -0.467643 -0.293276 -0.833846
1 27.6152 20.6317 1.60778 0.266503 -0.133162 -0.954591
1 33.9055 4.00303 1.6055 -0.366208 0.0756141 -0.927456
1 1.21619 14.239 1.75675 -0.250455 0.239038 0.938154
1 12.1528 18.347 1.61127 0.218325 -0.507169 -0.833735
1 27.7054 0.945447 1.75888 -0.0227492 -0.0848467 0.996134
1 24.5951 16.6457 1.61492 -0.457996 0.279302 -0.843937
1 31.5953 1.90898 1.7569 -0.281212 0.433569 0.856118
1 4.64124 25.1225 1.6655 0.452486 -0.456147 0.766281
1 29.1613 21.5062 1.61056 0.38484 -0.372038 -0.844681
1 32.7806 29.8407 1.6063 0.274127 0.0369134 -0.960985
1 13.6879 33.9117 1.75296 -0.191309 -0.44982 0.872389
1 20.9813 8.87644 1.76247 0.31258 0.734841 0.601915
1 5.25486 17.7627 1.61098 0.458273 0.652794 -0.603196
1 2.19034 28.0647 1.76456 -0.176893 -0.811799 0.556499
1 12.4688 3.60159 1.61457 -0.200716 -0.475179 -0.85669
1 15.6705 34.1557 1.76116 -0.157612 -0.174343 0.971989
1 8.5844 9.40046 1.63846 -0.737082 0.00472336 -0.675787
1 17.537 23.8365 1.60882 0.181117 -0.146281 -0.972522
1 5.20025 23.9112 1.735 0.696434 -0.398541 0.596779
1 34.0084 17.3238 1.74592 0.715172 -0.271295 0.644149
1 12.0608 29.3019 1.75928 -0.372742 0.605406 0.70324
1 9.31553 4.64866 1.60751 0.0119933 0.151625 -0.988365
1 3.33264 21.8485 1.75885 -0.186702 0.257148 0.948165
1 9.01686 22.5238 1.7162 0.780798 0.187986 0.595832
1 25.7134 9.6927 1.60726 0.0845937 -0.0561882 -0.99483
1 12.4564 26.9216 1.74448 0.0643299 0.666697 0.742547
1 3.3827 7.76577 1.60767 0.460553 -0.334447 -0.822214
1 27.6561 23.3586 1.63964 0.717336 -0.110997 -0.687829
1 29.2153 19.5696 1.61017 0.0923537 -0.369013 -0.924824
1 29.6002 17.331 1.61281 -0.296838 -0.423482 -0.855891
1 32.2314 7.31248 1.6374 0.432037 0.331818 -0.838595
1 6.45832 12.7849 1.61001 -0.180305 0.324709 -0.928469
1 7.77345 3.51726 1.61025 -0.249287 0.434472 -0.8655
1 15.9827 20.728 1.60819 -0.328091 0.100932 -0.939239
1 4.75889 27.9822 1.75652 -0.113233 -0.415851 0.902356
1 29.2028 28.8705 1.61571 0.0257574 0.749733 -0.661239
1 33.3656 27.8431 1.60716 -0.0471502 -0.150626 -0.987466
1 23.3 22.2793 1.62753 0.537164 0.347065 -0.768765
1 2.38439 8.56447 1.60118 0.613111 -0.172618 -0.770907
1 14.8034 22.035 1.61006 -0.103848 0.293209 -0.950392
1 26.8394 29.4252 1.75504 -0.293856 0.343969 0.891815
1 16.7975 21.3894 1.60868 -0.238505 -0.0365484 -0.970453
1 22.7236 23.1351 1.77752 -0.753367 -0.248318 0.608914
1 25.9255 7.9225 1.60681 -0.164611 -0.131802 -0.977513
1 19.715 32.9687 1.75504 0.0604514 0.38336 0.921618
1 16.9226 31.6631 1.75987 0.179053 -0.0170241 0.983692
1 30.393 6.53353 1.60842 0.263034 0.647864 -0.714903
1 4.25277 28.8472 1.76161 -0.295746 -0.466791 0.833451
1 21.8659 0.0738683 1.74169 -0.211136 0.751828 0.624641
1 32.3934 33.8933 1.76051 0.228115 0.567096 0.791433
1 6.83886 26.0311 1.75804 0.226539 -0.170197 0.959017
1 28.6875 20.5935 1.60928 0.250729 -0.30097 -0.920083
1 26.871 1.54892 1.75892 -0.161221 -0.168791 0.972377
1 27.4071 9.11072 1.61106 0.0403163 -0.349864 -0.935933
1 0.504066 10.4382 1.75416 0.455871 0.107382 0.883544
1 31.5574 17.8903 1.61434 -0.30561 -0.662191 -0.684182
1 19.5991 24.1823 1.60698 0.189284 -0.485945 -0.853246
1 32.2582 8.3113 1.59669 0.715276 0.209533 -0.666691
1 16.0004 23.1157 1.60962 0.0519484 0.09315 -0.994296
1 15.7561 18.9474 1.63145 -0.582881 0.169078 -0.794772
1 5.40968 13.1031 1.60787 -0.266262 0.548828 -0.792396
1 15.7816 6.96957 1.75313 0.504251 -0.291541 0.812856
1 22.3283 33.0787 1.75545 -0.047252 0.819178 0.571589
1 18.0018 30.2487 1.75652 0.400244 0.11727 0.908874
1 2.2186 11.6554 1.7604 0.187235 0.394347 0.899685
1 32.3622 32.0966 1.60639 0.670862 0.229196 -0.705275
1 26.7455 2.59705 1.7553 -0.39812 -0.188738 0.897707
1 13.9789 29.5025 1.74915 0.448823 -0.474095 0.757491
1 4.45759 7.87282 1.61627 0.450728 -0.512982 -0.730544
1 28.5972 15.171 1.61719 -0.680238 -0.15263 -0.716924
1 1.75312 3.6804 1.64832 -0.156296 0.0184963 -0.987537
1 18.3494 16.4717 1.75412 -0.51127 0.141931 0.847619
1 31.1199 31.271 1.61913 0.568272 0.453172 -0.686805
1 32.6852 1.61016 1.74949 -0.280992 0.592914 0.75465
1 23.8902 5.93133 1.60973 -0.399213 0.171958 -0.900588
1 28.3151 26.6352 1.76838 0.163711 0.677519 0.717054
1 16.5514 4.70469 1.75704 -0.827318 -0.0548696 0.559048
1 2.94457 27.2943 1.74048 -0.0093457 -0.694228 0.719694
1 15.7801 8.23965 1.7574 0.359524 -0.282855 0.889233
1 10.1185 14.0078 1.60972 -0.103524 -0.231263 -0.967368
1 3.1588 11.6189 1.72665 0.158408 0.566171 0.808923
1 11.5124 25.3613 1.75404 0.3175 0.579025 0.750949
1 1.23134 7.22097 1.61406 0.410335 0.0316001 -0.911387
1 13.7236 7.74305 1.73589 0.444284 -0.667086 0.598003
1 27.0863 19.7334 1.60835 0.120915 -0.0446213 -0.99166
1 15.685 11.4876 1.75616 0.0195007 -0.23577 0.971613
1 4.41118 32.9822 1.61285 -0.393181 0.0209294 -0.919223
1 14.7122 11.2329 1.75604 -0.00466407 -0.393071 0.919496
1 29.2733 1.04022 1.75573 -0.0412579 0.110888 0.992976
1 32.3158 11.615 1.75645 0.213001 -0.283565 0.934998
1 9.97163 32.0886 1.59732 -0.782941 -0.316481 -0.535577
1 13.7071 30.7228 1.75674 0.301421 -0.46167 0.83427
1 19.8076 0.428373 1.75686 -0.197537 0.420295 0.885625
1 13.816 5.65415 1.61197 0.101095 -0.669381 -0.736008
1 21.5205 32.226 1.75487 0.130937 0.67931 0.722076
1 12.5707 10.64 1.75388 -0.160163 -0.765719 0.622915
1 13.6575 19.5728 1.70139 -0.363174 0.673434 -0.643887
1 4.27155 15.4792 1.62811 0.0888656 0.713445 -0.695054
1 13.7175 11.34 1.75298 -0.0320432 -0.54426 0.838304
1 3.16985 25.9963 1.75453 0.274369 -0.630689 0.725915
1 30.2691 31.8297 1.74649 0.681266 0.365688 0.634152
1 10.3501 16.9538 1.60978 0.134194 -0.207193 -0.969053
1 9.33015 0.779371 1.60979 -0.576014 0.198957 -0.792858
1 0.44276 34.3165 1.61578 -0.335184 0.650678 -0.681374
1 27.7908 7.39708 1.61473 -0.220534 -0.430542 -0.875213
1 30.6835 23.2111 1.60587 0.756407 -0.487252 -0.436387
1 29.1178 32.1212 1.7579 0.63333 0.124997 0.763721
1 6.83207 2.45822 1.61075 0.44639 -0.279091 -0.850203
1 11.9739 28.0516 1.74328 -0.13104 0.586529 0.799257
1 16.2377 17.6032 1.75282 -0.71356 -0.184649 0.675823
1 3.00033 13.8373 1.75383 -0.171478 0.533358 0.828326
1 15.9502 5.81169 1.75677 0.662843 -0.230119 0.71252
1 25.3828 8.74049 1.60688 -0.0533057 -0.0177114 -0.998421
1 1.06273 0.647359 1.60798 -0.191166 0.520755 -0.832027
1 24.9354 7.7121 1.60738 -0.18414 0.0325824 -0.98236
1 10.3358 31.2186 1.77789 -0.718126 0.250133 0.649406
1 8.41895 17.4158 1.60903 0.243624 0.100375 -0.964662
1 21.303 23.4758 1.61681 0.0219481 -0.778876 -0.626794
1 11.0488 20.774 1.60913 0.565801 -0.379832 -0.731844
1 8.0987 4.53145 1.60795 -0.0433678 0.393347 -0.918367
1 32.1758 25.2175 1.6127 -0.450936 0.056241 -0.890783
1 4.39966 3.76329 1.60582 -0.240371 -0.432337 -0.869084
1 17.5801 9.27133 1.76357 0.252431 0.0501385 0.966315
1 24.4212 8.58466 1.60724 -0.0716498 0.141972 -0.987274
1 24.6511 2.42042 1.7528 -0.271574 -0.453858 0.848682
1 15.4456 23.9733 1.60937 0.201265 0.177687 -0.963286
1 0.280363 13.8926 1.75985 -0.175211 0.0922523 0.980199
1 25.0849 28.6117 1.75978 -0.188413 0.0323579 0.981557
1 25.1528 14.1107 1.60712 0.740551 -0.0430262 -0.670621
1 23.7308 19.3244 1.61183 0.0230614 0.367067 -0.929908
1 14.6301 33.6138 1.75779 -0.114163 -0.310048 0.943842
1 27.563 11.8191 1.61581 0.369566 -0.375065 -0.850145
1 25.3829 11.4027 1.61269 0.329386 0.00307973 -0.94419
1 17.1179 20.5042 1.61102 -0.394938 -0.0817866 -0.91506
1 32.4455 24.2632 1.6122 -0.587481 -0.0589516 -0.807088
1 29.1001 3.56766 1.76073 -0.545736 0.0357946 0.837192
1 3.61356 12.7942 1.75664 -0.0293749 0.706264 0.707339
1 8.28045 28.1272 1.76073 -0.133909 0.0628002 0.989002
1 29.0176 33.0921 1.75896 0.458289 0.105975 0.882463
1 8.00425 32.9436 1.62409 -0.383721 -0.351964 -0.853744
1 2.13831 15.5858 1.71114 -0.515386 0.351139 0.781715
1 0.0474745 25.5137 1.60296 -0.433674 -0.48556 -0.759051
1 26.6562 11.4282 1.60601 0.329748 -0.215895 -0.919052
1 24.0721 25.1383 1.75711 0.452704 -0.16933 0.875435
1 2.63643 3.19311 1.62343 -0.266883 -0.114633 -0.956887
1 4.84602 26.9234 1.76056 0.0830005 -0.418518 0.904408
1 21.3264 14.9786 1.75557 -0.139602 0.623274 0.769442
1 23.1554 5.24708 1.61105 -0.46274 0.30127 -0.833732
1 2.3478 24.3883 1.76471 -0.654883 0.128272 0.744765
1 31.2313 14.0721 1.76157 -0.241697 -0.455274 0.856918
1 30.1347 9.23398 1.62501 0.091761 -0.780735 -0.618088
1 23.5578 4.17365 1.616 -0.642328 0.213886 -0.735981
1 19.4405 9.93831 1.76055 0.238537 0.40204 0.884005
1 14.837 0.0173401 1.76131 -0.245483 -0.283468 0.92703
1 31.8443 4.45122 1.60799 -0.282959 0.368145 -0.885666
1 10.4905 26.5345 1.76217 0.136356 0.370275 0.91886
1 3.31411 31.3582 1.74645 0.714776 -0.161595 0.680428
1 27.3389 22.3953 1.61688 0.561104 -0.0763601 -0.824216
1 9.21282 27.7863 1.76068 -0.0716369 0.182817 0.980534
1 34.2314 18.8875 1.75616 0.334269 -0.31872 0.886951
1 30.6107 0.0405717 1.75743 0.13135 0.319554 0.93842
1 0.746563 18.8491 1.75827 0.34101 -0.161997 0.925996
1 18.6346 26.1993 1.62014 0.575463 -0.311617 -0.756133
1 7.37512 28.6069 1.76091 -0.22411 -0.0527996 0.973133
1 28.2326 10.7661 1.62195 0.27472 -0.455167 -0.846966
1 14.6739 32.591 1.75793 0.0282444 -0.300969 0.953215
1 31.1947 15.1788 1.75406 -0.480898 -0.446307 0.754684
1 17.9431 21.217 1.60864 -0.26671 -0.205711 -0.941567
1 33.27 30.6867 1.61388 0.427333 -0.0170904 -0.903933
1 31.0765 25.2896 1.61151 -0.355279 0.297507 -0.886152
1 13.3706 3.36465 1.59986 -0.28545 -0.623374 -0.727959
1 21.3381 29.8002 1.75449 0.526682 0.683145 0.505885
1 22.9314 12.979 1.61038 0.52464 0.416606 -0.742423
1 25.4849 20.6446 1.60829 0.280088 0.133266 -0.950679
1 33.4203 32.6336 1.77129 -0.721614 0.0454782 0.6908
1 33.1002 28.8705 1.60692 0.120387 -0.0684623 -0.990363
1 10.1955 29.4842 1.75789 -0.36731 0.300212 0.880316
1 0.534946 22.1972 1.75765 -0.278848 -0.188739 0.941606
1 0.198165 7.55364 1.61603 0.538455 0.187392 -0.821554
1 0.667812 11.3889 1.76015 0.273685 0.135662 0.952204
1 31.5063 32.9072 1.76019 0.51437 0.476429 0.713049
1 17.762 17.8938 1.75888 -0.781456 -0.0231107 0.623532
1 18.1483 6.49522 1.75386 0.56022 0.175232 0.809597
1 3.9024 0.41172 1.60559 -0.0625698 0.106904 -0.992299
1 30.0918 25.8569 1.61134 -0.243895 0.529937 -0.812208
1 27.6872 2.17777 1.76088 -0.286992 -0.0807762 0.954521
1 23.8009 9.51807 1.60734 0.0516186 0.260015 -0.964224
1 28.7979 7.43165 1.61763 -0.21649 -0.598854 -0.771042
1 25.5721 26.0146 1.75975 0.298613 0.0855155 0.950535
1 25.2073 31.2763 1.73692 -0.70097 0.0386769 0.712141
1 16.9722 30.6562 1.7587 0.323298 -0.0191183 0.946104
1 2.55164 4.17943 1.61542 -0.106022 -0.143167 -0.984003
1 8.69055 10.3703 1.61468 -0.562951 -0.0882421 -0.821766
1 2.31423 22.0058 1.75957 -0.211861 0.0935041 0.972816
1 20.5173 7.25469 1.76909 0.422942 0.67361 0.60611
1 4.64741 18.4079 1.74674 0.477509 0.509615 0.715736
1 17.7776 13.3799 1.75958 -0.131596 0.076741 0.988329
1 21.1417 12.1299 1.74669 0.0476321 0.677636 0.733853
1 5.21949 9.49279 1.60671 -0.528668 0.48051 -0.699729
1 7.7838 10.9639 1.61176 -0.431388 0.0599911 -0.90017
1 15.0031 2.04413 1.74437 -0.49928 -0.268531 0.823778
1 0.409877 28.6824 1.61126 0.0407347 -0.465033 -0.884355
1 8.6372 1.75512 1.6346 -0.433898 0.371472 -0.820818
1 33.818 0.905505 1.75456 -0.163297 0.784672 0.598017
1 0.0506716 12.9706 1.75951 -0.0116302 0.056155 0.998354
1 32.747 10.0156 1.75163 0.554632 -0.21978 0.802546
1 2.15067 26.4135 1.76507 0.157316 -0.796425 0.583918
1 8.01173 33.9925 1.61519 -0.157656 -0.398571 -0.903485
1 25.6767 16.8615 1.6128 -0.396956 0.133989 -0.908005
1 1.00559 24.1623 1.75541 -0.610361 -0.0732756 0.788727
1 10.3636 28.4559 1.75669 -0.190031 0.337117 0.922085
1 7.71799 16.6178 1.61 0.171901 0.194756 -0.965671
1 27.4356 25.8329 1.7557 0.300382 0.45983 0.83566
1 15.7275 21.6971 1.60638 -0.164237 0.142891 -0.976017
1 23.422 26.0432 1.75784 0.285381 -0.289215 0.913735
1 26.8378 3.60192 1.75451 -0.615982 -0.236062 0.751559
1 19.9245 7.99443 1.73932 0.39687 0.508334 0.764258
1 5.66923 27.5052 1.75864 -0.0312479 -0.297584 0.954184
1 18.7377 13.7731 1.75874 -0.162049 0.232131 0.959091
1 7.38022 31.8843 1.60115 -0.69678 -0.314608 -0.644608
1 13.08 31.9911 1.75746 0.137649 -0.549236 0.824253
1 3.63039 2.91444 1.62324 -0.353011 -0.261958 -0.898199
1 10.51 0.946603 1.61076 -0.551043 -0.0409513 -0.833471
1 0.153481 19.6949 1.75675 0.177282 -0.253775 0.950878
1 17.1474 2.02432 1.7561 -0.456297 0.0377787 0.889025
1 3.13262 6.77177 1.61183 0.303954 -0.284345 -0.909263
1 9.47221 23.6133 1.75396 0.60764 0.239785 0.75715
1 15.1695 31.7198 1.76014 0.150155 -0.239716 0.959161
1 21.5459 28.3069 1.76174 -0.159296 -0.597062 0.78622
1 31.2942 11.8054 1.75536 0.17641 -0.445921 0.877516
1 34.503 26.5801 1.60771 -0.271888 -0.397475 -0.876408
1 10.7922 11.6558 1.61704 -0.301796 -0.474708 -0.826784
1 26.7343 32.1415 1.74135 0.639617 -0.209773 0.739517
1 10.6689 2.11756 1.61025 -0.409255 -0.10711 -0.906111
1 9.82301 12.0066 1.60769 -0.300293 -0.28656 -0.909784
1 11.5526 15.5259 1.62385 -0.0400424 -0.434392 -0.899833
1 27.7811 17.8875 1.60802 -0.180837 -0.15094 -0.971862
1 26.386 8.83929 1.60731 -0.0246404 -0.18115 -0.983147
1 16.8201 8.58829 1.76264 0.326827 -0.101842 0.939581
1 9.74733 30.4522 1.75488 -0.55078 0.22134 0.804767
1 27.108 24.7125 1.75357 0.503556 0.378573 0.776604
1 32.9732 4.62111 1.60488 -0.320323 0.259576 -0.911051
1 1.60784 25.1128 1.58979 0.765723 0.0315117 -0.642398
1 32.272 31.0884 1.61047 0.50849 0.206869 -0.835849
1 1.93515 23.5134 1.75328 -0.498308 0.0624833 0.864746
1 7.57089 13.8009 1.60806 -0.121926 0.145605 -0.981801
1 30.294 14.2963 1.7567 -0.263028 -0.59715 0.757779
1 19.0498 29.8799 1.75328 0.456516 0.27142 0.847304
1 24.7537 9.54688 1.6073 0.0583783 0.102494 -0.993019
1 20.2184 1.44259 1.749 -0.317684 0.484888 0.814838
1 10.3056 18.0279 1.60851 0.238777 -0.179978 -0.95425
1 1.6752 5.84539 1.6068 0.166866 -0.0684257 -0.983602
1 13.7684 2.47193 1.7619 -0.639956 -0.571337 0.513839
1 15.1339 25.7993 1.61293 0.527435 0.205374 -0.824399
1 9.80382 9.97428 1.65389 -0.638226 -0.251962 -0.727449
1 31.0721 7.67327 1.61044 0.461866 0.469099 -0.752745
1 34.2958 27.6698 1.60941 -0.0848657 -0.331869 -0.9395
1 27.5779 18.8812 1.60776 -0.0180177 -0.111527 -0.993598
1 7.51825 20.0129 1.61462 0.566393 0.353545 -0.74445
1 14.3236 14.881 1.7316 -0.265445 -0.529536 0.805686
1 29.1752 6.25262 1.62313 -0.413802 -0.695996 -0.58682
1 12.3158 0.795771 1.73353 -0.531929 -0.66827 0.520064
1 25.9844 14.8811 1.65919 -0.759379 0.251755 -0.599969
1 33.7485 9.30396 1.76079 0.68453 -0.0493731 0.72731
1 31.7742 12.7059 1.75937 0.0185182 -0.369153 0.929184
1 32.8403 19.4428 1.75609 0.228004 -0.581057 0.781272
1 28.9729 12.725 1.59502 0.486441 -0.696875 -0.52701
1 7.31238 23.957 1.74794 0.570179 -0.118109 0.812986
1 32.1297 29.097 1.60728 0.145061 0.141524 -0.979249
1 7.44238 27.6075 1.76012 -0.0457152 -0.0564799 0.997357
1 14.2458 4.45778 1.59869 -0.180328 -0.751429 -0.634693
1 17.1504 16.0427 1.75448 -0.484458 -0.0398606 0.873906
1 23.5755 21.3413 1.61134 0.368004 0.375805 -0.850496
1 33.3983 18.3488 1.76017 0.472296 -0.411052 0.779726
1 17.8054 33.1813 1.75995 0.00354488 0.109382 0.993993
1 23.759 29.9129 1.75894 -0.423411 -0.218841 0.879109
1 23.4494 27.8756 1.7585 -0.0604722 -0.270129 0.960923
1 6.31478 17.7179 1.63436 0.356211 0.486701 -0.797644
1 8.66654 5.39772 1.60796 0.123855 0.292166 -0.948314
1 1.40043 21.647 1.75986 -0.160826 -0.0536924 0.985521
1 17.4301 19.6206 1.60029 -0.55696 -0.111723 -0.822991
1 27.3163 10.503 1.60284 0.21321 -0.322062 -0.922398
1 19.3316 11.0009 1.75756 0.115334 0.373875 0.92028
1 25.7928 19.7644 1.60966 0.125683 0.0999232 -0.987025
1 2.27447 17.3512 1.75826 0.626115 0.103081 0.772887
1 13.0778 22.3826 1.61183 -0.0318592 0.576264 -0.816642
1 12.605 23.8686 1.7767 -0.303456 -0.653474 0.69346
1 15.0511 28.7061 1.75675 0.614648 -0.312473 0.724271
1 33.7128 19.8266 1.75714 0.152909 -0.428392 0.890561
1 8.05077 6.6303 1.60598 0.326468 0.36843 -0.870447
1 4.14875 4.81091 1.6091 -0.0433394 -0.421868 -0.905621
1 20.5214 2.68627 1.74656 -0.501942 0.492372 0.711072
1 10.7997 14.8086 1.61162 -0.0873834 -0.316234 -0.944648
1 24.6006 21.0685 1.6051 0.338711 0.242279 -0.909162
1 9.91975 21.7014 1.61487 0.769522 -0.0367586 -0.637562
1 4.95422 0.0973364 1.60707 -0.0537484 -0.0178523 -0.998395
1 33.6211 24.7298 1.61433 -0.586972 -0.309452 -0.748133
1 14.8126 30.8135 1.7608 0.286954 -0.291681 0.912458
1 26.5889 17.2914 1.60858 -0.284961 0.0223042 -0.95828
1 11.1652 18.8027 1.6119 0.312274 -0.333749 -0.889436
1 11.7672 19.5666 1.61794 0.388863 -0.482492 -0.784849
1 28.1643 4.17297 1.75791 -0.705712 -0.114997 0.699104
1 1.11851 4.42777 1.62037 -0.0399483 0.0304406 -0.998738
1 24.3193 15.6943 1.63075 -0.638981 0.320285 -0.699372
1 17.8095 28.3387 1.75602 0.682333 0.0497638 0.729346
1 24.5062 26.0096 1.75861 0.294158 -0.103622 0.950123
1 12.8023 5.72279 1.61164 0.168705 -0.5112 -0.842741
1 34.3419 30.82 1.61408 0.424544 -0.242181 -0.872416
1 9.88901 33.3912 1.61285 -0.289443 -0.64837 -0.704158
1 28.5946 16.8493 1.61722 -0.373849 -0.256569 -0.891296
1 30.7292 27.8395 1.60698 -0.0527942 0.392896 -0.918066
1 22.9473 7.75579 1.61948 -0.154624 0.393822 -0.906088
1 22.174 7.24058 1.62508 -0.154231 0.557772 -0.815539
1 7.92102 15.5864 1.60786 0.0611267 0.12819 -0.989864
1 24.9022 4.09526 1.61906 -0.715031 -0.0543447 -0.696978
1 2.58163 10.5795 1.74846 0.357614 0.461704 0.811752
1 11.0333 33.0061 1.58254 0.165925 -0.861377 -0.480103
1 17.0688 15.0337 1.7586 -0.340417 -0.0586358 0.938445
1 11.8885 33.8462 1.74746 -0.155564 -0.741119 0.653102
1 3.56292 17.6415 1.75331 0.577339 0.289047 0.763631
1 6.50058 28.0744 1.75993 -0.135574 -0.176793 0.974866
1 18.5193 4.68004 1.76339 -0.859016 0.153548 0.488379
1 10.5209 9.17861 1.60112 -0.879479 -0.117811 -0.461127
1 14.3852 12.3083 1.75315 -0.144841 -0.451876 0.880244
1 30.1868 28.9362 1.61609 0.108678 0.558982 -0.822027
1 22.4878 28.0836 1.75717 -0.10206 -0.442087 0.891147
1 10.5315 25.4551 1.76285 0.307041 0.416781 0.855582
1 4.68276 20.5928 1.75661 0.0784627 0.447943 0.890612
1 7.63215 8.46108 1.60498 0.815151 0.132405 -0.563913
1 27.9579 33.4897 1.75984 0.380048 -0.0462751 0.923808
1 9.84705 20.7587 1.61442 0.611281 -0.130876 -0.780517
1 26.0646 22.5159 1.61105 0.667059 0.10284 -0.737873
1 21.3672 33.6188 1.74966 -0.0620891 0.643794 0.762676
1 12.1769 17.1756 1.60768 0.0649627 -0.485125 -0.872029
1 1.26835 8.17841 1.61828 0.569744 0.00360528 -0.821814
1 17.7165 7.35322 1.76143 0.460037 0.0696406 0.885165
1 17.66 12.2488 1.7602 -0.0322662 0.0671499 0.997221
1 10.4122 7.5104 1.61054 0.476505 -0.0988249 -0.8736
1 7.36703 1.41571 1.62244 0.263319 -0.393933 -0.880613
1 16.9862 29.6755 1.7547 0.457456 -0.0318836 0.888661
1 31.1781 21.8029 1.60553 0.454075 -0.676822 -0.57942
1 31.6257 26.1619 1.60988 -0.281251 0.1261 -0.951313
1 4.34612 31.963 1.61943 -0.582692 -0.0124904 -0.812597
1 20.1403 28.4786 1.75058 0.626187 0.496634 0.601037
1 30.1482 32.8223 1.75532 0.507907 0.275798 0.816067
1 16.4875 22.2814 1.60806 -0.083589 0.0159991 -0.996372
1 26.8532 18.201 1.60762 -0.138261 -0.0195427 -0.990203
1 28.5639 18.7982 1.6084 -0.0391193 -0.257957 -0.965364
1 18.6536 23.8621 1.60864 0.166658 -0.319232 -0.932907
1 15.9411 26.6117 1.618 0.679597 0.0623092 -0.730935
1 8.14817 23.2008 1.75354 0.676303 0.0430084 0.735367
1 3.20697 32.4034 1.61369 -0.537589 0.181045 -0.823542
1 3.70572 19.8302 1.76157 0.196689 0.294191 0.935289
1 18.7514 27.7055 1.68299 0.753029 0.222346 0.619281
1 17.2771 27.4384 1.75672 0.830266 -0.0478337 0.555311
1 16.4793 10.7518 1.76083 0.100569 -0.124967 0.987051
1 33.4401 20.8852 1.76194 -0.0472118 -0.49814 0.86581
1 25.6967 33.0685 1.74144 0.492579 -0.330197 0.805193
1 16.1368 15.5284 1.75678 -0.407996 -0.220171 0.886039
1 23.1421 28.9848 1.75626 -0.253553 -0.318276 0.913461
1 33.3729 6.9226 1.6002 0.332399 0.234731 -0.913462
1 9.10072 29.7179 1.75837 -0.410176 0.149123 0.899732
1 29.1565 9.98092 1.62035 0.231491 -0.636622 -0.735611
1 34.2507 11.0911 1.7561 0.343929 -0.0253665 0.938653
1 1.526 22.63 1.75568 -0.342115 -0.0165385 0.939513
1 19.2439 23.0059 1.60844 0.00990915 -0.420153 -0.907399
1 30.2212 19.2991 1.6096 0.0517978 -0.530776 -0.845928
1 14.4918 10.0501 1.75953 0.106396 -0.489421 0.865533
1 1.72591 12.5187 1.7526 0.051116 0.324814 0.944395
1 14.1374 15.9987 1.74188 -0.40876 -0.616469 0.672964
1 22.2258 29.2995 1.75392 -0.307143 -0.478911 0.822379
1 29.7258 10.9026 1.6234 0.337837 -0.784922 -0.519387
1 22.5161 11.828 1.60854 0.303054 0.542314 -0.783616
1 9.60965 25.7912 1.7617 0.264116 0.252274 0.930914
1 1.86545 19.7928 1.75892 0.181001 -0.0107743 0.983424
1 6.78793 16.8722 1.60591 0.231523 0.342128 -0.910684
1 8.87956 11.3544 1.60897 -0.404191 -0.126095 -0.905941
1 17.0087 18.7275 1.6228 -0.721687 -0.0717885 -0.688487
1 34.2161 22.7321 1.75557 -0.39494 -0.337714 0.854384
1 9.66276 5.66257 1.60731 0.170397 0.0862647 -0.981592
1 4.15419 34.0605 1.60592 -0.218744 0.0770276 -0.972737
1 18.7681 0.427391 1.75745 -0.213101 0.264481 0.940552
1 19.2351 15.745 1.75489 -0.389208 0.291198 0.873911
1 29.8284 7.75279 1.62307 -0.200602 -0.755499 -0.623682
1 3.18465 15.0067 1.75352 -0.348435 0.607511 0.713809
1 26.9976 34.0358 1.75553 0.274469 -0.172865 0.94593
1 0.895036 17.1181 1.74212 0.702566 -0.0667143 0.708485
1 3.17665 4.9408 1.60955 0.00280765 -0.263711 -0.964598
1 25.4076 0.274554 1.74952 0.12737 -0.323274 0.937695
1 33.4511 16.4459 1.7463 -0.708601 0.0181052 0.705377
1 12.4616 2.41703 1.60798 -0.403687 -0.487603 -0.774132
1 17.2808 5.65715 1.74463 0.701355 0.014685 0.71266
1 18.9671 17.3071 1.75654 -0.643096 0.175507 0.745403
1 7.80512 25.6468 1.75795 0.286985 -0.0349675 0.957297
1 14.0988 13.3974 1.74576 -0.259138 -0.557901 0.788412
1 9.52535 8.23111 1.61947 0.653834 0.012373 -0.756537
1 34.4525 12.0203 1.75914 0.165417 0.0142042 0.986121
1 0.66611 23.2076 1.75262 -0.460969 -0.148435 0.874914
1 17.7185 0.341762 1.75894 -0.220442 0.109816 0.969198
1 5.41471 32.6466 1.61296 -0.449177 -0.130707 -0.88383
1 33.809 29.7722 1.60885 0.265803 -0.15846 -0.950915
1 24.7187 22.0636 1.61742 0.518841 0.236974 -0.821369
1 19.0538 28.8116 1.74802 0.600708 0.285976 0.74657
1 22.399 3.44141 1.76742 -0.827916 0.124053 0.54696
1 6.45637 29.0929 1.75918 -0.329368 -0.160174 0.930517
1 19.3601 19.9596 1.61134 -0.476217 -0.399786 -0.783191
1 1.33815 28.328 1.61062 -0.044583 -0.667491 -0.743282
1 11.6273 14.3153 1.62335 -0.191948 -0.454137 -0.870009
1 10.657 3.13216 1.61189 -0.245232 -0.136938 -0.959744
1 2.66586 1.73901 1.76594 -0.0615039 -0.231467 0.970897
1 23.0697 6.61849 1.61009 -0.279914 0.342477 -0.89686
1 15.9112 30.2268 1.75664 0.378197 -0.168318 0.910295
1 33.0841 15.397 1.75821 -0.479041 -0.139884 0.866575
1 25.5979 13.1606 1.61257 0.590773 -0.0689211 -0.803889
1 11.0963 27.6358 1.75813 -0.0514032 0.461793 0.885497
1 15.7661 9.36134 1.75544 0.238775 -0.260796 0.935399
1 26.516 7.17862 1.60933 -0.267123 -0.24617 -0.931689
1 2.71115 21.1304 1.76067 -0.0540504 0.137029 0.989091
1 6.96645 34.2921 1.60855 -0.0754651 -0.273497 -0.958908
1 32.5107 20.7046 1.7624 0.00923554 -0.678373 0.734659
1 0.202519 29.8139 1.6111 0.235331 -0.352465 -0.905752
1 6.23134 15.0648 1.60915 -0.00638054 0.38558 -0.922652
1 30.3624 24.6139 1.61052 -0.427885 0.438911 -0.790109
1 34.57 8.47669 1.61082 0.786417 0.128434 -0.604196
1 16.9116 1.03037 1.75786 -0.327724 0.00457378 0.944763
1 26.0041 30.2528 1.7427 -0.499316 0.222493 0.837365
1 29.6623 30.1708 1.61397 0.314712 0.602397 -0.733536
1 6.78667 5.87054 1.61833 0.0975264 0.70912 -0.69831
1 18.335 20.2883 1.60983 -0.42192 -0.243206 -0.873404
1 15.5436 33.1197 1.7607 -0.0223488 -0.18612 0.982273
1 24.4398 22.9837 1.6194 0.687401 0.182924 -0.702865
1 16.6453 7.56837 1.75701 0.435742 -0.116974 0.892438
1 5.24072 15.2916 1.61081 0.0458202 0.549732 -0.834083
1 18.4964 10.296 1.75451 0.163287 0.217558 0.962292
1 24.9299 17.6235 1.61122 -0.2697 0.223073 -0.93675
1 32.3273 22.0737 1.76375 -0.209223 -0.692984 0.689927
1 0.904701 32.2325 1.77334 -0.484717 0.614875 0.622076
1 2.80757 19.2348 1.75841 0.290694 0.149185 0.945114
1 23.3064 11.2531 1.60987 0.270521 0.373584 -0.887273
1 3.08903 34.3803 1.60699 -0.225315 0.205073 -0.952459
1 14.828 7.78132 1.75569 0.397892 -0.478743 0.782616
1 15.3977 12.5359 1.75894 -0.0641734 -0.287089 0.955752
1 16.922 6.57763 1.75801 0.571977 -0.0624311 0.81789
1 19.7348 22.0702 1.61391 -0.150212 -0.509487 -0.847266
1 6.72127 0.640511 1.60861 0.114827 -0.255239 -0.960035
1 0.551793 21.1635 1.76093 -0.0875734 -0.195508 0.976784
1 6.94974 15.8357 1.60814 0.0923083 0.285718 -0.953858
1 3.69432 18.7495 1.75768 0.39572 0.312693 0.863498
1 33.4508 11.7653 1.7599 0.209521 -0.133351 0.968668
1 6.60143 13.9209 1.61033 -0.114006 0.306665 -0.944965
1 26.5883 13.7049 1.61576 0.689476 -0.261259 -0.675549
1 8.67382 16.3784 1.608 0.14271 0.0345329 -0.989162
1 18.4081 19.0828 1.60834 -0.670277 -0.277581 -0.688243
1 14.8282 24.8029 1.6083 0.349791 0.263108 -0.899122
1 17.0499 23.0382 1.60772 0.0461598 -0.0718894 -0.996344
1 19.3408 18.2379 1.74532 -0.794451 0.135568 0.592005
1 5.12812 4.60682 1.61178 -0.0852361 -0.576707 -0.812492
1 3.43264 33.3878 1.60776 -0.356588 0.181065 -0.916548
1 27.8184 34.509 1.7554 0.178499 -0.0723508 0.981276
1 6.64075 20.6485 1.58905 -0.34962 -0.755684 -0.553812
1 3.98573 29.9003 1.74836 -0.508379 -0.465714 0.724335
1 22.6453 9.17229 1.62155 -0.0464588 0.502139 -0.863538
1 24.907 26.9004 1.75998 0.130603 -0.024183 0.99114
1 31.3393 23.9209 1.60908 -0.54769 0.213709 -0.808928
1 26.0307 1.00748 1.75955 -0.0463737 -0.270857 0.961502
1 0.2824 14.831 1.75137 -0.33162 0.105541 0.937491
1 21.2489 1.49539 1.74922 -0.34131 0.638465 0.689833
1 34.3618 20.6195 1.75518 0.00388935 -0.328263 0.944578
1 5.52609 31.5936 1.61659 -0.711301 -0.175705 -0.680573
1 3.72826 1.4055 1.62088 0.110909 0.136651 -0.984391
1 14.1072 31.7128 1.75683 0.155539 -0.395454 0.90522
1 33.3077 7.85221 1.63624 0.516733 0.165988 -0.839902
1 14.066 22.727 1.60867 0.02328 0.415194 -0.909435
1 1.81159 20.7615 1.76035 0.00216131 -0.00858702 0.999961
1 18.0254 1.30442 1.75698 -0.339495 0.159375 0.927007
1 32.7317 12.4784 1.75836 0.0623084 -0.224215 0.972546
1 12.1281 6.88186 1.61365 0.374294 -0.405798 -0.833806
1 28.0696 21.5425 1.60887 0.4077 -0.198225 -0.89134
1 32.2956 5.37818 1.6107 -0.0599416 0.299455 -0.952226
1 16.4984 23.9737 1.60808 0.199201 0.0143999 -0.979853
1 20.6013 4.68519 1.59109 -0.149365 0.8696 -0.470623
1 8.32118 29.0876 1.75538 -0.293839 0.0714848 0.953178
1 12.9779 28.0217 1.75454 -0.245874 0.716497 0.652823
1 30.7161 20.3133 1.60844 0.19588 -0.648704 -0.735401
1 11.0095 30.1413 1.75516 -0.502486 0.410656 0.760835
1 25.0093 1.38096 1.7565 -0.0735158 -0.394781 0.915829
1 20.567 31.674 1.74534 0.23148 0.510934 0.827867
1 0.602769 27.4763 1.61379 -0.119067 -0.496581 -0.859785
1 0.834819 1.89558 1.61203 -0.0581018 0.505219 -0.861033
1 5.96347 34.4707 1.60853 -0.0521654 -0.146193 -0.98788
1 16.9891 13.957 1.75935 -0.206725 -0.0653007 0.976218
1 16.9655 24.85 1.60872 0.346785 -0.0522705 -0.936487
1 17.7193 25.5988 1.61835 0.494791 -0.153767 -0.8553
1 8.45463 27.1497 1.75935 0.0332702 0.0687643 0.997078
1 0.0905709 4.67146 1.60161 -0.0885864 0.101793 -0.990853
1 16.0656 13.3972 1.75851 -0.13987 -0.210348 0.967569
1 1.77873 1.34316 1.60819 -0.116102 0.35038 -0.929384
1 26.0852 10.6386 1.60762 0.225815 -0.109712 -0.967973
1 9.69356 1.71495 1.60655 -0.429824 0.135078 -0.892751
1 17.6104 3.97156 1.75367 -0.704162 0.104113 0.702365
1 31.5779 27.2165 1.60917 -0.130244 0.176078 -0.975722
1 2.10338 0.274591 1.60872 -0.248634 0.347629 -0.904066
1 2.10584 6.67629 1.61297 0.304022 -0.112935 -0.945947
1 16.6274 0.0430001 1.7602 -0.19859 -0.0409711 0.979226
1 1.06023 13.2693 1.75818 -0.0702874 0.209763 0.975223
1 9.47908 13.2004 1.60732 -0.182964 -0.183874 -0.965771
1 9.78704 3.73613 1.60892 -0.128863 0.0424895 -0.990752
1 33.7979 5.09715 1.59608 -0.0897742 0.221793 -0.970952
1 7.47978 12.7726 1.60757 -0.203991 0.14398 -0.968327
1 25.7944 12.2268 1.76683 -0.43965 0.0926448 0.893378
1 10.1482 19.0585 1.61093 0.36292 -0.156844 -0.918526
1 25.9195 24.3748 1.75113 0.606844 0.153118 0.779933
1 33.9968 10.1901 1.75082 0.517049 -0.0594641 0.853888
1 31.151 29.2229 1.60923 0.150882 0.35448 -0.92281
1 24.4478 0.515866 1.7591 0.107441 -0.463987 0.879302
1 28.841 34.0705 1.75921 0.26753 0.0674048 0.961189
1 27.8572 3.16971 1.75901 -0.495906 -0.0915413 0.863538
1 26.89 33.089 1.75369 0.46182 -0.181716 0.86816
1 14.9034 8.93425 1.75756 0.244621 -0.427204 0.870435
1 29.5371 1.93313 1.75465 -0.208782 0.132832 0.968899
1 13.4856 10.0837 1.76165 0.0856279 -0.648796 0.75613
1 9.36882 28.7531 1.75657 -0.234824 0.191479 0.952992
1 17.3629 34.0332 1.76033 -0.101204 0.0507901 0.993568
1 32.3867 9.15054 1.76925 0.745178 -0.207432 0.633783
1 34.3643 6.62746 1.60687 0.300986 0.135727 -0.94392
1 12.0431 32.3613 1.75279 0.0698542 -0.703559 0.707195
1 6.12621 25.3834 1.76144 0.348069 -0.265897 0.89897
1 34.2084 15.6214 1.75205 -0.50325 0.0503284 0.862674
1 31.4242 16.5848 1.61731 -0.588202 -0.618725 -0.520766
1 12.2243 20.4815 1.61868 0.45176 -0.624118 -0.637487
1 30.9174 33.6679 1.7538 0.323639 0.389232 0.862413
1 21.2689 26.2847 1.59685 -0.226641 0.658456 -0.717684
1 18.6304 3.25216 1.75444 -0.572715 0.228266 0.787332
1 24.4712 27.7847 1.75999 -0.0375856 -0.0882943 0.995385
1 6.4664 9.4779 1.60982 -0.625686 0.249473 -0.739107
1 0.188371 17.9864 1.74557 0.526054 -0.221371 0.821134
1 5.24767 30.5452 1.74762 -0.708983 -0.225069 0.668346
1 9.00062 6.35497 1.60953 0.294229 0.193588 -0.935924
1 20.2954 9.56402 1.73553 0.278793 0.576252 0.76825
1 20.6557 32.8259 1.75581 0.0694569 0.518722 0.852117
1 21.1296 16.2504 1.75769 -0.393023 0.566368 0.724403
1 29.8454 2.82837 1.75592 -0.38088 0.146852 0.912888
1 19.3542 34.0403 1.75738 -0.0781305 0.336757 0.938345
1 5.62896 21.0301 1.76168 0.01745 0.615129 0.788233
1 11.1824 28.9434 1.75162 -0.280243 0.471939 0.835905
1 11.5681 2.77052 1.6113 -0.323282 -0.319429 -0.89076
1 24.3434 13.2215 1.62317 0.591335 0.161661 -0.790056
1 33.2986 21.9845 1.76033 -0.258676 -0.511105 0.81967
1 15.1415 3.06032 1.75341 -0.606456 -0.295449 0.738188
1 22.8493 0.518705 1.76523 0.117742 -0.702439 0.701938
1 24.3253 4.98432 1.614 -0.562794 0.0636243 -0.824145
1 23.7895 20.3544 1.61184 0.196606 0.351011 -0.915498
1 12.4355 16.0444 1.61981 -0.0790867 -0.600553 -0.795664
1 26.6719 9.80193 1.6081 0.116033 -0.210411 -0.970703
1 1.19008 15.2216 1.75176 -0.443722 0.212603 0.870581
1 5.14962 11.6526 1.63785 -0.269721 0.531516 -0.802958
1 19.487 2.40878 1.75024 -0.447076 0.355948 0.820624
1 27.5475 16.9098 1.61297 -0.335743 -0.113139 -0.935134
1 0.825922 30.7788 1.61552 0.358668 -0.482705 -0.79897
1 15.1427 19.9232 1.60878 -0.420294 0.250841 -0.872027
1 34.3662 23.8102 1.7555 -0.595374 -0.301795 0.744614
1 12.5689 25.6017 1.7274 0.332112 0.734416 0.59189
1 5.22369 29.5018 1.75741 -0.461238 -0.299024 0.835371
1 22.2404 5.98726 1.61765 -0.31458 0.494692 -0.810136
1 27.7724 12.9834 1.62296 0.510147 -0.474821 -0.717143
1 16.4649 33.5873 1.76072 -0.063836 -0.0679123 0.995647
1 11.2854 17.7274 1.6129 0.176669 -0.336685 -0.924895
1 28.735 2.58761 1.76036 -0.346652 0.0211468 0.937755
1 30.5061 18.0547 1.6134 -0.166836 -0.550322 -0.818115
1 4.07228 26.3219 1.74547 0.196457 -0.538171 0.81962
1 13.9522 0.385523 1.74762 -0.350256 -0.403641 0.845219
1 25.6938 2.96957 1.75581 -0.449351 -0.332426 0.829203
1 29.6166 0.132849 1.75917 0.130484 0.171152 0.976566
1 18.6199 5.6508 1.75631 0.65969 0.253464 0.707506
1 32.1016 0.819622 1.75477 -0.0952551 0.52313 0.846913
1 12.7827 19.2789 1.77794 -0.279103 0.680723 0.677287
1 12.7639 29.8307 1.70807 0.519373 -0.639085 0.567294
1 2.92347 0.802486 1.606 -0.0810437 0.238817 -0.967677
1 19.3534 8.74021 1.74098 0.343562 0.362567 0.86632
1 23.8974 26.9249 1.75942 0.119684 -0.203176 0.9718
1 6.31008 30.0503 1.75157 -0.535523 -0.120769 0.835841
1 8.34596 18.4362 1.60978 0.351975 0.154611 -0.923151
1 33.471 31.6333 1.61005 0.583422 -0.0417153 -0.811097
1 32.8178 3.71502 1.58359 -0.570003 0.221729 -0.791159
1 22.8631 27.0159 1.75838 0.0927161 -0.379527 0.920523
1 19.9268 30.6851 1.75153 0.345403 0.391406 0.852935
1 23.078 10.1818 1.60799 0.116316 0.429234 -0.895673
1 18.6309 22.0734 1.60834 -0.129644 -0.321352 -0.938044
1 5.98346 16.1524 1.60663 0.14643 0.44513 -0.883413
1 6.37924 1.60643 1.60819 0.289669 -0.188967 -0.938287
1 28.4817 1.595 1.76111 -0.150617 0.003887 0.988584
1 18.826 25.0648 1.60781 0.369496 -0.36154 -0.856015
1 22.0444 24.6988 1.7571 0.484671 -0.564968 0.667761
1 13.2297 4.58326 1.61209 -0.0584361 -0.584705 -0.809139
1 22.3461 26.1068 1.76151 0.254649 -0.460598 0.850296
1 29.8872 33.8008 1.7602 0.313648 0.227061 0.921992
1 26.9398 21.4699 1.60972 0.413786 -0.0352135 -0.909693
1 22.0593 22.1754 1.61677 0.563076 0.497167 -0.660129
1 8.49883 24.1926 1.7534 0.520333 0.0701275 0.851079
1 26.655 26.3905 1.75748 0.227612 0.300348 0.926274
1 22.0276 2.15964 1.73046 0.143502 -0.809035 0.569974
1 17.3808 11.2647 1.75948 0.0534224 0.0299697 0.998122
1 18.0954 15.4851 1.75875 -0.384405 0.106162 0.91704
1 33.889 14.6836 1.75854 -0.318712 -0.0375206 0.947109
1 23.9447 1.51454 1.74404 -0.0725256 -0.534614 0.841978
1 25.8497 1.98659 1.75647 -0.245614 -0.292243 0.924266
1 28.5497 22.4961 1.61566 0.551919 -0.265412 -0.790533
1 12.2612 4.73645 1.60993 0.00474904 -0.422222 -0.90648
1 5.84472 5.53724 1.61542 0.0328653 -0.769098 -0.638286
1 8.03136 11.912 1.60993 -0.296624 0.0318757 -0.954462
1 3.31896 8.93111 1.78657 -0.653419 0.335935 0.678374
1 16.5977 11.8725 1.75986 -0.017745 -0.104918 0.994323
1 18.3601 34.0809 1.75892 -0.0978664 0.196196 0.975669
1 5.17719 22.1221 1.75482 -0.272346 0.498953 0.822723
1 20.2569 23.242 1.6088 0.00268713 -0.600287 -0.79978
1 22.7809 16.0076 1.77139 0.626187 -0.479962 0.614432
1 0.427011 9.50048 1.75289 0.632803 0.10514 0.767141
1 18.1276 22.9758 1.60818 0.0275465 -0.240102 -0.970357
1 10.6593 19.8795 1.61232 0.466404 -0.270445 -0.842216
1 23.4781 14.9035 1.59539 0.875433 -0.0120748 -0.483188
1 8.89248 15.3425 1.60775 0.026941 -0.0233744 -0.999364
1 4.69181 1.03755 1.6039 0.112395 0.0280679 -0.993267
1 24.0642 28.6841 1.75965 -0.204408 -0.149003 0.967479
1 14.7862 6.58034 1.75088 0.558806 -0.476344 0.678847
1 28.11 6.28535 1.61338 -0.42439 -0.515283 -0.744565
1 9.61973 24.6891 1.7569 0.440507 0.266645 0.857236
1 0.108102 1.09836 1.63055 -0.126089 0.695712 -0.707168
1 22.8783 30.3504 1.74511 -0.474222 -0.41071 0.778737
1 11.5445 1.55726 1.61392 -0.508629 -0.291927 -0.809985
1 20.4119 17.3815 1.7571 -0.620582 0.390985 0.679713
1 18.8161 7.60902 1.75708 0.429441 0.278215 0.859172
1 26.5364 31.0195 1.75626 -0.659284 0.266613 0.703038
1 13.6907 1.33014 1.73071 -0.515137 -0.439291 0.735974
1 2.29233 7.60314 1.61174 0.454506 -0.151536 -0.877759
1 33.2026 23.1101 1.7572 -0.474044 -0.504952 0.721323
1 10.5183 23.1365 1.73846 0.667746 0.400865 0.627234
1 31.6652 20.2581 1.62525 0.186874 -0.809203 -0.557018
1 29.9751 15.5269 1.62341 -0.648199 -0.45741 -0.608781
1 29.321 25.2204 1.59914 -0.308817 0.673603 -0.671485
1 8.13543 30.2833 1.75208 -0.585325 0.0455484 0.809518
1 19.1254 1.42003 1.75615 -0.329579 0.319145 0.888552
1 25.9875 33.9852 1.76172 0.309909 -0.288874 0.905819
1 18.9243 14.7828 1.75823 -0.279368 0.244756 0.928465
1 13.908 25.7339 1.61472 0.523603 0.424951 -0.738415
1 25.571 15.9078 1.62529 -0.577602 0.140143 -0.804199
1 0.961202 20.2365 1.76072 0.0799953 -0.145644 0.986098
1 22.3316 18.972 1.61217 -0.0337275 0.59523 -0.802848
1 2.69577 5.82819 1.60874 0.153032 -0.209808 -0.965692
1 26.3495 19.0031 1.60966 -0.0094029 0.0409344 -0.999118
1 1.20196 29.5919 1.60973 0.154341 -0.535961 -0.830015
1 29.7273 13.1879 1.76491 -0.00420316 -0.711383 0.702792
1 13.7475 24.6326 1.60557 0.3437 0.429658 -0.835023
1 23.8878 17.5527 1.6135 -0.293802 0.372404 -0.880338
1 18.7629 33.0762 1.75824 0.0359522 0.247367 0.968255
1 11.3708 12.709 1.61579 -0.103298 -0.599381 -0.793771
1 30.6959 30.122 1.61204 0.324486 0.428117 -0.84346
1 0.786206 12.3313 1.75836 0.10261 0.166437 0.980699
1 2.78843 22.8247 1.75648 -0.357945 0.178014 0.916617
1 21.2635 20.9735 1.61647 0.358694 0.694573 -0.623624
1 3.22918 28.6309 1.75205 -0.263228 -0.641433 0.720607
1 17.9844 24.6447 1.60557 0.313106 -0.211695 -0.925824
1 11.389 21.6997 1.59455 0.682031 -0.440536 -0.583748
1 9.12904 14.2181 1.60717 -0.084165 -0.0796703 -0.993262
1 17.4991 10.2805 1.76105 0.148292 0.0505115 0.987653
1 5.75147 10.502 1.61552 -0.433224 0.441064 -0.785989
1 6.14533 24.3748 1.72892 0.51326 -0.328855 0.792729
1 23.1372 33.7395 1.76307 0.350684 -0.658273 0.666106
1 32.4225 6.37421 1.60262 0.190136 0.35131 -0.916749
1 29.82 27.7379 1.64239 -0.113498 0.56439 -0.817669
1 2.41495 33.2697 1.61297 -0.413149 0.343667 -0.843327
1 4.75675 5.74612 1.61111 0.105765 -0.545441 -0.831449
1 24.2964 33.2616 1.75302 0.472516 -0.44258 0.762136
1 4.18451 6.80794 1.61224 0.291408 -0.457225 -0.840254
1 8.95383 33.7056 1.60518 -0.232667 -0.518682 -0.8227
1 31.6067 34.5085 1.75153 0.103674 0.457384 0.883205
1 3.73136 5.83208 1.60928 0.139317 -0.375266 -0.916388
1 5.08288 16.4733 1.61118 0.252355 0.56656 -0.784428
1 4.63482 23.1637 1.7173 -0.544106 0.411219 0.731333
1 2.78952 20.1929 1.75962 0.11656 0.139772 0.983299
1 19.0564 21.1299 1.61223 -0.28595 -0.381751 -0.878919
1 15.4664 10.4402 1.75676 0.136432 -0.292604 0.946451
1 1.51967 10.8611 1.75473 0.341278 0.272036 0.899736
1 26.0153 23.4415 1.65353 0.836732 0.0964366 -0.539054
1 26.847 0.409075 1.75937 0.088039 -0.194606 0.976922
1 8.6506 26.1767 1.75903 0.196801 0.0903214 0.976274
1 12.788 33.2385 1.75654 -0.084415 -0.594783 0.799442
1 20.8494 0.347295 1.74759 -0.174794 0.588893 0.789083
1 21.3043 6.89194 1.59097 -0.0344069 0.758403 -0.650877
1 33.1168 10.8773 1.75662 0.380723 -0.184471 0.906102
1 18.6949 31.9855 1.76065 0.155581 0.244017 0.95721
1 0.845725 5.34885 1.60762 0.0845099 0.0390605 -0.995657
1 1.81811 18.855 1.75528 0.342782 -0.00935386 0.939368
1 21.1552 30.9231 1.75204 0.394554 0.574669 0.716996
1 23.2045 18.4226 1.6055 -0.126077 0.461081 -0.878356
1 7.21924 7.15041 1.60619 0.358399 0.535763 -0.764532
1 8.4579 13.3302 1.60715 -0.168531 -0.00820911 -0.985662
1 3.31409 23.6384 1.7592 -0.513739 0.253524 0.819633
1 23.0508 1.8896 1.76397 -0.123447 -0.65386 0.746477
1 28.2061 8.44215 1.61509 -0.0536849 -0.485739 -0.872454
1 23.3897 24.1079 1.76863 0.697706 -0.279539 0.659594
1 23.8031 34.4229 1.75296 0.250016 -0.555373 0.793129
1 26.6863 16.2774 1.61615 -0.465378 0.00365704 -0.885105
1 10.0731 6.57335 1.61007 0.325233 -0.00830355 -0.945597
1 3.86786 27.5571 1.75352 -0.0369082 -0.562602 0.825904
1 31.7847 30.1148 1.60632 0.314777 0.233411 -0.920019
1 8.34452 7.67157 1.62744 0.533165 0.287264 -0.795748
1 6.11967 33.482 1.61035 -0.244891 -0.170817 -0.954385
1 29.6677 22.7571 1.61627 0.622369 -0.432018 -0.6527
1 14.1482 20.4991 1.63225 -0.34964 0.440752 -0.826734
1 11.3071 16.6204 1.61481 0.0670536 -0.352201 -0.933519
1 18.0316 29.2768 1.74904 0.54563 0.102624 0.831719
1 16.6723 9.70191 1.75959 0.19984 -0.111207 0.973497
1 24.6625 24.2466 1.75544 0.626002 -0.0656931 0.77705
1 17.3567 3.01634 1.75441 -0.583524 0.0631954 0.809634
1 30.8146 13.0284 1.76007 -0.0316876 -0.519173 0.854081
1 14.939 17.1123 1.75319 -0.579031 -0.407374 0.706236
1 28.1101 31.4619 1.74959 0.740967 -0.118102 0.661075
1 16.3066 3.68252 1.74959 -0.686928 -0.110164 0.718327
1 20.564 24.5233 1.61782 0.202694 -0.64151 -0.739851
1 5.64551 14.1906 1.61247 -0.123193 0.471559 -0.873187
1 14.9396 29.791 1.74201 0.432006 -0.318578 0.843729
1 24.711 19.8971 1.60779 0.127111 0.241329 -0.962083
1 23.533 32.6241 1.57692 -0.566525 0.527775 -0.632852
1 19.3399 6.72384 1.75395 0.506665 0.414578 0.75592
1 27.6593 14.3916 1.61261 -0.818259 0.0651986 -0.57114
1 13.9907 28.2895 1.75171 0.604966 -0.542083 0.583235
1 5.2636 6.77956 1.61299 0.256892 -0.63542 -0.728181
1 14.6126 26.7752 1.60123 0.709903 0.244912 -0.660345
1 7.47628 18.8931 1.61481 0.406398 0.344668 -0.846194
1 2.75568 29.6516 1.76384 -0.463721 -0.682766 0.564619
1 24.3376 11.4853 1.60834 0.319364 0.180499 -0.930283
1 20.6807 19.5557 1.60587 0.0872726 0.811631 -0.577614
1 9.35845 18.4729 1.61173 0.302083 -0.01227 -0.953203
1 13.7311 32.81 1.7574 -0.0109913 -0.446997 0.894468
1 14.6172 18.8614 1.60344 -0.463656 0.435621 -0.771529
1 0.785225 6.33593 1.60528 0.248553 0.0450423 -0.96757
1 29.1661 8.69811 1.61476 -0.00749165 -0.64229 -0.766425
