1 16.3591 33.4628 1.75954 -0.0868842 -0.0882253 0.992304
1 30.183 15.479 1.61756 -0.573214 -0.307726 -0.759428
1 19.9833 8.21621 1.74565 0.343776 0.514346 0.785663
1 25.5737 19.5359 1.60783 0.0764315 0.173982 -0.981778
1 5.89944 29.7733 1.75713 -0.410675 -0.193105 0.891098
1 17.8364 5.2821 1.76172 0.716488 0.0684187 0.694237
1 17.0112 19.845 1.61298 -0.500804 -0.173999 -0.847891
1 28.0916 20.9377 1.60659 0.327493 -0.112464 -0.938137
1 6.15297 3.49446 1.6166 0.0905369 0.303687 -0.94846
1 1.75333 9.30909 1.75025 0.517514 0.220415 0.826799
1 20.7104 13.8777 1.74999 -0.0895481 0.653943 0.751225
1 3.19594 12.0339 1.75212 0.0248077 0.563197 0.825951
1 26.2586 3.20434 1.75695 -0.442697 -0.000302642 0.896671
1 1.08349 16.0864 1.69813 -0.743055 0.196961 0.639591
1 17.6364 21.7149 1.60772 -0.175707 -0.24084 -0.954528
1 28.6537 17.5609 1.61085 -0.193928 -0.160988 -0.967716
1 19.4534 33.8063 1.75983 -0.086734 0.332342 0.939162
1 28.3989 22.7764 1.60044 0.668765 -0.0225729 -0.743131
1 29.5191 22.2298 1.60594 0.546156 -0.263059 -0.795308
1 18.1589 19.3883 1.60913 -0.554286 -0.377735 -0.741676
1 14.8327 34.1355 1.75403 -0.168333 -0.302249 0.938248
1 19.7638 24.5254 1.61152 0.208365 -0.567908 -0.796282
1 14.3785 31.4444 1.75756 0.153516 -0.364541 0.918446
1 30.9957 31.9538 1.73245 0.707275 0.455445 0.540677
1 32.0971 33.4435 1.75282 0.31454 0.457293 0.831834
1 22.4336 7.98071 1.62258 -0.18139 0.576493 -0.796714
1 11.4241 12.3692 1.61545 -0.251427 -0.516357 -0.818633
1 7.02711 15.6454 1.60628 0.0835939 0.297652 -0.951008
1 9.30775 0.725209 1.61152 -0.311571 -0.214423 -0.925714
1 19.0425 15.6583 1.75795 -0.400589 0.315022 0.860401
1 11.6631 18.6724 1.61207 0.389485 -0.46666 -0.794059
1 6.43461 26.8615 1.75955 0.0919996 -0.169043 0.981306
1 7.69603 6.21738 1.61367 0.417785 0.193989 -0.887594
1 13.0379 22.3028 1.611 -0.0721665 0.493493 -0.866751
1 19.0847 5.6829 1.75835 0.560526 0.323808 0.762207
1 23.9154 26.2462 1.75989 0.243178 -0.153185 0.957809
1 5.91771 8.32742 1.58007 0.869797 0.188891 -0.455821
1 7.72056 32.7763 1.61391 -0.7437 -0.0775842 -0.663997
1 15.8728 32.4885 1.75866 0.0226757 -0.146973 0.98888
1 5.6216 13.011 1.61243 -0.194201 0.508416 -0.838928
1 3.84311 10.1765 1.75004 0.206476 0.619152 0.75764
1 34.4566 19.2447 1.75945 0.235669 -0.388016 0.891013
1 15.7428 26.0508 1.61864 0.590687 0.132379 -0.795968
1 19.0524 13.621 1.75603 -0.0747617 0.332961 0.939972
1 7.89008 9.17711 1.6206 -0.768752 0.0654134 -0.636193
1 26.4398 30.5276 1.75541 -0.573029 0.219972 0.789462
1 19.8209 6.65074 1.70364 0.383608 0.503595 0.774104
1 33.4349 16.463 1.7382 -0.774803 0.0136671 0.632055
1 29.2142 12.2988 1.61078 0.457619 -0.621902 -0.63547
1 3.75395 6.25971 1.63333 0.0189182 -0.721061 -0.692614
1 25.3984 23.746 1.7579 0.73725 0.0791714 0.670965
1 33.8233 18.4909 1.75635 0.365489 -0.522741 0.770169
1 5.63155 5.97607 1.61448 0.384914 0.556784 -0.736093
1 15.2927 18.5294 1.62044 -0.727094 0.0438114 -0.685138
1 24.7961 15.9801 1.60892 -0.726595 0.0541608 -0.684928
1 10.9689 26.6603 1.75862 0.109147 0.553599 0.8256
1 33.3062 27.703 1.60832 -0.0783851 -0.185049 -0.979598
1 23.9735 23.8043 1.77559 0.69998 -0.227607 0.676922
1 20.2066 15.5204 1.75783 -0.341626 0.500326 0.795591
1 2.80723 6.42954 1.60984 0.143252 -0.577136 -0.803986
1 7.57785 2.48763 1.60738 -0.0739755 0.08318 -0.993785
1 23.0096 25.8608 1.76055 0.318263 -0.318554 0.892879
1 18.1165 6.22319 1.75086 0.55997 0.127848 0.818589
1 33.8349 12.4836 1.76024 -0.017015 -0.086869 0.996074
1 0.00553069 25.1819 1.60462 -0.521164 -0.498712 -0.692585
1 2.85145 30.5377 1.77071 -0.506346 -0.686067 0.522423
1 28.8285 11.3402 1.61261 0.366928 -0.475696 -0.799423
1 20.7455 28.632 1.7543 0.510886 0.74155 0.434856
1 19.1153 20.6192 1.64285 -0.343892 -0.518324 -0.782994
1 33.0323 28.7135 1.60787 0.0956446 -0.125499 -0.987473
1 34.4116 2.45986 1.60892 -0.409899 -0.106154 -0.905933
1 6.10544 34.2896 1.60729 -0.447734 0.182028 -0.875443
1 9.96582 6.72792 1.60913 0.439909 -0.100886 -0.892358
1 18.8563 11.1565 1.75333 0.00740551 0.274269 0.961625
1 16.8518 34.4973 1.75749 -0.183594 -0.0370629 0.982303
1 22.4163 27.7265 1.75654 -0.028941 -0.438806 0.898116
1 13.2222 8.44445 1.7638 0.413812 -0.681597 0.603477
1 23.9809 27.1876 1.75972 0.0658903 -0.154819 0.985743
1 0.102044 12.7779 1.76 -0.0711458 0.0662382 0.995264
1 6.88704 25.8329 1.76014 0.262337 -0.114995 0.9581
1 27.1929 32.4648 1.75851 0.569411 0.0327713 0.8214
1 0.318159 28.425 1.61436 0.0329177 -0.486043 -0.873315
1 33.623 26.6532 1.6104 -0.257121 -0.269752 -0.927967
1 24.2365 5.05659 1.61928 -0.642697 0.170526 -0.746902
1 14.7823 32.4179 1.75755 0.0306067 -0.297976 0.954083
1 23.7041 9.21746 1.61116 -0.0455427 0.354577 -0.933917
1 9.01039 13.6861 1.60771 -0.133963 -0.0490665 -0.989771
1 25.7735 6.78522 1.61359 -0.381508 -0.0486642 -0.923084
1 32.2644 15.7872 1.75602 -0.636831 -0.282916 0.717221
1 34.4286 10.0686 1.75252 0.469486 -0.0962867 0.877674
1 27.656 11.4157 1.61208 0.358078 -0.274215 -0.892517
1 10.1253 1.60857 1.61227 -0.199702 -0.270405 -0.941807
1 30.1055 7.9239 1.61763 -0.183799 -0.70827 -0.681595
1 18.7009 26.8718 1.76915 -0.698884 0.305863 0.646536
1 15.9065 15.4707 1.76123 -0.427881 -0.239992 0.87139
1 11.5494 3.24627 1.61107 -0.105126 -0.40608 -0.907771
1 28.1813 26.4356 1.75556 0.173943 0.689084 0.703496
1 1.76412 18.5619 1.75693 0.358078 -0.0414773 0.93277
1 22.1821 33.8839 1.76363 -0.139174 0.803032 0.579457
1 29.6663 17.3638 1.61118 -0.220287 -0.303024 -0.927173
1 1.24802 33.5336 1.59938 -0.16274 0.699341 -0.696015
1 22.8724 28.7574 1.76174 -0.220216 -0.388471 0.89476
1 26.9768 20.7388 1.60755 0.268812 0.0151938 -0.963073
1 16.049 17.4543 1.75245 -0.66271 -0.279963 0.694577
1 0.975236 13.1271 1.75907 -0.137757 0.220403 0.965632
1 23.06 6.95873 1.6138 -0.294168 0.379972 -0.876976
1 0.524271 0.0532092 1.59395 0.18313 0.791562 -0.583004
1 25.11 21.8868 1.60771 0.517444 0.159478 -0.840725
1 28.9728 15.7212 1.62485 -0.501772 -0.102617 -0.858891
1 0.836018 6.54579 1.60819 0.298488 -0.216616 -0.929507
1 30.5311 21.5051 1.61042 0.414989 -0.463064 -0.783171
1 18.9414 8.01132 1.75869 0.322966 0.310663 0.89397
1 4.72481 6.37726 1.60481 -0.161315 -0.838579 -0.520348
1 19.8093 14.4965 1.75918 -0.166475 0.472552 0.865437
1 18.4708 22.4139 1.60957 -0.0579463 -0.348527 -0.935506
1 11.0689 19.8647 1.6324 0.563678 -0.380307 -0.733235
1 11.946 13.6147 1.6187 -0.105466 -0.602322 -0.791255
1 10.5386 19.1144 1.61513 0.463116 -0.263637 -0.846179
1 12.0136 25.0303 1.75263 0.407054 0.665937 0.625168
1 12.8511 24.2416 1.61782 0.266076 0.553334 -0.78932
1 19.4563 3.01236 1.7494 -0.600246 0.343294 0.722394
1 9.56355 27.9711 1.76293 -0.0797646 0.324035 0.942676
1 17.0365 7.70875 1.75753 0.384106 -0.027591 0.922877
1 28.5504 14.0919 1.75118 -0.690366 0.321465 -0.648116
1 25.0344 26.3538 1.76073 0.235423 0.0327806 0.97134
1 26.2666 18.8063 1.60931 -0.0438514 0.103931 -0.993617
1 15.8376 34.351 1.75771 -0.184448 -0.171747 0.96772
1 5.57935 10.6715 1.60827 -0.480048 0.528339 -0.700294
1 27.9948 12.3295 1.61759 0.508464 -0.357598 -0.783319
1 28.1212 33.1353 1.75616 0.386102 0.136682 0.912274
1 7.56589 28.4093 1.76007 -0.164144 0.0415732 0.98556
1 8.52203 5.5405 1.61018 0.284717 0.0708158 -0.955992
1 18.5802 17.4512 1.75683 -0.694359 0.134457 0.706956
1 13.3948 1.27418 1.76117 -0.469025 -0.592771 0.654705
1 9.97935 18.3779 1.60979 0.359598 -0.145264 -0.921731
1 34.4782 15.7281 1.74636 -0.581236 0.0747131 0.810298
1 8.83879 14.9425 1.60603 -0.0171943 0.0129386 -0.999768
1 32.3624 29.4384 1.60917 0.230231 -0.00170085 -0.973135
1 3.05445 10.7977 1.74745 0.201482 0.474482 0.856897
1 12.4064 15.216 1.61353 -0.0303122 -0.606793 -0.794282
1 13.4395 29.8209 1.75322 0.397343 -0.515508 0.75919
1 33.3622 0.435157 1.58751 -0.689381 0.0835224 -0.719568
1 28.163 13.3075 1.60281 0.650777 -0.40392 -0.642914
1 26.582 0.677272 1.75995 0.0241313 -0.00176304 0.999707
1 16.9079 6.25962 1.75608 0.590298 -0.0692527 0.804209
1 6.53872 28.3089 1.76105 -0.151688 -0.117842 0.981379
1 4.89113 28.0045 1.75884 -0.0994987 -0.393613 0.913876
1 26.817 12.3725 1.61705 0.421385 -0.160572 -0.892553
1 15.3943 10.8528 1.7594 0.0416736 -0.28855 0.956557
1 25.1253 30.8196 1.74518 -0.618124 0.00541194 0.786062
1 23.1075 5.5761 1.61534 -0.466398 0.377307 -0.80007
1 11.0178 16.8932 1.61116 0.159138 -0.309089 -0.937624
1 16.8385 26.7841 1.6112 0.697515 -0.0420917 -0.715333
1 24.3058 3.59055 1.75804 -0.434798 -0.294754 0.850923
1 8.9112 9.85087 1.61662 -0.63358 -0.0776905 -0.769767
1 6.82459 4.43075 1.60953 0.181841 0.287026 -0.940505
1 6.63823 12.8268 1.61175 -0.230157 0.323291 -0.917884
1 17.9082 7.18484 1.75324 0.431589 0.128517 0.892869
1 24.5263 25.4717 1.7601 0.408984 -0.0647181 0.910244
1 2.37545 28.9071 1.77773 -0.286871 -0.778701 0.557969
1 20.7956 12.5055 1.74604 0.114667 0.662783 0.73998
1 2.91913 25.605 1.76768 0.42346 -0.708547 0.564485
1 13.3616 4.24166 1.60947 -0.0135713 -0.676861 -0.735986
1 2.87615 9.53667 1.75111 0.378758 0.437413 0.815605
1 27.6844 9.86662 1.60911 0.103168 -0.284398 -0.953139
1 24.1178 1.51889 1.75591 -0.0555271 -0.363218 0.930048
1 11.3944 20.7736 1.61162 0.6212 -0.53948 -0.568394
1 8.78409 20.7935 1.61824 0.651808 0.026774 -0.757912
1 4.70583 9.62554 1.77267 0.0967958 0.822429 0.560571
1 16.0965 9.23771 1.76019 0.224969 -0.193906 0.954877
1 29.1726 14.8051 1.60544 -0.664648 -0.0117117 -0.747065
1 6.58875 5.55262 1.60731 0.339282 0.354005 -0.871532
1 25.562 11.1516 1.60559 0.232668 0.0607677 -0.970656
1 8.35273 16.3061 1.60784 0.113342 0.127355 -0.98536
1 9.98606 9.31291 1.60947 -0.795301 -0.180109 -0.578842
1 21.544 32.826 1.7546 0.0363204 0.671818 0.739826
1 0.597148 1.87469 1.6395 -0.527377 -0.327519 -0.783968
1 9.06452 33.1716 1.60951 -0.619155 -0.278471 -0.734235
1 22.722 11.5594 1.60748 0.225701 0.515066 -0.826901
1 33.4046 22.0165 1.76096 -0.275163 -0.546511 0.790956
1 11.6617 5.56487 1.61006 0.24869 -0.363576 -0.897756
1 28.3651 10.4984 1.61215 0.23682 -0.381602 -0.893474
1 31.4766 30.9852 1.6129 0.540121 0.179478 -0.822227
1 22.1347 25.4296 1.76012 0.40626 -0.472317 0.782221
1 4.17165 26.9519 1.7543 0.0950181 -0.529351 0.843065
1 10.981 13.3656 1.61025 -0.123645 -0.424584 -0.896906
1 19.8661 32.8432 1.76272 0.0234505 0.394997 0.918383
1 0.279932 18.1973 1.75444 0.440557 -0.306595 0.843747
1 4.63412 13.4979 1.6248 -0.182292 0.69805 -0.692457
1 8.25669 17.3698 1.60712 0.25164 0.152187 -0.955781
1 31.0438 28.0805 1.61125 -0.0356078 0.233503 -0.971704
1 23.3975 24.8386 1.75687 0.513218 -0.281442 0.810801
1 20.9601 26.9701 1.59265 -0.147521 0.635369 -0.757987
1 7.03897 30.152 1.75519 -0.471004 0.00471667 0.882118
1 25.0814 7.60134 1.60746 -0.256507 0.0767925 -0.963487
1 26.8353 24.2513 1.74962 0.61781 0.322237 0.717269
1 29.5139 6.5239 1.60417 -0.389425 -0.661235 -0.641183
1 27.5929 31.5658 1.73514 0.738117 0.0422255 0.67335
1 16.9635 20.8843 1.60942 -0.324892 -0.152989 -0.933295
1 17.8184 14.65 1.76095 -0.298307 0.12648 0.946053
1 14.9585 20.6751 1.60619 -0.358409 0.173261 -0.917346
1 6.55981 2.54195 1.60901 -0.04002 0.208557 -0.977191
1 34.1402 4.24752 1.60946 -0.0807353 -0.00852352 -0.996699
1 9.55799 5.71293 1.60965 0.282737 -0.0647096 -0.957012
1 34.1216 1.3122 1.62037 -0.551656 -0.0560488 -0.832186
1 12.9303 26.3039 1.71941 0.25541 0.809413 0.528787
1 4.26626 0.895468 1.60839 -0.215318 0.487581 -0.84611
1 27.5507 8.89059 1.60921 -0.0491797 -0.268578 -0.962002
1 33.6284 17.4411 1.76309 0.623427 -0.44439 0.643317
1 27.9234 7.25229 1.60934 -0.309573 -0.361596 -0.879439
1 5.31558 14.3262 1.613 -0.0975543 0.541084 -0.835291
1 33.5433 30.6729 1.60818 0.42814 -0.20766 -0.87953
1 3.4109 20.5241 1.75862 0.0394902 0.253955 0.96641
1 6.10049 9.20474 1.78268 0.660153 -0.459398 0.594266
1 2.33906 12.5324 1.75269 -0.0244718 0.4068 0.913189
1 33.3439 29.6843 1.60838 0.262942 -0.181258 -0.947632
1 15.1742 9.84716 1.76088 0.163239 -0.332685 0.928802
1 24.0281 18.6065 1.60699 -0.135896 0.342912 -0.929486
1 15.1101 30.5756 1.75171 0.26782 -0.275067 0.923369
1 25.6039 25.5689 1.75866 0.377246 0.127609 0.917279
1 20.2702 30.9885 1.75353 0.276269 0.442242 0.853286
1 30.1773 12.4984 1.75658 0.0699655 -0.719776 0.690672
1 1.84159 13.5033 1.75577 -0.190149 0.374996 0.907315
1 23.6375 12.4744 1.6123 0.404824 0.388728 -0.827652
1 26.7612 16.349 1.63054 -0.500207 0.144837 -0.853707
1 29.047 18.4512 1.60902 -0.0544767 -0.235085 -0.970447
1 16.6427 3.49945 1.7262 -0.695939 -0.0936626 0.711967
1 5.17657 3.43091 1.62502 0.180904 0.429745 -0.884643
1 33.5084 20.8718 1.76352 -0.058209 -0.552392 0.83155
1 25.6272 4.99912 1.605 -0.73644 -0.0783601 -0.671949
1 7.12381 14.5593 1.60772 -0.0510281 0.253287 -0.966044
1 16.8745 29.9903 1.76208 0.356345 -0.017002 0.9342
1 26.2752 26.3438 1.76045 0.231468 0.270827 0.934385
1 7.3795 22.1091 1.64246 -0.830954 -0.13032 0.540862
1 34.3205 5.27985 1.60933 0.104691 -0.0383788 -0.993764
1 22.9425 21.5764 1.60507 0.385452 0.433191 -0.814723
1 8.59527 2.53216 1.6079 -0.0775346 -0.0393505 -0.996213
1 10.889 4.94584 1.61003 0.159741 -0.255001 -0.953655
1 2.96068 32.7645 1.76867 -0.119075 0.651568 0.749186
1 26.9428 33.4012 1.75952 0.386328 0.0165502 0.922213
1 17.0384 9.7585 1.75862 0.151257 -0.0257168 0.98816
1 8.23703 30.2155 1.75127 -0.470137 0.188643 0.862198
1 19.0191 18.3986 1.76397 -0.849331 0.104303 0.517453
1 1.49506 1.52459 1.59365 0.499288 0.708555 -0.49866
1 27.0661 10.6435 1.60921 0.198415 -0.182318 -0.963012
1 7.52225 5.23006 1.60945 0.272596 0.201854 -0.940716
1 25.9321 20.4671 1.613 0.222639 0.135376 -0.965456
1 12.3524 19.3713 1.6122 0.462554 -0.632233 -0.62155
1 32.8102 10.152 1.75742 0.459741 -0.206767 0.863647
1 16.1809 24.1692 1.60702 0.236934 0.026712 -0.971158
1 20.6824 33.3563 1.74512 -0.0358955 0.52861 0.848106
1 13.9587 20.4177 1.61299 -0.397549 0.346975 -0.849449
1 17.0223 8.71917 1.75938 0.267573 -0.0318659 0.963011
1 5.20526 24.8449 1.74457 0.472891 -0.411442 0.77916
1 26.7266 25.3646 1.76115 0.399172 0.319758 0.859312
1 15.0724 27.792 1.76613 0.75848 -0.209969 0.616945
1 13.8977 34.366 1.74854 -0.223016 -0.443161 0.868258
1 0.633233 32.2259 1.6002 0.5479 -0.494843 -0.674489
1 33.4045 33.3453 1.76188 0.261869 0.54568 0.796027
1 9.60616 2.6381 1.60976 -0.0828632 -0.156692 -0.984165
1 29.3223 27.6362 1.61446 -0.032972 0.594459 -0.803449
1 30.8141 20.3119 1.61707 0.230121 -0.561888 -0.79456
1 12.6971 18.033 1.61186 0.24029 -0.621185 -0.745915
1 24.5502 19.5245 1.60429 0.0538015 0.283818 -0.957368
1 2.08067 4.36616 1.61358 -0.176918 -0.435209 -0.882776
1 0.298111 10.8955 1.75698 0.295673 0.00737522 0.955261
1 6.3832 19.2682 1.65036 0.558317 0.576339 -0.596754
1 27.5113 0.443182 1.75977 0.0435795 0.123294 0.991413
1 30.6711 17.1818 1.60704 -0.253516 -0.463599 -0.849003
1 28.6399 32.2197 1.74824 0.551064 0.143746 0.821989
1 6.46924 31.7559 1.74797 -0.756773 -0.0733731 0.649547
1 24.0387 20.3666 1.6103 0.19268 0.319285 -0.927864
1 30.7413 25.7486 1.60431 -0.390237 0.274407 -0.878872
1 18.4689 2.46519 1.75519 -0.52843 0.192967 0.826756
1 16.4097 5.36592 1.7671 0.728626 -0.158642 0.666286
1 6.70236 9.85991 1.60204 -0.628838 0.295919 -0.719023
1 9.66995 31.5929 1.75349 -0.698562 0.412222 0.58488
1 9.16684 7.48169 1.60767 0.585283 0.0037078 -0.810821
1 18.8615 0.0517892 1.75955 -0.191818 0.254929 0.947743
1 12.9084 14.0293 1.6073 -0.120615 -0.773171 -0.622623
1 14.9132 22.6701 1.60716 -0.0208057 0.19477 -0.980628
1 3.98556 30.5549 1.74786 -0.493872 -0.507271 0.706234
1 34.5649 23.8517 1.7596 -0.611317 -0.29187 0.735597
1 8.4234 23.1219 1.74409 0.690212 0.0479452 0.722017
1 8.90841 4.60598 1.60775 0.163687 -0.0051035 -0.986499
1 0.832938 18.9619 1.75897 0.287159 -0.210575 0.934451
1 3.0132 28.1163 1.72634 -0.139899 -0.681341 0.718473
1 25.4286 8.51479 1.60726 -0.129278 0.0461447 -0.990534
1 5.56238 23.7105 1.70468 0.676714 -0.391058 0.623805
1 31.8112 5.52183 1.60933 0.172181 0.383204 -0.907474
1 22.0318 20.7113 1.61676 0.217884 0.603794 -0.766785
1 26.6484 19.7673 1.60866 0.112435 0.0547652 -0.992149
1 27.3258 21.6787 1.61164 0.429399 0.0150811 -0.902989
1 33.3834 2.19999 1.61123 -0.41718 0.106361 -0.902579
1 10.3747 12.3985 1.60932 -0.259932 -0.322217 -0.910281
1 9.96325 3.63861 1.61406 0.0231856 -0.1768 -0.983974
1 18.8061 24.3695 1.61215 0.248614 -0.396709 -0.883636
1 9.84071 28.9283 1.75058 -0.224129 0.382322 0.896435
1 33.2834 24.4062 1.61923 -0.67714 -0.313084 -0.665928
1 32.2599 28.1247 1.60787 -0.0115993 0.00923894 -0.99989
1 23.5601 17.704 1.61047 -0.346059 0.346542 -0.871867
1 30.337 6.16554 1.62782 0.313221 0.672348 -0.670702
1 18.5235 21.3678 1.60513 -0.229185 -0.381597 -0.895465
1 24.6208 24.5481 1.74666 0.583382 -0.0756176 0.80867
1 18.3642 23.4261 1.60981 0.101749 -0.304635 -0.947019
1 21.9777 23.3041 1.75835 -0.80317 -0.144216 0.578031
1 26.1203 10.3709 1.60742 0.135862 -0.0368215 -0.990043
1 16.096 30.7357 1.75654 0.248817 -0.134891 0.959111
1 15.34 33.3103 1.75609 -0.0780763 -0.220514 0.972254
1 32.9464 1.36488 1.62446 -0.540036 0.196037 -0.818493
1 10.5572 27.977 1.74951 -0.0754942 0.489276 0.868856
1 16.6117 27.8309 1.75899 0.74856 -0.0536756 0.66089
1 24.8893 32.3225 1.75061 0.557893 -0.307811 0.770719
1 6.76006 29.2276 1.75999 -0.307276 -0.063322 0.949511
1 25.0033 20.8816 1.60813 0.318315 0.214733 -0.923345
1 28.7447 1.28672 1.76409 -0.11672 0.369152 0.92201
1 24.5882 11.0759 1.60887 0.211885 0.212194 -0.95398
1 31.5125 13.9177 1.75963 -0.296737 -0.454882 0.83966
1 27.4307 23.4462 1.61588 0.795228 0.190172 -0.575714
1 14.0198 24.4152 1.60742 0.285475 0.365572 -0.885924
1 31.0322 2.54452 1.60752 -0.38457 0.623334 -0.680853
1 16.7032 21.9646 1.60806 -0.13682 -0.0958964 -0.985943
1 20.3157 22.2791 1.59023 -0.00804095 -0.651721 -0.758416
1 9.95738 10.4971 1.61318 -0.531282 -0.229884 -0.815409
1 15.0803 13.9721 1.74918 -0.304583 -0.349357 0.886103
1 19.7725 25.8909 1.76539 -0.427588 0.624807 0.653287
1 13.7001 32.3278 1.75455 0.0440329 -0.467901 0.882683
1 32.3115 12.1386 1.75864 0.0670179 -0.357234 0.931607
1 29.2185 24.6158 1.64998 -0.538903 0.538959 -0.647385
1 29.4608 0.271978 1.76158 0.0461943 0.389573 0.919836
1 14.9115 3.14226 1.77968 -0.65084 -0.420286 0.632272
1 31.0967 7.35978 1.62721 0.483802 0.503639 -0.71574
1 31.4166 21.9994 1.60678 0.388423 -0.661851 -0.641156
1 2.92762 3.96955 1.61173 -0.354092 -0.53544 -0.766761
1 19.5621 10.4296 1.74771 0.0792746 0.426148 0.901173
1 30.4951 24.027 1.61269 -0.676591 0.292629 -0.675717
1 30.0472 32.4604 1.75566 0.597159 0.3164 0.737084
1 28.5388 9.34929 1.61178 0.0561564 -0.442848 -0.894836
1 22.457 24.2699 1.7616 0.644616 -0.419804 0.638933
1 22.4075 32.1975 1.75377 0.108157 0.807372 0.580045
1 9.62434 30.0207 1.7611 -0.420782 0.371796 0.827472
1 16.161 12.4496 1.75918 -0.11805 -0.161921 0.979717
1 9.20062 16.9191 1.60788 0.191671 -0.00264612 -0.981456
1 31.7002 10.5367 1.75327 0.406966 -0.414168 0.814152
1 3.93644 25.7706 1.75758 0.331468 -0.559434 0.759712
1 32.2975 3.9413 1.61445 -0.121905 0.322521 -0.93868
1 14.7414 17.0624 1.76175 -0.569974 -0.538277 0.620796
1 27.0322 18.141 1.60702 -0.154249 0.0336104 -0.98746
1 16.902 15.1285 1.75963 -0.381706 -0.0413475 0.923359
1 11.3583 0.729699 1.63334 -0.347169 -0.542803 -0.764747
1 16.8316 16.1264 1.75502 -0.517658 -0.0659505 0.853042
1 27.785 34.0889 1.75965 0.216677 0.131377 0.967363
1 0.0547738 14.7635 1.7589 -0.423391 0.087609 0.901701
1 14.1906 3.69119 1.59744 -0.18457 -0.80459 -0.564419
1 15.8363 2.57344 1.75399 -0.581079 -0.212642 0.785577
1 18.5714 29.9725 1.75262 0.380928 0.196129 0.903564
1 6.74253 7.60895 1.66069 0.651127 0.316317 -0.689911
1 15.5986 28.6046 1.75898 0.596457 -0.207609 0.775331
1 17.4197 18.0376 1.74661 -0.78923 -0.107013 0.604701
1 19.4427 19.595 1.60503 -0.535454 -0.56309 -0.629459
1 7.76657 10.252 1.60695 -0.574187 0.114723 -0.810647
1 17.1837 17.0667 1.76001 -0.645935 -0.053383 0.761524
1 8.05328 31.874 1.75976 -0.782446 0.126049 0.609828
1 22.9556 34.6054 1.70219 0.264282 -0.649534 0.712924
1 7.45479 16.6824 1.60928 0.169617 0.264884 -0.949245
1 12.4627 6.20185 1.61231 0.351045 -0.458863 -0.816218
1 5.98917 32.7028 1.61084 -0.764447 0.0777675 -0.639978
1 25.6682 12.0939 1.60933 0.376389 0.0412176 -0.925544
1 22.7801 22.5225 1.72281 0.554868 0.361147 -0.749463
1 23.2495 1.09609 1.73988 0.0786895 -0.512558 0.855039
1 5.29988 1.07732 1.6085 -0.217284 0.346633 -0.912487
1 6.60035 24.1147 1.7487 0.541663 -0.249471 0.802724
1 21.3027 14.9734 1.74901 -0.247616 0.686768 0.6834
1 33.6564 9.3667 1.74918 0.697223 -0.142444 0.70256
1 13.3444 12.2414 1.75172 -0.212066 -0.719117 0.661739
1 26.4974 8.67126 1.60797 -0.0994066 -0.111046 -0.988831
1 5.26928 33.6372 1.60777 -0.580659 0.263642 -0.770278
1 26.7607 9.61992 1.60715 0.0407963 -0.144167 -0.988712
1 10.9134 24.0958 1.75494 0.532738 0.480935 0.696341
1 7.38845 13.4901 1.60893 -0.175194 0.202539 -0.963475
1 15.391 26.917 1.60824 0.758444 0.136776 -0.637225
1 5.28557 17.825 1.64685 0.436321 0.681518 -0.587501
1 9.91886 4.70938 1.60898 0.147285 -0.135393 -0.979784
1 34.6032 30.4863 1.61439 0.360632 -0.404782 -0.840295
1 1.18085 7.47814 1.60924 0.445443 -0.29005 -0.847025
1 16.1947 10.2748 1.7584 0.100047 -0.162103 0.981689
1 27.2252 7.94985 1.60967 -0.200888 -0.23409 -0.951234
1 29.898 2.67501 1.75101 -0.308679 0.656136 0.688624
1 15.9143 21.2857 1.60751 -0.26478 0.0153866 -0.964186
1 0.523974 11.8719 1.76028 0.100267 0.0940943 0.990501
1 24.9153 27.2907 1.75984 0.0574515 0.0048055 0.998337
1 23.3403 8.2222 1.60746 -0.167019 0.402819 -0.899912
1 28.8861 16.6534 1.61459 -0.338249 -0.154145 -0.928346
1 19.5472 0.754048 1.75086 -0.265401 0.380334 0.885951
1 22.1851 10.4056 1.61389 0.108573 0.635826 -0.764158
1 24.3476 8.33468 1.6089 -0.152646 0.215364 -0.96453
1 17.82 24.2866 1.61249 0.245343 -0.222232 -0.943621
1 0.850485 30.9029 1.60037 0.329877 -0.592608 -0.734845
1 29.2671 33.1021 1.75883 0.394415 0.281003 0.874914
1 32.0094 9.48343 1.75571 0.641509 -0.257836 0.722487
1 8.36518 26.4001 1.75951 0.165721 0.116723 0.979241
1 24.0878 0.459032 1.75589 0.124302 -0.366384 0.922123
1 12.4875 3.68333 1.62135 -0.0508718 -0.54056 -0.839766
1 3.66279 8.81911 1.76286 0.394115 0.621988 0.676612
1 32.6295 31.3527 1.60921 0.596951 -0.055795 -0.800335
1 24.1163 10.1649 1.61124 0.0836655 0.290629 -0.953171
1 23.4399 29.7119 1.7657 -0.4059 -0.309212 0.860019
1 3.06029 5.18723 1.61332 -0.119993 -0.593928 -0.79552
1 7.80671 29.3474 1.75586 -0.316487 0.102343 0.94306
1 18.9547 6.99833 1.76627 0.436368 0.30952 0.844855
1 29.3801 8.71443 1.61155 -0.0345342 -0.583544 -0.811347
1 4.35665 18.0194 1.7569 0.487364 0.504195 0.712926
1 2.79205 13.5327 1.75124 -0.158292 0.56308 0.811101
1 25.2302 14.921 1.60712 0.77644 -0.0781152 -0.625332
1 30.3325 9.30225 1.61803 0.100262 -0.71723 -0.689586
1 15.1586 7.68096 1.74492 0.447075 -0.382196 0.808733
1 20.2105 34.4462 1.74981 -0.153295 0.469665 0.869434
1 0.82385 2.89515 1.60855 -0.345121 -0.23207 -0.909414
1 5.84349 26.12 1.75386 0.206669 -0.26962 0.940528
1 2.17272 32.2479 1.76865 0.500301 -0.5041 0.703976
1 22.3569 19.5757 1.61366 0.0164613 0.54631 -0.837422
1 7.4269 26.6275 1.76071 0.132055 -0.0200228 0.99104
1 0.814391 23.2335 1.75792 -0.471744 -0.158569 0.86736
1 25.8704 33.811 1.75878 0.320442 -0.125443 0.938925
1 1.55566 22.5058 1.75791 -0.3219 -0.0415709 0.94586
1 12.3024 23.1362 1.60855 0.0535783 0.627194 -0.777018
1 9.31524 26.169 1.75863 0.209363 0.264321 0.941436
1 23.1508 10.3008 1.61221 0.0912287 0.465837 -0.880155
1 18.0963 0.757632 1.75726 -0.281285 0.14657 0.948365
1 3.73224 13.1775 1.76743 -0.119769 0.7477 0.653146
1 17.0787 23.694 1.607 0.152201 -0.117847 -0.981299
1 29.9884 25.1684 1.61446 -0.466923 0.419035 -0.778712
1 0.702668 29.5132 1.61784 0.184777 -0.560721 -0.807124
1 9.75994 8.35451 1.61016 0.727823 -0.0196715 -0.685482
1 13.5556 28.0697 1.73393 0.645223 -0.521832 0.558013
1 22.2356 6.42049 1.60782 -0.290632 0.528336 -0.797744
1 25.7668 17.9084 1.61211 -0.204321 0.142703 -0.968447
1 2.23159 33.7071 1.75273 -0.178111 0.453746 0.87315
1 31.7204 27.3194 1.60913 -0.155913 0.100716 -0.982623
1 8.99389 24.0986 1.7542 0.522684 0.155806 0.838168
1 2.60847 19.866 1.75768 0.153075 0.105486 0.982568
1 31.5859 3.33644 1.61822 -0.254933 0.470236 -0.844918
1 32.043 13.1174 1.75705 -0.128866 -0.386213 0.913364
1 23.634 33.1448 1.76058 0.448288 -0.483472 0.75186
1 21.682 13.4765 1.73199 0.0257431 0.818112 0.574483
1 13.486 10.9222 1.75669 -0.000526144 -0.600894 0.799328
1 7.22417 34.4055 1.60836 -0.448199 0.0277812 -0.893502
1 0.692428 27.3193 1.61308 -0.153717 -0.53554 -0.830402
1 28.4661 0.304694 1.76217 0.0483441 0.252512 0.966385
1 26.8114 7.01987 1.61305 -0.353649 -0.197132 -0.914369
1 25.807 13.0095 1.63116 0.504461 -0.021745 -0.86316
1 23.8787 28.8932 1.75503 -0.254917 -0.206398 0.944678
1 28.2169 30.6192 1.77212 -0.812326 0.190233 0.551306
1 14.1977 33.2958 1.75551 -0.0698711 -0.388854 0.918646
1 1.83237 6.55019 1.60659 0.232156 -0.397211 -0.887878
1 12.7013 16.744 1.60688 0.0421665 -0.62297 -0.781109
1 2.69447 18.924 1.76181 0.318768 0.133865 0.938332
1 14.4083 7.0726 1.75864 0.512921 -0.565854 0.64554
1 32.7673 18.8733 1.73851 0.178756 -0.752917 0.633373
1 17.936 11.501 1.75841 -0.00608539 0.123855 0.992282
1 20.2891 5.8312 1.77053 0.529949 0.546 0.648874
1 11.1141 10.1573 1.61262 -0.60114 -0.362063 -0.712419
1 11.5128 14.7579 1.61661 -0.0230974 -0.446259 -0.894606
1 20.5147 0.924849 1.747 -0.310112 0.553446 0.772999
1 30.6427 29.3191 1.61005 0.202116 0.285149 -0.936931
1 10.8708 3.93675 1.60926 0.0150406 -0.288361 -0.957404
1 29.4619 31.4336 1.75123 0.76623 0.126778 0.629936
1 34.1978 11.579 1.76149 0.14029 -0.0553404 0.988563
1 33.3431 15.3882 1.75525 -0.540225 -0.115038 0.833621
1 8.85908 30.9581 1.76051 -0.609886 0.269202 0.745365
1 10.6087 2.77697 1.61171 -0.11289 -0.281096 -0.953017
1 30.4967 19.2782 1.61215 0.09435 -0.454949 -0.885505
1 5.39359 19.797 1.75748 0.243212 0.573439 0.782314
1 7.29338 24.8802 1.75987 0.418416 -0.0899026 0.903795
1 7.65215 12.3513 1.60925 -0.289163 0.165386 -0.942885
1 23.0477 26.8937 1.75877 0.121261 -0.314275 0.941556
1 17.4808 22.7489 1.60856 -0.0040032 -0.193181 -0.981155
1 24.4977 29.9684 1.75682 -0.436758 -0.101579 0.893825
1 30.7154 1.17001 1.76257 -0.244056 0.731994 0.636099
1 14.207 8.5104 1.72864 0.333253 -0.54653 0.768275
1 8.59322 28.3393 1.75955 -0.14168 0.191977 0.971119
1 17.9675 8.26001 1.7607 0.307174 0.140967 0.941155
1 13.2014 2.87157 1.61877 -0.216849 -0.654144 -0.724619
1 17.1962 2.65095 1.75913 -0.570793 -0.00515162 0.821078
1 3.96246 4.83108 1.61203 -0.292621 -0.716344 -0.633422
1 14.5579 5.17365 1.59858 0.238066 -0.759467 -0.605421
1 2.62632 22.5329 1.75719 -0.302726 0.151049 0.941032
1 19.6267 31.8038 1.75775 0.150125 0.339837 0.928425
1 32.5258 6.35268 1.6085 0.321957 0.263392 -0.909378
1 3.95488 28.1406 1.7612 -0.116986 -0.542966 0.831566
1 17.0977 0.897007 1.75951 -0.292047 0.00318407 0.956399
1 27.5699 29.7829 1.7407 -0.442931 0.428256 0.787661
1 1.07097 15.1465 1.75802 -0.538815 0.247947 0.805109
1 32.4806 30.399 1.60908 0.417738 -0.0160841 -0.908425
1 10.9575 18.0012 1.61029 0.298177 -0.32018 -0.899208
1 23.1665 2.26777 1.74803 -0.110772 -0.50427 0.856412
1 11.8995 7.29499 1.61227 0.532486 -0.371048 -0.760777
1 11.8736 17.4535 1.61308 0.188546 -0.476994 -0.858444
1 8.34464 18.5981 1.61398 0.404301 0.178116 -0.897115
1 28.8441 20.2129 1.60935 0.215171 -0.216915 -0.952181
1 25.7681 9.43338 1.60712 0.000176104 0.00921271 -0.999958
1 16.1861 11.4334 1.76057 -0.00898245 -0.159083 0.987224
1 10.0835 24.6288 1.75494 0.445705 0.364152 0.817766
1 22.0644 26.6142 1.75921 0.182604 -0.476291 0.860118
1 1.10521 3.90357 1.6104 -0.186388 -0.275885 -0.942946
1 2.07626 25.0722 1.57718 0.755216 -0.152215 -0.637558
1 31.1753 24.7802 1.60605 -0.56206 0.149645 -0.813446
1 4.45809 19.1399 1.75531 0.299791 0.410734 0.861059
1 9.65396 14.4092 1.6056 -0.0499886 -0.130387 -0.990202
1 3.24122 14.5546 1.74891 -0.341845 0.63092 0.696478
1 13.3598 31.2379 1.75636 0.186551 -0.522683 0.831866
1 26.13 7.74538 1.60957 -0.238806 -0.0787826 -0.967866
1 18.6936 29.0102 1.76232 0.52645 0.274889 0.804541
1 6.58131 17.0707 1.61378 0.260031 0.380869 -0.887312
1 33.3878 5.81051 1.60626 0.234389 0.113895 -0.965448
1 20.6315 2.07974 1.72126 -0.500331 0.541188 0.675859
1 14.7593 19.6189 1.61153 -0.521646 0.176717 -0.83466
1 13.6522 17.3068 1.60278 0.121944 -0.793678 -0.595991
1 31.8013 1.29146 1.6187 -0.573713 0.442617 -0.689162
1 31.5543 28.9 1.60983 0.119228 0.133984 -0.983785
1 27.3719 19.0793 1.60834 0.00966828 -0.0200552 -0.999752
1 4.90506 11.979 1.62417 -0.298393 0.698594 -0.650329
1 19.9833 17.4069 1.75379 -0.67643 0.369901 0.63688
1 26.5197 14.4536 1.73666 0.692791 -0.336627 -0.637748
1 19.0008 4.14497 1.76466 -0.755057 0.300302 0.582844
1 31.8029 18.9162 1.60585 0.0689984 -0.716972 -0.693679
1 31.2346 14.9034 1.75236 -0.494787 -0.502402 0.709068
1 1.01465 14.1726 1.7601 -0.33654 0.242115 0.910012
1 2.56878 24.2225 1.76664 -0.601623 0.185422 0.776961
1 23.1436 13.9033 1.61214 0.554656 0.378671 -0.740921
1 4.96987 30.2303 1.756 -0.470849 -0.34251 0.813012
1 32.6298 26.9478 1.60685 -0.2122 -0.0736013 -0.974451
1 8.08766 27.4493 1.75978 -0.00331449 0.0957823 0.995397
1 8.20314 8.21737 1.61211 0.741619 0.138052 -0.656463
1 19.8399 11.5583 1.75442 -0.0508862 0.435966 0.898524
1 25.5869 16.8493 1.61351 -0.399761 0.222899 -0.889105
1 1.21285 24.2305 1.75996 -0.632027 -0.0386197 0.773983
1 16.9231 32.6003 1.76002 0.0220394 -0.0158285 0.999632
1 27.2492 26.3651 1.76606 0.210561 0.48233 0.850307
1 26.3006 28.0952 1.75742 -0.0800936 0.242953 0.966726
1 6.6929 10.8519 1.61189 -0.484816 0.310001 -0.817835
1 9.01133 3.5717 1.61005 0.0442136 -0.0621847 -0.997085
1 1.64602 19.5598 1.75974 0.190031 -0.0610874 0.979876
1 17.9357 25.2474 1.60831 0.407824 -0.247672 -0.878828
1 23.6692 11.3498 1.61135 0.230723 0.366014 -0.901555
1 16.198 7.11307 1.75108 0.473521 -0.173048 0.863616
1 27.6783 17.2591 1.60947 -0.257273 -0.0331493 -0.96577
1 32.4449 22.1425 1.75651 -0.180178 -0.742328 0.645356
1 16.8278 18.8199 1.60369 -0.69214 -0.218895 -0.687769
1 11.3701 22.4659 1.78865 0.0773621 -0.773224 0.629397
1 14.2406 0.873636 1.75518 -0.375171 -0.445402 0.812935
1 1.97351 23.4117 1.75717 -0.472888 0.0576468 0.879235
1 6.09001 1.61958 1.61237 -0.148944 0.255357 -0.955305
1 33.5325 7.63363 1.62813 0.610702 0.0804592 -0.787762
1 18.7846 27.8629 1.71746 0.776092 0.167506 0.607967
1 9.10282 17.9319 1.60747 0.318653 0.0130605 -0.947781
1 24.7289 17.6488 1.61269 -0.258469 0.265641 -0.928778
1 4.46693 16.4297 1.6135 0.226319 0.716165 -0.660218
1 8.32919 0.167382 1.61146 -0.396382 -0.11794 -0.910479
1 1.75079 31.2007 1.61104 0.394307 -0.717988 -0.573599
1 16.0986 0.777375 1.76161 -0.295084 -0.142275 0.944819
1 29.4856 19.3322 1.60972 0.0919233 -0.302612 -0.948671
1 5.53249 16.7556 1.60756 0.295226 0.549166 -0.78183
1 8.92102 21.7849 1.61114 0.754785 -0.057186 -0.653474
1 32.4669 34.4571 1.7061 -0.760704 0.45798 0.459983
1 2.15186 5.4981 1.6045 0.0321239 -0.455944 -0.889429
1 31.7765 17.4971 1.60958 -0.186903 -0.656096 -0.731167
1 12.2061 33.4275 1.75132 -0.151119 -0.695947 0.702012
1 24.8672 29.059 1.75891 -0.266917 -0.0233788 0.963436
1 6.72843 6.61807 1.60715 0.495769 0.341913 -0.798316
1 29.9278 26.5429 1.61644 -0.278135 0.515709 -0.810361
1 12.5884 5.02239 1.61075 0.13216 -0.521788 -0.842776
1 28.4535 21.8368 1.61064 0.496555 -0.114073 -0.860477
1 34.3275 27.4754 1.61056 -0.116237 -0.374043 -0.920098
1 28.4405 6.42292 1.60808 -0.437741 -0.464972 -0.769535
1 28.576 5.39835 1.61509 -0.641225 -0.427611 -0.637166
1 8.11118 14.2118 1.60783 -0.101584 0.101971 -0.989587
1 29.945 10.7176 1.60331 0.364114 -0.688823 -0.626853
1 30.7044 11.2025 1.7545 0.291328 -0.648772 0.70301
1 13.4951 5.51713 1.60991 0.232091 -0.610457 -0.757282
1 19.0071 12.2545 1.75717 -0.109715 0.281549 0.953254
1 17.4107 4.35783 1.75774 -0.81269 0.0297273 0.581938
1 32.6022 20.559 1.74348 -0.00103361 -0.739927 0.672687
1 9.02669 27.1521 1.76268 0.0445509 0.231368 0.971846
1 21.9059 30.6431 1.75108 0.424323 0.72551 0.541835
1 13.3385 15.7504 1.61136 -0.0766187 -0.785396 -0.614233
1 18.2504 16.5304 1.76085 -0.553258 0.146295 0.820063
1 33.6443 25.5043 1.6125 -0.469011 -0.312404 -0.826095
1 27.1668 28.4936 1.75601 -0.158863 0.400428 0.902452
1 4.88259 25.9503 1.75059 0.265291 -0.418671 0.868524
1 0.381923 17.189 1.74684 0.67106 -0.208286 0.711544
1 4.25382 2.90222 1.62892 0.154692 0.541664 -0.826239
1 25.024 1.91109 1.75822 -0.169993 -0.213061 0.962137
1 4.26474 15.0262 1.60731 -0.0657444 0.734874 -0.67501
1 21.8923 18.2309 1.61037 -0.24927 0.5911 -0.767115
1 16.6403 28.9792 1.74677 0.508654 -0.076982 0.857523
1 7.48689 19.127 1.61314 0.462908 0.383784 -0.799016
1 30.8122 5.24209 1.60444 0.151846 0.567771 -0.80906
1 15.2603 11.8822 1.758 -0.0726959 -0.323557 0.943412
1 17.9143 9.29356 1.75663 0.191047 0.13006 0.972926
1 5.53367 2.46751 1.61498 0.00948623 0.343407 -0.939139
1 7.06926 1.62776 1.60771 -0.183698 0.122203 -0.975357
1 13.2024 33.3931 1.75291 -0.107395 -0.548688 0.829101
1 24.0774 22.4131 1.61489 0.545055 0.270103 -0.7937
1 34.3403 29.4529 1.61303 0.208189 -0.369034 -0.905799
1 12.4363 1.34575 1.62156 -0.340524 -0.71494 -0.610659
1 12.4977 29.523 1.72489 0.513961 -0.619928 0.592903
1 24.0007 34.0432 1.76051 0.292115 -0.420785 0.858842
1 16.4414 22.9696 1.60708 0.031507 -0.0321557 -0.998986
1 28.4292 19.2724 1.6088 0.0617212 -0.157313 -0.985618
1 27.7246 20.0183 1.60824 0.167195 -0.073713 -0.983164
1 14.4522 23.531 1.60718 0.130853 0.282113 -0.950415
1 12.1581 21.7942 1.60462 -0.169467 0.637213 -0.751824
1 3.59915 29.3093 1.7482 -0.313886 -0.560869 0.766095
1 11.4072 34.0291 1.63637 -0.495803 -0.696439 -0.518798
1 34.3199 20.3182 1.75214 0.034375 -0.403034 0.914539
1 11.4012 30.9407 1.71621 0.377068 -0.751348 0.541567
1 11.7597 32.1318 1.75639 0.096124 -0.749347 0.655164
1 17.0988 13.0348 1.75902 -0.157761 -0.00964997 0.98743
1 3.67684 22.342 1.75278 -0.271631 0.338484 0.900913
1 25.1576 2.90965 1.75777 -0.363481 -0.164904 0.916891
1 19.918 13.0612 1.75225 -0.0166534 0.515734 0.856587
1 26.8711 27.3087 1.75766 0.0628711 0.359425 0.931054
1 32.7168 3.01195 1.61118 -0.28481 0.236951 -0.928836
1 10.1992 25.7775 1.75655 0.265008 0.412163 0.871718
1 24.3878 14.1049 1.60833 0.640338 0.140985 -0.755043
1 32.775 13.8784 1.75688 -0.268691 -0.247643 0.930848
1 3.56521 19.5176 1.7595 0.218801 0.27042 0.937549
1 15.1225 24.3731 1.60735 0.27065 0.190528 -0.943635
1 26.1411 21.4462 1.61567 0.384745 0.102015 -0.917368
1 16.0434 14.4711 1.76093 -0.319708 -0.180922 0.930083
1 32.4761 11.1219 1.75498 0.267928 -0.306204 0.913485
1 20.709 18.1528 1.74751 -0.603105 0.656664 0.452832
1 28.1119 28.7248 1.76496 -0.20186 0.563293 0.80122
1 23.6917 14.9561 1.6078 0.767655 0.207825 -0.60623
1 22.1728 5.25242 1.60366 -0.469058 0.553331 -0.688338
1 5.14932 26.9517 1.75499 0.082221 -0.363735 0.927867
1 1.23756 21.5289 1.76077 -0.149911 -0.111161 0.982431
1 6.88814 11.8028 1.611 -0.349362 0.296979 -0.888679
1 11.8283 16.2125 1.61254 0.0570126 -0.450279 -0.891066
1 20.619 23.7562 1.60281 0.0755183 -0.729854 -0.679419
1 5.14743 20.9958 1.75374 -0.00588605 0.546307 0.837564
1 7.89801 4.33514 1.60506 0.159631 0.120907 -0.979744
1 9.24785 34.274 1.61147 -0.468303 -0.293752 -0.833308
1 18.0742 30.7834 1.75497 0.269366 0.124067 0.955013
1 18.8799 9.03234 1.75584 0.209011 0.307316 0.92837
1 25.6479 13.9397 1.60391 0.643539 -0.0933679 -0.759697
1 0.547573 9.25451 1.76452 0.623957 -0.0120375 0.781366
1 25.9861 2.26648 1.75875 -0.257325 -0.0509214 0.964982
1 33.3743 23.195 1.74787 -0.502655 -0.520314 0.69037
1 34.6112 7.19962 1.61374 0.476228 -0.088653 -0.874841
1 28.0458 2.39025 1.75401 -0.286359 0.283843 0.915113
1 4.09709 11.531 1.76219 -0.0255319 0.75453 0.655768
1 11.1547 8.37339 1.61685 0.687486 -0.229423 -0.689005
1 14.2746 11.8692 1.75152 -0.129061 -0.504068 0.853967
1 20.5036 10.5491 1.74791 0.0401888 0.604478 0.795607
1 5.64387 28.7653 1.75732 -0.234387 -0.251114 0.939151
1 19.4924 16.5573 1.75681 -0.541538 0.348678 0.764958
1 4.83602 4.47141 1.62848 0.333936 0.633662 -0.697825
1 32.9707 12.8717 1.76029 -0.0778416 -0.233413 0.969257
1 4.39786 20.2171 1.75755 0.107914 0.411594 0.904956
1 18.5904 31.6743 1.75729 0.14528 0.190862 0.970807
1 11.1541 1.8657 1.61308 -0.228032 -0.400842 -0.887315
1 31.0025 26.6988 1.61082 -0.247 0.243775 -0.937851
1 22.8409 18.5484 1.61358 -0.172272 0.4607 -0.870677
1 12.4876 30.8438 1.74977 0.267845 -0.643693 0.716881
1 21.5112 4.12036 1.76571 -0.0602142 0.251023 0.966106
1 10.0342 26.9809 1.75813 0.0840934 0.398224 0.913425
1 17.9853 26.2401 1.60536 0.565708 -0.236692 -0.789906
1 30.4393 30.3395 1.61201 0.399829 0.34514 -0.849126
1 9.77132 20.0434 1.61841 0.565537 -0.116672 -0.816429
1 11.2646 6.58719 1.60869 0.425025 -0.276505 -0.861916
1 2.31918 1.15361 1.79103 -0.357076 -0.627516 0.691896
1 28.3514 8.27256 1.60965 -0.130602 -0.411466 -0.902019
1 15.1066 0.509307 1.76188 -0.290301 -0.297248 0.909598
1 2.26685 11.4378 1.75254 0.141854 0.353229 0.92472
1 23.9576 7.37075 1.60729 -0.270059 0.231411 -0.934621
1 6.19152 25.1265 1.75234 0.369642 -0.263456 0.891042
1 16.146 13.468 1.76011 -0.216588 -0.160723 0.962942
1 26.5181 11.4758 1.60769 0.293248 -0.0874999 -0.952024
1 0.650831 19.9494 1.76047 0.111576 -0.234239 0.965755
1 9.11847 1.69408 1.60567 -0.194017 -0.130181 -0.972322
1 3.15932 23.3127 1.75922 -0.429504 0.245031 0.869187
1 30.304 27.4844 1.61705 -0.134347 0.387169 -0.912168
1 9.34253 12.6014 1.60833 -0.248823 -0.131098 -0.959636
1 1.2985 28.3923 1.61257 -0.0244563 -0.678447 -0.734242
1 30.6015 3.98574 1.61038 -0.130781 0.648572 -0.749834
1 18.9273 32.6515 1.75902 0.0270811 0.256807 0.966083
1 25.8244 24.6695 1.75443 0.546806 0.136455 0.826065
1 31.9072 23.9065 1.61421 -0.707755 -0.0246268 -0.706028
1 2.83858 2.69835 1.76273 0.681224 0.597325 -0.423246
1 16.9147 25.8031 1.6114 0.519911 -0.0580502 -0.852245
1 17.8651 34.4195 1.75858 -0.178418 0.101036 0.978754
1 22.6282 17.1672 1.60477 -0.473704 0.450486 -0.756747
1 15.2419 12.9362 1.75752 -0.184564 -0.322129 0.928531
1 8.82487 10.8212 1.60954 -0.48747 -0.0538694 -0.871477
1 16.0777 8.18276 1.75707 0.346731 -0.206412 0.914971
1 30.0213 18.3411 1.60818 -0.0608929 -0.382667 -0.921877
1 4.2877 23.2379 1.75727 -0.50332 0.430503 0.749224
1 33.2909 32.0954 1.75783 0.858748 -0.269761 0.435638
1 34.3026 21.5887 1.76061 -0.179412 -0.396919 0.900148
1 24.9781 5.80214 1.608 -0.550889 0.0317291 -0.833975
1 8.11021 33.7641 1.61224 -0.564557 -0.113884 -0.817499
1 14.2409 15.6836 1.76679 -0.415045 -0.643702 0.642951
1 17.8759 15.633 1.75716 -0.431926 0.12508 0.893194
1 14.2765 13.1028 1.7452 -0.228613 -0.493908 0.838923
1 14.7722 25.3238 1.60889 0.429344 0.255369 -0.866286
1 8.10277 1.55917 1.60865 -0.20365 -0.0160121 -0.978913
1 2.42852 20.7939 1.75989 -0.0087344 0.0826508 0.99654
1 8.35861 12.9846 1.60847 -0.215392 0.0499127 -0.975251
1 33.4721 19.6866 1.75966 0.144307 -0.559518 0.816159
1 33.762 13.4805 1.75839 -0.190668 -0.0826989 0.978165
1 9.99891 13.4244 1.60744 -0.148302 -0.238777 -0.959684
1 21.7684 9.10394 1.60632 -0.0190558 0.735028 -0.677769
1 7.92894 15.294 1.60633 0.0291434 0.155256 -0.987444
1 18.9483 25.466 1.61187 0.424692 -0.442065 -0.790073
1 16.0007 20.3306 1.60555 -0.425515 -0.00482977 -0.904939
1 15.7731 22.2603 1.60669 -0.0904956 0.0555137 -0.994348
1 21.4352 11.4364 1.74174 0.150069 0.862315 0.483624
1 0.149272 8.1366 1.61789 0.655277 -0.1443 -0.741478
1 10.2147 33.8929 1.60829 -0.494074 -0.495882 -0.714137
1 25.8178 1.29138 1.75947 -0.0754483 -0.101148 0.992006
1 6.09885 20.6336 1.58614 -0.1078 -0.678769 -0.726397
1 11.7986 28.8804 1.73651 -0.337033 0.658964 0.67244
1 26.2167 5.91794 1.6097 -0.536557 -0.111305 -0.836491
1 24.3743 28.0983 1.75853 -0.104017 -0.099638 0.989572
1 1.61006 29.7991 1.60681 0.119316 -0.74557 -0.65566
1 27.7572 1.42079 1.75889 -0.120711 0.210011 0.970219
1 1.2981 11.1394 1.75685 0.233798 0.181462 0.955202
1 17.6632 28.3965 1.74222 0.602317 0.0660377 0.795521
1 3.13887 21.5256 1.75931 -0.133623 0.22394 0.965399
1 12.16 2.48087 1.61247 -0.233657 -0.514333 -0.825146
1 3.30583 0.662223 1.61829 -0.193816 0.641324 -0.742388
1 16.5303 1.77981 1.75756 -0.439315 -0.0899266 0.893821
1 32.1528 2.24058 1.61345 -0.410826 0.37213 -0.832311
1 17.9995 20.408 1.61164 -0.384473 -0.313364 -0.868322
1 1.45793 20.5505 1.76025 0.0178013 -0.0847029 0.996247
1 19.1925 30.8428 1.75703 0.271844 0.273044 0.922793
1 0.0950553 13.7754 1.75985 -0.250769 0.0832756 0.964458
1 5.8759 4.64397 1.61511 0.21163 0.459056 -0.862833
1 23.4035 19.4844 1.60869 0.0211185 0.407273 -0.913062
1 0.0991355 3.50859 1.60898 -0.216698 -0.118745 -0.96899
1 14.944 21.6801 1.60544 -0.190459 0.176758 -0.965651
1 20.8665 5.10359 1.60174 0.228802 0.830145 -0.508437
1 8.17726 25.424 1.7578 0.31936 0.0512373 0.946247
1 7.02831 23.0681 1.75164 0.704987 -0.165446 0.689652
1 24.0041 21.3844 1.61125 0.36978 0.304085 -0.877949
1 9.76104 23.3492 1.74772 0.630907 0.265351 0.729071
1 28.5975 3.27966 1.76136 -0.460574 0.350372 0.815543
1 14.839 29.4975 1.76234 0.440957 -0.31492 0.840466
1 31.476 29.9735 1.60857 0.338952 0.156069 -0.927768
1 1.54659 0.209558 1.58828 0.183241 0.662923 -0.725917
1 7.4664 0.731131 1.6062 -0.311268 0.0244867 -0.950007
1 18.0197 13.642 1.75955 -0.179474 0.158575 0.970898
1 13.9816 21.4711 1.61056 -0.220162 0.32703 -0.919011
1 13.0647 21.1427 1.61315 -0.246313 0.472651 -0.846127
1 7.11152 27.5444 1.7613 -0.0211861 -0.0525635 0.998393
1 1.3286 4.95533 1.6175 -0.0137704 -0.312621 -0.949778
1 18.8148 14.6703 1.76157 -0.243317 0.296742 0.92344
1 3.37304 33.9229 1.62511 -0.486081 0.674406 -0.55579
1 24.7226 9.27935 1.60924 -0.028393 0.174571 -0.984235
1 13.296 6.78705 1.61721 0.448 -0.579095 -0.681135
1 21.3416 31.4969 1.74994 0.283745 0.635876 0.71774
1 33.971 28.4881 1.6122 0.0556156 -0.301359 -0.951887
1 6.81241 33.4783 1.61283 -0.597505 0.0523414 -0.800155
1 32.5253 4.91781 1.60783 0.0588581 0.267276 -0.961821
1 18.4756 33.599 1.75724 -0.0820687 0.188825 0.978575
1 33.5983 10.7939 1.75768 0.287805 -0.146225 0.94646
1 10.098 17.3984 1.612 0.240374 -0.151412 -0.958798
1 10.5892 5.89607 1.60832 0.301305 -0.193959 -0.933593
1 0.418845 4.59408 1.61059 -0.0410435 -0.158665 -0.986479
1 10.6077 14.3921 1.60978 -0.0305823 -0.293089 -0.955596
1 22.7328 9.04516 1.77383 0.036536 -0.54668 0.836544
1 6.1433 16.002 1.6103 0.159585 0.435103 -0.886125
1 21.4779 27.8118 1.76235 -0.0351001 -0.588717 0.807577
1 32.3494 14.7592 1.75526 -0.443939 -0.300198 0.844275
1 32.7798 25.979 1.61023 -0.375959 -0.136171 -0.916576
1 27.4583 3.33803 1.76118 -0.473005 0.169092 0.864682
1 24.9546 0.857032 1.75746 0.0253279 -0.235642 0.97151
1 30.8502 34.4117 1.7515 0.0236635 0.498907 0.866332
1 24.1422 2.5589 1.75884 -0.24408 -0.334733 0.910153
1 14.8782 14.9997 1.73646 -0.402314 -0.460601 0.791195
1 28.8402 33.9879 1.75999 0.223446 0.262672 0.938656
1 15.496 16.3585 1.73473 -0.526492 -0.361328 0.769577
1 9.19606 25.1354 1.75764 0.369661 0.217795 0.903281
1 17.9487 32.7055 1.75942 0.0234448 0.120626 0.992421
1 31.1041 12.7837 1.75843 -0.0392342 -0.55711 0.829511
1 33.2193 3.96447 1.60583 -0.120248 0.152035 -0.981033
1 15.8329 4.258 1.75524 -0.771026 -0.25446 0.583755
1 6.10389 30.7823 1.75132 -0.588303 -0.129105 0.798268
1 2.08036 10.347 1.754 0.3273 0.288502 0.8998
1 29.0531 23.5904 1.60439 0.772965 -0.205967 -0.600086
1 10.3575 21.974 1.59526 0.78163 -0.342173 -0.52151
1 24.918 33.3402 1.75721 0.399803 -0.273818 0.874746
1 20.9237 25.7153 1.58874 -0.385732 0.682209 -0.621129
1 20.727 30.0257 1.74933 0.39041 0.549598 0.738595
1 25.3376 28.1521 1.7596 -0.0971441 0.0731649 0.992577
1 12.4536 12.5183 1.61645 -0.255107 -0.69759 -0.669543
1 34.3373 22.7585 1.75719 -0.404822 -0.363244 0.83915
1 12.5028 27.6777 1.75949 -0.0989379 0.761819 0.64019
1 8.0744 3.36627 1.60715 0.0384844 0.0472179 -0.998143
1 15.5906 6.31411 1.75731 0.573251 -0.306385 0.759942
1 15.8454 29.7496 1.75215 0.388612 -0.176148 0.904407
1 20.7548 7.57736 1.75895 0.2367 0.757479 0.60844
1 30.9924 33.3069 1.75968 0.308478 0.338721 0.888881
1 17.085 30.9265 1.75935 0.23101 0.00190098 0.97295
1 2.03757 16.8848 1.73937 0.701437 -0.0379463 0.711721
1 7.80055 23.9718 1.75555 0.551267 -0.0328943 0.83368
1 10.6188 7.52344 1.60931 0.578407 -0.154775 -0.800931
1 23.8733 6.17144 1.61098 -0.435406 0.233569 -0.869406
1 4.11439 21.265 1.76045 -0.0956151 0.394603 0.913863
1 21.5928 0.793463 1.70631 -0.362065 0.728559 0.581472
1 23.233 3.47048 1.75271 -0.326962 -0.474911 0.81704
1 29.3322 9.93543 1.61607 0.213628 -0.571013 -0.792658
1 26.5898 17.2901 1.61918 -0.321276 0.0765593 -0.943886
1 8.49588 19.8049 1.61115 0.530967 0.153995 -0.833283
1 25.1216 10.2139 1.60864 0.0986607 0.121537 -0.987671
1 1.00493 10.1467 1.75357 0.43545 0.0912203 0.895579
1 10.737 11.3751 1.61305 -0.393664 -0.369123 -0.841889
1 19.7659 28.893 1.74224 0.566663 0.483635 0.667076
1 29.3828 21.2187 1.61144 0.380892 -0.262135 -0.886683
1 30.0009 28.503 1.6117 0.0522825 0.394779 -0.917287
1 19.4172 23.2677 1.61282 0.0801302 -0.491291 -0.867301
1 5.49413 22.5279 1.7555 -0.417328 0.612711 0.671135
1 4.20193 24.5545 1.74787 0.573462 -0.539372 0.616619
1 11.5286 27.6995 1.75536 -0.0927158 0.635764 0.766295
1 29.0462 7.53123 1.61373 -0.24428 -0.539047 -0.806074
1 22.6695 12.7607 1.60084 0.355917 0.581721 -0.731385
1 17.3774 33.5435 1.75957 -0.0804858 0.0425049 0.995849
1 6.43686 18.1275 1.62538 0.398874 0.485471 -0.777957
1 29.9401 33.95 1.7583 0.212024 0.38244 0.899325
1 26.639 22.4308 1.62234 0.572356 0.0930379 -0.81471
1 7.44113 31.0442 1.75268 -0.627947 0.0732992 0.774796
1 18.716 1.4668 1.75486 -0.367077 0.247509 0.896657
1 29.7379 1.3432 1.74751 -0.104392 0.557091 0.823864
1 25.7621 0.207454 1.75716 0.12871 -0.127032 0.983512
1 13.0776 9.79287 1.76331 0.190233 -0.651878 0.734076
1 26.1784 31.8193 1.75077 0.687839 -0.14576 0.711077
1 9.89202 21.064 1.77595 -0.666877 0.232332 0.708023
1 14.5743 2.03635 1.73214 -0.512494 -0.379789 0.770137
1 4.20062 34.3503 1.60949 -0.431717 0.517812 -0.738574
1 15.1434 8.791 1.7536 0.294312 -0.375922 0.878671
1 25.8565 28.9614 1.75323 -0.246014 0.157589 0.95637
1 11.9336 26.4238 1.75362 0.148833 0.695431 0.703011
1 6.30557 13.8541 1.60967 -0.115275 0.359582 -0.925966
1 29.0387 26.2028 1.59226 -0.164458 0.78757 -0.593874
1 1.88986 3.25044 1.61473 -0.387743 -0.386264 -0.836932
1 26.6468 29.4691 1.74715 -0.349741 0.293137 0.889805
1 14.15 30.4109 1.76266 0.298364 -0.40778 0.862957
1 27.3431 6.26198 1.6094 -0.482471 -0.276859 -0.831006
1 15.9101 25.1203 1.60795 0.417577 0.0864304 -0.904521
1 8.61472 11.8618 1.60848 -0.34219 -0.00910372 -0.939587
1 6.38062 0.625561 1.60903 -0.309439 0.182957 -0.933153
1 26.7479 34.3486 1.75994 0.20145 0.00301087 0.979494
1 13.4186 23.3985 1.60757 0.119973 0.451471 -0.884184
1 23.7368 30.7562 1.75147 -0.609452 -0.213678 0.763485
1 7.88944 7.21443 1.6155 0.573444 0.159431 -0.803582
1 25.5972 29.9078 1.75449 -0.430579 0.095056 0.897534
1 24.9181 34.3775 1.75709 0.222607 -0.259256 0.939804
1 25.0668 18.6424 1.6092 -0.0853428 0.214788 -0.972925
1 21.3719 19.3956 1.60994 -0.0119936 0.680489 -0.73266
1 4.65321 29.1182 1.75491 -0.28955 -0.402003 0.868651
1 23.3814 27.9323 1.75756 -0.0766446 -0.27207 0.95922
1 21.0266 3.11215 1.75811 0.398119 -0.778281 0.485571
1 17.8227 10.4328 1.7568 0.0876986 0.116063 0.989363
1 19.8683 9.387 1.75122 0.208318 0.51274 0.832888
1 1.44238 12.1858 1.76035 0.0360767 0.249144 0.967794
1 29.2627 3.99233 1.75541 -0.515691 0.522503 0.679009
1 29.0567 2.26063 1.76125 -0.275573 0.453512 0.847577
1 23.046 20.5106 1.60402 0.201242 0.451367 -0.86935
1 8.81453 6.52224 1.61078 0.432847 0.037995 -0.900666
1 33.4159 8.51467 1.60812 0.781353 0.0400193 -0.622805
1 10.96 15.7324 1.61222 0.0449511 -0.298818 -0.953251
1 2.14659 7.68469 1.77337 -0.424294 0.475918 0.770375
1 18.0189 12.5624 1.75899 -0.0987617 0.131309 0.98641
1 17.571 31.7817 1.75988 0.128469 0.0609574 0.989838
1 1.33959 17.7217 1.75409 0.510216 -0.110111 0.852969
1 14.3065 26.2141 1.60822 0.572761 0.288201 -0.767389
1 23.2705 15.8853 1.77131 0.74714 -0.190617 0.636747
1 30.4786 13.7969 1.74108 -0.230374 -0.628056 0.743285
1 15.5288 23.4301 1.60653 0.104958 0.110416 -0.988328
1 5.18015 15.5487 1.61247 0.079491 0.594641 -0.800052
1 21.5893 7.56789 1.59856 -0.145748 0.753709 -0.640844
1 9.24359 15.8943 1.60645 0.0721265 -0.013662 -0.997302
1 5.0867 0.103779 1.60147 -0.378673 0.357424 -0.85373
1 25.8571 27.2039 1.75537 0.0837101 0.172661 0.981418
1 13.8684 14.151 1.75477 -0.286837 -0.687466 0.667169
1 26.8991 13.3339 1.613 0.546251 -0.221427 -0.807824
1 3.20456 26.8252 1.74634 0.128533 -0.67233 0.729007
1 4.52402 32.8958 1.61478 -0.664141 0.374791 -0.646876
1 27.8196 27.5835 1.75312 0.0123896 0.531613 0.846897
1 12.4779 8.02317 1.61742 0.605559 -0.485433 -0.630597
1 20.8505 9.33042 1.75459 0.203015 0.721261 0.662244
1 14.4527 10.7544 1.75407 0.0295434 -0.440977 0.897032
1 27.7599 25.1768 1.76136 0.397933 0.51446 0.759592
1 19.5965 1.88795 1.75296 -0.429706 0.3953 0.811844
1 31.4818 4.476 1.61401 -0.0196433 0.467866 -0.883581
1 4.68524 22.0819 1.75236 -0.256411 0.512274 0.819651
1 2.18865 27.0781 1.74857 0.0176306 -0.835004 0.549961
1 25.5159 22.8764 1.61713 0.739407 0.184671 -0.647436
1 30.3181 22.8355 1.61146 0.594944 -0.418192 -0.686409
1 1.02423 26.204 1.6136 -0.308982 -0.653078 -0.69139
1 11.0993 25.3937 1.75308 0.323749 0.552592 0.768003
1 19.6323 29.9395 1.7489 0.414769 0.369496 0.831529
1 27.016 2.49482 1.7563 -0.300806 0.115192 0.946703
1 18.673 10.0289 1.75585 0.101032 0.26219 0.959713
1 14.0017 18.9495 1.61377 -0.587903 0.355876 -0.726445
1 30.9971 18.2712 1.61312 -0.0446963 -0.55106 -0.833268
1 2.17193 21.7094 1.76024 -0.166413 0.0526577 0.984649
1 27.9548 15.2523 1.61495 -0.526197 0.140078 -0.838746
1 33.5517 6.73446 1.60981 0.425896 0.0897426 -0.90031
1 28.0268 18.319 1.60743 -0.0902728 -0.0950985 -0.991366
1 29.5712 29.4535 1.62178 0.223617 0.462239 -0.858097
1 2.35288 15.5718 1.75279 -0.556476 0.416205 0.719102
1 15.8977 19.3861 1.61277 -0.579136 -0.0281108 -0.814746
1 31.1661 16.3163 1.60952 -0.438453 -0.52884 -0.726696
1 16.4574 31.6908 1.7594 0.127512 -0.0727955 0.989162
1 9.3044 19.1489 1.61219 0.452944 -0.00843674 -0.891499
1 32.353 24.9998 1.61043 -0.558388 -0.111741 -0.82202
1 33.2148 11.7508 1.7566 0.113859 -0.206654 0.971767
1 3.49697 18.4239 1.75738 0.421167 0.301139 0.855531
1 23.8106 16.6976 1.60254 -0.541561 0.203659 -0.815619
1 10.7571 29.1504 1.72907 -0.268935 0.517984 0.812014
1 13.9799 22.5224 1.61066 -0.0399339 0.344309 -0.938007
1 7.53627 20.3571 1.61701 0.626939 0.315175 -0.712469
1 10.133 16.3842 1.6098 0.126678 -0.153538 -0.979989
1 17.0037 10.9199 1.75784 0.0454503 -0.0231049 0.998699
1 11.8096 11.2599 1.61372 -0.419949 -0.533695 -0.734039
1 5.07623 31.3735 1.74797 -0.646604 -0.292822 0.704385
1 22.3084 2.78738 1.75688 -0.163443 -0.62769 0.761112
1 33.7355 3.15807 1.60635 -0.266687 0.036866 -0.963078
1 34.5828 26.3367 1.61194 -0.322238 -0.447445 -0.83424
1 10.164 32.7345 1.60279 -0.726385 -0.375082 -0.575915
1 32.3172 7.36337 1.61069 0.501141 0.289744 -0.815417
1 25.45 3.87865 1.75071 -0.565167 -0.129207 0.814796
1 31.4619 6.44608 1.61043 0.338073 0.45072 -0.82617
1 11.7627 4.42549 1.61075 0.0662462 -0.405753 -0.911579
1 25.9873 32.813 1.75777 0.507797 -0.123998 0.852506
1 34.4421 6.23779 1.61092 0.286323 -0.0479884 -0.956931
1 7.79485 11.2256 1.60977 -0.426177 0.123114 -0.896223
1 2.52498 17.827 1.75693 0.514515 0.0908166 0.852659
1 0.454249 20.9629 1.75908 -0.0664357 -0.258125 0.963825
1 16.9447 24.8311 1.6112 0.347332 -0.0804143 -0.934288
1 17.0029 14.0637 1.75943 -0.258186 -0.0119138 0.966022
1 31.4994 11.6834 1.75388 0.188616 -0.501297 0.844468
1 21.0053 20.6277 1.61898 0.213094 0.757526 -0.617045
1 26.773 1.59359 1.75969 -0.138087 0.0575636 0.988746
1 5.81503 27.6709 1.75975 -0.0417435 -0.242959 0.969138
1 18.0849 3.43765 1.74893 -0.679003 0.125501 0.723328
1 17.6729 29.3677 1.75345 0.451326 0.0859018 0.888215
1 27.1681 5.27184 1.6204 -0.682114 -0.2291 -0.69443
1 33.6529 14.4639 1.75711 -0.367955 -0.0864902 0.925812
1 15.4114 31.5638 1.75778 0.138473 -0.216038 0.966516
1 0.622898 5.60836 1.61048 0.134809 -0.192547 -0.971984
1 0.542672 22.2053 1.76061 -0.281627 -0.230307 0.931474
1 14.2256 28.77 1.76189 0.577104 -0.382873 0.72136
1 29.8865 16.3756 1.60841 -0.401807 -0.305683 -0.863197
1 3.66249 1.84363 1.63532 -0.0144695 0.577379 -0.816348
1 10.0651 15.3339 1.60713 0.0319978 -0.153529 -0.987626
1 3.35376 17.1298 1.75435 0.611978 0.253153 0.749264
1 27.9406 4.23977 1.76636 -0.66856 0.232306 0.706442
1 24.5897 12.091 1.6107 0.362468 0.219897 -0.905683
1 21.9581 28.9233 1.75319 -0.25515 -0.554274 0.792262
1 26.6746 4.10238 1.7536 -0.632986 0.0359962 0.773326
1 29.8635 20.2537 1.60596 0.237056 -0.380082 -0.89406
1 7.12153 3.44745 1.60827 0.0638578 0.170895 -0.983218
1 8.86198 29.322 1.75549 -0.291894 0.250145 0.92316
1 31.7489 25.9449 1.61003 -0.366516 0.0679165 -0.92793
1 4.65835 1.92541 1.60489 -0.0341855 0.441971 -0.896378
1 10.2765 0.457386 1.61429 -0.325079 -0.38346 -0.864455
1 21.7359 21.8807 1.62393 0.431885 0.578517 -0.691949
1 19.387 22.0116 1.61846 -0.101263 -0.515999 -0.850583
1 7.44047 17.9262 1.6143 0.318661 0.310634 -0.895523
1 12.7098 32.2492 1.75389 0.0436316 -0.625666 0.77887
1 17.0717 11.9929 1.75897 -0.0579209 -0.0174624 0.998168
1 22.5682 30.0764 1.75274 -0.472866 -0.486412 0.734712
1 20.6202 32.1686 1.75248 0.146433 0.519677 0.84172
1 2.11531 14.5389 1.75697 -0.364153 0.429106 0.826596
1 20.9044 16.326 1.75368 -0.476675 0.552552 0.683716
1 22.3305 1.479 1.75771 0.10391 -0.67914 0.726616
1 21.2133 34.3013 1.73123 -0.174962 0.646549 0.742538
1 13.5564 25.2701 1.61474 0.426068 0.445011 -0.787675
1 9.6577 11.5466 1.60966 -0.377797 -0.189976 -0.906189
1 15.4167 1.5339 1.76069 -0.424995 -0.25468 0.86863
1 27.9093 16.2626 1.61272 -0.392639 0.00389172 -0.919684
1 23.6155 32.1615 1.58443 -0.613268 0.47082 -0.634217
1 14.1386 9.70094 1.75536 0.179578 -0.5006 0.846848
1 31.6833 20.5573 1.62591 0.187052 -0.740721 -0.645247
1 12.9326 34.5791 1.74729 -0.298093 -0.582721 0.756027
1 31.9727 8.33696 1.61119 0.667062 0.283253 -0.689055
1 13.1218 19.9416 1.64056 -0.419054 0.56638 -0.709653
1 5.90379 11.7738 1.60777 -0.320753 0.49582 -0.80702
1 10.5974 30.4058 1.74666 -0.472652 0.53803 0.697943
1 24.727 6.70897 1.61213 -0.385712 0.0994041 -0.917249
1 26.7016 15.3726 1.63662 -0.649301 0.355334 -0.672418
1 6.14743 14.924 1.61032 0.010243 0.406169 -0.91374
1 17.6575 1.74317 1.75798 -0.422357 0.0771999 0.903136
1 20.1542 20.921 1.60956 -0.257199 -0.697062 -0.669293
1 33.4531 4.88517 1.6085 0.0495056 0.106998 -0.993026
1 24.6491 13.1351 1.61541 0.510956 0.173954 -0.841822
