1 18.3568 32.1659 1.75964 0.0505521 0.158105 0.986127
1 31.0332 21.5145 1.60383 0.375851 -0.710803 -0.594555
1 15.6137 7.40697 1.74816 0.476542 -0.395112 0.785362
1 27.4645 17.1876 1.60965 -0.227076 -0.0497217 -0.972607
1 10.6245 26.8804 1.75776 0.146323 0.493352 0.857434
1 12.7663 11.4149 1.68707 -0.0320969 -0.806304 0.590631
1 18.5151 24.6179 1.60389 0.3322 -0.315316 -0.888942
1 24.7389 19.9513 1.60571 0.160327 0.305102 -0.938727
1 7.26917 0.322312 1.60807 -0.373179 0.0206435 -0.92753
1 30.7157 13.8676 1.7465 -0.207119 -0.662843 0.719542
1 19.2186 6.27292 1.75859 0.56002 0.289065 0.776414
1 33.2138 10.3339 1.75454 0.370508 -0.308454 0.876117
1 28.3772 33.8995 1.75799 0.242911 0.252849 0.936516
1 3.68826 9.53588 1.75925 0.351118 0.521022 0.77798
1 16.6355 24.8674 1.61033 0.330657 -0.017321 -0.943592
1 28.7 19.9108 1.60678 0.226504 -0.222963 -0.948147
1 16.9339 29.894 1.75987 0.35018 -0.0360001 0.93599
1 22.7066 19.3533 1.6109 0.0133691 0.540955 -0.840945
1 22.4029 20.4592 1.60842 0.204786 0.596416 -0.776113
1 18.8201 25.5334 1.61133 0.521111 -0.349425 -0.778682
1 19.1558 33.7865 1.75838 -0.182409 0.311817 0.932468
1 13.6376 26.5394 1.602 0.52627 0.379098 -0.761134
1 16.7359 0.842966 1.75743 -0.359052 -0.0344043 0.932683
1 29.9406 23.408 1.74669 -0.788198 0.406524 0.462042
1 24.7036 32.5239 1.75404 0.524519 -0.348055 0.777006
1 29.0808 6.77858 1.61314 -0.391798 -0.35718 -0.84789
1 11.8844 19.261 1.61153 0.462043 -0.424322 -0.77876
1 7.91883 12.3915 1.60934 -0.311627 0.121835 -0.942361
1 12.0336 5.31318 1.6051 0.16933 -0.373467 -0.912058
1 18.4483 11.1861 1.75851 0.0142166 0.17322 0.984781
1 7.15504 18.1423 1.61061 0.322571 0.362226 -0.874494
1 7.30944 28.6915 1.76156 -0.150027 0.0389969 0.987912
1 5.8601 1.80363 1.61046 -0.111195 0.270857 -0.956176
1 18.4044 20.7121 1.60878 -0.356633 -0.34182 -0.869466
1 13.235 8.84539 1.75323 0.394516 -0.70274 0.592043
1 25.3277 29.4566 1.75723 -0.377218 -0.00936594 0.926077
1 4.99266 8.76564 1.58987 0.917309 0.193483 -0.348007
1 14.7645 4.48976 1.59307 -0.168334 -0.773808 -0.610643
1 17.6235 33.6936 1.75873 -0.141813 0.0869784 0.986065
1 10.3471 10.9998 1.60781 -0.495149 -0.279218 -0.822718
1 32.382 11.1311 1.75707 0.24234 -0.450973 0.859008
1 2.17026 22.455 1.75659 -0.338344 0.074736 0.93805
1 14.1907 20.9885 1.61053 -0.362523 0.302183 -0.881625
1 18.4339 8.18711 1.75713 0.339184 0.159854 0.927039
1 13.408 16.1263 1.59908 -0.0777508 -0.767066 -0.63684
1 26.8355 24.2475 1.76281 0.628443 0.233143 0.742094
1 14.3515 8.81232 1.75625 0.376338 -0.538965 0.753582
1 4.30288 10.7418 1.77467 0.15378 0.749348 0.644073
1 22.8153 13.5926 1.59567 0.525709 0.486486 -0.697827
1 34.1801 7.75965 1.61525 0.665669 -0.0279699 -0.745723
1 21.764 27.8384 1.75164 -0.0469872 -0.597277 0.800657
1 2.64196 23.289 1.76269 -0.495216 0.183301 0.849213
1 5.16615 34.2494 1.61039 -0.386747 0.298188 -0.872646
1 21.0143 22.6049 1.6162 -0.0341043 -0.747043 -0.6639
1 31.142 18.4458 1.61598 0.0234011 -0.611301 -0.791052
1 4.54226 26.4284 1.74979 0.275125 -0.352698 0.894377
1 32.8036 28.9543 1.60623 0.155503 -0.06325 -0.985808
1 22.1934 29.0341 1.75019 -0.273865 -0.602766 0.749447
1 19.4554 8.275 1.75444 0.29618 0.35223 0.887813
1 32.4724 6.33376 1.61278 0.368337 0.328261 -0.869812
1 9.22144 2.70876 1.60835 -0.0761921 -0.0974713 -0.992318
1 24.9976 30.3202 1.74555 -0.542169 -0.0805418 0.8364
1 13.7396 11.5797 1.75188 -0.0411718 -0.657156 0.75263
1 34.3705 12.9704 1.76043 -0.0570554 -0.0640616 0.996314
1 33.2354 30.9664 1.61341 0.480088 -0.0757027 -0.873948
1 11.1288 29.9952 1.73972 -0.392699 0.594326 0.701829
1 23.1891 12.5989 1.61519 0.423022 0.417647 -0.804129
1 13.2256 28.3786 1.7305 0.560303 -0.620492 0.54868
1 16.6431 25.8403 1.61483 0.526118 0.0030083 -0.850406
1 32.2174 28.1787 1.60791 0.0214177 0.0224055 -0.99952
1 0.655022 6.27527 1.60978 0.263012 -0.12945 -0.956069
1 11.9263 3.03008 1.61864 -0.121385 -0.459178 -0.880012
1 5.69115 2.88464 1.61518 0.014756 0.358596 -0.933376
1 17.4216 8.30767 1.75993 0.35225 -0.0292278 0.935449
1 19.1931 31.6225 1.75797 0.118427 0.266997 0.956393
1 27.3593 30.0141 1.75805 -0.541719 0.331517 0.772423
1 15.427 16.9202 1.74875 -0.522108 -0.420924 0.741772
1 25.6838 28.5889 1.75959 -0.213237 0.0677535 0.974648
1 0.413793 12.2621 1.76077 0.0588936 0.0467851 0.997167
1 5.80533 28.9766 1.75824 -0.184351 -0.155237 0.970524
1 23.6643 2.18457 1.75349 -0.127269 -0.193645 0.972782
1 30.3784 28.6328 1.61342 0.119411 0.432179 -0.893847
1 32.9967 29.9716 1.60927 0.319106 -0.0622464 -0.945673
1 31.5017 8.08319 1.59408 -0.442235 -0.712196 -0.545165
1 17.8097 0.725894 1.75458 -0.347971 0.129138 0.928568
1 28.0774 6.1809 1.61787 -0.466919 -0.180641 -0.865653
1 10.0096 16.1399 1.60878 0.0529288 -0.127352 -0.990444
1 28.2576 10.4263 1.60907 0.190944 -0.277776 -0.941478
1 4.03079 12.1323 1.76151 -0.00784094 0.715283 0.698791
1 32.5427 15.3864 1.74579 -0.496901 -0.37449 0.782845
1 23.9037 10.5192 1.6105 0.142576 0.370813 -0.917698
1 11.7329 6.36319 1.60655 0.32409 -0.318497 -0.8908
1 26.5637 13.5571 1.63515 0.640851 -0.219926 -0.735488
1 18.9322 26.548 1.76306 -0.719953 0.300049 0.625811
1 19.7751 14.7139 1.75874 -0.200974 0.396177 0.895909
1 8.98173 6.81274 1.61439 0.452323 0.0313216 -0.891304
1 22.6964 23.9861 1.77167 0.680577 -0.315272 0.661376
1 0.0743394 22.0267 1.75778 -0.288656 -0.29386 0.911221
1 16.6738 27.626 1.7626 0.796103 -0.138025 0.589211
1 27.8784 20.5709 1.60768 0.330079 -0.0893702 -0.939713
1 4.75645 33.3873 1.60284 -0.535759 0.29642 -0.790631
1 27.5609 28.9503 1.76301 -0.289022 0.405358 0.867267
1 24.6745 18.8235 1.60633 -0.0417977 0.285825 -0.95737
1 21.5827 14.7865 1.75534 -0.0917722 0.712923 0.695211
1 0.521242 11.2871 1.76076 0.229306 0.0402198 0.972523
1 29.5787 7.83882 1.61159 -0.20323 -0.453376 -0.867841
1 3.6143 33.4422 1.60105 -0.406237 0.519411 -0.751787
1 24.3167 16.7896 1.60924 -0.407268 0.2756 -0.870734
1 28.7639 22.0886 1.61217 0.57872 -0.209423 -0.788179
1 31.6562 5.55894 1.61605 0.243251 0.50105 -0.830528
1 23.4929 21.4047 1.62057 0.401155 0.43582 -0.80569
1 14.9654 9.57299 1.75763 0.243452 -0.433032 0.867879
1 2.34392 7.23693 1.60097 0.336639 -0.412247 -0.846597
1 19.8809 7.31684 1.75804 0.386176 0.475814 0.790234
1 14.7674 24.7487 1.61093 0.235281 0.24259 -0.941166
1 5.61521 18.3672 1.62676 0.479253 0.660978 -0.57743
1 10.7307 19.5568 1.6105 0.506581 -0.198624 -0.839002
1 5.20421 16.0994 1.60414 0.106658 0.57938 -0.808049
1 3.6127 25.0074 1.76686 0.529283 -0.532114 0.660843
1 16.5414 19.2118 1.62511 -0.663105 -0.0677654 -0.745453
1 20.9879 28.9602 1.74536 0.461851 0.616829 0.637351
1 6.91354 26.1318 1.76111 0.267786 -0.0818464 0.959996
1 14.7547 11.619 1.75514 -0.0438571 -0.48021 0.876056
1 28.6727 13.4919 1.61722 -0.827598 0.268465 -0.492958
1 24.1298 27.7701 1.75916 -0.0572008 -0.190718 0.979977
1 26.3908 18.8064 1.60558 0.0256576 0.0707422 -0.997165
1 18.4418 33.159 1.7594 -0.0863141 0.191095 0.977769
1 11.5047 11.3519 1.6053 -0.43292 -0.500688 -0.749595
1 22.9224 10.6827 1.60991 0.166572 0.529281 -0.831935
1 23.7684 1.05169 1.75848 0.037062 -0.231202 0.9722
1 8.61834 27.3021 1.75997 0.0820534 0.17901 0.98042
1 6.84985 1.80112 1.60852 -0.136992 0.135857 -0.981211
1 20.4974 12.0148 1.75766 0.180268 0.569312 0.802115
1 17.2946 4.61615 1.76938 -0.838485 0.232053 0.493046
1 5.73367 14.9656 1.61097 -0.035806 0.493029 -0.869276
1 2.79518 10.1134 1.75846 0.328693 0.361033 0.872706
1 8.75589 15.2967 1.60804 0.0065044 0.0289052 -0.999561
1 31.6122 26.7492 1.60677 -0.160929 0.0400827 -0.986152
1 31.7119 12.1169 1.75702 0.100926 -0.526162 0.844374
1 9.97315 21.0018 1.61682 0.681455 -0.0805894 -0.72741
1 14.3634 2.52657 1.76496 -0.632665 -0.461069 0.622214
1 1.72443 2.64346 1.63005 -0.364487 -0.480791 -0.797489
1 22.3667 11.5882 1.62406 0.296935 0.642094 -0.706785
1 27.6894 1.24934 1.75701 -0.120242 0.232598 0.965111
1 13.9487 12.9516 1.76327 -0.213929 -0.656772 0.723108
1 9.26074 28.1072 1.75861 -0.0451259 0.289832 0.956013
1 9.75961 29.018 1.7535 -0.191904 0.369834 0.909063
1 23.6165 9.4305 1.60884 0.00175078 0.434933 -0.900461
1 16.8163 15.554 1.7596 -0.413831 -0.104024 0.904391
1 26.3182 25.0425 1.76122 0.450412 0.204441 0.869099
1 30.5742 8.35237 1.65911 -0.13573 -0.62987 -0.764749
1 6.68689 17.0496 1.61546 0.205977 0.38567 -0.899351
1 12.271 21.9761 1.60701 -0.284231 0.587855 -0.75739
1 29.405 1.12676 1.75042 -0.155563 0.512446 0.844511
1 12.1462 17.0037 1.61259 0.114888 -0.463019 -0.878871
1 6.41724 0.894076 1.60677 -0.244854 0.139909 -0.959413
1 10.8296 12.0787 1.6064 -0.328076 -0.38959 -0.860573
1 14.2951 10.511 1.75757 0.105627 -0.536963 0.836967
1 24.6658 28.653 1.758 -0.217993 -0.109797 0.969755
1 10.2223 31.2631 1.75486 -0.54176 0.501967 0.674185
1 17.9694 6.38342 1.75759 0.590638 0.052309 0.805239
1 7.09814 32.1713 1.76103 -0.772014 0.0841528 0.63001
1 8.10604 8.55892 1.61685 0.78144 0.0435389 -0.62246
1 30.7415 12.4843 1.75324 0.0851372 -0.688832 0.719905
1 24.8866 10.3942 1.60967 0.129707 0.215712 -0.967804
1 28.2884 2.83386 1.7589 -0.464754 0.316311 0.827014
1 7.39931 20.4234 1.64601 0.595524 0.502768 -0.626559
1 4.36392 13.9395 1.59792 -0.28431 0.757067 -0.588232
1 32.2019 10.0548 1.73304 0.422656 -0.475197 0.771719
1 15.6637 13.7922 1.75699 -0.256972 -0.33439 0.906724
1 30.6153 20.4729 1.61284 0.30508 -0.528998 -0.791888
1 5.46897 0.594233 1.61234 -0.235586 0.273941 -0.932446
1 25.5385 9.30487 1.60691 -0.0225278 0.131127 -0.99111
1 8.27744 14.3511 1.61067 -0.0894072 0.0945157 -0.9915
1 13.0199 17.3877 1.60823 0.112094 -0.616942 -0.778985
1 15.6212 28.4547 1.75126 0.607357 -0.224043 0.762182
1 2.44201 6.04647 1.61211 0.0916383 -0.423018 -0.901475
1 13.5923 5.6151 1.61245 0.129623 -0.590757 -0.796369
1 23.6066 6.24688 1.61022 -0.457537 0.460895 -0.760418
1 4.44422 20.7348 1.7578 0.0539097 0.397497 0.916018
1 6.30212 4.92933 1.61036 0.224796 0.35001 -0.909373
1 23.5622 11.6205 1.60924 0.287754 0.389423 -0.874956
1 29.6266 24.7882 1.61646 -0.407789 0.390289 -0.825459
1 23.9028 30.5843 1.75891 -0.523087 -0.319323 0.790198
1 8.09282 30.4209 1.7618 -0.441001 0.136882 0.887007
1 10.0015 18.8962 1.60555 0.404734 -0.0815749 -0.910789
1 15.9041 29.6994 1.75317 0.372785 -0.166919 0.912781
1 1.44278 23.2884 1.75344 -0.50305 -0.0263282 0.863856
1 8.60148 9.44203 1.61516 -0.757265 0.0438621 -0.651633
1 7.33386 14.1367 1.6111 -0.108656 0.241642 -0.964263
1 33.8958 27.1784 1.60667 -0.089159 -0.378647 -0.921237
1 24.2438 29.5396 1.75862 -0.370374 -0.205493 0.905867
1 20.5272 26.4468 1.6201 -0.231708 0.766943 -0.598423
1 9.87334 26.0129 1.75895 0.287003 0.3711 0.883128
1 28.178 9.38764 1.60947 0.0387213 -0.259822 -0.96488
1 21.4035 26.7198 1.74188 0.164006 -0.640297 0.750414
1 27.9595 12.8456 1.63919 0.577535 -0.323243 -0.749645
1 22.5234 0.536929 1.76554 0.189308 -0.655097 0.731444
1 17.5399 24.3872 1.60783 0.257488 -0.161941 -0.952615
1 18.6849 12.4775 1.75808 -0.0747769 0.199416 0.977058
1 18.6662 22.6746 1.60734 -0.0196555 -0.343574 -0.93892
1 8.60306 0.860742 1.60747 -0.308854 -0.0822373 -0.947547
1 34.4787 4.71991 1.60948 0.0168974 0.00313968 -0.999852
1 6.64328 2.79712 1.60857 -0.0226899 0.220811 -0.975053
1 1.49751 5.65275 1.61027 0.0787394 -0.281341 -0.956372
1 4.82028 24.3368 1.71189 0.663704 -0.318082 0.676994
1 9.37213 34.3039 1.6108 -0.484598 -0.265022 -0.833624
1 25.5747 11.1521 1.60867 0.251536 0.0862197 -0.964
1 0.644411 24.1517 1.75742 -0.671024 -0.16172 0.723584
1 26.4213 11.693 1.61047 0.346447 -0.0547089 -0.936473
1 9.78899 11.798 1.60605 -0.382008 -0.19576 -0.903188
1 30.6418 26.4614 1.60867 -0.194398 0.202542 -0.959784
1 0.09485 19.4402 1.75634 0.197846 -0.306406 0.931114
1 5.84196 9.63539 1.76868 0.661543 -0.462719 0.590128
1 33.333 11.3786 1.7581 0.197996 -0.275875 0.94058
1 31.3522 27.7847 1.60802 -0.0416355 0.191754 -0.980559
1 16.6572 14.5237 1.76176 -0.308601 -0.148782 0.939484
1 28.5998 17.204 1.60934 -0.214357 -0.210656 -0.953769
1 15.7203 0.426729 1.75415 -0.318573 -0.16433 0.933545
1 23.6502 28.604 1.7571 -0.203614 -0.291624 0.93461
1 13.997 30.0721 1.75083 0.339781 -0.403013 0.849782
1 2.35882 15.6481 1.75724 -0.520239 0.371135 0.769162
1 34.2226 10.7364 1.75829 0.31763 -0.133025 0.938837
1 24.6237 6.48412 1.60697 -0.457128 0.292444 -0.839947
1 30.4278 19.3513 1.6107 0.141703 -0.496245 -0.85654
1 27.6495 19.6468 1.60759 0.184859 -0.073564 -0.980008
1 21.0978 32.57 1.74295 -0.0424514 0.54164 0.839538
1 7.2411 33.9704 1.61284 -0.55225 0.0241265 -0.833329
1 3.74343 21.5463 1.75484 -0.119369 0.284494 0.951217
1 30.9157 9.55102 1.6158 0.133324 -0.717482 -0.683699
1 9.11891 13.3429 1.60723 -0.216497 -0.0387285 -0.975515
1 14.7236 33.1515 1.75919 -0.0808796 -0.292573 0.952817
1 23.28 27.2517 1.75807 0.0362822 -0.332347 0.942459
1 8.08791 22.1574 1.72856 -0.794863 -0.272706 0.542055
1 32.1197 3.54147 1.61007 -0.172361 0.399473 -0.900396
1 24.6092 15.7017 1.60915 -0.603701 0.134719 -0.785745
1 9.12243 4.82153 1.60868 0.176097 -0.0397496 -0.98357
1 7.29033 4.61327 1.60938 0.173125 0.195693 -0.965263
1 2.45473 31.8778 1.76721 0.687186 -0.122276 0.716117
1 24.5642 1.56716 1.76043 -0.0851314 -0.103808 0.990947
1 15.8496 12.7041 1.76075 -0.124177 -0.312256 0.941847
1 8.98423 25.3212 1.75973 0.388966 0.20865 0.897313
1 21.3758 11.6778 1.74624 0.269847 0.724833 0.633877
1 2.68415 34.3034 1.60737 -0.217203 0.707861 -0.672127
1 24.5637 11.3965 1.60952 0.274049 0.238721 -0.931617
1 7.66882 1.24539 1.60991 -0.226211 0.03169 -0.973563
1 25.1578 17.3891 1.60918 -0.249708 0.19012 -0.949474
1 9.84667 22.1045 1.60035 0.798276 -0.0666369 -0.598594
1 33.6449 15.3609 1.75893 -0.464168 -0.175202 0.868246
1 14.9399 22.6924 1.60733 -0.0922444 0.204129 -0.974588
1 16.6132 28.903 1.7487 0.498485 -0.108068 0.860136
1 19.9722 22.301 1.62193 -0.0378834 -0.586341 -0.809178
1 15.7645 11.6045 1.75652 -0.0136896 -0.300985 0.953531
1 5.49523 30.9019 1.75195 -0.518481 -0.160023 0.839982
1 22.381 26.855 1.75571 0.120887 -0.481476 0.868083
1 12.3052 34.4659 1.74007 -0.316355 -0.678301 0.663194
1 19.5334 1.08367 1.74314 -0.4386 0.428313 0.79005
1 28.8249 26.2263 1.61525 -0.0397994 0.988389 -0.146642
1 26.0021 32.1451 1.74968 0.693417 -0.142101 0.706385
1 10.0148 5.37809 1.60861 0.232578 -0.136305 -0.962979
1 31.7619 23.8177 1.60834 -0.620823 -0.0302832 -0.783365
1 24.5987 21.9567 1.60935 0.53229 0.269481 -0.802526
1 6.80693 19.1318 1.63072 0.421539 0.483745 -0.767004
1 26.8137 17.9249 1.60775 -0.101464 0.0172906 -0.994689
1 0.697896 7.28364 1.61185 0.467523 -0.166861 -0.86809
1 32.841 14.3658 1.75845 -0.303183 -0.323841 0.896218
1 5.13759 11.3033 1.60049 -0.365265 0.710962 -0.600928
1 26.8545 0.777704 1.75923 0.0211289 0.121106 0.992415
1 27.5572 22.472 1.61255 0.663546 0.0281148 -0.747607
1 22.8363 1.66778 1.75662 0.0671014 -0.317108 0.946013
1 11.8378 25.5819 1.7473 0.404032 0.696819 0.592622
1 26.8895 16.361 1.60815 -0.377346 0.0483514 -0.924809
1 1.20911 27.0595 1.6152 -0.0633594 -0.745378 -0.663624
1 19.6952 29.9998 1.75296 0.328282 0.361501 0.872667
1 13.0023 13.0351 1.7324 -0.283087 -0.794225 0.537651
1 12.8217 14.7861 1.63275 -0.24038 -0.667476 -0.704764
1 9.75061 23.5585 1.75362 0.67225 0.265261 0.691171
1 3.81614 2.68144 1.65662 0.159216 0.658186 -0.735827
1 17.9722 30.1844 1.75956 0.318684 0.100017 0.942569
1 11.2338 21.3258 1.59332 0.725468 -0.404576 -0.55679
1 16.8485 21.8692 1.6082 -0.210783 -0.0970116 -0.972707
1 11.8499 28.7292 1.73672 -0.225254 0.676289 0.701351
1 5.41227 22.2854 1.72066 -0.337806 0.508622 0.791954
1 2.68008 29.458 1.76033 -0.26381 -0.635106 0.725978
1 8.37101 3.18317 1.60784 -0.00962966 0.0145982 -0.999847
1 1.1027 22.3419 1.75538 -0.332047 -0.110959 0.936714
1 9.17892 30.9049 1.75414 -0.52257 0.307157 0.795346
1 27.2813 8.94789 1.60731 -0.0364096 -0.11277 -0.992954
1 4.46181 31.3401 1.74885 -0.572515 -0.329563 0.750743
1 34.3006 3.21064 1.60623 -0.215542 -0.000406732 -0.976495
1 26.4544 14.5965 1.68245 -0.773348 0.30606 -0.555212
1 25.5561 18.2832 1.60638 -0.105847 0.153739 -0.982426
1 24.2181 17.8713 1.60905 -0.207565 0.320039 -0.924387
1 2.15967 4.93573 1.60864 -0.116882 -0.405614 -0.906541
1 11.1161 18.5868 1.61111 0.363255 -0.271129 -0.891367
1 8.14478 5.25419 1.60897 0.240576 0.0947576 -0.965994
1 13.0507 22.7678 1.60892 -0.102032 0.476086 -0.87346
1 6.87192 25.1374 1.75007 0.406514 -0.112635 0.906675
1 0.718156 31.6207 1.61249 0.498811 -0.525777 -0.689019
1 32.536 27.1746 1.60663 -0.106842 -0.118506 -0.987188
1 30.037 16.3503 1.6084 -0.369327 -0.442593 -0.817135
1 33.1498 0.650724 1.60062 -0.597657 0.187694 -0.779473
1 15.6838 25.2607 1.61173 0.379627 0.128959 -0.916108
1 23.2098 29.4731 1.75524 -0.34303 -0.412997 0.843661
1 13.786 24.6452 1.60846 0.192805 0.383124 -0.903351
1 21.8934 22.3254 1.77131 -0.43896 -0.714407 0.544919
1 25.6966 7.79086 1.60878 -0.238639 0.114057 -0.964387
1 16.1847 34.2401 1.75766 -0.2128 -0.0994158 0.972025
1 18.2484 34.3693 1.75741 -0.233155 0.191288 0.95344
1 3.14507 5.26475 1.61866 -0.0884186 -0.541765 -0.835866
1 5.48891 25.7589 1.74654 0.372727 -0.223664 0.900583
1 11.7842 33.0651 1.74729 -0.0600796 -0.735901 0.674418
1 21.0624 3.16179 1.73871 0.151774 -0.547078 0.823207
1 9.64873 27.1028 1.75949 0.115866 0.337564 0.934144
1 26.2134 17.1507 1.611 -0.228606 0.0761916 -0.970533
1 26.3468 33.6502 1.75616 0.323179 -0.0575151 0.944588
1 26.5488 7.27144 1.61054 -0.315979 -0.00425171 -0.948757
1 2.63399 13.5255 1.75389 -0.151044 0.481743 0.863197
1 21.6776 19.413 1.61475 -0.0221923 0.694379 -0.719267
1 16.2463 20.1612 1.61376 -0.496936 -0.0378718 -0.86696
1 33.1404 34.2068 1.60711 -0.739724 0.213416 -0.638171
1 16.5654 23.8803 1.60807 0.143863 -0.0275874 -0.989213
1 15.383 26.1283 1.62893 0.548874 0.150104 -0.822317
1 12.1477 18.1356 1.61169 0.28008 -0.455829 -0.844852
1 19.4224 15.7496 1.75931 -0.371708 0.339027 0.86423
1 19.9466 25.4777 1.7455 -0.491052 0.58045 0.649574
1 18.4579 1.45871 1.75461 -0.43094 0.236581 0.870816
1 0.974226 14.2709 1.75796 -0.288656 0.171742 0.941904
1 34.0942 24.9358 1.61048 -0.496652 -0.446466 -0.744315
1 25.3288 34.1181 1.75949 0.268556 -0.169927 0.948157
1 18.3589 3.49166 1.76301 -0.688853 0.335423 0.64263
1 31.8673 0.766721 1.59213 -0.657677 0.448033 -0.60558
1 23.6304 22.5389 1.61657 0.623539 0.390821 -0.677096
1 3.27447 6.68935 1.61119 0.10496 -0.566625 -0.817263
1 16.5613 7.79443 1.75906 0.430199 -0.203355 0.879531
1 1.33229 28.906 1.60465 0.0707464 -0.759999 -0.646062
1 23.4563 33.5436 1.77599 0.319889 -0.515322 0.795056
1 24.3188 12.4322 1.60941 0.429695 0.243296 -0.86958
1 22.7406 30.3364 1.76512 -0.459334 -0.568204 0.682757
1 14.7599 27.8219 1.76541 0.779321 -0.257169 0.571422
1 7.97343 24.8923 1.7535 0.44856 0.0344835 0.893087
1 17.5057 13.9836 1.76 -0.21692 0.00359159 0.976183
1 7.71217 15.1954 1.6095 0.00328441 0.189036 -0.981965
1 0.037415 15.8917 1.74738 -0.553641 0.00901027 0.832706
1 6.67055 31.2767 1.75129 -0.608137 -0.0026209 0.793828
1 1.6321 3.71185 1.61694 -0.20442 -0.341631 -0.917333
1 21.2344 16.2086 1.75836 -0.368457 0.65718 0.657536
1 29.0919 18.1405 1.60808 -0.0606333 -0.289448 -0.955271
1 18.7208 14.7214 1.75964 -0.258548 0.229682 0.938296
1 11.0415 7.21514 1.6103 0.467658 -0.224091 -0.855032
1 19.4145 13.7496 1.75881 -0.0669828 0.320168 0.94499
1 25.9306 1.14063 1.76376 -0.0179975 0.00853487 0.999802
1 1.73942 10.563 1.75686 0.315209 0.205096 0.926595
1 11.2963 8.21571 1.62026 0.649064 -0.236413 -0.723066
1 21.842 33.7404 1.771 -0.211698 0.683292 0.698782
1 14.4951 32.1179 1.75865 0.0508907 -0.31583 0.94745
1 3.95365 1.49283 1.61468 -0.0431722 0.546193 -0.836546
1 13.5043 0.276243 1.70623 -0.382725 -0.498765 0.77766
1 21.2541 13.0609 1.74011 0.0520762 0.684191 0.727441
1 17.7806 26.3468 1.60345 0.622728 -0.153217 -0.76729
1 12.481 15.9294 1.63157 -0.0325144 -0.59052 -0.806367
1 20.0844 12.9954 1.74349 0.0563716 0.440727 0.895869
1 10.8535 24.4568 1.76206 0.543512 0.48726 0.6835
1 22.0473 3.55884 1.75752 -0.175488 -0.430904 0.88517
1 7.11149 13.0982 1.60931 -0.228267 0.264874 -0.936876
1 7.11938 6.68915 1.60533 0.456793 0.248371 -0.854197
1 13.7935 3.18394 1.61686 -0.359027 -0.676845 -0.642635
1 25.0069 8.50049 1.60887 -0.136336 0.211398 -0.967845
1 21.2858 18.1402 1.64387 -0.277289 0.751749 -0.598317
1 23.0404 4.00321 1.76426 -0.385765 -0.259512 0.885347
1 9.64594 0.719856 1.61086 -0.345686 -0.241487 -0.906744
1 4.48004 30.2831 1.75565 -0.403875 -0.321394 0.856499
1 20.455 6.38788 1.75862 0.514457 0.520617 0.68139
1 32.3245 16.3747 1.76539 -0.640145 -0.461174 0.614437
1 17.7575 18.3083 1.75089 -0.797895 -0.0131628 0.602653
1 26.4953 9.49642 1.607 0.0333271 -0.00941548 -0.9994
1 11.5561 1.80598 1.62036 -0.250997 -0.469983 -0.846237
1 25.8551 10.2265 1.60626 0.115227 0.0761113 -0.990419
1 2.1964 28.1447 1.75893 -0.071596 -0.759424 0.646645
1 10.0991 13.8865 1.61364 -0.155138 -0.174154 -0.972421
1 13.1289 20.6571 1.62925 -0.43944 0.540806 -0.717232
1 6.22912 10.52 1.6341 -0.527504 0.417655 -0.7398
1 7.46429 3.54826 1.60788 0.0484208 0.147091 -0.987937
1 29.5266 27.5524 1.63026 -0.107416 0.551186 -0.827439
1 31.8844 7.05061 1.60585 0.525457 0.408769 -0.746192
1 16.5986 13.5045 1.76034 -0.198607 -0.165538 0.965998
1 26.6754 10.7421 1.60716 0.197072 -0.0467437 -0.979274
1 30.1866 32.2798 1.75462 0.403172 0.542903 0.736688
1 17.4318 23.4338 1.60724 0.0822072 -0.159023 -0.983846
1 33.5424 12.469 1.75925 0.0189763 -0.220075 0.975298
1 25.1576 27.7932 1.75867 -0.0619159 -0.0146502 0.997974
1 28.5565 7.57234 1.61124 -0.248867 -0.292688 -0.923255
1 28.8228 20.9721 1.6078 0.395002 -0.234179 -0.888332
1 18.7452 29.5057 1.75403 0.412604 0.207059 0.887065
1 26.0077 4.89687 1.61029 -0.755444 0.111251 -0.645699
1 28.0616 8.38575 1.60996 -0.11587 -0.222882 -0.967935
1 13.905 23.3585 1.60823 0.00894429 0.36839 -0.929628
1 29.4351 28.7913 1.61706 0.124508 0.606778 -0.785059
1 25.0978 0.684059 1.76195 0.072606 -0.133783 0.988347
1 33.5897 16.3513 1.75385 -0.640318 -0.189521 0.744362
1 5.70555 27.5647 1.76051 0.045945 -0.188616 0.980976
1 25.9306 3.9672 1.76459 -0.705841 0.153692 0.691497
1 8.05643 6.25907 1.61135 0.368265 0.129008 -0.920727
1 31.3661 11.0759 1.74171 0.282377 -0.650914 0.70468
1 29.8663 25.8684 1.6124 -0.259704 0.326878 -0.908683
1 26.7392 6.36884 1.61746 -0.482764 -0.0366433 -0.874984
1 27.6693 26.8492 1.75815 0.107385 0.393467 0.913046
1 33.2801 7.08674 1.61135 0.513169 0.163004 -0.842667
1 8.90455 26.3437 1.76042 0.232825 0.207231 0.950183
1 13.3889 10.1315 1.74847 0.183597 -0.659476 0.728961
1 25.2503 13.0752 1.61175 0.557429 0.080784 -0.826285
1 32.2676 20.3087 1.76243 0.0731411 -0.746349 0.661523
1 34.5249 8.69799 1.76048 0.720326 -0.151325 0.676927
1 22.0524 8.6105 1.61163 -0.104319 0.690295 -0.715968
1 25.2692 14.0048 1.61942 0.709657 -0.0209887 -0.704235
1 14.9759 15.4505 1.72651 -0.414528 -0.481573 0.772175
1 17.7019 29.2041 1.75541 0.470389 0.0491872 0.881087
1 1.58699 6.6586 1.61259 0.263691 -0.286086 -0.921207
1 6.67605 29.4552 1.75696 -0.276778 -0.0345411 0.960313
1 0.730125 34.2082 1.7616 0.631445 0.356427 0.688649
1 28.7541 15.3266 1.62537 -0.540766 -0.195686 -0.818095
1 6.45634 28.1914 1.75973 -0.0637439 -0.084617 0.994373
1 5.38055 21.1654 1.76145 -0.0430757 0.553742 0.831573
1 24.5885 2.54736 1.76158 -0.273847 -0.0423175 0.960842
1 2.86561 18.8775 1.7626 0.360596 0.135635 0.922808
1 17.871 19.2446 1.60286 -0.682224 -0.266756 -0.680744
1 4.71688 27.4106 1.75886 0.100989 -0.32462 0.940438
1 27.0977 5.50383 1.62009 -0.643184 -0.0636833 -0.763059
1 19.9782 31.0383 1.75914 0.179424 0.389903 0.903207
1 1.36329 8.58887 1.74541 0.676127 0.0988026 0.73013
1 14.8245 23.7224 1.60857 0.0731927 0.229313 -0.970597
1 0.502246 25.8501 1.60522 -0.333494 -0.615967 -0.713699
1 31.0889 30.036 1.61147 0.285314 0.304066 -0.908922
1 3.73525 3.9894 1.7114 0.501568 0.659122 -0.560346
1 11.095 31.9613 1.75415 0.190314 -0.815655 0.546341
1 30.255 7.12272 1.61502 -0.343849 -0.525859 -0.777972
1 29.6344 17.274 1.60848 -0.208369 -0.375342 -0.903162
1 3.98532 32.1613 1.67823 0.832451 0.275121 0.480971
1 34.219 28.214 1.60435 0.0721358 -0.397114 -0.91493
1 4.11242 28.3654 1.75803 -0.0727632 -0.428536 0.90059
1 0.457285 20.4041 1.7558 0.0268754 -0.251071 0.967596
1 0.858134 1.75133 1.6096 -0.396294 -0.263797 -0.87941
1 1.67321 13.4822 1.75762 -0.145477 0.298486 0.943262
1 22.9459 2.95134 1.75547 -0.17139 -0.291462 0.941103
1 19.546 5.29179 1.75209 0.66815 0.345999 0.658681
1 14.8283 17.667 1.7744 -0.558802 -0.590573 0.582206
1 11.0339 3.75852 1.61082 0.00398223 -0.294764 -0.955562
1 32.3787 31.6892 1.61788 0.584812 0.112442 -0.803337
1 26.9282 34.4184 1.76129 0.186619 0.0837554 0.978856
1 27.5509 11.193 1.60997 0.284134 -0.175677 -0.942552
1 24.05 8.40433 1.61042 -0.147686 0.366465 -0.918636
1 27.1188 27.725 1.76208 -0.0552882 0.328662 0.942828
1 27.9688 24.7677 1.75954 0.446511 0.422978 0.78849
1 18.9071 0.398339 1.75582 -0.327772 0.306089 0.893798
1 32.6527 5.35486 1.60827 0.179565 0.316524 -0.931434
1 9.69851 20.0337 1.60983 0.545771 0.0212043 -0.837666
1 33.8601 21.3117 1.75638 -0.163324 -0.442912 0.881563
1 14.321 16.1382 1.75869 -0.409675 -0.672812 0.616028
1 1.9845 24.139 1.76247 -0.647353 0.0797354 0.758008
1 17.8769 9.17683 1.76204 0.247886 0.0592564 0.966975
1 14.3881 7.61039 1.72811 0.558302 -0.586499 0.586786
1 13.9259 17.8625 1.59133 0.0297939 -0.807398 -0.589254
1 8.96957 19.1988 1.61066 0.415185 0.118133 -0.902034
1 18.8251 28.5291 1.75229 0.585382 0.182679 0.789909
1 32.2965 25.9611 1.60986 -0.276761 -0.110675 -0.954544
1 9.06065 5.83683 1.61029 0.311645 -0.0100884 -0.950145
1 23.4642 0.0382152 1.76442 0.147177 -0.441704 0.885007
1 33.5122 13.4909 1.75821 -0.151053 -0.206098 0.966802
1 3.39881 11.1006 1.75479 0.180614 0.564752 0.805254
1 9.89148 24.8465 1.75703 0.466359 0.352077 0.811512
1 10.9227 5.83617 1.61062 0.272067 -0.232503 -0.933768
1 25.488 21.3838 1.61555 0.398745 0.202485 -0.894429
1 32.7887 18.9814 1.74945 0.286778 -0.638311 0.714365
1 4.75102 29.2999 1.75885 -0.240955 -0.303594 0.92183
1 10.9718 14.4165 1.61456 -0.123567 -0.300686 -0.945684
1 26.3909 29.5973 1.75492 -0.404513 0.189095 0.894769
1 15.6737 24.2913 1.60593 0.196932 0.105978 -0.974673
1 26.9766 25.9042 1.76125 0.2644 0.280803 0.922628
1 27.7083 31.9129 1.74652 0.685852 0.0455074 0.726317
1 16.0076 16.1354 1.74331 -0.462528 -0.26681 0.845506
1 7.72579 26.7989 1.76127 0.165863 0.05231 0.984761
1 15.2958 10.6278 1.75642 0.0948311 -0.375937 0.92178
1 9.89785 7.41694 1.61359 0.547293 -0.0794501 -0.833162
1 21.8394 31.7085 1.74191 0.00728899 0.688019 0.725657
1 4.1589 7.2769 1.59946 0.189612 -0.667747 -0.719835
1 9.81263 8.36353 1.61946 0.720788 -0.0710863 -0.689501
1 2.56393 17.9406 1.7575 0.555472 0.0935906 0.826251
1 15.0321 30.3818 1.75664 0.288364 -0.255188 0.92289
1 33.6167 2.48394 1.60867 -0.325587 0.110253 -0.939062
1 9.07585 29.9109 1.75306 -0.345549 0.27383 0.89756
1 20.1953 32.115 1.75888 0.0360739 0.409834 0.911447
1 25.4965 24.1782 1.75733 0.611338 0.0774284 0.787573
1 0.701672 9.39641 1.75371 0.552488 -0.0137785 0.833407
1 31.3302 25.712 1.60869 -0.313131 0.0632792 -0.9476
1 6.15599 16.0272 1.61181 0.0980029 0.441617 -0.891835
1 24.2509 4.23391 1.75343 -0.593574 -0.0296782 0.804232
1 6.14693 6.01755 1.61018 0.370637 0.430503 -0.82298
1 7.91119 19.2918 1.61161 0.409431 0.307687 -0.858892
1 6.16592 12.8355 1.61235 -0.262442 0.419798 -0.868846
1 25.7534 20.414 1.60635 0.253761 0.187839 -0.948853
1 26.3582 8.50187 1.60863 -0.112387 0.0394928 -0.992879
1 16.8266 12.5486 1.76055 -0.0935253 -0.128234 0.987324
1 2.78642 27.0805 1.75059 0.127211 -0.63108 0.765216
1 25.1545 31.2476 1.71455 -0.736136 -0.0486404 0.675084
1 34.342 6.7483 1.61139 0.415442 0.0137424 -0.909516
1 1.8741 25.0385 1.58856 0.793861 -0.154583 -0.588123
1 0.788243 30.1617 1.60879 0.300309 -0.546202 -0.781971
1 33.1905 20.2709 1.756 0.038174 -0.585091 0.810069
1 9.6626 17.1714 1.6082 0.172507 -0.0643053 -0.982907
1 2.63054 8.9198 1.74971 0.525748 0.328289 0.784739
1 17.4264 1.83577 1.75614 -0.464607 0.0744601 0.882381
1 27.3547 9.99005 1.60838 0.114429 -0.140538 -0.98344
1 12.6976 32.5194 1.76753 0.0154976 -0.58445 0.811282
1 8.06624 11.406 1.60551 -0.442044 0.087372 -0.892728
1 33.1171 3.35426 1.60794 -0.192371 0.218691 -0.956644
1 19.9012 27.9608 1.75971 0.654153 0.37405 0.657397
1 19.4388 23.3773 1.61839 0.131608 -0.462566 -0.876762
1 8.59844 20.2957 1.60348 0.558524 0.250822 -0.790658
1 34.2548 0.138796 1.60741 -0.630828 -0.0694019 -0.772813
1 33.1967 26.4183 1.60967 -0.208368 -0.266201 -0.941127
1 27.3949 18.724 1.60685 0.0368746 -0.0518908 -0.997972
1 10.316 9.28072 1.62859 -0.813608 -0.0991516 -0.572897
1 20.4439 8.65417 1.72389 0.253112 0.540413 0.802426
1 21.8964 10.2035 1.61488 0.0954094 0.75079 -0.653614
1 21.6755 30.2969 1.69471 0.269902 0.719263 0.640167
1 27.0853 23.3515 1.62144 0.81445 0.134158 -0.564511
1 3.59688 13.4451 1.7617 -0.177416 0.657245 0.732497
1 0.650914 10.3389 1.75925 0.396687 0.026554 0.91757
1 5.34437 20.0113 1.75692 0.208734 0.514304 0.831818
1 21.781 7.25348 1.59183 -0.211779 0.789762 -0.575696
1 11.2292 27.8677 1.7562 -0.0289007 0.586689 0.809297
1 33.2273 27.9726 1.60572 0.0271596 -0.213076 -0.976658
1 7.42034 27.7295 1.76036 0.0135203 0.0320859 0.999394
1 2.79641 2.51991 1.62413 0.340675 0.778508 -0.52713
1 16.5651 8.88809 1.75703 0.291768 -0.162302 0.942619
1 30.1203 18.2746 1.60886 -0.0380549 -0.449279 -0.892581
1 6.18452 22.912 1.74177 -0.695105 0.394207 0.60119
1 17.5125 32.7415 1.7602 -0.01906 0.0577613 0.998148
1 23.0788 25.9674 1.7568 0.288516 -0.352316 0.890299
1 24.0837 25.4908 1.76218 0.396592 -0.167806 0.902527
1 11.8372 12.6042 1.60266 -0.241732 -0.596163 -0.765607
1 8.25462 4.2272 1.60822 0.115133 0.0559534 -0.991773
1 0.77035 21.3565 1.75947 -0.147809 -0.194508 0.969701
1 12.1227 23.2946 1.60833 -0.0525541 0.642038 -0.764869
1 25.7178 5.85954 1.61317 -0.591964 0.124447 -0.796299
1 14.7505 14.1148 1.74758 -0.304754 -0.501732 0.809562
1 29.6606 20.2087 1.60943 0.273781 -0.372821 -0.886594
1 4.29647 22.977 1.75934 -0.4324 0.341348 0.834573
1 20.45 23.7379 1.60964 0.153251 -0.621433 -0.768332
1 11.3231 22.5315 1.7836 0.269276 -0.738411 0.618255
1 20.5894 0.345585 1.67311 -0.353442 0.574849 0.737989
1 3.75736 18.4322 1.75546 0.461418 0.283813 0.840561
1 9.31017 1.62948 1.60752 -0.215359 -0.145668 -0.965609
1 31.4066 2.89926 1.61475 -0.334631 0.521391 -0.784967
1 12.1355 31.5805 1.76415 0.200466 -0.669188 0.715542
1 6.71949 15.039 1.61138 -0.0136009 0.343308 -0.939125
1 30.6897 17.3625 1.61241 -0.195694 -0.545095 -0.815215
1 7.1428 9.64167 1.61434 -0.68796 0.23208 -0.687641
1 11.974 4.18081 1.61071 0.0213618 -0.406688 -0.913317
1 29.9962 29.9242 1.6206 0.319822 0.490599 -0.810572
1 19.3065 32.6556 1.75986 -0.025606 0.296525 0.954682
1 26.8281 20.6985 1.60591 0.337766 0.0587695 -0.939394
1 8.15572 10.3692 1.62096 -0.603491 0.067633 -0.794496
1 3.90212 15.8564 1.61044 0.00575512 0.796032 -0.605227
1 33.7685 32.9195 1.76182 -0.802158 -0.113725 0.586182
1 33.4572 6.10009 1.6103 0.303988 0.173101 -0.936818
1 28.6541 23.1759 1.61334 0.74667 -0.168424 -0.64352
1 15.6761 4.24356 1.78531 -0.721394 -0.454113 0.522851
1 26.6264 26.8203 1.75745 0.107279 0.227197 0.967922
1 4.47143 0.486322 1.61673 -0.22206 0.428667 -0.875748
1 34.1072 26.0522 1.61011 -0.291221 -0.435105 -0.851982
1 7.38731 7.67331 1.6225 0.60387 0.187931 -0.774611
1 23.8274 19.3829 1.60523 0.0350699 0.400539 -0.915608
1 32.0257 29.6119 1.60955 0.236329 0.110604 -0.965358
1 27.3089 12.175 1.60951 0.441141 -0.197634 -0.875406
1 29.3694 12.1018 1.60548 0.498466 -0.455119 -0.737833
1 9.2354 14.3436 1.60956 -0.10596 -0.037579 -0.99366
1 23.9846 14.3562 1.61076 0.744701 0.239699 -0.622868
1 1.19576 16.2071 1.73601 -0.691327 0.17588 0.700809
1 6.5398 8.34456 1.61551 0.70805 0.282091 -0.647372
1 18.7849 7.23777 1.75847 0.455938 0.24096 0.856772
1 22.598 32.5633 1.77475 -0.0745818 0.847072 0.52622
1 3.49093 23.9363 1.6773 -0.685832 0.327953 0.649678
1 6.68474 27.1323 1.75957 0.109899 -0.0834585 0.990433
1 14.1155 28.8848 1.75971 0.564154 -0.391874 0.726749
1 8.69462 21.3285 1.61534 0.696913 0.197087 -0.689542
1 20.0274 10.6526 1.75855 0.0530719 0.445735 0.89359
1 34.5271 31.0194 1.60567 0.474011 -0.337397 -0.813312
1 24.2775 24.5596 1.73631 0.584246 -0.117482 0.803028
1 6.95106 30.3662 1.76213 -0.443419 -0.02332 0.896011
1 33.9701 23.5594 1.7578 -0.599056 -0.396148 0.695844
1 7.26877 33.025 1.61447 -0.740314 0.0184705 -0.672008
1 28.5169 1.79189 1.75878 -0.255677 0.360575 0.897003
1 9.61138 10.12 1.61063 -0.634566 -0.111132 -0.764837
1 29.1796 14.4487 1.63762 -0.706284 -0.164486 -0.688554
1 14.0373 33.9979 1.7585 -0.216261 -0.392817 0.893827
1 6.07577 11.6951 1.62033 -0.403245 0.445256 -0.799463
1 34.6135 2.24609 1.61286 -0.355464 -0.0777699 -0.931449
1 17.4423 16.4251 1.76042 -0.514981 -0.000603396 0.857202
1 16.344 10.6564 1.75934 0.108392 -0.194219 0.974951
1 8.26238 34.5342 1.60752 -0.456672 -0.110411 -0.882757
1 10.0927 2.26956 1.61044 -0.141131 -0.216382 -0.966054
1 18.8307 2.34833 1.74966 -0.559283 0.285012 0.778441
1 23.2157 17.3818 1.61131 -0.359241 0.431396 -0.827553
1 30.4555 27.5077 1.6077 -0.0574673 0.368916 -0.927684
1 12.7024 8.0664 1.60165 0.610972 -0.476018 -0.632551
1 13.0819 1.17245 1.76508 -0.531714 -0.594016 0.603677
1 25.0037 3.41111 1.74186 -0.455148 0.07033 0.887634
1 15.7456 23.2725 1.60723 0.0186622 0.0853272 -0.996178
1 26.5881 19.7541 1.6058 0.177506 0.0575528 -0.982435
1 25.5663 19.3765 1.60708 0.082089 0.189851 -0.978375
1 17.0629 20.9257 1.61145 -0.373617 -0.15592 -0.914385
1 18.9953 19.9305 1.60974 -0.460438 -0.422123 -0.780903
1 10.0771 30.0595 1.7499 -0.354991 0.437374 0.826248
1 14.4886 5.87034 1.60217 0.214274 -0.711107 -0.669637
1 2.7677 21.6222 1.75942 -0.15046 0.132264 0.979729
1 15.4669 2.24247 1.70597 -0.558971 -0.237877 0.794334
1 15.7022 3.20153 1.75527 -0.674034 -0.190355 0.713753
1 17.7246 12.9773 1.76248 -0.1072 0.0280097 0.993843
1 1.34666 17.8341 1.74504 0.517518 -0.105882 0.849096
1 29.3875 2.31514 1.758 -0.35315 0.502786 0.788981
1 17.6599 7.3503 1.7582 0.479572 0.00935282 0.877453
1 23.9018 26.4599 1.75763 0.197141 -0.217605 0.95592
1 2.6777 4.10336 1.64742 -0.315119 -0.55267 -0.771528
1 3.57039 26.1675 1.75471 0.316496 -0.507828 0.801212
1 23.7527 7.35064 1.61372 -0.302375 0.43623 -0.84751
1 2.22215 12.4973 1.75401 0.0169706 0.382836 0.92366
1 34.1233 20.2857 1.7568 0.0315267 -0.413901 0.909776
1 16.0061 21.1766 1.61014 -0.329775 0.0148359 -0.943943
1 25.4341 16.4266 1.61449 -0.406898 0.110656 -0.906747
1 18.3066 15.7429 1.76299 -0.408975 0.155879 0.899134
1 0.128639 14.93 1.75633 -0.392676 0.0252393 0.919331
1 20.8314 9.88135 1.73954 0.0657625 0.649187 0.757781
1 24.1522 23.648 1.77196 0.778006 -0.0164413 0.628042
1 22.7509 7.28317 1.6088 -0.286248 0.618489 -0.731801
1 29.6451 6.02868 1.61889 -0.51174 -0.450519 -0.731543
1 7.76497 29.5342 1.75714 -0.295916 0.105021 0.949423
1 2.21398 19.7147 1.75922 0.185883 0.0332975 0.982008
1 11.8789 14.0016 1.61905 -0.190862 -0.463719 -0.86518
1 8.23224 18.2782 1.60971 0.297691 0.194218 -0.934697
1 14.9071 26.9386 1.60064 0.72082 0.148315 -0.677068
1 33.5758 17.8443 1.7524 0.527027 -0.466355 0.710461
1 7.58186 2.51886 1.60772 -0.0736716 0.0822926 -0.993881
1 12.8816 4.68629 1.60501 0.0530128 -0.510318 -0.85835
1 15.5039 32.3383 1.75959 0.0324496 -0.1893 0.981383
1 15.9377 9.73053 1.75541 0.20742 -0.270329 0.940159
1 23.0774 8.37595 1.61769 -0.146126 0.520267 -0.841409
1 31.3367 15.1642 1.75268 -0.477271 -0.598085 0.643822
1 28.5766 0.712835 1.75565 -0.059801 0.35998 0.931042
1 4.58088 21.8879 1.7475 -0.199777 0.413787 0.888183
1 30.8992 6.04992 1.62372 0.400565 0.614827 -0.679364
1 28.1929 32.8664 1.75879 0.473648 0.176162 0.862916
1 33.2232 9.22616 1.75566 0.566952 -0.318651 0.759623
1 5.28791 5.09489 1.60893 0.246988 0.524003 -0.815118
1 19.0899 17.5595 1.75574 -0.663102 0.262753 0.700897
1 16.738 6.73189 1.75844 0.569686 -0.191175 0.799319
1 10.2594 27.9929 1.75463 -0.0313705 0.441844 0.896543
1 19.8405 9.49054 1.75205 0.168569 0.42709 0.888357
1 6.02853 33.4782 1.61842 -0.552561 0.150926 -0.819694
1 0.711148 13.271 1.75904 -0.109741 0.111856 0.987646
1 33.7319 19.2298 1.75974 0.242842 -0.469711 0.848763
1 15.2654 31.3574 1.75948 0.158079 -0.219767 0.96266
1 10.0273 6.42872 1.61346 0.390269 -0.118067 -0.913099
1 0.562141 28.168 1.62759 0.0714124 -0.570354 -0.818289
1 29.0136 16.3176 1.61262 -0.362044 -0.273372 -0.891174
1 16.3259 1.73073 1.76188 -0.469935 -0.0939032 0.877692
1 21.9073 5.32482 1.75017 -0.754355 0.341001 0.560952
1 5.89361 26.5915 1.76105 0.214179 -0.206268 0.954767
1 12.3205 24.582 1.61061 0.233374 0.655181 -0.718523
1 30.5715 24.0812 1.60541 -0.572136 0.207465 -0.793485
1 4.74752 15.0442 1.61163 -0.103916 0.641576 -0.759988
1 5.64055 4.01088 1.62898 0.123282 0.425222 -0.896654
1 3.0219 0.961534 1.77425 -0.00915323 -0.721087 0.692784
1 25.3717 12.107 1.60986 0.398124 0.0929369 -0.912612
1 19.8703 34.3954 1.75431 -0.275793 0.438527 0.855355
1 32.6401 12.2109 1.75412 0.0591819 -0.377785 0.924
1 28.9638 8.65116 1.60964 -0.0623333 -0.370804 -0.926617
1 5.66973 29.9518 1.75854 -0.365411 -0.155617 0.917746
1 17.6677 14.9671 1.76042 -0.326243 0.0487441 0.944028
1 24.5595 9.42523 1.60876 -0.00139591 0.285675 -0.958326
1 1.76347 21.536 1.75924 -0.164238 -0.0257454 0.986085
1 11.098 4.81778 1.61106 0.135358 -0.264292 -0.954897
1 3.48946 17.3676 1.76238 0.649782 0.298238 0.699169
1 0.221727 26.9973 1.61426 -0.125761 -0.556231 -0.821457
1 10.6314 16.8867 1.60931 0.128871 -0.217629 -0.967486
1 2.20509 32.9158 1.60184 0.503401 -0.319015 -0.803005
1 34.3825 1.22685 1.61046 -0.508758 -0.0656241 -0.858405
1 16.0966 30.6419 1.75968 0.252948 -0.128235 0.958944
1 22.7326 28.1168 1.75582 -0.124923 -0.451652 0.883405
1 1.67886 30.5833 1.62535 0.258442 -0.72636 -0.636874
1 2.10103 0.993742 1.58958 0.0764281 0.854657 -0.513537
1 13.31 21.697 1.6122 -0.281492 0.426641 -0.8595
1 18.1613 31.1849 1.76028 0.181918 0.12971 0.974721
1 30.0952 15.317 1.61936 -0.556742 -0.416161 -0.718921
1 18.7272 16.6475 1.75877 -0.53177 0.209264 0.820627
1 11.4388 16.2468 1.61246 0.0641478 -0.366054 -0.92838
1 14.8942 12.8393 1.76297 -0.172495 -0.490387 0.854264
1 26.7049 21.6374 1.61527 0.483865 0.11257 -0.867872
1 4.88333 18.8784 1.76321 0.456873 0.498257 0.73689
1 28.7151 29.7276 1.62515 -0.184679 -0.896577 -0.402547
1 3.36281 20.6896 1.75973 0.029583 0.211535 0.976923
1 29.9448 10.1163 1.62928 0.214079 -0.559004 -0.801052
1 12.8641 3.44567 1.60718 -0.133267 -0.58809 -0.797741
1 20.4668 17.4684 1.75228 -0.601029 0.501684 0.622155
1 19.3938 11.6196 1.75725 -0.0202984 0.338782 0.940646
1 19.9868 16.5778 1.75733 -0.484673 0.438305 0.756955
1 15.177 20.4894 1.61168 -0.429824 0.136763 -0.892495
1 10.1237 4.35678 1.60923 0.10484 -0.167417 -0.980296
1 1.16154 19.62 1.75805 0.182342 -0.134166 0.974038
1 9.82495 15.1382 1.60975 -0.0446898 -0.121526 -0.991582
1 3.36446 22.4875 1.76151 -0.297371 0.234858 0.925425
1 1.31039 12.5211 1.75949 0.0132326 0.211113 0.977372
1 10.3224 17.9277 1.6101 0.269206 -0.15424 -0.950651
1 27.5399 4.64787 1.59514 -0.804599 -0.0712971 -0.589523
1 8.09638 13.3618 1.61056 -0.199734 0.105491 -0.974155
1 13.0292 23.8931 1.60534 0.0983777 0.519924 -0.848529
1 18.3813 23.6475 1.6111 0.153775 -0.295938 -0.942748
1 16.6449 22.8364 1.60673 -0.0407688 -0.0528786 -0.997768
1 18.2648 5.42983 1.75316 0.698372 0.0904801 0.709993
1 30.265 4.84383 1.60822 0.122428 0.682107 -0.720931
1 12.7324 6.25477 1.61933 0.247822 -0.461851 -0.851632
1 27.4893 2.25501 1.76001 -0.301644 0.22475 0.926552
1 6.29051 20.5989 1.59733 -0.224329 -0.698102 -0.679949
1 8.37269 23.1675 1.75354 0.73313 0.00737352 0.680049
1 29.1155 10.9133 1.61201 0.273985 -0.416917 -0.866668
1 26.1507 27.7187 1.75915 -0.0529272 0.155198 0.986465
1 31.1972 31.1791 1.61191 0.486497 0.338921 -0.805266
1 27.4175 33.575 1.75914 0.342932 0.0954207 0.934501
1 32.5178 13.2967 1.75824 -0.123059 -0.378861 0.917235
1 12.9822 33.6866 1.76266 -0.193378 -0.555096 0.808995
1 0.799953 18.6985 1.75598 0.339979 -0.187059 0.921642
1 8.72432 7.72402 1.62059 0.591582 0.0810552 -0.80216
1 10.1498 33.6333 1.60172 -0.61039 -0.344802 -0.713117
1 20.1012 33.2309 1.75918 -0.116546 0.421883 0.899128
1 0.760627 0.668218 1.61277 -0.515767 -0.321962 -0.79393
1 17.6772 25.37 1.61124 0.444675 -0.162198 -0.880884
1 1.42881 20.5766 1.76016 0.0112814 -0.0914224 0.995748
1 14.2195 31.0891 1.75627 0.189498 -0.348361 0.918006
1 1.50343 11.5479 1.75986 0.166452 0.211591 0.96308
1 6.23653 34.4764 1.61172 -0.389873 0.150608 -0.908469
1 27.9816 16.3635 1.60928 -0.352759 -0.113348 -0.928823
1 34.3683 5.74314 1.61118 0.207153 0.0254148 -0.977978
1 17.6712 22.5084 1.60989 -0.0740871 -0.199024 -0.97719
1 20.4942 4.94166 1.6031 0.458961 0.698294 -0.549309
1 5.07193 28.3392 1.75844 -0.0708804 -0.267883 0.96084
1 3.40334 30.5609 1.75271 -0.435698 -0.486498 0.757289
1 26.1864 15.6339 1.64171 -0.591919 0.0815487 -0.801862
1 3.15051 28.3111 1.7576 -0.0664854 -0.594023 0.801696
1 31.1656 33.1019 1.74995 0.180623 0.716122 0.674199
1 14.5733 0.385508 1.75972 -0.324111 -0.327229 0.887622
1 30.6342 25.0518 1.61304 -0.413302 0.18865 -0.890838
1 3.61555 0.0434051 1.60229 -0.187761 0.587477 -0.787157
1 10.1057 3.30934 1.60932 -0.0212157 -0.190772 -0.981405
1 18.8841 9.1798 1.76126 0.200619 0.241464 0.949446
1 18.9641 21.7085 1.60627 -0.174043 -0.421883 -0.889789
1 19.6104 21.0049 1.63451 -0.257187 -0.550489 -0.79424
1 8.23542 28.2243 1.76109 -0.0720345 0.147752 0.986398
1 33.5788 5.07668 1.60994 0.107222 0.159162 -0.981413
1 19.0832 10.3108 1.75705 0.0899084 0.287084 0.953677
1 11.5744 0.494759 1.60686 -0.404168 -0.667109 -0.62579
1 27.621 7.03995 1.61222 -0.326153 -0.150412 -0.933274
1 6.20388 7.23648 1.61199 0.508774 0.417898 -0.752669
1 13.0768 29.7097 1.74442 0.385106 -0.536107 0.751187
1 31.3464 28.8612 1.60956 0.108357 0.234429 -0.966075
1 13.8251 4.46551 1.63449 -0.0997002 -0.632798 -0.767872
1 0.415417 3.92267 1.60766 -0.126697 -0.10572 -0.986292
1 17.1471 30.8456 1.75978 0.224449 -0.00378449 0.974479
1 33.8373 14.4422 1.75594 -0.302992 -0.142734 0.942243
1 7.13077 16.0818 1.61114 0.0993859 0.290285 -0.951765
1 6.55769 3.84829 1.61233 0.0909276 0.28725 -0.95353
1 32.8574 4.3371 1.60846 -0.014446 0.277365 -0.960656
1 9.27656 18.1636 1.60827 0.294516 0.0197217 -0.955443
1 24.8237 5.33822 1.78172 0.656065 -0.298141 0.693318
1 8.94316 12.3272 1.60838 -0.335536 -0.0386052 -0.941236
1 26.1643 30.586 1.75382 -0.582925 0.112318 0.804726
1 3.12649 12.3474 1.74942 0.0163182 0.551267 0.834169
1 33.76 29.185 1.60659 0.196895 -0.234257 -0.952027
1 30.2778 33.5489 1.75039 0.181167 0.558074 0.809773
1 26.8972 3.14949 1.74632 -0.487457 0.206985 0.848259
1 25.5223 33.1042 1.76045 0.469652 -0.172654 0.865805
1 30.303 1.34163 1.76911 -0.255016 0.681795 0.685654
1 20.5459 15.3965 1.75644 -0.275321 0.546599 0.79084
1 26.0145 0.169713 1.76092 0.147254 -0.0385864 0.988346
1 20.6556 14.0987 1.7514 -0.0719632 0.536561 0.840787
1 3.74122 27.2945 1.75585 0.113214 -0.482857 0.86835
1 16.312 31.5815 1.75999 0.133931 -0.0964404 0.986287
1 1.99258 14.4983 1.75637 -0.320742 0.350191 0.880051
1 1.20554 4.57592 1.60809 -0.0646615 -0.223555 -0.972544
1 21.5664 0.444066 1.69298 -0.4873 0.679339 0.548669
1 11.6062 26.7616 1.75157 0.180378 0.641625 0.745507
1 31.5276 13.2374 1.75239 -0.0998463 -0.53357 0.839842
1 21.4895 20.8046 1.63047 0.222688 0.76393 -0.605657
1 4.65718 17.0466 1.60514 0.273501 0.693091 -0.66695
1 23.906 3.29011 1.75702 -0.371627 -0.127275 0.919616
1 21.3612 25.1348 1.60313 -0.465013 0.616864 -0.635013
1 13.1104 30.8991 1.74562 0.217664 -0.513673 0.829917
1 25.6337 26.8705 1.75909 0.106388 0.0663656 0.992107
1 11.1667 20.3567 1.64437 0.616792 -0.300045 -0.727696
1 4.27365 19.636 1.75634 0.291962 0.371733 0.881234
1 6.39233 23.7817 1.74373 0.708669 -0.21719 0.67128
1 9.20775 3.79647 1.60813 0.0515984 -0.073243 -0.995978
1 13.9027 14.5759 1.73941 -0.319971 -0.672383 0.667473
1 15.1102 34.1452 1.75857 -0.207298 -0.24278 0.947674
1 15.6304 6.28099 1.74515 0.626011 -0.436207 0.646401
1 24.4714 33.6089 1.75632 0.335738 -0.336404 0.879837
1 15.7257 33.3231 1.75912 -0.0892187 -0.159958 0.983084
1 32.8405 22.7452 1.75626 -0.40891 -0.59411 0.692695
1 3.69822 29.4041 1.75771 -0.250053 -0.473178 0.844735
1 4.66858 3.7118 1.65648 0.229632 0.588174 -0.775449
1 29.8525 8.98049 1.60239 -0.00586373 -0.520162 -0.854048
1 34.4699 18.3547 1.76301 0.445171 -0.320535 0.83611
1 18.4796 27.5415 1.74104 0.773801 0.0892112 0.627115
1 28.99 3.51554 1.75907 -0.549123 0.471685 0.689911
1 24.1183 13.4119 1.6099 0.598846 0.244822 -0.762526
1 29.4495 19.1356 1.60794 0.103392 -0.343574 -0.933417
1 5.42288 13.8172 1.61507 -0.15992 0.559669 -0.813139
1 27.2137 7.95165 1.60823 -0.184004 -0.0844127 -0.979294
1 31.8429 14.3488 1.73748 -0.325085 -0.491453 0.807957
1 12.9872 18.6995 1.61683 0.307881 -0.625021 -0.717328
1 11.9076 30.4304 1.68666 0.407637 -0.720235 0.561332
1 23.3874 20.3098 1.61139 0.203119 0.444674 -0.872357
1 33.1109 25.3564 1.60978 -0.402072 -0.26809 -0.875481
1 13.1835 25.4415 1.61712 0.327262 0.470293 -0.819588
1 2.13591 17.0021 1.74456 0.730629 -0.0539447 0.680641
1 5.73578 31.9101 1.72797 -0.689422 -0.169104 0.704344
1 5.83329 24.7826 1.74159 0.53345 -0.213971 0.81832
1 26.2994 12.6595 1.61194 0.503652 -0.0625699 -0.861638
1 22.6195 5.99991 1.60904 -0.494112 0.593358 -0.635437
1 17.3398 31.7963 1.76044 0.100867 0.0258302 0.994565
1 7.10613 10.9639 1.60466 -0.499072 0.253314 -0.828709
1 24.4143 0.039903 1.75771 0.159636 -0.277546 0.947357
1 23.3229 18.4525 1.60867 -0.145606 0.44835 -0.881919
1 10.8198 25.7004 1.75644 0.341614 0.533545 0.773712
1 18.9557 30.5982 1.75833 0.258984 0.242077 0.935054
1 26.9552 32.7158 1.75405 0.510233 -0.0314671 0.85946
1 25.4335 1.97779 1.76202 -0.176237 0.033296 0.983784
1 16.2178 17.9847 1.75585 -0.716091 -0.25013 0.651651
1 21.215 2.08471 1.64306 0.421858 -0.478249 0.770268
1 5.64943 17.0652 1.77445 -0.297284 -0.526086 0.796779
1 20.1766 1.74074 1.73281 -0.592914 0.535963 0.600996
1 10.4653 0.159496 1.61114 -0.390468 -0.454848 -0.800405
1 15.7641 14.9291 1.75473 -0.373091 -0.314642 0.872814
1 24.9235 26.0652 1.75856 0.262263 -0.0455512 0.963921
1 4.55603 25.3807 1.75287 0.470314 -0.366711 0.802701
1 10.9877 13.3073 1.61302 -0.25194 -0.330015 -0.909734
1 32.9277 24.3144 1.6173 -0.580602 -0.253704 -0.773651
1 4.03888 5.96429 1.62599 -0.0940144 -0.696706 -0.71117
1 25.2092 25.1386 1.75425 0.43714 0.0138824 0.899286
1 15.3035 1.24407 1.75668 -0.418759 -0.230957 0.878237
1 28.3777 11.7789 1.61381 0.376935 -0.31966 -0.869332
1 14.9979 21.6049 1.60919 -0.266536 0.180276 -0.946815
1 10.7671 15.465 1.60888 -0.0128303 -0.261149 -0.965213
1 10.994 2.67604 1.61416 -0.125506 -0.331174 -0.935185
1 26.6182 1.81313 1.75506 -0.159051 0.123538 0.979511
1 17.4162 20.0525 1.61829 -0.527577 -0.2229 -0.819743
1 27.9451 25.8394 1.75595 0.26506 0.434046 0.861015
1 4.92081 1.48398 1.60794 -0.0919562 0.390896 -0.91583
1 25.9496 25.9483 1.75953 0.278249 0.122099 0.952717
1 25.9866 2.72782 1.74345 -0.333727 0.113329 0.935833
1 28.0515 18.0021 1.60783 -0.0857607 -0.131397 -0.987613
1 27.839 14.5611 1.623 -0.6396 0.0568979 -0.766599
1 10.7686 28.98 1.75528 -0.211712 0.519125 0.828062
1 26.6548 28.6253 1.75985 -0.218359 0.241902 0.945411
1 19.9587 3.27823 1.7687 0.444162 -0.687601 0.574391
1 17.4155 10.8549 1.75668 0.0787644 -0.00616556 0.996874
1 15.5806 8.54024 1.75611 0.343463 -0.335997 0.877006
1 34.2282 11.7454 1.75914 0.139157 -0.108841 0.984271
1 32.1414 33.7351 1.77217 -0.287464 0.798587 0.528795
1 29.0148 32.1653 1.75235 0.531295 0.315581 0.786215
1 27.536 15.4971 1.63226 -0.495095 -0.0268965 -0.868422
1 4.75625 2.57094 1.6085 0.0614582 0.504081 -0.861467
1 30.3002 3.45299 1.61043 -0.224163 0.716536 -0.66055
1 7.67927 17.1968 1.61367 0.19711 0.241981 -0.950049
1 32.6416 7.88411 1.78354 -0.675912 -0.247509 0.694177
1 18.1038 10.1534 1.7562 0.138932 0.120372 0.982959
1 16.5138 32.5215 1.75978 0.0145795 -0.0654181 0.997751
1 0.284212 23.0703 1.75719 -0.485813 -0.24778 0.838207
1 14.1606 19.9083 1.60877 -0.514623 0.3263 -0.792901
1 23.5554 15.2088 1.77332 0.78853 -0.185044 0.586497
1 3.00371 14.6053 1.75927 -0.334406 0.527513 0.780963
1 15.8481 22.1982 1.60776 -0.160887 0.0573453 -0.985305
1 9.10818 10.986 1.6142 -0.491343 -0.0753277 -0.867703
1 28.6024 5.35142 1.61024 -0.597121 -0.205264 -0.775444
1 9.0622 16.336 1.60918 0.0742996 0.00545806 -0.997221
1 10.5542 1.38298 1.61772 -0.246029 -0.329555 -0.911517
1 24.6733 26.9856 1.75781 0.0884244 -0.0945401 0.991586
1 19.3561 18.4732 1.76338 -0.808278 0.211064 0.549671
1 22.6911 9.50626 1.61809 0.0177221 0.574676 -0.818189
1 7.99225 31.3632 1.75167 -0.588623 0.138566 0.796444
1 12.6185 2.08448 1.60863 -0.348404 -0.6247 -0.698831
1 23.0914 24.8952 1.74925 0.49658 -0.323238 0.805559
1 5.17501 6.36992 1.61973 0.358078 0.684693 -0.634803
1 16.9308 5.68775 1.74992 0.688816 -0.152883 0.708632
1 17.8201 17.3759 1.75579 -0.64981 0.0378668 0.759153
1 22.1336 25.6937 1.7511 0.345374 -0.506772 0.789873
1 19.9314 29.0436 1.75747 0.479073 0.401908 0.780358
1 0.759614 2.99291 1.61578 -0.274349 -0.232587 -0.933079
1 0.304894 17.3624 1.74128 0.678217 -0.21753 0.701928
1 8.92818 31.951 1.75873 -0.71976 0.251447 0.647085
1 22.3095 18.2252 1.61388 -0.217478 0.600705 -0.769322
1 22.5492 21.6967 1.60435 0.4075 0.577869 -0.707115
1 33.6986 31.8845 1.60665 0.624688 -0.127791 -0.770347
1 2.46101 25.9184 1.76206 0.350223 -0.699872 0.622513
1 13.5112 31.8863 1.74786 0.0788574 -0.443399 0.892849
1 29.2489 33.3154 1.75799 0.320263 0.378467 0.868444
1 17.0459 9.8434 1.75886 0.193539 -0.0735775 0.97833
1 20.5712 21.0966 1.59373 -0.174265 -0.717507 -0.6744
1 26.1489 22.4123 1.62159 0.608986 0.215232 -0.763421
1 1.82795 18.7642 1.75924 0.349617 -0.0255898 0.936543
1 31.5136 19.5856 1.6102 0.226763 -0.731522 -0.643003
1 32.5535 2.54099 1.61115 -0.352464 0.310561 -0.882792
1 28.4298 18.937 1.60757 0.070456 -0.19075 -0.979107
1 31.9733 24.8803 1.61353 -0.467694 -0.0707112 -0.881058
1 1.82813 9.56787 1.7537 0.469826 0.176767 0.86488
1 19.5446 24.4989 1.62342 0.333441 -0.48343 -0.80939
1 29.8666 22.3617 1.62062 0.616203 -0.413465 -0.670329
1 16.7122 33.4552 1.75861 -0.104773 -0.0311775 0.994007
1 6.37763 13.9608 1.61196 -0.13588 0.397896 -0.907312
1 34.0321 30.1752 1.61265 0.354996 -0.252263 -0.90019
1 0.012666 13.9236 1.76043 -0.216667 -0.00922407 0.976202
1 32.8862 21.4747 1.75521 -0.179279 -0.611377 0.770764
1 31.075 16.3428 1.60557 -0.393085 -0.633312 -0.666634
1 7.61826 24.0006 1.75416 0.572946 -0.0653847 0.816981
1 17.9318 21.5742 1.61091 -0.223895 -0.26088 -0.939049
1 5.20588 12.6348 1.61399 -0.287435 0.576292 -0.765028
1 8.09951 16.2145 1.61136 0.0947611 0.143958 -0.985036
1 16.7487 11.5701 1.75752 0.00552529 -0.131831 0.991257
1 12.5056 20.0033 1.60735 0.564709 -0.568284 -0.598462
1 12.4955 27.5113 1.75806 -0.00388852 0.783392 0.621515
1 27.6452 3.79747 1.76609 -0.6867 0.224807 0.691306
1 0.606317 5.30628 1.61158 0.0854462 -0.118632 -0.989255
1 32.1174 30.6383 1.61212 0.416465 0.136483 -0.898849
1 13.5481 6.86684 1.60506 0.387964 -0.561042 -0.731242
1 32.1228 1.70241 1.61493 -0.506179 0.394141 -0.767095
1 29.1967 34.4682 1.7563 0.0993526 0.39589 0.912907
1 33.2847 1.60079 1.61139 -0.468622 0.158942 -0.868983
1 7.14075 5.65021 1.60994 0.304715 0.248363 -0.919491
1 22.1204 2.48035 1.72016 0.0285013 -0.424437 0.905009
1 31.0814 4.11957 1.60513 -0.0920339 0.581536 -0.808298
1 11.7269 15.1505 1.62045 -0.0584813 -0.431375 -0.900275
1 33.7788 22.4132 1.75753 -0.377381 -0.442022 0.813757
1 2.39312 20.6965 1.76021 0.010277 0.0614013 0.99806
1 14.0828 22.2518 1.61107 -0.177026 0.326594 -0.928438
1 18.45 13.6791 1.76156 -0.148485 0.162941 0.975399
1 1.15279 15.2584 1.7588 -0.491684 0.199514 0.847609
1 23.3787 16.2946 1.60897 -0.570517 0.34555 -0.745054
1 27.8132 0.154174 1.75755 0.0730005 0.229786 0.9705
1 8.71941 29.0345 1.75981 -0.204222 0.215846 0.954832
1 20.69 30.0747 1.75398 0.293648 0.543858 0.786123
1 13.7175 32.9498 1.7523 -0.0693561 -0.428402 0.900923
1 30.3703 11.0488 1.59214 0.388484 -0.681727 -0.619942
1 2.47877 11.3921 1.75631 0.183851 0.392335 0.901261
1 17.1661 34.5621 1.75807 -0.247135 0.0264064 0.968621
1 31.9372 4.57575 1.60931 0.0369297 0.434374 -0.899975
1 3.2859 19.7483 1.76106 0.199237 0.197559 0.959831
1 14.3189 1.44762 1.70806 -0.472662 -0.399565 0.785454
1 27.8418 21.5273 1.60911 0.4904 -0.0604754 -0.869397
1 9.08867 32.8101 1.60286 -0.792304 -0.105522 -0.600933
1 8.6705 17.3037 1.60966 0.181245 0.0937311 -0.978961
1 31.9279 21.7609 1.76069 -0.141402 -0.771915 0.619801
1 31.0364 34.4809 1.75329 -0.0741492 0.665657 0.742565
1 25.6239 6.82104 1.6117 -0.414544 0.130346 -0.900646
1 27.36 31.0204 1.75866 -0.784077 0.205425 0.585682
1 30.1018 0.101783 1.73204 -0.0212654 0.531751 0.846633
1 24.3839 20.8942 1.61428 0.329427 0.316263 -0.889638
1 8.40448 1.99986 1.60835 -0.144773 -0.0295717 -0.989023
1 7.9725 25.8535 1.75998 0.311874 0.0599931 0.948228
1 0.150246 29.316 1.61672 0.22191 -0.42441 -0.877857
1 8.42175 33.5998 1.62755 -0.610302 -0.132667 -0.780981
1 12.1662 7.28512 1.61842 0.474204 -0.396799 -0.785927
1 22.2107 16.9513 1.62471 -0.454071 0.571252 -0.683733
1 14.2934 25.6727 1.61002 0.392305 0.295571 -0.871054
1 7.01378 12.0094 1.61427 -0.361722 0.277258 -0.890104
1 16.7967 2.69642 1.7536 -0.612641 0.00441237 0.790349
1 17.7222 11.9197 1.75867 -0.0253789 0.0299186 0.99923
1 28.0401 27.9219 1.76182 -0.0561094 0.514779 0.855485
1 14.955 29.3785 1.75692 0.44254 -0.288982 0.84891
1 34.187 9.7386 1.75438 0.490868 -0.159963 0.856423
1 20.9421 7.72617 1.76576 0.294635 0.710487 0.639061
1 21.3188 4.31749 1.77239 -0.172285 -0.625595 0.760887
1 17.6068 28.2704 1.75281 0.631685 -0.0200319 0.774966
1 15.2936 19.4461 1.6132 -0.584037 0.123562 -0.802268
1 11.3056 17.5721 1.60801 0.204638 -0.316964 -0.926098
1 20.8845 33.7735 1.73631 -0.188671 0.548538 0.814561
1 29.7602 21.3382 1.62221 0.455549 -0.382324 -0.80393
1 23.494 32.5251 1.57449 -0.472977 0.568644 -0.673006
1 16.618 17.1098 1.75143 -0.586124 -0.178957 0.79021
1 25.2312 22.9803 1.61343 0.75632 0.276182 -0.593045
1 16.9475 3.68679 1.74975 -0.74317 0.061256 0.666292
1 30.9262 2.0166 1.61334 -0.471119 0.632725 -0.614578
1 20.0382 19.7719 1.60394 -0.449398 -0.596376 -0.665114
1 11.0454 10.2319 1.60801 -0.643838 -0.307251 -0.700763
1 8.83996 24.2077 1.75588 0.565627 0.152884 0.810366
1 29.0716 9.74848 1.60969 0.110437 -0.412472 -0.904251
1 31.8608 17.561 1.61176 -0.131467 -0.740623 -0.658934
1 9.99884 12.8359 1.60889 -0.277192 -0.182618 -0.9433
1 20.9349 31.3024 1.75586 0.115269 0.551086 0.826449
1 16.4415 26.7673 1.60999 0.710993 -0.00543613 -0.703178
1 33.7922 4.05468 1.60733 -0.0789484 0.111221 -0.990655
1 24.7358 7.51237 1.60921 -0.291586 0.268747 -0.918016
