1 16.813 32.5703 1.76016 0.0564772 -0.0445237 0.997411
1 24.2364 15.8801 1.60762 -0.613136 0.246659 -0.750482
1 20.2349 15.857 1.75597 -0.366035 0.492406 0.789655
1 27.8989 20.0666 1.60939 0.150997 -0.164944 -0.974676
1 6.3439 25.4121 1.75796 0.360726 -0.212796 0.908072
1 21.061 9.1726 1.75571 0.190049 0.766707 0.613223
1 13.1275 22.6422 1.60699 -0.0409559 0.566649 -0.822941
1 28.9407 18.3219 1.60639 -0.132992 -0.31857 -0.938523
1 10.4249 6.95378 1.61184 0.411658 -0.0439285 -0.910279
1 2.63585 13.8083 1.75806 -0.194486 0.467703 0.862223
1 17.0413 16.9193 1.75481 -0.621082 -0.0292841 0.783199
1 32.6486 15.0426 1.75602 -0.418868 -0.242387 0.875099
1 24.5351 0.142999 1.75609 0.192858 -0.414891 0.889197
1 29.9941 12.9606 1.76235 -0.0762527 -0.699748 0.710308
1 14.8819 22.5061 1.60999 -0.0765096 0.242907 -0.967028
1 25.1705 18.7826 1.60762 -0.0647591 0.174599 -0.982508
1 16.4394 0.833685 1.76004 -0.311242 -0.0850356 0.946518
1 30.9451 17.7192 1.61453 -0.215934 -0.633048 -0.743386
1 30.0342 16.8229 1.62884 -0.385641 -0.499292 -0.775879
1 13.5301 20.1538 1.62999 -0.401166 0.546105 -0.735415
1 15.0454 29.8416 1.74822 0.404383 -0.308913 0.860841
1 16.986 19.9385 1.6099 -0.508901 -0.0841286 -0.856705
1 18.2878 30.3682 1.75688 0.37219 0.156088 0.914938
1 33.6365 1.64247 1.6961 -0.34398 0.68172 0.645705
1 31.4114 2.2758 1.72658 -0.350122 0.386417 0.853285
1 25.6898 13.4107 1.65069 0.632719 -0.0358614 -0.773551
1 6.61299 11.1891 1.60957 -0.403967 0.308279 -0.861263
1 9.07223 16.5568 1.61039 0.116747 -0.00410549 -0.993153
1 5.45073 34.053 1.60596 -0.162938 -0.0488693 -0.985425
1 15.427 14.3711 1.75629 -0.283767 -0.351907 0.891985
1 11.673 11.7243 1.61611 -0.367288 -0.578814 -0.728062
1 9.19276 26.5341 1.75905 0.14335 0.202717 0.968688
1 11.1037 5.43376 1.60724 0.154049 -0.190403 -0.969544
1 16.1943 26.5213 1.60681 0.649804 0.118896 -0.750745
1 20.0886 11.1277 1.74988 0.0863878 0.508129 0.856938
1 26.7157 26.5786 1.75557 0.203014 0.309053 0.929124
1 11.5607 8.48855 1.62213 0.724815 -0.172281 -0.667055
1 2.31679 33.9409 1.60645 -0.342373 0.351437 -0.871362
1 17.6219 31.9903 1.76072 0.145541 0.0715837 0.986759
1 7.72391 19.0265 1.61756 0.413072 0.29527 -0.861503
1 1.54872 16.1184 1.75976 -0.720071 0.169817 0.6728
1 3.56932 20.2382 1.7571 0.138824 0.287133 0.947778
1 20.3267 22.3294 1.65716 -0.0960246 -0.615606 -0.782182
1 16.3843 14.9438 1.75926 -0.338838 -0.158402 0.927415
1 4.74364 11.8867 1.61636 -0.229284 0.670651 -0.705447
1 21.846 28.1466 1.76438 -0.0931915 -0.569035 0.817015
1 21.4936 12.6531 1.74319 0.240695 0.771429 0.589035
1 30.3071 11.5699 1.76673 0.197373 -0.704817 0.681379
1 27.7958 4.97645 1.61182 -0.669784 -0.441317 -0.597184
1 3.44762 4.15946 1.61034 -0.201761 -0.300585 -0.93217
1 28.0485 28.2776 1.75541 -0.0997317 0.547266 0.830996
1 3.9234 18.6027 1.74455 0.431624 0.353928 0.829721
1 12.5435 7.57937 1.60967 0.555516 -0.406586 -0.725321
1 12.2006 22.1391 1.61086 -0.201605 0.702213 -0.682827
1 21.9152 20.2521 1.61248 0.220195 0.614341 -0.757694
1 8.46683 29.502 1.75408 -0.369698 0.105664 0.923124
1 32.3177 27.8751 1.60711 -0.0424876 0.0724004 -0.99647
1 28.302 27.0742 1.76373 0.0680659 0.652819 0.75445
1 15.8318 16.6777 1.75509 -0.570328 -0.251658 0.781917
1 5.53043 4.55993 1.60617 -0.148425 -0.648207 -0.746859
1 7.50669 5.14644 1.61312 0.0547074 0.457471 -0.88754
1 27.5707 26.1518 1.75186 0.2466 0.48953 0.83639
1 20.4369 12.3694 1.7592 -0.00335528 0.58068 0.814125
1 33.7309 12.7673 1.75954 -0.00594307 -0.0968476 0.995281
1 29.45 25.7676 1.60339 -0.327411 0.66347 -0.672762
1 2.67444 25.6455 1.75425 0.510035 -0.593675 0.622427
1 26.8166 5.46438 1.61653 -0.573526 -0.295082 -0.764195
1 20.5212 2.77022 1.74141 -0.507288 0.552589 0.661289
1 14.1767 20.8631 1.61382 -0.339528 0.370214 -0.864675
1 32.8446 27.0243 1.60761 -0.180251 -0.0524273 -0.982222
1 31.6687 4.73993 1.61071 -0.167109 0.437999 -0.883307
1 5.72893 1.09824 1.60681 0.191199 -0.0507237 -0.98024
1 11.9934 4.29428 1.61346 -0.0379859 -0.386907 -0.921336
1 18.2069 14.2908 1.75987 -0.212589 0.13226 0.968149
1 15.8458 32.6483 1.75952 0.0330955 -0.168591 0.98513
1 25.6237 24.9449 1.76341 0.502266 0.0921831 0.859785
1 18.9276 5.60388 1.75 0.637776 0.346225 0.688019
1 25.7533 26.8288 1.75958 0.160927 0.123595 0.979197
1 34.1596 13.6122 1.75858 -0.163012 -0.026849 0.986259
1 9.99856 27.1756 1.75901 0.0383452 0.321279 0.946208
1 31.334 0.442656 1.75812 0.0557826 0.423788 0.904042
1 31.1629 26.0165 1.60899 -0.328639 0.261139 -0.907636
1 31.3464 27.9665 1.60689 -0.0352543 0.268206 -0.962716
1 21.6294 7.50872 1.61094 -0.00304619 0.715867 -0.69823
1 17.4505 30.9353 1.75824 0.280331 0.0395337 0.959089
1 24.4311 12.2035 1.60328 0.402221 0.205865 -0.892097
1 7.32705 14.2904 1.6061 -0.0841746 0.250054 -0.964566
1 23.805 10.2089 1.60705 0.114743 0.318695 -0.940887
1 31.0635 10.2694 1.7495 0.462379 -0.533319 0.708362
1 2.18987 12.7872 1.75652 -0.0176459 0.368083 0.929625
1 27.0179 6.54531 1.61187 -0.37288 -0.311576 -0.874003
1 7.52935 33.6445 1.62083 -0.258976 -0.248574 -0.93335
1 23.3294 4.45612 1.61903 -0.618728 0.318532 -0.718131
1 19.912 26.4361 1.76306 -0.582513 0.534582 0.612291
1 13.6294 9.84114 1.75429 0.15957 -0.624971 0.764165
1 7.81925 32.523 1.62009 -0.511367 -0.294798 -0.807216
1 25.0572 31.0735 1.74357 -0.615454 -0.0219783 0.787866
1 4.58221 21.8492 1.75744 -0.151438 0.444605 0.882832
1 16.4351 4.54128 1.72614 -0.832484 -0.0702441 0.549579
1 24.7787 17.8566 1.60904 -0.230352 0.221136 -0.947648
1 0.0770395 1.80386 1.61208 -0.0531998 0.725292 -0.686382
1 24.5291 25.2581 1.75935 0.459268 -0.0874808 0.88398
1 29.4886 19.2363 1.6124 0.0276422 -0.393015 -0.919116
1 12.6619 10.5062 1.73006 0.0427607 -0.780203 0.624063
1 33.1614 13.5858 1.76138 -0.157316 -0.188316 0.969427
1 23.0437 13.4782 1.61791 0.542919 0.436948 -0.717158
1 0.852179 2.54626 1.65711 0.0662476 0.580823 -0.81133
1 31.0656 20.1344 1.63388 0.195686 -0.625098 -0.755618
1 22.3121 17.6039 1.61486 -0.284004 0.541941 -0.790975
1 1.67009 4.87852 1.60794 -0.0288343 -0.0694525 -0.997168
1 28.9037 16.4164 1.61305 -0.453737 -0.290652 -0.842404
1 20.3724 14.4974 1.75286 -0.133614 0.501029 0.855054
1 5.00466 3.45542 1.6574 -0.366048 -0.507226 -0.780212
1 15.5604 15.504 1.75875 -0.421278 -0.306347 0.853625
1 15.3174 20.5872 1.6123 -0.391655 0.170535 -0.90417
1 13.0678 15.9438 1.60357 -0.086602 -0.756132 -0.648664
1 7.46617 10.4067 1.61418 -0.544366 0.137348 -0.827527
1 12.0932 13.0292 1.62203 -0.224922 -0.633007 -0.740751
1 9.67227 31.0057 1.76763 -0.657491 0.252483 0.709901
1 18.926 26.1531 1.61444 0.591666 -0.341595 -0.730236
1 13.5643 0.974663 1.73763 -0.477827 -0.545957 0.688195
1 5.82061 29.2161 1.75879 -0.304416 -0.162581 0.938562
1 19.1111 11.0932 1.75542 0.0727013 0.32071 0.944383
1 21.7779 18.7589 1.6151 -0.0689703 0.62311 -0.779087
1 25.4831 27.7622 1.76003 -0.00712372 0.0762883 0.99706
1 26.2444 20.4528 1.60734 0.238272 0.0562708 -0.969567
1 15.7294 31.6215 1.76045 0.167078 -0.191968 0.967075
1 5.59815 18.1417 1.60726 0.4352 0.652483 -0.620376
1 27.9945 6.12867 1.61276 -0.459662 -0.472096 -0.752221
1 30.9051 1.44483 1.75689 -0.14239 0.356808 0.923262
1 6.35743 27.4186 1.75925 0.021858 -0.167542 0.985623
1 11.074 4.46647 1.60682 -0.0137937 -0.208656 -0.977892
1 13.5878 13.7246 1.75065 -0.22567 -0.661187 0.715475
1 14.3127 28.2897 1.75336 0.67683 -0.312364 0.666581
1 10.7498 13.8419 1.61529 -0.0950199 -0.398362 -0.912293
1 31.2623 11.3873 1.73486 0.227951 -0.514343 0.826734
1 8.318 14.4528 1.60588 -0.064774 0.0754451 -0.995044
1 33.8489 27.1801 1.60976 -0.164682 -0.260171 -0.951415
1 33.3812 15.8962 1.74975 -0.564419 -0.150977 0.811565
1 8.62798 9.98629 1.64106 -0.63459 -0.0513975 -0.771138
1 19.2053 28.8542 1.75121 0.600717 0.296219 0.742559
1 30.3058 4.72852 1.61573 -0.136917 0.60701 -0.782811
1 29.0574 5.88921 1.61929 -0.428967 -0.687657 -0.58576
1 28.4771 0.34097 1.7589 0.0801039 0.0537835 0.995334
1 20.2561 9.67235 1.73268 0.184237 0.596924 0.780857
1 7.42127 26.6 1.75837 0.135373 -0.0557649 0.989224
1 8.20857 25 1.75752 0.383987 0.0438955 0.922295
1 27.927 7.21972 1.6185 -0.254284 -0.44522 -0.858556
1 17.3349 8.11345 1.75754 0.357456 0.0185548 0.933746
1 22.3696 25.8197 1.7611 0.365161 -0.457733 0.810641
1 23.0321 11.4433 1.61066 0.215629 0.511063 -0.832057
1 9.08262 12.7015 1.60396 -0.243122 -0.105605 -0.96423
1 21.2888 22.9175 1.59728 -0.201156 -0.801888 -0.562594
1 24.0449 33.082 1.75051 0.556193 -0.398778 0.729127
1 5.09662 13.0742 1.61273 -0.120252 0.566995 -0.814896
1 10.2521 5.96348 1.60922 0.237432 -0.0298796 -0.970945
1 7.31381 17.4604 1.60364 0.262067 0.32377 -0.909117
1 19.8727 13.3557 1.75292 -0.0745473 0.398904 0.913958
1 26.45 27.6236 1.75776 0.0284655 0.263365 0.964276
1 5.36798 23.8858 1.72511 0.679663 -0.349612 0.644848
1 18.2987 17.1139 1.75203 -0.628016 0.177674 0.757646
1 10.665 23.1569 1.75174 0.680736 0.393469 0.617885
1 9.38827 32.9528 1.61458 -0.429585 -0.43369 -0.792066
1 2.91459 15.8894 1.75403 -0.576174 0.394152 0.716008
1 25.1466 6.79728 1.60655 -0.33176 0.00717833 -0.943337
1 27.3221 32.6671 1.74252 0.561335 -0.174178 0.809052
1 13.5276 17.4398 1.60206 0.0693981 -0.792046 -0.606504
1 12.628 18.1998 1.61543 0.190152 -0.617741 -0.763045
1 4.1179 10.1564 1.79838 -0.0142015 0.890615 0.454537
1 18.2566 10.5016 1.75867 0.104664 0.162635 0.981119
1 23.2942 16.8166 1.60761 -0.464416 0.404313 -0.787939
1 11.3377 6.36916 1.60698 0.320412 -0.217954 -0.921863
1 27.0592 8.73447 1.60965 -0.0287262 -0.270753 -0.96222
1 9.71947 15.752 1.60909 0.0454979 -0.127769 -0.99076
1 4.90681 10.4663 1.60081 -0.441558 0.5997 -0.667373
1 17.0536 2.66833 1.75559 -0.541567 -0.0287277 0.840167
1 31.146 3.8962 1.59264 -0.379647 0.463545 -0.800622
1 2.10085 32.8513 1.60939 -0.527087 0.444811 -0.724101
1 27.8817 12.6417 1.61148 0.521835 -0.431812 -0.735681
1 0.563722 17.892 1.74374 0.545865 -0.168348 0.820787
1 10.3412 2.88975 1.60998 -0.28446 -0.0931152 -0.954155
1 25.9812 6.08008 1.6134 -0.442848 -0.160349 -0.882142
1 1.24762 27.5576 1.61281 -0.0301151 -0.685979 -0.726998
1 27.6382 24.6886 1.76242 0.435046 0.449998 0.779896
1 9.92612 23.8737 1.7517 0.569992 0.289671 0.768895
1 7.58418 11.4739 1.6073 -0.391799 0.134793 -0.910123
1 17.0621 1.68332 1.75594 -0.410456 0.00324604 0.911875
1 4.63703 20.7377 1.75344 0.0712531 0.450575 0.889891
1 7.61701 20.1122 1.6226 0.562458 0.275833 -0.77946
1 10.6111 16.1724 1.60923 0.0608141 -0.269248 -0.961149
1 33.8442 29.292 1.60939 0.153267 -0.177622 -0.97209
1 27.3936 27.4015 1.75204 0.0629194 0.45251 0.889537
1 20.9432 27.8522 1.58707 0.139066 0.744319 -0.653184
1 5.5479 26.8882 1.7624 0.115355 -0.2852 0.951501
1 24.8051 10.6325 1.6061 0.190412 0.147281 -0.970593
1 27.7123 29.3646 1.75398 -0.281921 0.416432 0.864352
1 22.2019 5.1409 1.61678 -0.418037 0.523583 -0.742365
1 33.0966 34.1085 1.76441 0.185521 0.685091 0.704437
1 14.0757 23.121 1.60896 0.0199874 0.390686 -0.920307
1 16.6819 12.9823 1.759 -0.121865 -0.0987623 0.987621
1 15.2833 24.5491 1.60911 0.263217 0.227532 -0.937521
1 8.45351 6.85767 1.61644 0.37301 0.286673 -0.88243
1 33.1607 5.79656 1.60969 0.0924737 0.271691 -0.957931
1 9.45338 3.40117 1.60965 -0.203905 0.082048 -0.975547
1 31.047 5.60096 1.61147 0.0484599 0.527441 -0.848208
1 8.29223 30.9603 1.75859 -0.698897 0.0774689 0.711015
1 5.34137 2.02469 1.6071 0.381946 0.0303927 -0.923685
1 24.1935 7.2167 1.61022 -0.239159 0.164032 -0.957025
1 5.04184 18.8937 1.74803 0.447851 0.556609 0.699725
1 23.4762 7.99014 1.612 -0.126308 0.330546 -0.9353
1 8.69466 19.6983 1.61326 0.485887 0.080765 -0.870282
1 34.3455 26.2219 1.60546 -0.331977 -0.365532 -0.869585
1 0.335253 22.1338 1.75938 -0.256114 -0.206209 0.944396
1 5.42717 8.02619 1.75278 0.576384 -0.661591 0.479666
1 33.5321 14.5289 1.76073 -0.323424 -0.124237 0.938063
1 33.3029 26.145 1.60985 -0.314703 -0.17308 -0.933277
1 18.3938 8.3487 1.75893 0.322157 0.207228 0.923727
1 25.1268 21.4825 1.61226 0.443283 0.206811 -0.872198
1 19.2405 30.9891 1.76029 0.287888 0.292162 0.91201
1 26.0771 28.6187 1.75899 -0.150584 0.18459 0.971211
1 19.1358 1.71514 1.75489 -0.373284 0.315471 0.872432
1 0.493606 9.4094 1.75771 0.65887 0.116469 0.743186
1 32.2933 13.9895 1.76088 -0.250446 -0.32454 0.912113
1 28.0179 10.4704 1.61402 0.267155 -0.420564 -0.867038
1 22.5932 19.511 1.60875 0.079465 0.518003 -0.85168
1 25.8786 18.0573 1.60802 -0.195137 0.0816834 -0.977369
1 12.3091 32.0192 1.75856 0.16302 -0.697138 0.698157
1 10.4091 8.01669 1.61343 0.595147 -0.0424115 -0.802497
1 1.75582 18.0098 1.74646 0.524067 -0.00166764 0.851675
1 21.9943 9.17737 1.61855 0.0305686 0.690992 -0.722215
1 9.04337 17.6185 1.61011 0.237337 -0.00287582 -0.971423
1 20.4708 33.0322 1.75519 0.0555966 0.456099 0.888191
1 25.4393 29.4716 1.75803 -0.330845 0.0760824 0.940613
1 6.57853 22.155 1.76213 -0.565371 0.620847 0.543051
1 34.4274 5.62458 1.60394 0.0886498 0.17368 -0.980804
1 29.5505 22.2483 1.60996 0.484237 -0.408809 -0.773557
1 7.56983 4.01413 1.61275 -0.161173 0.444141 -0.881341
1 9.42534 2.44199 1.60949 -0.354763 0.109152 -0.928563
1 0.617252 33.1869 1.76723 -0.572037 0.642582 0.509767
1 30.373 0.574267 1.75606 0.0501273 0.290966 0.955419
1 18.3692 11.7104 1.75363 -0.0215174 0.197702 0.980026
1 4.5511 26.6882 1.74506 0.140093 -0.426111 0.893758
1 13.7605 15.209 1.75447 -0.345374 -0.702698 0.622039
1 1.78904 2.07164 1.62947 0.116617 0.420069 -0.899968
1 26.1509 7.11386 1.60973 -0.284741 -0.153566 -0.946224
1 10.2075 4.94753 1.60706 0.0611807 -0.0394873 -0.997345
1 29.3197 21.1368 1.60364 0.324633 -0.373737 -0.868869
1 12.6291 14.2852 1.59942 -0.081753 -0.746858 -0.659939
1 2.57447 11.7194 1.75108 0.157087 0.4403 0.884002
1 17.6105 22.3647 1.60797 -0.0817027 -0.178938 -0.980462
1 15.9407 1.64785 1.74136 -0.435899 -0.162241 0.885252
1 15.4412 25.5865 1.61394 0.451246 0.255661 -0.854994
1 19.4222 12.1541 1.75761 -0.035111 0.386835 0.92148
1 11.1884 25.7906 1.75542 0.275114 0.499934 0.821206
1 25.8518 30.3054 1.75444 -0.495953 0.143199 0.856461
1 21.4354 30.2262 1.74918 0.481806 0.680499 0.552072
1 15.3907 28.8128 1.75442 0.556936 -0.227487 0.798794
1 2.00355 30.3788 1.61006 -0.0687072 -0.860996 -0.503949
1 32.5048 2.10826 1.73723 -0.355718 0.527579 0.771444
1 7.75589 0.554262 1.60657 0.0779759 -0.343913 -0.935758
1 33.6981 32.0682 1.61478 0.598183 -0.16549 -0.784086
1 28.24 15.5117 1.61188 -0.618687 -0.143165 -0.772483
1 10.5715 11.4717 1.61293 -0.387611 -0.393298 -0.833711
1 27.2105 20.8366 1.60898 0.284151 -0.0712491 -0.956129
1 34.3227 3.59221 1.60888 -0.392013 -0.0245948 -0.919631
1 1.6729 13.7012 1.75959 -0.180161 0.292573 0.939118
1 11.6811 18.8355 1.6242 0.320041 -0.459924 -0.828277
1 27.7263 1.03664 1.76039 -0.0608534 -0.0264107 0.997797
1 25.4511 16.1977 1.61877 -0.525631 0.107533 -0.843889
1 31.9804 1.23589 1.75098 -0.146363 0.493775 0.857184
1 3.79188 25.9335 1.75804 0.326111 -0.511342 0.795098
1 28.4297 22.0861 1.61266 0.468603 -0.251369 -0.846891
1 32.2314 29.8424 1.60962 0.260899 0.14025 -0.955124
1 14.1529 0.257891 1.75136 -0.35723 -0.443523 0.821994
1 20.7423 7.57969 1.76932 0.360737 0.733562 0.575982
1 4.47552 16.7803 1.6089 0.345054 0.727135 -0.593475
1 2.71171 29.3571 1.75587 -0.355195 -0.616394 0.702776
1 12.9247 4.29751 1.61202 -0.0649414 -0.554953 -0.829343
1 15.8491 34.6036 1.76123 -0.203935 -0.166102 0.96479
1 9.36494 9.23277 1.61952 -0.786037 -0.0938739 -0.61101
1 17.0683 24.0612 1.60829 0.206022 -0.0618662 -0.97659
1 4.07049 24.6822 1.76021 0.565004 -0.544264 0.620119
1 33.6176 18.0801 1.76142 0.534323 -0.327084 0.779432
1 12.5016 28.5059 1.7524 -0.264407 0.699378 0.664047
1 9.36842 4.39899 1.60763 -0.0393582 0.105078 -0.993685
1 3.79122 21.2498 1.75908 -0.0422043 0.322503 0.945627
1 7.80664 22.6109 1.74955 0.775182 -0.12898 0.618431
1 25.524 9.93148 1.60671 0.0951019 0.0130543 -0.995382
1 12.2174 25.7644 1.74843 0.280047 0.670467 0.687057
1 2.38987 7.57129 1.61074 0.405578 -0.131012 -0.904623
1 26.1137 23.2534 1.63029 0.772666 0.0514447 -0.632725
1 28.9295 20.1752 1.61103 0.174931 -0.314201 -0.933101
1 30.0205 18.2951 1.62163 -0.111678 -0.479181 -0.870582
1 31.5817 6.59885 1.61374 0.252326 0.445717 -0.858876
1 6.74977 12.2464 1.60927 -0.275597 0.285285 -0.917964
1 8.41933 2.79948 1.61781 -0.323996 0.332409 -0.885737
1 16.3992 20.7569 1.61322 -0.364946 -0.00538025 -0.931013
1 4.88443 28.7757 1.75843 -0.226835 -0.324333 0.918343
1 29.2017 27.4217 1.59975 -0.157188 0.786945 -0.596666
1 33.2555 28.0745 1.60937 -0.021351 -0.112619 -0.993409
1 22.6491 21.3182 1.62103 0.399621 0.475552 -0.78368
1 2.25404 8.53458 1.59645 0.570804 -0.0768722 -0.81748
1 14.8622 21.5111 1.60979 -0.233013 0.244585 -0.941214
1 27.0682 28.4948 1.75661 -0.120423 0.36315 0.923916
1 17.2371 21.4014 1.60954 -0.255257 -0.129799 -0.958121
1 22.5223 22.9415 1.78156 -0.733984 -0.363569 0.57366
1 26.1804 8.14205 1.60732 -0.135135 -0.137609 -0.981225
1 19.4524 32.0747 1.75863 0.156739 0.324411 0.93284
1 16.7054 31.587 1.75944 0.176718 -0.0633381 0.982221
1 30.1771 5.97703 1.61818 0.192146 0.654395 -0.731332
1 4.80155 29.7915 1.75497 -0.436135 -0.264077 0.860261
1 22.236 33.262 1.76226 0.0279164 0.734093 0.678475
1 32.0035 33.2728 1.74203 0.427857 0.535343 0.728248
1 6.45854 26.3828 1.76127 0.197398 -0.181754 0.963327
1 28.2406 21.0729 1.61032 0.314657 -0.215847 -0.924338
1 27.0175 1.75995 1.75971 -0.209685 -0.0954174 0.973102
1 27.3756 9.72326 1.60661 0.121385 -0.315573 -0.941105
1 34.3468 10.1772 1.75365 0.488811 0.00328566 0.872384
1 31.7933 18.9492 1.61621 0.0410016 -0.769657 -0.63714
1 19.0878 24.681 1.61141 0.322784 -0.378771 -0.867377
1 31.6705 8.18267 1.59238 0.702581 0.347833 -0.6208
1 15.8346 22.7655 1.60819 -0.0257856 0.101746 -0.994476
1 16.8744 18.9541 1.61275 -0.687813 -0.0686736 -0.722632
1 5.76893 12.0919 1.62101 -0.264208 0.453057 -0.85143
1 15.1279 8.09414 1.75511 0.377624 -0.368303 0.84956
1 22.3119 31.7874 1.75313 0.26867 0.748231 0.606603
1 17.236 29.9533 1.75714 0.417195 -0.00368993 0.908809
1 1.81329 10.9355 1.75367 0.328255 0.312211 0.891501
1 31.3174 31.4934 1.6157 0.603713 0.342646 -0.719808
1 27.2338 2.76669 1.7597 -0.420592 -0.0781143 0.903881
1 13.0966 30.4885 1.74618 0.333658 -0.605214 0.722765
1 3.43649 8.00305 1.60623 0.4555 -0.276396 -0.846242
1 29.5541 15.634 1.61559 -0.583121 -0.379781 -0.718148
1 1.73796 3.52484 1.65582 -0.256945 -0.000404755 -0.966426
1 19.0186 16.1956 1.75941 -0.467049 0.291607 0.834764
1 30.0392 30.6988 1.61987 0.509145 0.516185 -0.688712
1 32.9727 0.858035 1.76066 -0.116878 0.645991 0.754344
1 24.8853 5.87701 1.6151 -0.471233 0.00887083 -0.881964
1 28.4258 25.7105 1.76888 0.22992 0.697748 0.678443
1 18.1484 4.43931 1.74229 -0.788775 0.115292 0.603773
1 3.14036 28.2362 1.75577 -0.111346 -0.624639 0.772935
1 15.6665 9.01207 1.75782 0.250976 -0.278635 0.927024
1 10.3237 14.8823 1.61216 -0.0221633 -0.26309 -0.964517
1 2.77689 10.5952 1.74633 0.35027 0.49167 0.797228
1 10.9866 24.6295 1.76188 0.463692 0.522325 0.715658
1 0.289961 7.30677 1.61313 0.430028 0.134013 -0.892814
1 12.9102 8.93671 1.7495 0.315407 -0.734452 0.600915
1 26.9202 19.7912 1.61055 0.113839 -0.0223664 -0.993247
1 15.7316 12.2326 1.75389 -0.0614781 -0.236072 0.969789
1 5.29668 33.1126 1.6111 -0.359431 -0.0571858 -0.931418
1 14.7322 11.8944 1.75323 -0.0846991 -0.420529 0.903317
1 29.4114 0.684261 1.75818 0.0235137 0.16553 0.985924
1 32.0062 11.9797 1.76331 0.132533 -0.378813 0.915935
1 10.2522 32.412 1.60803 -0.480829 -0.572235 -0.664342
1 13.3266 31.6445 1.7531 0.163473 -0.546552 0.821314
1 20.2742 34.1544 1.75605 -0.100799 0.446368 0.889154
1 13.405 6.57433 1.62189 0.384354 -0.560904 -0.733252
1 21.223 31.3427 1.74441 0.329552 0.569507 0.753032
1 12.8895 12.1126 1.74397 -0.196744 -0.786914 0.584857
1 14.156 18.9668 1.61185 -0.583865 0.448454 -0.676751
1 4.44604 14.3119 1.62201 -0.0972485 0.80441 -0.58606
1 13.9244 12.5423 1.75021 -0.0769885 -0.591363 0.802722
1 2.75473 26.8349 1.75341 0.193503 -0.660071 0.725853
1 29.3093 31.3387 1.76111 0.750555 0.27725 0.599833
1 9.92038 16.9891 1.61042 0.146333 -0.14605 -0.978395
1 9.90772 0.925291 1.60177 -0.582997 0.0308791 -0.811887
1 1.20503 33.9379 1.60781 -0.38492 0.516961 -0.764584
1 27.9492 8.28828 1.61086 -0.0714924 -0.419278 -0.905039
1 29.7128 23.4053 1.60427 0.669316 -0.422854 -0.61091
1 28.2116 31.8709 1.75618 0.675014 0.0356398 0.736943
1 6.92036 2.62351 1.60807 0.457856 -0.281453 -0.843298
1 11.8699 26.9586 1.75092 0.0723731 0.6202 0.781098
1 17.1895 17.8538 1.76118 -0.772722 -0.00390576 0.634732
1 3.13948 12.6714 1.75682 -0.0330219 0.519139 0.854052
1 15.0591 6.27834 1.75173 0.570141 -0.466369 0.676342
1 25.242 8.80544 1.60723 -0.0476105 0.0245182 -0.998565
1 1.59941 0.285677 1.60716 -0.210646 0.434538 -0.875674
1 25.2467 7.76531 1.60662 -0.189921 0.00898905 -0.981758
1 10.9645 30.7261 1.74915 -0.533163 0.504789 0.678915
1 8.19873 17.0842 1.60907 0.196471 0.155173 -0.968153
1 20.8783 24.2523 1.60284 0.150713 -0.713048 -0.684725
1 10.608 20.8499 1.60821 0.621986 -0.301912 -0.722484
1 8.54648 3.80371 1.60989 -0.15481 0.252642 -0.955095
1 32.7718 25.217 1.61493 -0.48368 -0.122129 -0.866682
1 4.469 4.29312 1.60616 -0.191324 -0.466582 -0.863537
1 17.6882 9.07331 1.76111 0.226293 0.0683762 0.971656
1 24.4007 8.28323 1.60653 -0.10905 0.161403 -0.980845
1 25.3014 2.92259 1.75616 -0.388217 -0.328894 0.860881
1 15.0377 23.5231 1.60899 0.0895674 0.237628 -0.967218
1 0.601782 13.6268 1.75878 -0.171506 0.127232 0.976933
1 25.078 28.6186 1.76085 -0.168874 0.00769848 0.985608
1 24.2095 14.082 1.63208 0.680016 0.1582 -0.715927
1 24.1245 18.6834 1.60808 -0.0875313 0.320039 -0.943352
1 14.869 34.2798 1.75924 -0.220836 -0.330449 0.917624
1 26.6845 12.6909 1.61526 0.525958 -0.20646 -0.825071
1 25.2026 11.5613 1.60807 0.334071 0.08204 -0.938971
1 17.8311 20.65 1.60793 -0.397501 -0.222138 -0.890308
1 33.553 24.5869 1.61339 -0.604136 -0.285696 -0.743907
1 29.518 3.26406 1.76002 -0.515041 0.225636 0.826935
1 3.51308 11.5479 1.72805 0.123559 0.613267 0.780151
1 8.17557 27.9899 1.75975 -0.0858298 0.0690323 0.993915
1 28.457 32.8765 1.75495 0.482215 0.00659797 0.876028
1 8.51168 33.4037 1.60734 -0.300593 -0.354873 -0.885273
1 3.07821 14.7705 1.74765 -0.358817 0.5095 0.782087
1 0.865569 26.3 1.61274 -0.255809 -0.57665 -0.77591
1 26.3492 11.7655 1.6098 0.387919 -0.122759 -0.913482
1 23.462 25.7252 1.76235 0.383339 -0.26394 0.885092
1 2.78381 3.32278 1.63085 -0.337668 -0.158948 -0.927748
1 4.9249 27.6907 1.75688 -0.0328626 -0.347714 0.937025
1 21.2678 13.9561 1.7487 0.0553272 0.612507 0.788527
1 24.1627 5.13514 1.61679 -0.565752 0.142679 -0.812137
1 3.22337 24.1403 1.7263 -0.656571 0.327363 0.67952
1 31.5845 14.6194 1.75008 -0.397775 -0.423405 0.813943
1 29.7094 10.5975 1.61458 0.298021 -0.733004 -0.611465
1 24.6896 4.19089 1.61801 -0.735032 0.0311358 -0.677317
1 19.3531 8.90739 1.75163 0.288752 0.405555 0.867264
1 15.2525 0.747268 1.75411 -0.326499 -0.250955 0.911274
1 32.3024 3.82587 1.60388 -0.366885 0.29861 -0.881038
1 10.0997 26.088 1.75499 0.219422 0.336017 0.91594
1 3.4558 31.8465 1.77396 0.678521 -0.22779 0.698371
1 26.2004 22.3125 1.62144 0.586505 0.0676688 -0.807114
1 9.10754 27.5988 1.75896 -0.0289652 0.193826 0.980608
1 33.8893 19.6015 1.75554 0.202734 -0.377931 0.903364
1 30.2955 34.1665 1.75582 0.259613 0.30912 0.914902
1 0.348618 19.5345 1.75903 0.210258 -0.202022 0.956545
1 17.5705 26.3873 1.61608 0.652585 -0.0942534 -0.751831
1 7.69924 28.8596 1.75762 -0.226633 0.040641 0.973132
1 27.49 11.721 1.6119 0.404 -0.327812 -0.854004
1 14.7017 33.2462 1.75776 -0.0707683 -0.338214 0.938405
1 32.2993 16.269 1.76042 -0.673291 -0.296496 0.677325
1 18.3184 21.5885 1.60953 -0.221733 -0.293165 -0.929994
1 32.3585 30.8447 1.61063 0.432876 0.123388 -0.892969
1 31.6529 25.0357 1.61086 -0.479492 0.129098 -0.867998
1 13.8435 4.16452 1.60379 -0.106386 -0.708187 -0.697964
1 20.3672 28.6508 1.75953 0.588201 0.555968 0.587299
1 22.3661 12.2902 1.62063 0.330518 0.621658 -0.710141
1 25.2399 20.5303 1.60549 0.259953 0.184574 -0.947817
1 34.3281 32.7409 1.77115 -0.618701 0.40327 0.674228
1 32.895 29.059 1.60888 0.126098 0.000102063 -0.992018
1 10.701 28.929 1.75663 -0.266403 0.411236 0.871731
1 1.31608 22.2822 1.75962 -0.282802 -0.034219 0.958568
1 33.7621 7.45014 1.61836 0.496163 0.269244 -0.825427
1 0.248059 11.0959 1.76465 0.312771 0.0954352 0.945022
1 30.8453 32.3015 1.75059 0.676313 0.387053 0.62673
1 18.7588 17.9819 1.76205 -0.766794 0.198646 0.610383
1 17.2255 6.36082 1.75479 0.594341 0.0285077 0.803707
1 3.97715 0.349516 1.60853 -0.0429915 0.1481 -0.988038
1 30.5298 25.1775 1.6119 -0.436157 0.392175 -0.809917
1 28.0192 2.09277 1.76025 -0.278506 0.0227403 0.960165
1 23.8174 9.11799 1.609 -0.0216324 0.310366 -0.950371
1 28.9857 8.43441 1.61533 -0.0503549 -0.601123 -0.797569
1 24.9709 26.1203 1.75558 0.28878 -0.0224846 0.957131
1 26.3246 31.1205 1.75944 -0.666467 0.194605 0.719688
1 16.3377 30.6542 1.75875 0.304043 -0.11935 0.945153
1 2.40358 4.21701 1.61042 -0.162122 -0.136407 -0.977297
1 9.8029 10.459 1.61867 -0.551998 -0.238351 -0.799054
1 2.98324 21.814 1.7611 -0.164003 0.210299 0.963783
1 20.21 5.99174 1.76788 0.530344 0.636193 0.560351
1 3.99243 17.5757 1.75983 0.588217 0.463935 0.662393
1 17.783 13.231 1.75819 -0.144933 0.0720899 0.986812
1 21.0176 10.6632 1.73111 -0.00931154 0.728696 0.684774
1 5.62109 9.2864 1.59633 -0.632766 0.377385 -0.676157
1 8.51577 10.9055 1.61475 -0.490559 -0.0371735 -0.870615
1 15.8445 2.58986 1.74317 -0.560555 -0.221701 0.797889
1 0.192355 29.4326 1.60907 0.156822 -0.358665 -0.920199
1 8.98008 1.61417 1.62085 -0.475764 0.244036 -0.845042
1 33.983 0.289922 1.76319 -0.0626403 0.781639 0.620577
1 0.124373 12.7903 1.75931 -0.0126258 0.055904 0.998356
1 32.0582 10.5846 1.75655 0.380247 -0.361389 0.851358
1 2.19363 27.976 1.76564 -0.0959803 -0.777696 0.62127
1 8.44822 34.4417 1.61677 -0.107463 -0.371398 -0.922234
1 26.5141 16.6534 1.61575 -0.411251 -0.0041241 -0.911513
1 1.94582 24.0446 1.76288 -0.616829 0.0993955 0.780796
1 10.7689 27.8508 1.75915 -0.0797317 0.433885 0.897433
1 7.36376 16.4209 1.60644 0.112098 0.286329 -0.951551
1 26.7834 25.326 1.75735 0.416215 0.295613 0.859871
1 15.8333 21.6074 1.60665 -0.213232 0.0905936 -0.972792
1 22.932 26.6788 1.75591 0.191526 -0.377131 0.90614
1 27.5846 3.75053 1.75765 -0.626084 -0.0428877 0.778575
1 19.6307 6.80132 1.75583 0.466147 0.49673 0.732097
1 5.76772 28.2233 1.75877 -0.124046 -0.218939 0.967821
1 18.7941 13.057 1.75749 -0.0968727 0.220875 0.970479
1 8.71724 31.895 1.60035 -0.792439 -0.241035 -0.560306
1 13.0126 32.9312 1.75491 -0.034506 -0.614473 0.788183
1 3.87527 3.29146 1.62681 -0.383836 -0.329845 -0.86248
1 11.1298 1.17037 1.61064 -0.543829 -0.239611 -0.804262
1 34.4932 20.4376 1.75701 0.0406623 -0.291115 0.955823
1 18.1201 1.48028 1.75768 -0.355045 0.150826 0.922602
1 2.36262 6.60232 1.60988 0.242641 -0.146837 -0.958939
1 8.19429 23.6723 1.75358 0.610075 0.0224841 0.792025
1 14.9471 32.2625 1.76148 0.0707945 -0.295886 0.952596
1 21.9536 29.3802 1.73348 -0.31425 -0.602887 0.733331
1 30.9228 12.4963 1.75277 0.0320053 -0.549525 0.834864
1 0.242117 27.236 1.60919 -0.145507 -0.455873 -0.87807
1 11.0578 12.7029 1.61533 -0.227008 -0.469616 -0.853187
1 25.3343 32.6553 1.75564 0.568186 -0.211824 0.79517
1 11.226 2.41492 1.61235 -0.365322 -0.286404 -0.885727
1 10.0466 12.3677 1.60921 -0.25554 -0.290135 -0.922237
1 11.5436 16.4905 1.60983 0.0702634 -0.415555 -0.90685
1 27.9429 18.1684 1.60984 -0.147732 -0.178643 -0.97276
1 26.1588 9.13783 1.60647 0.00374082 -0.115817 -0.993264
1 16.7025 8.9163 1.75818 0.250596 -0.0953766 0.963382
1 10.341 29.9911 1.7566 -0.459162 0.359169 0.812507
1 26.4332 24.2975 1.75924 0.643151 0.191846 0.741318
1 33.375 4.1027 1.60249 -0.326773 0.163416 -0.930868
1 2.08494 24.9474 1.58847 0.772278 -0.174193 -0.610936
1 31.2262 30.4702 1.60878 0.413539 0.317282 -0.853415
1 2.86325 23.2757 1.76321 -0.48821 0.2329 0.841076
1 7.98998 13.448 1.61077 -0.163383 0.092928 -0.982176
1 31.0982 15.4007 1.76405 -0.576792 -0.463144 0.67291
1 18.1776 29.3337 1.75497 0.530208 0.124468 0.838682
1 24.6263 9.61801 1.60852 0.0347625 0.163676 -0.985902
1 20.8823 0.402043 1.75392 -0.239038 0.55897 0.793986
1 9.92067 18.0543 1.61001 0.274211 -0.158743 -0.948477
1 1.37472 5.98827 1.61005 0.152413 -0.0206442 -0.988101
1 14.7564 3.98089 1.76659 -0.607495 -0.621428 0.49475
1 14.2874 25.3825 1.61424 0.36649 0.465205 -0.805773
1 11.0476 10.56 1.62005 -0.553955 -0.42958 -0.713159
1 30.7862 7.14738 1.61252 0.421892 0.525098 -0.739107
1 34.1948 28.2626 1.6103 0.00280674 -0.289188 -0.957268
1 27.4729 19.0164 1.60825 -0.0116357 -0.103654 -0.994545
1 6.66237 19.1941 1.62116 0.49766 0.467817 -0.730398
1 14.7812 16.0564 1.73733 -0.456959 -0.464812 0.758379
1 29.9486 7.64686 1.6238 -0.30345 -0.777268 -0.551156
1 13.2967 1.98733 1.76202 -0.587952 -0.649168 0.482591
1 27.3026 14.8134 1.63191 -0.743546 0.0512765 -0.666716
1 32.4006 9.63425 1.66028 0.564338 -0.284597 0.774937
1 31.7672 13.0504 1.76203 -0.070887 -0.40397 0.912021
1 32.6576 20.3294 1.7538 0.0887585 -0.63638 0.766252
1 28.4296 13.4901 1.62298 0.702823 -0.44341 -0.556262
1 6.13076 24.4982 1.73146 0.499221 -0.292601 0.815576
1 31.9473 28.795 1.60718 0.101519 0.176462 -0.979058
1 7.30393 27.5959 1.75884 -0.0159374 -0.0420532 0.998988
1 14.1651 5.45556 1.61486 0.190634 -0.695246 -0.693031
1 17.8163 16.1496 1.76157 -0.488173 0.0954078 0.867516
1 23.1817 20.5193 1.60543 0.250124 0.438504 -0.863222
1 33.036 19.1299 1.75476 0.319337 -0.509871 0.798784
1 17.7131 32.9782 1.76037 0.0226991 0.0757774 0.996866
1 24.6192 30.1483 1.75501 -0.447139 -0.0745558 0.891352
1 23.5639 28.4415 1.75685 -0.151386 -0.282782 0.947162
1 5.51434 16.8421 1.61345 0.242431 0.584 -0.774707
1 8.43855 4.80798 1.60893 0.0170753 0.27878 -0.960203
1 2.01597 21.5603 1.75947 -0.139493 0.056934 0.988585
1 18.1252 19.7439 1.6119 -0.580161 -0.267848 -0.769201
1 27.0052 10.8683 1.60767 0.272725 -0.233883 -0.933231
1 19.4361 10.1249 1.75329 0.185468 0.403915 0.895798
1 25.6564 19.6514 1.60709 0.0960006 0.121239 -0.98797
1 1.4143 17.1043 1.75525 0.711913 -0.0212898 0.701945
1 13.1556 21.4114 1.60987 -0.234022 0.529149 -0.815619
1 12.394 23.2888 1.77422 -0.0954666 -0.698277 0.709433
1 14.1803 29.3893 1.7564 0.489846 -0.44467 0.749879
1 33.5483 20.6223 1.76005 0.0245502 -0.464128 0.885428
1 7.48665 6.24732 1.61666 0.266003 0.459089 -0.847632
1 3.92739 5.19823 1.60944 -0.0137178 -0.399478 -0.91664
1 21.3136 1.37643 1.69907 -0.377109 0.661522 0.648211
1 11.2124 15.2542 1.61252 -0.0132809 -0.416109 -0.909218
1 24.218 20.5644 1.60663 0.252473 0.310752 -0.916346
1 9.44146 21.591 1.60762 0.720599 -0.056256 -0.691066
1 5.06793 0.314474 1.6063 0.0102072 0.0276922 -0.999564
1 0.0593589 25.2683 1.60554 -0.477688 -0.46889 -0.742937
1 14.3477 31.5069 1.75896 0.176637 -0.382274 0.907009
1 27.3083 17.3048 1.60676 -0.285832 -0.0817186 -0.954789
1 10.7042 19.623 1.61297 0.450256 -0.333671 -0.828211
1 11.6044 19.9614 1.63204 0.472836 -0.502825 -0.723597
1 28.7624 4.17297 1.76655 -0.709682 0.142686 0.689922
1 0.935829 4.2179 1.61549 -0.14098 0.0219266 -0.98977
1 25.7958 15.211 1.63442 -0.706516 0.198818 -0.679196
1 16.5024 28.1432 1.75085 0.692643 -0.118476 0.711484
1 24.0098 26.4814 1.75682 0.226294 -0.190814 0.955186
1 12.3611 6.48984 1.6119 0.354052 -0.399621 -0.845548
1 33.4758 31.1262 1.61026 0.458367 -0.0834142 -0.88484
1 10.2988 33.723 1.59608 -0.225259 -0.617737 -0.753431
1 29.3499 17.4309 1.61319 -0.276481 -0.38458 -0.880714
1 30.8605 27.0806 1.60768 -0.168532 0.36529 -0.915511
1 23.1327 6.95635 1.6102 -0.253197 0.333282 -0.908193
1 22.2792 6.45312 1.6185 -0.214619 0.524551 -0.823884
1 7.69293 15.2607 1.60622 0.00302367 0.206413 -0.97846
1 26.2491 4.39713 1.61732 -0.774696 -0.242549 -0.583966
1 1.67374 9.84368 1.67489 0.551126 0.339431 0.762265
1 11.2155 33.4729 1.60639 -0.110734 -0.791275 -0.60135
1 17.4266 15.1251 1.76064 -0.353902 0.0229293 0.935001
1 12.3775 0.458621 1.7393 -0.326816 -0.750325 0.574634
1 2.73974 17.263 1.75962 0.621271 0.197565 0.758281
1 6.75119 28.4695 1.75803 -0.161125 -0.0846891 0.983294
1 19.529 3.84164 1.747 -0.660938 0.351758 0.662893
1 10.8877 9.43986 1.60255 -0.732391 -0.37329 -0.569437
1 14.571 13.5582 1.75481 -0.175593 -0.485459 0.856444
1 30.0488 27.8035 1.61642 -0.111738 0.593617 -0.796952
1 22.7533 28.9108 1.7531 -0.241877 -0.442418 0.863575
1 10.0997 25.0326 1.76233 0.396071 0.364062 0.842963
1 4.35382 19.6566 1.75299 0.269007 0.409945 0.871539
1 7.32745 8.30385 1.61513 0.72472 0.23551 -0.647546
1 27.368 33.6147 1.7623 0.368409 -0.0995938 0.924314
1 8.63803 20.8046 1.61235 0.611306 0.0635038 -0.788842
1 24.916 22.3987 1.62983 0.617049 0.236047 -0.750688
1 21.3679 32.5614 1.75636 0.126989 0.585361 0.800766
1 11.7015 17.7044 1.61035 0.166173 -0.451542 -0.87664
1 0.132932 8.25832 1.61887 0.644088 0.119008 -0.755637
1 16.8288 7.24379 1.76092 0.479 -0.0611027 0.875685
1 17.5467 12.234 1.75785 -0.0631441 0.0473443 0.996881
1 9.44261 7.39301 1.62136 0.493549 0.127598 -0.860307
1 7.42954 1.59516 1.61569 0.275745 -0.362992 -0.890057
1 16.1405 29.6637 1.75695 0.422139 -0.159098 0.892461
1 30.6726 22.3338 1.60206 0.429345 -0.585061 -0.688017
1 32.2255 26.0612 1.60785 -0.346076 0.0341413 -0.937585
1 5.63596 32.2189 1.62268 -0.535953 -0.0644867 -0.841781
1 19.1135 27.7644 1.7425 0.744007 0.258221 0.616259
1 29.5017 32.3828 1.75251 0.585278 0.179976 0.790606
1 16.6302 22.1564 1.60679 -0.121263 -0.0294669 -0.992183
1 26.9028 18.1738 1.60736 -0.153435 -0.0387447 -0.987399
1 28.4589 19.2101 1.60786 0.0124766 -0.245947 -0.969203
1 18.1098 24.3604 1.61054 0.260651 -0.215955 -0.94097
1 14.9355 26.4517 1.60317 0.577511 0.349146 -0.737956
1 6.88811 23.531 1.75039 0.624937 -0.174883 0.760835
1 4.42904 32.2533 1.60771 -0.535813 0.108846 -0.837292
1 3.22381 19.2539 1.75833 0.305707 0.235858 0.92245
1 17.5769 27.3846 1.7493 0.835691 -0.0124475 0.549059
1 15.5337 27.4383 1.76138 0.877015 -0.136722 0.4606
1 16.4327 10.8765 1.75973 0.0576533 -0.136282 0.988991
1 33.3076 21.6907 1.76183 -0.165921 -0.511961 0.842832
1 24.8639 33.6648 1.75275 0.392852 -0.327694 0.859235
1 16.6436 15.9589 1.75859 -0.479377 -0.0986802 0.872044
1 23.5115 29.7891 1.75759 -0.377126 -0.29042 0.87945
1 32.809 6.6846 1.61317 0.279838 0.33425 -0.899982
1 9.6448 29.2679 1.75878 -0.3339 0.25163 0.908401
1 28.5987 11.2475 1.62058 0.380448 -0.531256 -0.756985
1 33.8145 11.046 1.76011 0.314002 -0.079494 0.946089
1 2.29084 22.5322 1.75764 -0.324564 0.136342 0.935986
1 18.8507 23.651 1.60935 0.136371 -0.351609 -0.926161
1 30.0714 20.0901 1.6024 0.166404 -0.477507 -0.862726
1 14.4704 10.6069 1.75653 0.0369729 -0.494841 0.868197
1 1.62891 11.9136 1.75566 0.149738 0.280628 0.948065
1 14.3583 16.9808 1.77122 -0.492889 -0.656437 0.571096
1 22.7407 30.3948 1.75423 -0.460335 -0.454893 0.762341
1 29.0907 12.1325 1.60807 0.453651 -0.661612 -0.597051
1 22.0499 10.9416 1.604 0.0871236 0.722565 -0.685791
1 9.18375 25.4832 1.75754 0.314326 0.204159 0.927102
1 1.45634 19.658 1.75988 0.202842 -0.0403875 0.978378
1 6.46521 16.7374 1.61225 0.156333 0.447914 -0.880303
1 9.49394 11.4237 1.60935 -0.394053 -0.201572 -0.896711
1 18.405 18.8656 1.60897 -0.759466 -0.241282 -0.604148
1 0.400977 23.1422 1.75602 -0.449256 -0.189221 0.873135
1 9.31321 5.40429 1.60788 0.134702 0.127292 -0.982676
1 4.4601 34.127 1.60616 -0.187971 0.0793963 -0.97896
1 19.2875 34.3188 1.75383 -0.114793 0.307045 0.944747
1 19.514 15.1809 1.75934 -0.288715 0.368613 0.883611
1 29.8958 9.10637 1.62292 0.018224 -0.742062 -0.670084
1 3.64335 13.6541 1.76172 -0.157005 0.66658 0.728712
1 26.5725 34.3036 1.75633 0.190328 -0.172561 0.966436
1 34.423 17.172 1.74746 0.758648 -0.172894 0.628141
1 2.98165 5.00693 1.60963 -0.0391808 -0.240042 -0.969972
1 25.3119 0.751859 1.75658 0.037847 -0.305281 0.95151
1 34.6035 16.2222 1.75672 -0.695418 0.0363901 0.717683
1 13.0483 3.08659 1.60335 -0.301614 -0.598188 -0.742428
1 16.2707 5.68061 1.75385 0.642885 -0.197072 0.740177
1 19.6812 17.0004 1.75666 -0.580729 0.388031 0.715672
1 7.34565 25.6004 1.75482 0.292553 -0.075746 0.953245
1 14.5559 14.7331 1.7476 -0.341468 -0.516915 0.784983
1 8.91609 8.23453 1.6092 0.710772 0.0920591 -0.697372
1 34.2986 11.9137 1.75968 0.152443 -0.0120045 0.988239
1 1.50212 23.2166 1.7488 -0.462227 0.0171639 0.886596
1 18.277 34.5931 1.76082 -0.163966 0.157394 0.973829
1 6.76327 32.8245 1.62317 -0.457202 -0.16077 -0.874711
1 33.227 30.144 1.6108 0.296027 -0.0395293 -0.954361
1 23.9281 21.5145 1.61383 0.422944 0.335026 -0.841948
1 17.9937 28.3251 1.75367 0.688295 0.0686572 0.722174
1 22.2703 3.73102 1.77435 -0.686408 0.206417 0.697306
1 6.83656 29.4864 1.75381 -0.343434 -0.0184592 0.938996
1 20.0949 21.0051 1.61698 -0.324087 -0.609897 -0.723183
1 1.18698 29.2223 1.61346 0.106315 -0.565368 -0.817958
1 12.1349 15.492 1.61386 -0.00240687 -0.572217 -0.820098
1 11.1883 3.47566 1.61019 -0.185009 -0.257643 -0.948363
1 2.8011 1.85552 1.77089 -0.219645 -0.282077 0.93391
1 23.8764 6.21157 1.61038 -0.372372 0.178011 -0.910852
1 15.215 30.8112 1.76138 0.280486 -0.266246 0.922194
1 34.2858 15.3071 1.73828 -0.488421 -0.00724843 0.872578
1 24.4906 13.1796 1.62385 0.543945 0.181769 -0.819197
1 10.9051 26.7949 1.75506 0.102361 0.454632 0.884778
1 15.3703 10.0834 1.75942 0.12631 -0.33613 0.933307
1 27.0605 7.66411 1.60985 -0.19434 -0.295261 -0.935443
1 2.78986 20.8563 1.7603 0.00765256 0.168019 0.985754
1 7.02026 34.4812 1.6085 -0.058526 -0.23943 -0.969148
1 32.3689 21.6386 1.76076 -0.110864 -0.69267 0.712683
1 34.2685 30.3734 1.61107 0.311935 -0.227737 -0.922406
1 6.35911 14.5656 1.60757 -0.12998 0.446151 -0.885468
1 31.0731 24.0639 1.61135 -0.606702 0.215985 -0.765025
1 33.3395 8.29812 1.60864 0.707956 0.236908 -0.665337
1 17.5086 0.690384 1.75793 -0.26301 0.0681625 0.962382
1 26.6135 29.5047 1.75892 -0.309853 0.247999 0.917871
1 29.4006 28.9007 1.61114 0.0996044 0.671752 -0.734049
1 6.42962 4.44113 1.6096 0.274843 0.803659 -0.52782
1 18.9424 20.6679 1.60987 -0.390144 -0.4044 -0.827193
1 15.6283 33.6198 1.76008 -0.0923981 -0.203614 0.974681
1 23.4199 22.3303 1.61559 0.578084 0.34204 -0.740829
1 16.199 8.06792 1.75991 0.371858 -0.179004 0.910868
1 5.39986 14.5381 1.61131 -0.107425 0.617933 -0.778857
1 18.5867 9.5149 1.76177 0.21025 0.235146 0.948947
1 25.5499 17.1509 1.61254 -0.347302 0.107549 -0.931566
1 33.0055 22.7955 1.75497 -0.37382 -0.535749 0.757121
1 1.1616 31.7602 1.76056 -0.327583 0.544613 0.772066
1 2.14881 18.9492 1.75893 0.345501 0.0602576 0.936482
1 22.8101 10.1187 1.61211 0.12613 0.491656 -0.861606
1 3.4136 34.0038 1.60669 -0.269489 0.208868 -0.94008
1 14.0517 8.60978 1.75962 0.372037 -0.553305 0.74528
1 15.4694 13.2387 1.75491 -0.141837 -0.331997 0.932556
1 15.7191 7.03365 1.7548 0.530335 -0.271721 0.803064
1 19.5342 22.8834 1.60921 -0.00180724 -0.474532 -0.880237
1 6.76806 0.868374 1.60769 0.149943 -0.211907 -0.965719
1 0.982755 21.3583 1.75989 -0.115232 -0.11123 0.987091
1 6.76697 15.5691 1.60809 -0.00113158 0.376965 -0.926227
1 2.85815 18.2488 1.74832 0.4609 0.173298 0.870367
1 33.3148 11.9276 1.75967 0.146747 -0.167036 0.974969
1 7.01881 13.2705 1.60745 -0.168236 0.256218 -0.951866
1 25.5263 14.3556 1.66058 0.778644 -0.14423 -0.610665
1 8.24084 16.0829 1.60667 0.0823378 0.129326 -0.988178
1 19.4473 19.7998 1.61396 -0.534856 -0.471987 -0.700826
1 14.3035 24.2553 1.6103 0.192515 0.376983 -0.905992
1 16.8336 23.1084 1.6071 0.0415439 -0.0474669 -0.998009
1 20.2947 17.8656 1.73572 -0.683612 0.477924 0.5516
1 4.8692 5.40364 1.60631 0.0173158 -0.548922 -0.835694
1 4.21173 33.2167 1.60762 -0.36482 0.102369 -0.925433
1 27.5559 34.5974 1.75891 0.155593 -0.0587584 0.986072
1 6.5584 20.5014 1.60804 -0.484333 -0.735767 -0.47336
1 4.83019 30.7963 1.76403 -0.652191 -0.151639 0.742733
1 22.5202 7.88312 1.62498 -0.13246 0.513244 -0.847959
1 24.7733 27.0794 1.75899 0.111083 -0.0570407 0.992173
1 32.3162 24.1695 1.61116 -0.620727 -0.0373542 -0.783136
1 26.0854 1.36221 1.75915 -0.11948 -0.216149 0.969022
1 1.0233 14.4865 1.76451 -0.335414 0.188891 0.92294
1 21.9119 0.0475951 1.75195 -0.195861 0.720095 0.665659
1 34.2348 21.4235 1.75806 -0.129099 -0.336446 0.932812
1 6.74717 31.8041 1.61451 -0.715982 -0.161399 -0.679206
1 4.08052 1.90559 1.62894 0.348939 0.16343 -0.922785
1 13.9345 32.5479 1.75375 0.0179362 -0.460963 0.887238
1 32.323 7.48442 1.62607 0.476782 0.356503 -0.803483
1 13.9629 22.0032 1.61055 -0.14374 0.40191 -0.904327
1 1.79428 20.6136 1.76014 0.0301568 0.0152595 0.999429
1 18.8737 0.728116 1.75489 -0.2449 0.247548 0.937413
1 32.6896 12.7031 1.7612 0.000428969 -0.261516 0.965199
1 11.4469 7.37422 1.6072 0.498085 -0.229217 -0.836284
1 27.3166 21.8229 1.61402 0.445915 -0.0887805 -0.890662
1 32.6468 4.84226 1.60809 -0.142576 0.301714 -0.942677
1 16.0359 23.7718 1.60833 0.146303 0.0886744 -0.985257
1 20.7813 4.74524 1.59053 -0.0679519 0.881155 -0.46792
1 8.90545 28.6101 1.75899 -0.205329 0.157208 0.965984
1 12.8586 27.1072 1.74764 0.0696301 0.773239 0.630281
1 30.3516 21.2267 1.61848 0.32059 -0.524733 -0.788592
1 11.5198 29.4864 1.75357 -0.35429 0.54226 0.761861
1 25.2299 1.86368 1.75691 -0.170121 -0.340334 0.924787
1 20.1849 30.7624 1.74097 0.342717 0.406204 0.847079
1 0.52196 28.3746 1.60622 0.00286755 -0.453222 -0.891393
1 1.05765 1.3377 1.60561 -0.0764167 0.53298 -0.84267
1 6.08165 0.173563 1.60645 0.00543841 -0.112037 -0.993689
1 17.2311 14.0898 1.75991 -0.227781 -0.0397287 0.972901
1 16.2947 24.7516 1.60848 0.317954 0.0756919 -0.94508
1 16.6125 25.6934 1.61761 0.498144 0.058867 -0.865094
1 8.3068 27.014 1.75964 0.0670624 0.0732145 0.995059
1 34.5696 4.56204 1.60375 -0.140975 0.110882 -0.983784
1 16.2646 13.9132 1.7543 -0.209147 -0.197363 0.957761
1 2.19099 1.10253 1.60463 -0.0120632 0.349823 -0.936738
1 25.9125 10.8724 1.60698 0.244853 -0.0392554 -0.968765
1 10.283 1.84429 1.6075 -0.442094 -0.069244 -0.894292
1 18.3408 3.4466 1.75986 -0.632245 0.147837 0.760533
1 31.8364 26.9928 1.60711 -0.19224 0.158404 -0.968479
1 2.8161 0.260437 1.60687 -0.130677 0.27099 -0.953671
1 1.36993 6.98085 1.61004 0.321006 -0.0084683 -0.947039
1 16.8361 34.5539 1.76123 -0.176834 -0.0331476 0.983682
1 1.1883 12.8251 1.75975 -0.0196937 0.21019 0.977462
1 9.86394 13.4031 1.61018 -0.119244 -0.232317 -0.965303
1 10.276 3.91733 1.60866 -0.113131 -0.0695009 -0.991146
1 33.6783 4.99831 1.60123 -0.0906109 0.216464 -0.972077
1 7.74016 12.4801 1.60817 -0.266452 0.107376 -0.957848
1 25.405 12.4847 1.76496 -0.484077 -0.0197271 0.874803
1 9.87853 19.1256 1.60686 0.409357 -0.167178 -0.896927
1 24.7477 24.1995 1.75875 0.698417 -0.00884482 0.715637
1 33.1959 10.2776 1.75272 0.455676 -0.17137 0.873494
1 30.6211 28.6696 1.61477 0.0453434 0.442046 -0.895845
1 24.3993 1.28787 1.75626 0.00332168 -0.460253 0.887782
1 28.3813 33.8894 1.75629 0.289447 0.0358402 0.956523
1 28.3877 3.03323 1.76103 -0.469269 0.058615 0.881108
1 26.1604 33.3677 1.75788 0.376521 -0.208356 0.902674
1 14.6609 9.38953 1.76076 0.233604 -0.464214 0.854362
1 29.882 1.52553 1.7561 -0.140932 0.21597 0.966176
1 13.5717 11.1385 1.75828 -0.0446312 -0.640106 0.766989
1 9.86488 28.2555 1.75615 -0.145871 0.295544 0.944127
1 17.5757 33.9322 1.76078 -0.0911824 0.0586299 0.994107
1 31.5977 9.0592 1.79468 0.764187 -0.273778 0.584006
1 34.0076 6.51609 1.60826 0.294555 0.228842 -0.92783
1 12.1189 33.4463 1.75446 -0.0970051 -0.750469 0.653748
1 5.3568 25.9132 1.75847 0.294282 -0.340814 0.892885
1 0.866723 15.4085 1.69824 -0.518994 0.170182 0.837665
1 31.9086 17.4716 1.61342 -0.283034 -0.748432 -0.599785
1 11.8924 20.8991 1.59889 0.587841 -0.565558 -0.578435
1 30.4656 33.1685 1.75493 0.471029 0.341071 0.813512
1 21.1506 26.412 1.60082 -0.250779 0.703188 -0.66531
1 19.3664 2.72684 1.75482 -0.513448 0.348743 0.78406
1 24.3989 27.9663 1.75992 -0.0563977 -0.119213 0.991266
1 7.61954 9.31118 1.64115 -0.760106 0.116022 -0.639358
1 34.4429 18.6906 1.7569 0.36707 -0.264797 0.891707
1 6.74569 30.9156 1.7565 -0.746881 -0.0382519 0.663856
1 8.3926 5.8281 1.60996 0.194786 0.295623 -0.935235
1 20.078 8.29137 1.7405 0.338352 0.569829 0.748875
1 20.4231 31.9033 1.75357 0.212313 0.445564 0.86971
1 21.2915 15.2495 1.75325 -0.185316 0.644833 0.741518
1 30.2925 2.41494 1.75503 -0.312877 0.263475 0.912518
1 19.4912 33.2031 1.75671 0.0213395 0.331451 0.943231
1 5.4024 20.1228 1.76145 0.211398 0.56407 0.798208
1 11.6302 28.2016 1.74744 -0.150196 0.580086 0.800588
1 12.0951 3.18508 1.61724 -0.229304 -0.440647 -0.867899
1 23.4698 12.5565 1.61119 0.400076 0.398677 -0.825225
1 34.0472 22.5332 1.75449 -0.338211 -0.362746 0.868348
1 15.7318 3.5331 1.75018 -0.680782 -0.297086 0.669534
1 22.4656 1.81653 1.71661 0.0890098 -0.682444 0.725498
1 25.4466 5.07851 1.61323 -0.620436 -0.122311 -0.774661
1 23.5967 19.5663 1.61121 0.0776456 0.386347 -0.919079
1 12.4682 16.9468 1.60764 0.0248892 -0.588388 -0.808195
1 26.4754 10.0594 1.60371 0.135189 -0.151911 -0.979105
1 1.9796 14.8542 1.75135 -0.389712 0.344639 0.854019
1 5.65042 10.9881 1.62183 -0.395602 0.47866 -0.783827
1 20.1878 1.71807 1.75137 -0.360344 0.487567 0.795255
1 28.3437 17.272 1.61518 -0.294694 -0.231281 -0.927181
1 0.0957609 31.3637 1.61359 0.446865 -0.303222 -0.841646
1 15.8694 19.6831 1.60761 -0.547426 0.0992688 -0.830945
1 0.687293 24.1704 1.75402 -0.642555 -0.145317 0.752333
1 11.8166 24.2391 1.74 0.480344 0.692122 0.538736
1 5.87178 30.1839 1.74738 -0.498081 -0.0606293 0.865008
1 23.0749 5.61427 1.61125 -0.406217 0.353382 -0.84268
1 26.9851 13.6534 1.6171 0.667001 -0.252871 -0.700833
1 16.6229 33.5502 1.76057 -0.0605567 -0.0711615 0.995625
1 10.8126 18.4387 1.60924 0.301479 -0.314088 -0.900255
1 29.1492 2.28227 1.75961 -0.31301 0.143944 0.938779
1 30.8096 18.9616 1.61076 0.0127302 -0.592207 -0.805685
1 3.63054 27.1358 1.75838 0.0874657 -0.547225 0.832403
1 14.7882 1.60686 1.74398 -0.428756 -0.345557 0.834721
1 26.3919 3.38543 1.75344 -0.547588 -0.199195 0.812692
1 29.3001 34.3482 1.75795 0.20322 0.165671 0.965015
1 17.5926 5.4685 1.74672 0.722711 0.0578826 0.688722
1 32.2372 34.6031 1.74379 0.10604 0.568906 0.815538
1 12.6417 19.6939 1.78531 -0.367273 0.726398 0.58091
1 11.9998 30.8014 1.75146 0.365094 -0.762126 0.534669
1 3.39385 1.11836 1.61047 0.093476 0.212872 -0.972598
1 19.0674 7.61468 1.7547 0.401665 0.352679 0.845153
1 23.6201 27.4012 1.75685 0.0492709 -0.255588 0.96553
1 7.62506 30.1713 1.74859 -0.536785 0.0215275 0.843445
1 8.13043 18.1273 1.60866 0.314486 0.159066 -0.93584
1 32.5419 31.8422 1.61559 0.582542 0.0820741 -0.808646
1 33.2845 3.1792 1.58741 -0.552426 0.135992 -0.822394
1 22.7179 27.7623 1.75476 -0.021424 -0.42214 0.906277
1 19.2164 29.9285 1.75702 0.44426 0.29232 0.846866
1 22.9093 8.93747 1.61153 0.00322261 0.481306 -0.876547
1 18.5849 22.6082 1.60866 -0.0406866 -0.327294 -0.944046
1 5.82407 15.6905 1.61548 0.0404938 0.532748 -0.845304
1 6.39045 1.83198 1.60696 0.328396 -0.164827 -0.930047
1 28.7117 1.37003 1.7609 -0.124891 0.0944555 0.987664
1 18.2457 25.4581 1.60971 0.473171 -0.222892 -0.852308
1 22.0154 24.8851 1.76213 0.568341 -0.434651 0.698618
1 13.1065 5.47913 1.61555 0.172424 -0.540214 -0.823674
1 21.9324 26.9566 1.76198 0.140855 -0.564116 0.813593
1 29.4291 33.3934 1.75945 0.392173 0.173513 0.903379
1 26.2595 21.3839 1.61402 0.409638 0.0606949 -0.910227
1 21.9382 21.94 1.60071 0.54149 0.512251 -0.666624
1 7.28845 24.4807 1.7523 0.473289 -0.10635 0.874464
1 25.9516 25.8715 1.7542 0.328053 0.150536 0.932588
1 21.5623 2.97349 1.75133 0.171567 -0.768162 0.61684
1 17.4395 11.1257 1.75926 0.030239 0.0300534 0.999091
1 18.4692 15.287 1.76168 -0.337851 0.201859 0.919299
1 34.6134 14.434 1.76291 -0.320097 0.0321782 0.946838
1 24.3261 2.43515 1.75542 -0.208092 -0.454648 0.866021
1 26.1758 2.37066 1.75815 -0.321937 -0.204955 0.92431
1 27.4041 22.8048 1.61349 0.592895 -0.0926112 -0.799937
1 12.1 5.41597 1.61071 0.159597 -0.373984 -0.9136
1 5.31205 6.46274 1.61007 0.211089 -0.649014 -0.730905
1 8.55759 11.8644 1.60957 -0.346057 -0.0319399 -0.93767
1 3.04341 9.09152 1.77191 -0.614324 0.214878 0.759232
1 16.6399 11.8835 1.75892 -0.0313724 -0.0961742 0.99487
1 18.5525 33.5815 1.75892 -0.0343828 0.197464 0.979707
1 5.55933 21.3354 1.756 -0.0485632 0.600139 0.79842
1 19.954 23.9088 1.61323 0.178034 -0.541704 -0.821499
1 23.0892 15.7626 1.77745 0.663937 -0.40489 0.62869
1 33.7324 9.34343 1.75159 0.663973 -0.0768909 0.743793
1 17.8456 23.3645 1.60841 0.0901104 -0.199307 -0.975785
1 9.68562 20.2508 1.61448 0.541613 -0.129337 -0.830619
1 23.3977 14.8051 1.58697 0.844539 0.163736 -0.509848
1 8.83232 15.3174 1.60541 0.0223167 0.0121859 -0.999677
1 4.68382 1.17649 1.61053 0.178697 0.104411 -0.978348
1 24.2917 29.1864 1.75856 -0.274591 -0.137242 0.951716
1 13.8827 7.50661 1.71815 0.518771 -0.648489 0.55708
1 28.8854 7.13186 1.61849 -0.254721 -0.602984 -0.755995
1 9.06583 24.4317 1.75862 0.477147 0.170334 0.862158
1 0.452292 0.433162 1.60835 -0.235817 0.641464 -0.730009
1 23.8456 30.8832 1.75266 -0.547653 -0.230263 0.804397
1 12.1118 2.00986 1.60702 -0.433148 -0.477582 -0.764394
1 20.9951 16.5844 1.7536 -0.440323 0.607047 0.661521
1 17.9636 7.31096 1.75765 0.456196 0.146793 0.877688
1 27.3283 30.3953 1.75951 -0.468647 0.316674 0.824674
1 14.6476 2.64916 1.75582 -0.524671 -0.433854 0.732456
1 1.30085 7.94381 1.61041 0.472435 0.0166616 -0.881208
1 34.0677 23.5943 1.75367 -0.561487 -0.357247 0.746396
1 9.20728 22.9325 1.75361 0.720771 0.1324 0.680411
1 31.5548 21.2005 1.61598 0.242954 -0.80828 -0.536337
1 30.8323 16.3604 1.60689 -0.515 -0.597326 -0.614798
1 29.8053 24.4536 1.61783 -0.582161 0.46623 -0.666121
1 9.15601 30.1974 1.75959 -0.513345 0.174491 0.840256
1 19.8704 0.672535 1.75452 -0.232995 0.399702 0.886539
1 25.5611 34.3407 1.75795 0.210428 -0.285428 0.935014
1 19.2059 14.1818 1.75832 -0.180602 0.283293 0.941875
1 13.2052 25.0569 1.60659 0.272842 0.6634 -0.696748
1 26.8657 15.7306 1.63141 -0.584038 0.0255483 -0.811324
1 0.829845 20.4068 1.75869 0.0526593 -0.135191 0.989419
1 22.9854 18.4837 1.61013 -0.106495 0.461229 -0.880867
1 2.27895 5.64447 1.6094 0.0825515 -0.146876 -0.985704
1 26.334 18.9615 1.60815 -0.0278498 0.0396368 -0.998826
1 0.735982 30.3585 1.61437 0.289365 -0.433727 -0.853316
1 30.1892 14.3132 1.74989 -0.366671 -0.611292 0.701337
1 13.364 23.8547 1.60792 0.122593 0.521327 -0.844505
1 24.4808 16.8564 1.61141 -0.419962 0.248296 -0.872915
1 18.5837 32.5206 1.75892 0.0944004 0.203541 0.974505
1 11.6775 14.1748 1.61243 -0.101195 -0.570439 -0.815082
1 30.2873 29.683 1.61108 0.275806 0.494013 -0.82455
1 0.671528 11.9761 1.7587 0.137362 0.134225 0.981384
1 3.67376 22.4628 1.75928 -0.296715 0.322123 0.898998
1 21.1058 20.7393 1.61695 0.33586 0.699437 -0.630861
1 3.79729 29.2693 1.74862 -0.305415 -0.455831 0.836026
1 17.33 25.0051 1.60943 0.370061 -0.0751195 -0.925965
1 10.7447 21.9222 1.6054 0.771859 -0.260103 -0.580155
1 9.43108 14.5229 1.60859 -0.0409266 -0.117584 -0.992219
1 17.3286 10.0368 1.76036 0.128479 -0.00787375 0.991681
1 6.40415 9.98897 1.6212 -0.554117 0.304578 -0.774717
1 4.95628 25.0616 1.70544 0.442071 -0.440884 0.78115
1 22.7361 0.367967 1.72654 0.302866 -0.712185 0.633296
1 32.1214 5.74416 1.60879 0.051727 0.394137 -0.917595
1 30.1326 26.4531 1.61795 -0.278317 0.503656 -0.817845
1 3.1742 32.9983 1.60244 -0.464804 0.264954 -0.844841
1 4.25069 6.37479 1.61091 0.194217 -0.458983 -0.866957
1 23.7518 34.1922 1.74954 0.350028 -0.48968 0.798558
1 3.34627 6.99999 1.60949 0.298065 -0.291944 -0.908805
1 9.38836 34.0752 1.60078 -0.166265 -0.493127 -0.853922
1 31.3159 33.9732 1.75298 0.270983 0.446862 0.852574
1 3.24694 5.98958 1.60879 0.131669 -0.291404 -0.947495
1 4.85492 15.6388 1.61941 0.105021 0.676863 -0.728579
1 5.287 22.5041 1.7285 -0.311267 0.515858 0.798125
1 2.49643 19.905 1.7606 0.177452 0.120322 0.976746
1 19.3504 21.7575 1.61034 -0.196915 -0.459768 -0.865932
1 15.4532 11.158 1.75848 0.0170202 -0.291242 0.956498
1 0.857194 10.3715 1.75468 0.46353 0.180305 0.867542
1 24.4733 23.2284 1.60878 0.786244 0.215124 -0.57926
1 26.7741 0.658094 1.75992 0.0132953 -0.150786 0.988477
1 8.2967 26.0083 1.75872 0.226286 0.068538 0.971647
1 13.058 34.2776 1.75244 -0.259693 -0.61208 0.746939
1 21.2576 33.7875 1.7563 -0.0656045 0.590964 0.804026
1 21.3815 6.10646 1.61498 -0.158949 0.691411 -0.704759
1 32.7391 11.2125 1.75592 0.275484 -0.254222 0.927081
1 18.4114 31.4544 1.76028 0.22208 0.182966 0.957708
1 0.723672 5.2261 1.60689 0.0287841 0.054125 -0.998119
1 1.02376 18.7623 1.75712 0.372586 -0.104011 0.922151
1 20.2293 29.7022 1.74611 0.474001 0.458317 0.751844
1 23.7485 17.7084 1.61035 -0.272411 0.36503 -0.89025
1 6.61759 6.63084 1.59646 0.310753 0.61885 -0.721428
1 8.93098 13.6714 1.60522 -0.135346 -0.0537108 -0.989342
1 4.24037 23.2283 1.74609 -0.46973 0.397849 0.78808
1 23.3962 2.03237 1.74888 -0.0609996 -0.574595 0.816161
1 28.2716 9.30672 1.61912 0.0963653 -0.475772 -0.874274
1 23.0361 23.9712 1.77427 0.775744 -0.173618 0.606694
1 23.5717 0.794682 1.75122 0.155603 -0.585476 0.795617
1 27.7345 16.3955 1.61252 -0.451903 -0.119078 -0.884084
1 9.35221 6.40366 1.60949 0.311462 0.130692 -0.941228
1 4.06872 28.142 1.76387 -0.0980595 -0.470285 0.87705
1 31.2725 29.4721 1.6101 0.208963 0.317673 -0.924888
1 7.65549 7.39203 1.60892 0.49399 0.387412 -0.778387
1 6.34671 33.6792 1.60743 -0.243714 -0.171789 -0.954511
1 28.5539 23.1395 1.60787 0.628918 -0.254812 -0.734529
1 14.6805 19.7977 1.61139 -0.508005 0.310183 -0.803566
1 10.8141 17.3253 1.6111 0.171477 -0.292737 -0.940692
1 17.0206 28.9852 1.74902 0.558397 -0.0587572 0.82749
1 16.3346 9.8508 1.75833 0.145391 -0.169554 0.974737
1 23.5534 24.7651 1.72708 0.575822 -0.227761 0.785209
1 18.2235 2.46417 1.75759 -0.494912 0.156867 0.854666
1 30.932 13.6496 1.75033 -0.19722 -0.52064 0.830686
1 15.7085 17.6724 1.74179 -0.724338 -0.285383 0.627607
1 26.5679 31.9425 1.74203 0.794319 -0.162284 0.585424
1 17.0632 3.65824 1.76287 -0.669276 -0.0689071 0.739812
1 19.9385 25.173 1.62329 0.389632 -0.526667 -0.755519
1 6.05314 13.2001 1.61455 -0.129571 0.413882 -0.901062
1 14.0953 30.527 1.74181 0.309212 -0.447711 0.839013
1 24.6251 19.6394 1.60744 0.0863563 0.255856 -0.96285
1 23.8456 32.1817 1.5875 -0.752665 0.249981 -0.609101
1 18.4541 6.46231 1.7566 0.551044 0.259498 0.793102
1 28.6871 14.5943 1.60412 -0.756471 -0.232487 -0.611312
1 13.1125 29.2307 1.74792 0.536541 -0.60922 0.58393
1 4.53969 7.51888 1.61401 0.392402 -0.481695 -0.783576
1 13.7311 26.3784 1.61942 0.494785 0.583726 -0.643779
1 6.6047 18.0465 1.61563 0.32719 0.492585 -0.806416
1 3.58574 30.3713 1.75535 -0.531488 -0.384014 0.755019
1 24.0144 11.2471 1.60596 0.263522 0.298627 -0.917267
1 20.8479 19.3352 1.60287 0.0201843 0.749748 -0.661416
1 8.97627 18.6934 1.60918 0.363713 -0.00124986 -0.93151
1 13.8537 33.7149 1.7552 -0.168006 -0.482106 0.859854
1 15.4731 18.8013 1.6141 -0.696466 0.156388 -0.700341
1 0.467449 6.37257 1.60784 0.241265 0.10441 -0.964826
1 29.0216 9.88414 1.61002 0.19688 -0.609778 -0.76773
