1 17.6467 33.3745 1.75807 -0.0766223 0.0879725 0.993172
1 31.7526 18.4219 1.62008 0.017663 -0.725097 -0.68842
1 17.8288 6.45527 1.75995 0.498227 0.0309331 0.866495
1 26.1416 18.0488 1.61049 -0.151405 0.128632 -0.980067
1 9.59304 29.3141 1.75087 -0.237083 0.345835 0.907849
1 14.4999 7.14202 1.74888 0.462052 -0.579065 0.671707
1 19.1369 22.4615 1.61023 -0.0730882 -0.435717 -0.897111
1 26.1005 20.9541 1.6087 0.308239 0.141224 -0.940768
1 5.70927 0.989615 1.60711 -0.215357 0.230235 -0.949006
1 31.1273 10.2362 1.71377 0.38369 -0.648707 0.657237
1 20.2164 8.46308 1.74302 0.251321 0.540258 0.803093
1 1.25266 9.86495 1.7511 0.430051 0.122496 0.894456
1 28.6238 1.21901 1.75414 -0.102399 0.374534 0.921541
1 4.14844 12.2261 1.7605 -0.0947766 0.782063 0.615951
1 17.9555 23.626 1.60914 0.111813 -0.252189 -0.961197
1 29.0801 18.9806 1.60768 0.0102318 -0.258711 -0.965901
1 18.83 30.5733 1.7563 0.29079 0.242663 0.925503
1 23.8099 21.8363 1.61437 0.48845 0.349803 -0.799409
1 24.9169 22.3997 1.60683 0.578249 0.198009 -0.791468
1 20.009 22.9704 1.61143 -0.0338545 -0.607338 -0.793722
1 17.8376 0.621771 1.7604 -0.316157 0.103741 0.943018
1 15.9945 26.7776 1.59969 0.704174 0.0818927 -0.705289
1 14.8216 34.3935 1.75683 -0.227683 -0.298173 0.926959
1 28.8141 26.0726 1.62647 0.0510727 0.99097 -0.123979
1 28.0941 31.5026 1.75611 0.723467 0.04544 0.688862
1 25.9161 5.67382 1.63648 -0.648751 -0.00104219 -0.761
1 12.6102 17.4401 1.6096 0.13858 -0.517772 -0.84422
1 6.97066 13.7129 1.60914 -0.170474 0.253013 -0.952325
1 11.6286 3.89756 1.6036 0.0249329 -0.392043 -0.919609
1 19.2131 13.176 1.75459 -0.10939 0.260949 0.959135
1 8.87006 19.8037 1.60811 0.528541 0.144997 -0.836433
1 6.2897 28.4292 1.75878 -0.126092 -0.117006 0.985094
1 5.78803 3.0263 1.60889 0.101642 0.345323 -0.932964
1 15.6544 19.6726 1.61752 -0.564953 0.105228 -0.818386
1 15.6905 5.7473 1.76135 0.643577 -0.39043 0.658311
1 23.4797 28.4577 1.75644 -0.224241 -0.303719 0.925997
1 5.80773 8.45129 1.58514 0.938968 0.120084 -0.322364
1 13.3473 2.03572 1.61248 -0.38543 -0.678903 -0.624928
1 16.7279 33.6873 1.75858 -0.113071 -0.0377182 0.992871
1 7.92144 10.2081 1.61847 -0.634648 0.0932487 -0.767155
1 0.100436 9.73438 1.74501 0.531795 -0.0934287 0.841704
1 0.55885 22.1345 1.75651 -0.262719 -0.25398 0.930845
1 13.3065 23.4749 1.61305 0.0448055 0.482206 -0.874911
1 19.3035 10.2037 1.75816 0.162197 0.341449 0.925799
1 12.4716 12.2662 1.62514 -0.373489 -0.686844 -0.6235
1 27.8982 25.9374 1.74986 0.318317 0.388214 0.864849
1 16.7281 6.62396 1.75951 0.479719 -0.16949 0.860897
1 3.59054 13.9977 1.75696 -0.227384 0.730446 0.644007
1 25.2423 14.7376 1.61178 0.81825 -0.106118 -0.564984
1 2.31252 7.30998 1.61013 0.294435 -0.473914 -0.829888
1 21.9147 24.9698 1.76302 0.411615 -0.501242 0.761136
1 34.4513 22.7646 1.7614 -0.412902 -0.381759 0.826905
1 3.69142 1.53671 1.61736 0.0404137 0.484876 -0.873649
1 19.9815 20.5297 1.6035 -0.360125 -0.631771 -0.686422
1 30.09 16.3063 1.61707 -0.450437 -0.404304 -0.796018
1 7.54127 24.5217 1.7564 0.476758 -0.0231277 0.87873
1 33.3969 28.7341 1.60779 0.11873 -0.211362 -0.97017
1 21.641 26.2154 1.75573 0.167495 -0.600703 0.78173
1 20.0724 11.2363 1.75321 0.0930032 0.499889 0.861082
1 0.0808846 7.42527 1.6082 0.453254 -0.0923755 -0.886582
1 8.46902 2.35716 1.60581 -0.104857 -0.0457264 -0.993436
1 22.9136 29.2071 1.74299 -0.362036 -0.412463 0.835945
1 14.0401 8.3977 1.75339 0.274343 -0.551885 0.787501
1 34.0018 12.463 1.75982 -0.00895476 -0.0987101 0.995076
1 0.844548 30.1843 1.6167 0.296222 -0.521001 -0.800506
1 7.93335 31.8206 1.75247 -0.735366 0.138391 0.663389
1 25.4046 13.8051 1.63583 0.675579 -0.0289205 -0.73672
1 16.0443 27.6256 1.75568 0.811187 -0.117762 0.572807
1 18.4662 24.4988 1.61114 0.271555 -0.332805 -0.90305
1 32.5299 28.1086 1.60779 0.0391671 -0.0601548 -0.99742
1 1.80926 5.19135 1.61637 -0.0561217 -0.392632 -0.917982
1 10.0588 0.208996 1.61216 -0.405615 -0.396623 -0.823508
1 6.75017 5.51524 1.61155 0.235322 0.387684 -0.891249
1 18.7345 8.41879 1.75996 0.272633 0.192211 0.942723
1 18.5877 33.4169 1.75682 -0.0931108 0.220999 0.970819
1 24.9428 30.3355 1.75678 -0.53547 -0.0998632 0.83863
1 14.0125 13.5685 1.73251 -0.168836 -0.665485 0.727065
1 24.4525 28.5592 1.76243 -0.215229 -0.138027 0.96676
1 0.342672 12.5949 1.76042 -0.0426616 0.0703548 0.996609
1 5.30572 27.7237 1.75918 -0.0178722 -0.246972 0.968858
1 24.0401 0.289966 1.75236 0.147615 -0.3228 0.934885
1 32.6335 30.3804 1.60825 0.377912 0.000127363 -0.925841
1 34.5358 29.4192 1.60697 0.19664 -0.38382 -0.902228
1 29.6399 6.2134 1.67871 -0.561406 -0.554348 -0.614428
1 15.7283 0.412308 1.75025 -0.306576 -0.194305 0.931803
1 25.2046 6.54185 1.60972 -0.486435 0.12939 -0.864083
1 9.7797 14.9044 1.60961 -0.0666993 -0.124663 -0.989955
1 28.5256 8.6502 1.61219 -0.135457 -0.375555 -0.916848
1 2.86488 15.2777 1.74634 -0.483089 0.553126 0.678732
1 31.3179 12.4507 1.75563 -0.00142182 -0.55602 0.831168
1 24.4184 12.6564 1.60989 0.391293 0.211137 -0.895718
1 12.5413 4.83614 1.61148 0.096846 -0.497611 -0.861977
1 29.2864 12.2078 1.61139 0.430693 -0.582661 -0.68921
1 18.6703 26.769 1.75977 -0.703614 0.297025 0.645526
1 19.2062 16.1424 1.76113 -0.421363 0.271582 0.865273
1 11.1775 5.94936 1.60918 0.302918 -0.27591 -0.912203
1 25.3313 24.0989 1.76367 0.646451 0.0224347 0.762626
1 34.0816 20.409 1.75115 0.0373824 -0.465418 0.884301
1 20.1506 28.6312 1.7572 0.640602 0.405048 0.652354
1 29.2076 20.0497 1.61005 0.187853 -0.267655 -0.945025
1 2.80328 33.8976 1.59491 -0.248838 0.522364 -0.815608
1 26.0759 30.0427 1.75839 -0.508708 0.119332 0.852629
1 25.0757 20.4509 1.61077 0.222102 0.243377 -0.94416
1 20.4918 17.8905 1.73964 -0.589148 0.531047 0.60901
1 0.940412 11.7836 1.76094 0.0911042 0.148611 0.98469
1 27.346 5.96017 1.60832 -0.60846 -0.152817 -0.778732
1 1.98291 0.178073 1.60526 0.0189913 0.697552 -0.716282
1 22.8562 19.8159 1.61625 0.101597 0.502721 -0.858458
1 31.0119 19.4599 1.6173 0.0895868 -0.539125 -0.837448
1 33.4353 7.16033 1.60386 0.480222 0.084845 -0.873034
1 26.8561 22.7034 1.61498 0.642576 0.158446 -0.749661
1 16.193 7.67706 1.75803 0.356125 -0.24428 0.901944
1 3.35259 7.38556 1.60668 0.24099 -0.647589 -0.722878
1 20.2785 10.0541 1.74533 0.195388 0.542172 0.817235
1 16.5247 24.9365 1.60961 0.324117 -0.0144596 -0.945906
1 8.41495 20.6747 1.61068 0.666204 0.283296 -0.689866
1 11.8313 18.2687 1.6116 0.299551 -0.385197 -0.872864
1 6.76186 18.8058 1.60915 0.371759 0.504805 -0.779081
1 7.33386 22.9934 1.75611 0.688016 -0.208195 0.69519
1 13.4221 20.2717 1.6139 -0.469599 0.531615 -0.704884
1 22.4457 32.5868 1.75548 -0.056528 0.795293 0.603584
1 8.7938 25.9818 1.75864 0.263822 0.197698 0.944094
1 14.7387 9.14297 1.75731 0.170004 -0.449965 0.876716
1 28.7231 13.9402 1.59585 -0.783899 0.206108 -0.585681
1 24.2574 26.5811 1.75888 0.127529 -0.168853 0.977356
1 26.3041 19.0205 1.60744 -8.44393e-05 0.102232 -0.994761
1 17.5864 34.3214 1.75849 -0.195278 0.0813788 0.977366
1 10.582 9.84671 1.60498 -0.709137 -0.378915 -0.594599
1 24.1507 13.6465 1.61072 0.541488 0.215645 -0.812581
1 24.9693 34.5339 1.75709 0.189973 -0.196686 0.961886
1 8.24588 27.911 1.75941 -0.0264602 0.142476 0.989444
1 6.73507 3.17696 1.61492 0.0435762 0.205372 -0.977713
1 20.7067 14.7223 1.7602 -0.115583 0.546421 0.829497
1 15.617 4.3655 1.76615 -0.704416 -0.476348 0.526204
1 6.84379 17.6772 1.6108 0.270219 0.360019 -0.892954
1 3.23458 12.7148 1.73582 -0.042545 0.606505 0.793941
1 8.77223 14.9729 1.60731 -0.0134373 0.0152348 -0.999794
1 31.6464 27.4651 1.60801 -0.0368829 0.0943386 -0.994857
1 33.1996 9.64641 1.76065 0.493804 -0.241635 0.835326
1 11.8431 19.3561 1.61475 0.461499 -0.431254 -0.775267
1 11.8012 33.7818 1.75448 -0.310473 -0.675504 0.668805
1 34.5603 1.51595 1.60908 -0.516224 -0.00265244 -0.856449
1 23.7744 14.5722 1.60116 0.691028 0.219237 -0.688779
1 26.9684 1.44083 1.75824 -0.112225 0.131193 0.984984
1 13.7773 9.6285 1.7584 0.0891027 -0.599846 0.795139
1 8.07828 29.0137 1.75858 -0.203469 0.141766 0.968763
1 7.60733 30.1481 1.7552 -0.387241 0.102591 0.916253
1 23.9347 11.712 1.60941 0.244755 0.326314 -0.913025
1 15.8896 13.7077 1.75691 -0.2389 -0.299737 0.923626
1 28.0219 27.154 1.76132 0.137285 0.461674 0.876362
1 28.3826 5.34415 1.62842 -0.677677 -0.31673 -0.663654
1 8.83699 18.7315 1.61224 0.41314 0.0965655 -0.905533
1 12.6974 25.2532 1.61118 0.377434 0.622674 -0.685435
1 28.7435 3.3779 1.75617 -0.516896 0.316756 0.795289
1 12.1755 13.445 1.62338 -0.168854 -0.628908 -0.758922
1 5.66851 1.98351 1.60749 -0.0542958 0.303554 -0.951266
1 8.96518 10.744 1.61749 -0.548086 -0.0825846 -0.832335
1 15.1158 7.98749 1.75582 0.335559 -0.415209 0.845578
1 23.6214 27.4643 1.75553 -0.0484625 -0.275705 0.96002
1 6.21932 31.9349 1.76012 -0.759113 0.0207747 0.650628
1 19.9843 6.97325 1.75947 0.389132 0.482039 0.784993
1 3.40897 30.9635 1.75375 -0.587925 -0.528774 0.612162
1 11.5193 7.88862 1.60032 0.612156 -0.334827 -0.716349
1 32.1398 9.23181 1.72967 0.595215 -0.372674 0.711922
1 25.8441 11.1123 1.60666 0.233437 0.0125986 -0.97229
1 26.12 3.06703 1.74661 -0.41549 0.0418842 0.908633
1 9.82922 21.5684 1.60309 0.760771 -0.184043 -0.622379
1 4.6748 17.079 1.61303 0.320273 0.700675 -0.637558
1 0.948583 8.89074 1.75019 0.612877 0.086776 0.785399
1 15.2098 11.2899 1.75937 -0.00836014 -0.335852 0.941878
1 31.1037 17.2683 1.60548 -0.298693 -0.573904 -0.762507
1 4.87133 2.53449 1.61789 0.0559866 0.458375 -0.886994
1 25.2307 10.2474 1.60693 0.0855769 0.112114 -0.990004
1 7.82385 15.2614 1.60576 0.0127919 0.151343 -0.988399
1 13.1765 13.8562 1.60979 -0.198229 -0.811368 -0.549898
1 18.6308 28.6463 1.75229 0.608685 0.226636 0.760354
1 2.67178 3.87956 1.61209 -0.388668 -0.535923 -0.749482
1 12.4888 2.41287 1.63021 -0.304599 -0.544786 -0.781299
1 22.6075 7.78508 1.6345 -0.278668 0.623079 -0.730832
1 3.3388 22.7206 1.75583 -0.372495 0.21131 0.903657
1 8.43663 6.51699 1.60989 0.404238 0.146722 -0.902809
1 25.4912 12.8874 1.61792 0.506177 0.0295887 -0.861922
1 29.6285 27.4634 1.61128 -0.0348771 0.490334 -0.870837
1 21.8115 28.7442 1.75293 -0.340432 -0.610852 0.714819
1 5.30722 30.0805 1.75672 -0.424785 -0.220691 0.877982
1 11.6485 17.21 1.60953 0.161972 -0.360042 -0.918768
1 18.1375 29.6977 1.7562 0.414297 0.147389 0.898128
1 33.7528 21.7814 1.75825 -0.202656 -0.471045 0.858514
1 6.45284 9.90016 1.59877 -0.606619 0.334399 -0.721243
1 7.08736 15.9321 1.60684 0.0918701 0.296965 -0.950459
1 32.5416 25.9714 1.60991 -0.299701 -0.0983936 -0.948946
1 22.5263 28.0007 1.76035 -0.176655 -0.468736 0.865494
1 20.6095 27.3478 1.61015 0.113523 0.740168 -0.66277
1 10.1571 28.3483 1.75556 -0.0987073 0.417719 0.903198
1 27.7403 7.93476 1.60905 -0.254178 -0.241694 -0.936471
1 22.6565 23.9015 1.76908 0.650174 -0.352256 0.673194
1 29.745 10.8921 1.60846 0.239138 -0.643047 -0.727532
1 23.8213 33.014 1.76604 0.479924 -0.408746 0.776273
1 18.1904 22.6403 1.61176 -0.0512259 -0.286688 -0.956654
1 18.3322 13.6165 1.7589 -0.157572 0.117252 0.980522
1 17.7202 20.8859 1.60898 -0.356201 -0.219588 -0.908241
1 6.75192 1.02574 1.60787 -0.255261 0.118434 -0.959591
1 34.5882 4.78383 1.60864 -0.0265986 -0.0936309 -0.995252
1 7.15876 4.13896 1.61276 0.143582 0.198058 -0.969617
1 1.72181 4.09748 1.61668 -0.249758 -0.40049 -0.881606
1 8.72222 22.778 1.7453 0.741596 0.0884659 0.664988
1 6.69224 33.6769 1.63015 -0.603301 0.0887503 -0.79256
1 26.832 10.8459 1.60838 0.224005 -0.137068 -0.964901
1 32.8807 22.2907 1.75959 -0.329833 -0.566176 0.755417
1 27.8881 10.7116 1.60723 0.197113 -0.304666 -0.931839
1 7.89445 11.178 1.6133 -0.47611 0.100974 -0.87357
1 30.798 29.2423 1.61073 0.229618 0.269656 -0.93518
1 1.68545 18.6825 1.76074 0.397653 -0.0538963 0.915952
1 5.66691 9.41023 1.78787 0.509827 -0.567133 0.646867
1 0.152726 10.7051 1.7597 0.32138 -0.0199304 0.946741
1 31.7666 28.7849 1.60909 0.125481 0.0981186 -0.987232
1 16.3928 12.8816 1.75467 -0.153918 -0.179078 0.97172
1 27.1454 17.0683 1.6092 -0.290849 0.0398543 -0.955939
1 14.0041 33.6168 1.75598 -0.151115 -0.391474 0.907696
1 23.2841 26.5122 1.75395 0.123942 -0.319241 0.939534
1 16.1891 29.3986 1.75725 0.503184 -0.113033 0.856755
1 33.2995 16.0714 1.75189 -0.620212 -0.194346 0.759978
1 1.16598 10.8417 1.75918 0.253492 0.151274 0.955436
1 22.9797 8.83785 1.61601 -0.150065 0.523481 -0.838718
1 30.0826 17.3657 1.60946 -0.264385 -0.40198 -0.876648
1 28.2647 19.5376 1.60836 0.106511 -0.140715 -0.984304
1 19.9231 1.03017 1.75194 -0.431293 0.421687 0.797601
1 4.97836 0.363414 1.6108 -0.308055 0.308996 -0.899791
1 2.18578 22.9619 1.75609 -0.406934 0.0179457 0.913281
1 30.8547 7.55556 1.71253 -0.487465 -0.673944 -0.555138
1 7.93371 13.3061 1.60815 -0.199618 0.0917081 -0.975573
1 14.7388 31.4857 1.75402 0.149208 -0.311118 0.938585
1 23.7452 25.5914 1.75758 0.30862 -0.234488 0.921829
1 7.59322 21.3487 1.77817 -0.709761 -0.499023 0.497208
1 32.8648 5.1388 1.60909 0.0720121 0.20857 -0.975353
1 22.3304 18.2705 1.61095 -0.20025 0.579547 -0.789953
1 9.83013 3.89076 1.6075 0.0605154 -0.148019 -0.987131
1 8.74461 5.44591 1.60699 0.25063 0.0531904 -0.966621
1 2.89822 31.9233 1.77027 0.44957 0.423692 0.786366
1 25.13 0.863414 1.75963 0.0339036 -0.13467 0.99031
1 16.0975 10.693 1.76052 0.0579505 -0.188317 0.980397
1 10.5122 27.2834 1.75579 0.0665589 0.472168 0.878992
1 21.6425 15.26 1.75352 -0.133144 0.701315 0.700307
1 1.62283 1.40735 1.598 0.361177 0.730147 -0.580032
1 25.3333 11.9752 1.60743 0.353465 0.074717 -0.932459
1 6.64408 2.09867 1.609 -0.0959983 0.180863 -0.978812
1 24.3503 19.38 1.60668 0.0357513 0.343582 -0.938442
1 11.091 21.8995 1.58496 0.747492 -0.458856 -0.480319
1 31.4688 13.6002 1.75548 -0.215391 -0.481522 0.849555
1 15.1376 23.4743 1.60773 0.0586865 0.178605 -0.982169
1 19.2012 29.6356 1.75814 0.430381 0.304154 0.84986
1 17.9587 19.9116 1.61623 -0.536276 -0.259067 -0.803301
1 15.467 9.86551 1.75896 0.0911541 -0.325632 0.941092
1 3.48517 28.8383 1.75595 -0.197576 -0.526839 0.826683
1 23.1849 24.7466 1.75727 0.478965 -0.302709 0.82399
1 12.0065 31.3885 1.71245 0.193515 -0.664714 0.7216
1 16.8722 1.94344 1.75973 -0.495742 -0.0608252 0.866337
1 30.3141 30.5435 1.64647 0.363464 0.902342 -0.231672
1 29.4376 31.6563 1.75025 0.604679 0.290332 0.741667
1 10.6322 4.53977 1.6096 0.134188 -0.243909 -0.96047
1 29.5084 24.5308 1.60756 -0.429475 0.45331 -0.781064
1 28.153 22.5763 1.61007 0.607066 -0.0514272 -0.792985
1 9.72493 20.5842 1.61182 0.643953 -0.00512222 -0.765048
1 25.2179 18.556 1.60838 -0.0832566 0.237356 -0.967848
1 2.43824 6.15725 1.6188 0.0699058 -0.506642 -0.859318
1 32.2058 11.8993 1.76107 0.101549 -0.413375 0.904881
1 4.4558 14.2508 1.60697 -0.210411 0.727907 -0.652594
1 26.8653 0.379164 1.75908 0.075938 0.097383 0.992346
1 30.4108 21.5164 1.607 0.381362 -0.455384 -0.80448
1 24.3194 33.8371 1.75676 0.333389 -0.325395 0.884856
1 11.5849 29.2631 1.74252 -0.349712 0.623263 0.699461
1 25.0995 17.5394 1.60857 -0.256517 0.257425 -0.931628
1 34.2365 24.9053 1.61172 -0.5184 -0.40623 -0.752488
1 20.7301 32.7581 1.75789 -0.0576213 0.534961 0.84291
1 13.0024 9.01453 1.76275 0.258301 -0.701747 0.663952
1 11.4237 11.1132 1.62159 -0.51129 -0.511875 -0.690338
1 12.4491 26.7535 1.75564 0.246488 0.739588 0.626302
1 5.74529 5.17458 1.59891 0.239498 0.54478 -0.803652
1 19.4105 31.5158 1.75399 0.162068 0.333451 0.928733
1 12.6045 19.8866 1.66031 0.478304 -0.641132 -0.600146
1 15.6446 21.5886 1.60585 -0.246526 0.102277 -0.963724
1 9.37028 31.5284 1.75407 -0.625798 0.374993 0.683928
1 4.08397 23.4823 1.74811 -0.565484 0.326065 0.757568
1 2.89865 25.44 1.75879 0.470221 -0.610496 0.637328
1 8.0258 3.60082 1.6081 0.0419797 0.0819145 -0.995755
1 34.6087 21.2915 1.75619 -0.0988097 -0.339724 0.93532
1 5.83559 31.0185 1.75372 -0.591017 -0.104126 0.79991
1 26.9022 8.3697 1.60933 -0.173397 -0.114739 -0.978146
1 2.59243 28.1133 1.75909 -0.0923553 -0.700133 0.708014
1 32.6735 3.00332 1.61314 -0.268634 0.261755 -0.926995
1 23.2714 16.6113 1.62371 -0.435637 0.511231 -0.740853
1 25.411 19.5347 1.60729 0.0733359 0.21329 -0.974233
1 23.9756 20.397 1.61074 0.202137 0.369419 -0.907012
1 0.75047 3.32231 1.61378 -0.301387 -0.238466 -0.923201
1 12.1256 16.1922 1.6169 0.0527936 -0.523833 -0.850183
1 9.59881 4.88848 1.60776 0.187715 -0.0873113 -0.978335
1 14.4163 25.1186 1.61186 0.342273 0.310146 -0.886938
1 9.62209 25.4504 1.75672 0.360759 0.327686 0.873198
1 1.72031 29.2872 1.6036 0.106612 -0.7636 -0.636827
1 32.578 27.0388 1.6082 -0.124175 -0.0847483 -0.988635
1 27.8077 15.6376 1.624 -0.53976 0.0415101 -0.840795
1 31.4225 1.80246 1.59793 -0.460348 0.587103 -0.665875
1 17.4774 24.5424 1.6076 0.259995 -0.165558 -0.951311
1 22.3904 26.8797 1.76437 0.038423 -0.467633 0.883087
1 15.5388 25.3013 1.61147 0.36853 0.13125 -0.920304
1 21.9278 22.5586 1.78514 -0.613292 -0.517988 0.596289
1 24.5998 9.39112 1.60974 -0.0560995 0.218486 -0.974226
1 15.005 33.33 1.75847 -0.0804565 -0.26092 0.962002
1 16.6441 0.0374076 1.75666 -0.243296 -0.053767 0.968461
1 1.71317 3.01983 1.63056 -0.449671 -0.385582 -0.805681
1 8.66972 24.7934 1.75706 0.447527 0.164228 0.879062
1 12.3659 29.8714 1.75325 0.438682 -0.633819 0.637049
1 22.1399 1.21029 1.74575 0.250096 -0.63082 0.734519
1 9.02204 28.5355 1.76208 -0.123612 0.256672 0.958561
1 24.2434 18.2397 1.60846 -0.152525 0.35378 -0.922809
1 28.4823 33.5816 1.75934 0.320793 0.288231 0.902228
1 24.9784 8.41275 1.61026 -0.187847 0.172315 -0.966965
1 0.651461 15.2388 1.74856 -0.526028 0.160868 0.835114
1 22.6589 21.9082 1.60941 0.465842 0.499423 -0.730457
1 13.8213 21.2046 1.61491 -0.326248 0.417477 -0.848101
1 32.2415 34.4793 1.58845 -0.558914 0.688278 -0.462481
1 17.2026 22.8648 1.60899 -0.0252585 -0.132943 -0.990802
1 18.3817 25.852 1.62699 0.5123 -0.304633 -0.802961
1 12.6954 15.0251 1.61856 -0.158152 -0.581662 -0.797908
1 17.9953 16.1589 1.76033 -0.468723 0.0593526 0.881349
1 19.812 25.8091 1.72733 -0.420213 0.63486 0.648363
1 15.8938 1.40272 1.75688 -0.434703 -0.205644 0.87678
1 33.6059 14.2448 1.75844 -0.31823 -0.114428 0.941082
1 31.8189 24.0053 1.60983 -0.581438 0.018165 -0.813388
1 27.4271 33.2007 1.75777 0.393056 0.115813 0.912192
1 17.2884 4.56848 1.75749 -0.859287 -0.0384123 0.51005
1 30.6226 3.24445 1.60787 -0.291506 0.627698 -0.721817
1 27.6956 23.5741 1.6184 0.779801 0.0434951 -0.624515
1 3.365 6.09747 1.62978 -0.0061508 -0.656553 -0.754255
1 18.3285 7.39071 1.75904 0.37648 0.131355 0.917065
1 0.861611 25.4994 1.60351 -0.500603 -0.612496 -0.611756
1 25.733 32.037 1.74064 0.695404 -0.115787 0.70923
1 26.4047 12.1525 1.60816 0.403293 -0.091433 -0.910492
1 21.5492 27.4683 1.76015 -0.0853445 -0.60121 0.794521
1 19.0353 27.7008 1.7378 0.806925 0.165733 0.566926
1 10.6061 26.1299 1.75411 0.254626 0.47406 0.842872
1 17.3232 13.3802 1.75824 -0.162201 -0.0377 0.986037
1 8.11241 16.1979 1.60689 0.10186 0.125804 -0.986812
1 31.8841 14.6704 1.75079 -0.392179 -0.385199 0.835355
1 3.77368 29.9871 1.75637 -0.396273 -0.483717 0.780375
1 34.4331 2.76057 1.60981 -0.348708 -0.050249 -0.935883
1 19.1869 17.9866 1.75625 -0.670256 0.255413 0.696793
1 28.0572 17.5024 1.60934 -0.225515 -0.101359 -0.968953
1 18.5742 15.2504 1.7601 -0.343951 0.165339 0.924316
1 13.2045 5.82987 1.61831 0.258401 -0.57864 -0.773566
1 19.6999 15.1365 1.7623 -0.257973 0.373662 0.890969
1 25.9284 0.0938036 1.75839 0.140575 -0.0488427 0.988865
1 2.31056 12.596 1.76042 -0.0428935 0.436983 0.898446
1 13.6406 6.8039 1.60358 0.443258 -0.642369 -0.625208
1 19.9254 2.14209 1.73463 -0.569324 0.452317 0.686498
1 15.0776 30.4851 1.75754 0.301465 -0.266053 0.915606
1 4.25914 4.09961 1.63748 0.452846 0.606834 -0.65321
1 12.856 31.7124 1.76273 0.10069 -0.558478 0.823386
1 21.1299 16.5847 1.74625 -0.371068 0.626094 0.685795
1 20.0948 24.2061 1.61634 0.177683 -0.590616 -0.787148
1 11.4833 12.3632 1.62989 -0.3258 -0.52113 -0.788846
1 20.411 15.883 1.75776 -0.323456 0.485207 0.812374
1 12.1809 28.0775 1.76403 -0.0814186 0.714537 0.694844
1 21.4699 2.44331 1.76002 0.057786 -0.63494 0.770397
1 6.91002 14.8585 1.60708 -0.0464796 0.300745 -0.952571
1 9.34871 7.20683 1.61049 0.499105 0.0186706 -0.86634
1 10.9927 34.5043 1.61601 -0.42916 -0.57564 -0.696031
1 24.2679 10.3492 1.60572 0.074318 0.260078 -0.962723
1 21.4029 21.423 1.60765 0.364191 0.678988 -0.637448
1 22.1555 3.3871 1.75735 -0.186845 -0.502443 0.84418
1 7.36188 34.4305 1.60728 -0.472346 0.0194028 -0.8812
1 3.48321 27.6914 1.75132 0.00593831 -0.526367 0.850237
1 21.0633 9.42183 1.75493 0.144382 0.754977 0.639659
1 30.4488 13.0779 1.75011 -0.15318 -0.664585 0.731343
1 15.2627 17.4401 1.72835 -0.600234 -0.423016 0.678805
1 26.5662 9.24642 1.60841 -0.0399495 -0.0767208 -0.996252
1 9.28747 33.8596 1.61233 -0.571264 -0.301413 -0.763418
1 26.1937 10.1328 1.60726 0.0948069 -0.0347891 -0.994888
1 4.13593 24.521 1.6588 0.683164 -0.377176 0.62532
1 8.85157 12.9059 1.60725 -0.246464 -0.0462985 -0.968045
1 12.3034 23.9582 1.6079 0.134271 0.650564 -0.747487
1 4.91458 12.6333 1.61502 -0.320834 0.692588 -0.646055
1 8.0132 4.70792 1.60806 0.166244 0.114906 -0.979367
1 31.6961 30.8651 1.60459 0.449188 0.205201 -0.869553
1 32.464 7.86821 1.59857 0.575692 0.272282 -0.771001
1 16.1502 11.7762 1.75629 -0.0552362 -0.197317 0.978782
1 27.2692 9.93502 1.60789 0.0782091 -0.18759 -0.979129
1 31.4608 33.5059 1.76699 0.27551 0.738716 0.615137
1 17.4717 21.891 1.60896 -0.186237 -0.176019 -0.966609
1 33.696 11.4306 1.76164 0.175843 -0.172489 0.969189
1 24.6146 27.5516 1.75929 -0.0419659 -0.112287 0.992789
1 26.3993 6.54896 1.61159 -0.482736 -0.0313813 -0.875203
1 30.0331 19.3885 1.60933 0.0791202 -0.391762 -0.916658
1 20.4626 31.6544 1.75475 0.140691 0.485919 0.862606
1 22.2381 5.91559 1.62313 -0.510489 0.615507 -0.60046
1 26.71 7.45338 1.60886 -0.32691 -0.0764516 -0.941958
1 15.0697 24.4372 1.60805 0.216783 0.196521 -0.956235
1 31.5882 31.912 1.60782 0.57337 0.422254 -0.702103
1 25.5704 33.7177 1.75845 0.325157 -0.136945 0.935692
1 30.7897 14.3922 1.73528 -0.40446 -0.568864 0.716104
1 6.66036 26.4973 1.76074 0.192713 -0.0926549 0.976871
1 24.1732 3.43102 1.75574 -0.371175 -0.226537 0.900505
1 10.351 6.66164 1.61081 0.41414 -0.145206 -0.898556
1 34.2045 8.90163 1.75904 0.73005 -0.157802 0.664925
1 30.0188 28.4696 1.63287 0.125513 0.402767 -0.906656
1 24.6002 7.51452 1.60684 -0.323683 0.250863 -0.912303
1 27.0911 29.4934 1.75632 -0.364398 0.303232 0.880491
1 1.2288 7.3124 1.60967 0.378556 -0.288307 -0.879531
1 9.48313 27.5893 1.76075 0.021937 0.306716 0.951548
1 15.6301 6.84232 1.7545 0.463666 -0.367659 0.806127
1 27.6183 12.5076 1.60586 0.483414 -0.299683 -0.822497
1 33.9014 17.1248 1.76182 0.810987 -0.250171 0.52888
1 2.94756 10.0615 1.75467 0.294393 0.469149 0.832605
1 22.2318 12.5018 1.61473 0.29622 0.626757 -0.720715
1 28.2489 13.1817 1.63651 0.620686 -0.386941 -0.681928
1 14.433 12.0788 1.75593 -0.0726223 -0.49571 0.865447
1 19.8987 30.6507 1.75277 0.30516 0.401026 0.863745
1 2.7255 5.04036 1.61353 -0.164298 -0.542457 -0.82386
1 5.25247 28.7299 1.75781 -0.179539 -0.249303 0.951638
1 1.13652 33.5246 1.73482 0.856933 -0.232568 0.459976
1 25.3078 16.48 1.62093 -0.454409 0.219149 -0.863416
1 6.28574 27.4342 1.75964 0.0314527 -0.115202 0.992844
1 4.44145 22.4547 1.75722 -0.345039 0.366861 0.863922
1 24.221 1.30588 1.75729 -0.0120458 -0.243722 0.96977
1 3.84657 20.6299 1.75878 0.0437517 0.292599 0.955234
1 14.367 19.1253 1.61799 -0.608757 0.366204 -0.703782
1 6.87152 25.5154 1.75469 0.346161 -0.094701 0.933383
1 24.0406 6.72454 1.6078 -0.466254 0.305183 -0.830343
1 19.5206 33.5535 1.75255 -0.14008 0.357323 0.923416
1 3.64022 9.34985 1.76642 0.363761 0.596864 0.715144
1 15.9723 24.1167 1.60831 0.171013 0.055346 -0.983713
1 33.0543 24.2765 1.61168 -0.603655 -0.229359 -0.763541
1 33.456 31.0485 1.60977 0.49749 -0.0989923 -0.861803
1 5.60678 7.20043 1.68225 0.533418 0.566106 -0.628482
1 11.0144 31.2481 1.67596 0.448228 -0.699026 0.557184
1 26.8718 5.01499 1.63144 -0.784447 -0.140097 -0.604165
1 28.072 16.5401 1.60744 -0.397281 -0.0616624 -0.915623
1 3.66618 32.8227 1.74211 0.184218 0.52154 0.833103
1 33.4593 26.5114 1.61181 -0.218891 -0.247119 -0.943938
1 4.76309 26.0986 1.75259 0.280601 -0.359312 0.890033
1 1.00362 19.475 1.75949 0.236735 -0.176439 0.955419
1 33.49 1.26364 1.60778 -0.524134 0.20299 -0.82709
1 0.0432819 14.3615 1.75937 -0.346429 0.058954 0.936222
1 22.4194 2.29322 1.75004 0.0210332 -0.493294 0.869608
1 20.9286 7.79779 1.76265 0.264973 0.706374 0.656373
1 14.8252 16.1835 1.76309 -0.451133 -0.538351 0.711799
1 10.1933 1.31841 1.61135 -0.250663 -0.304496 -0.918939
1 0.480094 31.401 1.61008 0.513441 -0.366813 -0.775775
1 27.5547 34.228 1.76114 0.200857 0.17822 0.963273
1 28.2786 9.72734 1.60741 0.043065 -0.35084 -0.935445
1 23.4084 10.7633 1.60888 0.0936973 0.406594 -0.908792
1 26.1789 29.0755 1.75949 -0.307488 0.155862 0.9387
1 28.3422 28.3625 1.76348 -0.0445666 0.562508 0.82559
1 16.8506 0.985005 1.75866 -0.367682 -0.0466045 0.928783
1 34.1529 6.51794 1.61602 0.295264 0.00365584 -0.955409
1 10.914 18.98 1.60713 0.415911 -0.246718 -0.875299
1 34.5789 19.4219 1.75714 0.221759 -0.363788 0.9047
1 13.2504 11.8272 1.75989 -0.341755 -0.665313 0.663749
1 33.68 23.3794 1.75824 -0.606905 -0.452517 0.653372
1 18.4964 9.46179 1.75883 0.200939 0.167353 0.965203
1 17.0312 5.63386 1.76133 0.643444 -0.147364 0.751175
1 13.9015 16.1582 1.5961 -0.116836 -0.852297 -0.509842
1 10.8407 17.9672 1.61002 0.27714 -0.215045 -0.936456
1 21.0537 30.8259 1.75814 0.279829 0.574843 0.768928
1 30.7707 26.1192 1.6042 -0.233408 0.201812 -0.951206
1 10.2825 5.5768 1.60654 0.261336 -0.163514 -0.951297
1 25.0014 32.9101 1.75882 0.498232 -0.203918 0.842723
1 33.0741 12.2486 1.76135 0.0358255 -0.261928 0.964422
1 2.66336 13.8323 1.75568 -0.252589 0.535976 0.805561
1 11.4806 27.0013 1.75391 0.114155 0.618804 0.777206
1 11.56 4.96482 1.60483 0.168396 -0.34664 -0.922759
1 28.3251 21.5755 1.61366 0.445462 -0.100155 -0.889681
1 1.39171 16.8409 1.73874 0.755482 -0.120137 0.64406
1 4.46998 27.1583 1.7576 0.0914721 -0.370553 0.924296
1 9.82592 12.6495 1.61222 -0.280575 -0.200908 -0.93857
1 24.0254 29.4913 1.75654 -0.382654 -0.219214 0.897508
1 16.8996 23.7934 1.60845 0.126901 -0.0879297 -0.98801
1 27.351 28.4555 1.7541 -0.153643 0.372459 0.915242
1 30.4815 32.4911 1.75653 0.473211 0.538724 0.697028
1 14.8899 13.2558 1.75523 -0.206142 -0.481531 0.851841
1 8.66467 26.9826 1.76004 0.112708 0.178875 0.977395
1 15.7446 8.78171 1.7587 0.228537 -0.294438 0.927942
1 12.5094 6.95912 1.60703 0.447103 -0.478698 -0.75561
1 20.9433 0.0244763 1.74855 -0.394807 0.547523 0.737798
1 4.27358 6.49555 1.59558 -0.0207237 -0.813965 -0.580544
1 12.5687 8.15068 1.61783 0.637811 -0.531791 -0.557132
1 4.27277 19.7343 1.75776 0.22143 0.384164 0.896319
1 17.0972 29.9302 1.75661 0.383788 0.00272157 0.923417
1 31.9128 3.78604 1.61483 -0.147862 0.367043 -0.918377
1 6.50451 30.2499 1.76074 -0.427445 -0.0488414 0.902721
1 19.5811 0.0607175 1.75745 -0.286897 0.360814 0.887414
1 27.79 24.8456 1.75877 0.505615 0.394685 0.767188
1 2.82987 11.5373 1.74313 0.136426 0.485884 0.86331
1 30.951 28.1823 1.60956 0.0604334 0.243692 -0.967968
1 7.7231 18.4527 1.60826 0.379346 0.281142 -0.881508
1 23.1877 3.86927 1.77107 -0.448928 -0.335098 0.828356
1 8.21357 7.47401 1.61112 0.57053 0.197792 -0.797103
1 9.9298 19.5338 1.60431 0.485758 -0.0497641 -0.872676
1 6.08626 15.4788 1.61024 0.0201959 0.458337 -0.888549
1 27.2404 20.8966 1.60679 0.339192 0.0214441 -0.940473
1 25.578 9.28031 1.60762 -0.0462878 0.0697467 -0.99649
1 17.1038 12.2278 1.76048 -0.0697196 -0.0505904 0.996283
1 5.15593 24.9819 1.74361 0.474697 -0.318236 0.820603
1 22.7268 30.2729 1.7443 -0.470008 -0.594416 0.652505
1 1.50141 6.23821 1.61305 0.155239 -0.342776 -0.926502
1 1.64241 24.7825 1.62154 0.752105 0.119683 -0.648085
1 0.755007 26.668 1.61406 -0.267824 -0.569595 -0.777066
1 0.349487 17.6294 1.72789 0.561433 -0.263401 0.784482
1 10.2128 15.9203 1.60777 0.0440916 -0.172762 -0.983976
1 4.48458 10.495 1.77283 0.151218 0.822644 0.548078
1 14.8463 0.888291 1.75109 -0.385879 -0.366464 0.846641
1 27.626 8.99567 1.60898 -0.0701269 -0.231113 -0.970396
1 13.857 29.4837 1.7529 0.466632 -0.431366 0.772126
1 6.41569 12.8965 1.61172 -0.249799 0.355707 -0.900596
1 32.8047 4.0984 1.60863 -0.0997028 0.222778 -0.969757
1 22.1196 31.073 1.73753 0.265111 0.736522 0.622295
1 18.9191 20.697 1.61385 -0.373611 -0.423552 -0.825238
1 10.8266 20.0519 1.61009 0.550701 -0.222649 -0.80446
1 33.6389 34.087 1.60668 -0.668074 0.405189 -0.624099
1 31.6841 26.4588 1.6081 -0.196516 0.0520117 -0.97912
1 27.3351 19.0072 1.60753 0.0244623 -0.0139905 -0.999603
1 7.70988 9.29111 1.61721 -0.78228 0.0739217 -0.618525
1 20.6983 12.412 1.74866 -0.0684816 0.566503 0.821209
1 22.8723 13.6453 1.61799 0.509275 0.436731 -0.741556
1 22.1318 34.0989 1.6967 -0.377183 0.741285 0.555184
1 30.2599 22.7253 1.61118 0.525652 -0.439683 -0.728264
1 1.47742 15.8753 1.7585 -0.689309 0.273176 0.670991
1 1.88073 11.6204 1.7603 0.11242 0.313009 0.943073
1 5.3535 21.8228 1.76263 -0.211621 0.516958 0.82944
1 21.9693 9.1233 1.60215 -0.075731 0.741006 -0.667214
1 9.4479 30.3964 1.74949 -0.419183 0.387025 0.821278
1 33.4495 27.6374 1.60828 -0.0466821 -0.23098 -0.971838
1 7.31681 27.3543 1.76 0.0568425 0.0205469 0.998172
1 5.0884 5.92283 1.6217 0.298298 0.690814 -0.65863
1 17.7441 8.31458 1.75973 0.2721 0.03507 0.96163
1 29.1175 16.8417 1.60682 -0.340048 -0.23455 -0.910689
1 5.35411 22.9269 1.74981 -0.482334 0.484814 0.729595
1 16.9807 32.6857 1.75986 0.0145651 -0.00618766 0.999875
1 24.4393 24.7874 1.75534 0.488938 -0.121959 0.863751
1 25.981 25.9429 1.75511 0.293156 0.0911284 0.951712
1 10.1619 10.7478 1.61663 -0.569534 -0.297025 -0.766425
1 8.86295 4.22381 1.60684 0.11045 -0.00861233 -0.993844
1 0.464459 20.3559 1.75928 0.0699597 -0.275098 0.958867
1 13.7739 25.812 1.61511 0.481902 0.391439 -0.78393
1 23.5644 7.73956 1.60202 -0.29812 0.436039 -0.849114
1 13.6839 10.8231 1.76188 -0.149771 -0.576556 0.803213
1 29.8348 18.3601 1.60936 -0.0900359 -0.374129 -0.922996
1 1.71121 23.8582 1.7483 -0.585225 -0.058032 0.808791
1 20.932 22.6997 1.60773 -0.239837 -0.749886 -0.616562
1 11.6758 22.6033 1.77671 0.159005 -0.749398 0.642744
1 17.7409 2.64281 1.75659 -0.601158 0.0751571 0.795588
1 4.77779 20.9602 1.75765 -0.0262138 0.446236 0.894531
1 7.76366 0.693579 1.60464 -0.342242 -0.0157413 -0.93948
1 31.2206 5.40431 1.63437 0.165759 0.499764 -0.850153
1 13.3013 28.7093 1.7563 0.606949 -0.455914 0.650966
1 7.50434 16.9685 1.60729 0.200815 0.239776 -0.949832
1 28.9777 15.8501 1.61105 -0.511902 -0.177048 -0.840601
1 5.5705 11.0045 1.60314 -0.444745 0.548255 -0.708251
1 10.687 2.32256 1.61554 -0.148839 -0.306532 -0.940152
1 32.8325 31.8808 1.60569 0.596179 0.161688 -0.786401
1 18.5962 34.4699 1.75704 -0.220507 0.230888 0.947664
1 28.2788 20.5684 1.60915 0.281782 -0.129166 -0.950744
1 5.91314 12.0178 1.60031 -0.3249 0.468769 -0.821398
1 5.63568 18.5691 1.62857 0.46799 0.690923 -0.551008
1 32.4444 32.7972 1.77447 -0.73786 -0.260728 0.622562
1 0.567409 6.53813 1.60825 0.261912 -0.178032 -0.948529
1 31.3122 22.0004 1.61191 0.323001 -0.666198 -0.672198
1 14.9196 3.03905 1.73934 -0.524215 -0.582522 0.621181
1 26.3889 28.1079 1.76041 -0.11358 0.194241 0.974356
1 3.95728 2.73844 1.66351 0.244282 0.568728 -0.785414
1 32.2982 24.9727 1.61189 -0.460111 -0.090975 -0.883188
1 10.4072 7.64345 1.60646 0.561986 -0.151442 -0.813165
1 24.705 21.3446 1.62138 0.381764 0.266875 -0.884892
1 33.567 29.8508 1.60739 0.291108 -0.193028 -0.937014
1 28.8694 10.5788 1.61424 0.179169 -0.476874 -0.860517
1 30.1351 9.62087 1.60283 0.0123296 -0.656612 -0.754128
1 8.66958 13.9587 1.60566 -0.107011 -0.0143922 -0.994154
1 26.622 14.1106 1.67233 0.693985 -0.347657 -0.630491
1 32.042 15.7699 1.75529 -0.573125 -0.456286 0.680684
1 10.6129 8.82662 1.62331 0.789035 -0.0878028 -0.608041
1 19.5224 9.14786 1.75711 0.246003 0.35412 0.902265
1 21.2262 0.966368 1.61447 -0.535694 0.63152 0.560548
1 0.428325 23.8428 1.75795 -0.591675 -0.261824 0.762475
1 7.76002 26.4555 1.76023 0.199016 0.0513632 0.978649
1 17.5108 27.9555 1.74766 0.713536 0.0464272 0.699079
1 11.4436 20.7572 1.65291 0.606833 -0.386379 -0.694597
1 20.1121 13.6148 1.75775 -0.138285 0.413134 0.90011
1 0.841903 28.8968 1.61524 0.13085 -0.579323 -0.804526
1 26.8666 25.4153 1.75177 0.428598 0.213852 0.877822
1 4.48083 29.3314 1.75467 -0.290801 -0.361752 0.885759
1 32.2709 21.0036 1.77507 -0.12214 -0.800698 0.586485
1 4.49355 33.9215 1.61028 -0.47085 0.479284 -0.740666
1 26.9796 2.45998 1.75552 -0.296543 0.151426 0.942938
1 6.8081 10.7644 1.61968 -0.501818 0.290801 -0.814625
1 25.9144 15.5371 1.62841 -0.651523 0.193959 -0.733416
1 13.7888 31.6147 1.75461 0.116025 -0.440879 0.890036
1 5.19798 14.9577 1.61464 -0.0921532 0.598458 -0.795837
1 32.5138 1.97735 1.61295 -0.4175 0.342805 -0.841533
1 16.2746 14.9705 1.75928 -0.346907 -0.246583 0.904904
1 16.4652 9.59818 1.75826 0.143201 -0.161803 0.976378
1 6.28204 0.116756 1.60789 -0.396891 0.167654 -0.902424
1 8.5153 1.37852 1.60678 -0.241176 -0.0953642 -0.965785
1 16.4743 2.77253 1.73432 -0.598426 -0.179099 0.780904
1 21.8916 19.4836 1.60375 -0.0206774 0.642144 -0.766305
1 31.6851 29.8332 1.61087 0.287761 0.124489 -0.949577
1 14.2851 5.48421 1.61189 0.196779 -0.720591 -0.664851
1 11.2458 32.5389 1.72284 -0.00106513 -0.760736 0.649061
1 23.276 2.84383 1.75502 -0.22515 -0.376348 0.898704
1 16.1334 23.1432 1.60754 0.00946485 0.0248166 -0.999647
1 27.3654 19.9632 1.60857 0.180103 -0.0122978 -0.983571
1 26.3374 20.0171 1.60649 0.163759 0.107591 -0.980616
1 14.8581 21.0039 1.61434 -0.335851 0.232544 -0.912758
1 15.6849 18.6896 1.62028 -0.752009 0.0580925 -0.656588
1 7.09928 31.1001 1.75404 -0.565843 0.0674769 0.821747
1 14.3382 4.01118 1.59233 -0.11443 -0.788604 -0.60416
1 1.57821 22.1345 1.75889 -0.250974 -0.0807416 0.964621
1 12.7232 0.196019 1.77754 -0.536744 -0.508681 0.673164
1 14.0982 1.49635 1.75104 -0.446143 -0.561926 0.696559
1 17.9793 12.6694 1.7583 -0.0673625 0.0826047 0.994303
1 3.69405 18.7182 1.75297 0.390208 0.321951 0.862604
1 27.5653 3.23207 1.75649 -0.482468 0.180076 0.857203
1 19.3612 7.6877 1.75439 0.330206 0.336818 0.88177
1 24.842 25.7113 1.75739 0.310166 -0.0736281 0.947827
1 0.731224 2.27667 1.61325 -0.466726 -0.20103 -0.861252
1 6.38845 24.6747 1.75556 0.506146 -0.198155 0.839375
1 22.6415 10.0595 1.61035 0.000804585 0.557348 -0.830279
1 1.10234 14.3392 1.75845 -0.349944 0.229645 0.908186
1 0.630287 18.5411 1.75946 0.399499 -0.236181 0.885787
1 14.5111 21.9806 1.61063 -0.188179 0.278483 -0.941826
1 23.3656 18.8629 1.61109 -0.0496188 0.453761 -0.889741
1 17.3586 15.2992 1.75821 -0.368911 -0.0548006 0.927848
1 32.5707 13.9923 1.75766 -0.269541 -0.291384 0.917847
1 21.4633 13.9015 1.75835 0.110145 0.652905 0.749389
1 26.5964 24.4362 1.75954 0.611205 0.186185 0.769262
1 21.9784 11.0791 1.60613 0.0449791 0.757252 -0.651572
1 25.157 4.81342 1.64771 -0.834079 0.0437417 -0.549908
1 6.0241 29.3827 1.75858 -0.284622 -0.133559 0.94929
1 2.53172 20.3978 1.75905 0.0773041 0.0788126 0.993888
1 10.4601 11.836 1.61712 -0.396767 -0.326615 -0.857845
1 9.94355 18.5659 1.61347 0.363473 -0.0836699 -0.92784
1 17.3794 26.5712 1.6158 0.644552 -0.109033 -0.756746
1 2.82389 16.8695 1.73457 0.695013 0.155713 0.701933
1 7.54099 2.66654 1.60617 -0.0407224 0.0815691 -0.995835
1 11.6114 2.77306 1.60684 -0.140859 -0.442599 -0.885587
1 15.7178 31.2524 1.75947 0.193522 -0.175844 0.965209
1 16.748 8.5278 1.75831 0.256258 -0.131768 0.957585
1 22.894 11.6901 1.61018 0.172539 0.542832 -0.821927
1 30.5436 11.6734 1.75531 0.144878 -0.735072 0.662329
1 27.8353 1.88423 1.75673 -0.196849 0.262187 0.944727
1 2.88632 23.7236 1.7522 -0.534226 0.134749 0.834533
1 32.3887 6.8594 1.60782 0.391066 0.266115 -0.881051
1 29.4978 33.9602 1.75757 0.205451 0.454752 0.866597
1 2.12659 9.2324 1.75367 0.470881 0.30486 0.827847
1 6.94442 7.56814 1.61267 0.557328 0.37369 -0.741446
1 15.9857 16.7161 1.74834 -0.544505 -0.286379 0.788354
1 18.9401 6.52039 1.76016 0.461866 0.251765 0.850467
1 8.64275 29.8171 1.7548 -0.330664 0.233979 0.914284
1 19.746 12.2801 1.7513 -0.0238361 0.397421 0.917327
1 3.97926 0.413796 1.63061 -0.178282 0.449714 -0.875199
1 34.2828 13.4295 1.75925 -0.179604 -0.0193616 0.983548
1 1.5801 17.7578 1.75231 0.579351 -0.061517 0.812753
1 16.7823 30.9685 1.75721 0.231399 -0.0475974 0.971694
1 12.1835 5.94696 1.61263 0.282327 -0.430021 -0.857539
1 34.3694 26.0251 1.6124 -0.318822 -0.405961 -0.856474
1 26.7573 16.1744 1.6132 -0.446802 0.140386 -0.883549
1 13.849 0.0836404 1.75911 -0.308863 -0.430175 0.848265
1 21.7505 5.06204 1.76957 -0.633957 0.402761 0.660214
1 7.90398 25.4631 1.75617 0.334496 0.0568866 0.940679
1 14.296 26.8338 1.60317 0.703608 0.210502 -0.678693
1 29.8093 26.3302 1.62408 -0.20144 0.371333 -0.906385
1 5.76809 17.3794 1.61861 0.32649 0.530445 -0.782325
1 7.33468 6.61446 1.61268 0.407223 0.325873 -0.853215
1 2.54964 1.26949 1.78143 -0.231335 -0.612895 0.755543
1 27.3597 11.6168 1.6186 0.344803 -0.233571 -0.909151
1 17.891 1.58299 1.75377 -0.44683 0.111273 0.887672
1 33.7722 10.4213 1.7563 0.352024 -0.183769 0.917774
1 27.5952 6.93577 1.60767 -0.436024 -0.207863 -0.8756
1 4.34833 28.2383 1.75788 -0.0940837 -0.390251 0.915889
1 16.8517 14.2157 1.76003 -0.260048 -0.132999 0.956392
1 24.7844 11.1753 1.60714 0.21262 0.168481 -0.9625
1 1.00665 21.251 1.75969 -0.09165 -0.175962 0.980121
1 10.7444 3.43183 1.61352 -0.00887548 -0.289201 -0.957227
1 5.2705 19.9851 1.75445 0.167275 0.532559 0.829699
1 33.3655 25.402 1.61356 -0.404281 -0.262761 -0.876078
1 10.7825 15.0649 1.61015 -0.0450676 -0.28268 -0.958155
1 2.04605 32.5235 1.59434 0.695771 0.0902111 -0.712577
1 32.5635 0.872131 1.65131 -0.571721 0.388947 -0.722395
1 17.7908 30.6849 1.75759 0.266013 0.0919692 0.959572
1 22.6317 25.7383 1.75762 0.265103 -0.418038 0.868887
1 1.4984 27.725 1.61059 -0.0768813 -0.728432 -0.680791
1 2.83868 2.71074 1.64114 0.548809 0.646404 -0.530067
1 13.3991 24.6268 1.60829 0.269998 0.493462 -0.826799
1 18.9108 32.4275 1.75804 0.0271428 0.269953 0.962491
1 27.4243 14.7732 1.65263 -0.645477 0.259502 -0.718344
1 16.693 16.0262 1.7566 -0.466024 -0.165269 0.869199
1 11.4103 14.0365 1.60342 -0.165925 -0.432505 -0.886233
1 14.5648 10.3372 1.75966 0.00527384 -0.468642 0.883372
1 29.3505 21.091 1.61273 0.352253 -0.271135 -0.89577
1 5.98183 20.867 1.75885 0.0102084 0.639802 0.768472
1 29.0233 30.0434 1.60727 0.488679 -0.500055 -0.714939
1 2.61189 22.0606 1.75637 -0.236596 0.0962359 0.96683
1 29.6066 7.31041 1.60863 -0.398191 -0.511703 -0.761317
1 11.2266 1.40352 1.61091 -0.276892 -0.457193 -0.845166
1 17.854 17.9212 1.7555 -0.706565 0.0333272 0.706863
1 19.1282 14.2732 1.75867 -0.219706 0.241649 0.945164
1 17.2934 16.9635 1.75884 -0.581466 -0.0589476 0.811432
1 13.514 22.3139 1.60681 -0.142885 0.44737 -0.882861
1 9.88563 2.86734 1.60669 -0.0697296 -0.179793 -0.98123
1 2.03668 19.5797 1.76018 0.230359 0.00394124 0.973098
1 9.56644 13.6342 1.61302 -0.143839 -0.143813 -0.979095
1 1.04011 23.0369 1.75324 -0.42865 -0.164998 0.888276
1 0.686654 13.4915 1.76033 -0.199416 0.156975 0.96726
1 11.194 16.0558 1.60934 0.0626622 -0.342677 -0.937361
1 23.5359 5.26745 1.60965 -0.685062 0.356556 -0.635262
1 7.75049 14.2859 1.60467 -0.0876404 0.133815 -0.987123
1 14.9806 26.0827 1.61026 0.517339 0.196993 -0.832799
1 18.4895 21.6241 1.60894 -0.220619 -0.332784 -0.916833
1 16.4344 22.2043 1.60699 -0.14302 -0.0189376 -0.989539
1 20.6962 6.38384 1.76254 0.479173 0.601342 0.63936
1 31.3163 6.58383 1.60897 0.407019 0.474843 -0.780295
1 12.5547 3.65538 1.61816 -0.0891919 -0.516893 -0.851391
1 26.0457 2.08075 1.75754 -0.220442 0.0209002 0.975176
1 6.42105 21.8572 1.5868 0.190475 -0.698748 -0.689544
1 11.1619 24.3298 1.75101 0.49204 0.621392 0.609729
1 29.4501 8.42118 1.62378 -0.195798 -0.519057 -0.832011
1 25.4229 28.4608 1.76063 -0.192013 0.0271664 0.981016
1 34.0873 32.2022 1.61231 0.638173 -0.101413 -0.763185
1 28.4463 0.0204656 1.76204 0.113685 0.326002 0.938509
1 32.8286 11.0054 1.75859 0.254889 -0.328704 0.909387
1 13.0578 30.5188 1.76079 0.307456 -0.547635 0.778182
1 2.70908 18.8816 1.76031 0.355307 0.133433 0.925177
1 11.4133 6.89694 1.60898 0.453382 -0.308413 -0.836257
1 7.1865 32.7881 1.61404 -0.775697 0.0289363 -0.630442
1 18.8287 0.947105 1.75711 -0.366714 0.255335 0.894608
1 34.2229 0.364321 1.60356 -0.663959 0.0780285 -0.743687
1 19.0759 23.5732 1.6076 0.108802 -0.436611 -0.893047
1 1.47998 20.3839 1.75991 0.0747494 -0.0963269 0.992539
1 16.091 30.3191 1.76317 0.340206 -0.127381 0.931684
1 1.33768 12.6683 1.76157 -0.0583047 0.254792 0.965237
1 4.71606 1.41134 1.60803 -0.123377 0.371469 -0.920211
1 26.1017 17.0712 1.60701 -0.294545 0.157321 -0.942599
1 0.90358 5.38184 1.61522 0.0374159 -0.237737 -0.970609
1 16.6758 21.2312 1.60853 -0.302065 -0.0563905 -0.951618
1 20.7027 4.87613 1.59832 0.376364 0.727672 -0.573449
1 5.55425 26.7184 1.75942 0.155385 -0.235277 0.959427
1 2.62435 26.7681 1.75282 0.167951 -0.648998 0.74202
1 23.3254 17.7487 1.61307 -0.247722 0.447464 -0.859308
1 3.97629 25.5341 1.75442 0.449758 -0.435987 0.779508
1 30.2106 0.288983 1.75614 0.00196621 0.605705 0.795687
1 13.3221 32.7235 1.75763 -0.0648495 -0.49536 0.866264
1 30.5934 27.1849 1.60438 -0.0779445 0.296484 -0.951852
1 3.00666 0.40039 1.61376 -0.0113849 0.579976 -0.814554
1 9.41067 1.92422 1.60814 -0.1701 -0.183475 -0.968196
1 19.0851 11.2171 1.75559 0.0655714 0.29897 0.952007
1 16.8422 20.2425 1.60651 -0.46485 -0.0842323 -0.881373
1 16.7955 19.3009 1.63545 -0.612851 -0.0960518 -0.784339
1 7.31702 28.3458 1.75938 -0.0981315 0.0173121 0.995023
1 0.0461521 5.73432 1.61122 0.135897 -0.0897434 -0.98665
1 18.7844 12.1736 1.75295 -0.0269983 0.222386 0.974585
1 8.72467 32.8007 1.61032 -0.746241 -0.205035 -0.633312
1 25.6507 7.41056 1.60643 -0.331678 0.083666 -0.939675
1 9.36823 8.23938 1.61705 0.650053 0.037635 -0.758957
1 16.2094 28.4989 1.73298 0.660133 -0.122611 0.741074
1 32.6105 29.361 1.60767 0.207157 -0.0451118 -0.977267
1 12.2726 1.1714 1.66528 -0.508067 -0.521386 -0.685583
1 33.5862 3.37307 1.609 -0.227461 0.0925683 -0.969377
1 18.3974 31.5148 1.75792 0.155762 0.184965 0.970323
1 32.2724 12.9707 1.75681 -0.0908102 -0.370137 0.924528
1 8.32064 17.7214 1.60961 0.291262 0.15408 -0.944153
1 7.75308 5.68416 1.61044 0.268581 0.229264 -0.935576
1 33.7768 5.40917 1.61026 0.101323 0.0557394 -0.993291
1 10.7093 16.9716 1.61081 0.154912 -0.210838 -0.965168
1 23.166 6.36396 1.77018 0.489861 -0.469336 0.734684
1 7.42519 12.5167 1.61736 -0.281336 0.182792 -0.942039
1 23.8635 30.5363 1.76003 -0.513967 -0.348639 0.783765
1 1.95621 14.8179 1.75769 -0.457264 0.372961 0.807347
1 34.2993 28.3131 1.61003 0.0355005 -0.379374 -0.924562
1 29.5393 1.50006 1.75233 -0.194161 0.523526 0.829592
1 25.077 2.82636 1.7539 -0.329187 -0.0936504 0.939609
1 28.34 32.5342 1.75895 0.525523 0.216046 0.822891
1 27.8731 4.18408 1.75866 -0.699163 0.136924 0.701728
1 18.5946 17.0715 1.75972 -0.569556 0.15409 0.807379
1 26.5965 33.9222 1.76034 0.273639 0.02194 0.961582
1 19.8839 16.9764 1.75863 -0.506741 0.384344 0.771682
1 5.81745 25.703 1.75518 0.322614 -0.230009 0.918159
1 17.3878 31.7027 1.75909 0.132517 0.0394524 0.990395
1 34.0717 15.2082 1.75125 -0.50194 -0.0225212 0.864609
1 34.5052 3.78871 1.60964 -0.189128 -0.0830238 -0.978436
1 18.8806 3.12305 1.74242 -0.677776 0.26156 0.687173
1 10.5772 29.311 1.74098 -0.268672 0.488489 0.830177
1 32.2098 10.2762 1.75435 0.384522 -0.430217 0.816735
1 23.7584 22.8582 1.60458 0.736023 0.283751 -0.614617
1 7.0456 20.153 1.60712 0.535995 0.548919 -0.641403
1 23.3334 1.77319 1.75441 -0.0420676 -0.35394 0.934321
1 20.7793 25.9012 1.60407 -0.237335 0.741348 -0.627754
1 14.8227 28.5255 1.74285 0.635215 -0.290471 0.715631
1 25.5854 27.5356 1.76123 -0.0231696 0.0475264 0.998601
1 12.8283 18.5518 1.61545 0.29373 -0.552655 -0.779933
1 3.89949 21.6716 1.7577 -0.175227 0.301016 0.937382
1 10.0749 23.3261 1.75308 0.654228 0.352588 0.669079
1 8.98135 3.23748 1.60561 -0.0131008 -0.054034 -0.998453
1 12.6795 10.3804 1.76061 -0.0907081 -0.728563 0.678946
1 14.3205 32.5374 1.75808 0.00363734 -0.358169 0.93365
1 18.3102 5.55386 1.75334 0.630522 0.0975603 0.770016
1 27.1118 32.2124 1.75228 0.562532 0.0341072 0.826071
1 15.3328 32.2837 1.75943 0.0580974 -0.223026 0.97308
1 32.5541 19.5644 1.75982 0.164929 -0.728641 0.664742
1 3.64355 26.5969 1.75451 0.220822 -0.472948 0.85297
1 6.21948 6.43976 1.60904 0.386952 0.503536 -0.772476
1 28.5319 6.44617 1.61079 -0.511257 -0.36436 -0.778369
1 2.77356 17.8957 1.75354 0.533027 0.17505 0.827792
1 21.2871 29.6674 1.73407 0.458015 0.653134 0.603024
1 26.5971 3.92146 1.75002 -0.613781 0.0211192 0.789193
1 26.5778 13.1247 1.63132 0.564436 -0.152686 -0.811233
1 28.9921 17.8358 1.60685 -0.163893 -0.241554 -0.956447
1 5.30042 16.1929 1.61384 0.138135 0.594217 -0.792354
1 25.9471 8.33975 1.60805 -0.18154 0.0252754 -0.983059
1 31.5108 11.2479 1.74712 0.209827 -0.549927 0.808426
1 13.0279 16.3009 1.61563 -0.0150277 -0.699803 -0.714178
1 14.2892 27.6983 1.7626 0.803622 -0.237172 0.54584
1 25.8614 21.8792 1.62295 0.443926 0.150221 -0.883382
1 31.2465 25.1964 1.61208 -0.383193 0.0920531 -0.91907
1 16.4005 25.9238 1.62386 0.521889 0.0285599 -0.852535
1 4.76319 18.857 1.76103 0.395125 0.520896 0.756666
1 2.69557 29.5723 1.76403 -0.300615 -0.707161 0.639964
1 9.44781 24.1175 1.75252 0.559014 0.256612 0.78845
1 28.4715 11.6649 1.61252 0.354611 -0.429968 -0.830288
1 21.7793 7.42769 1.59262 -0.192696 0.807104 -0.558078
1 17.9726 32.465 1.75886 0.0340749 0.132906 0.990543
1 5.45612 13.5432 1.61595 -0.244318 0.545209 -0.801907
1 26.298 32.9467 1.75677 0.460072 -0.0590862 0.885914
1 23.1051 20.9206 1.61595 0.294239 0.440654 -0.848084
1 11.17 28.2032 1.75217 -0.105979 0.578438 0.808813
1 19.8373 32.5075 1.75618 0.000574598 0.403269 0.915081
1 29.5038 32.8387 1.75796 0.406524 0.410598 0.816178
1 25.0714 1.84519 1.75673 -0.139884 -0.11177 0.983839
1 14.4438 14.8775 1.75113 -0.330099 -0.595288 0.732576
1 23.2163 34.1437 1.75523 0.30192 -0.544427 0.782588
1 7.64418 19.4191 1.77647 -0.493832 -0.352681 0.794825
1 17.5804 3.61741 1.75029 -0.728556 -0.0235468 0.684582
1 8.01176 33.6012 1.61245 -0.622658 -0.089219 -0.777391
1 15.4343 12.4272 1.74888 -0.134915 -0.334461 0.932702
1 26.265 26.8888 1.76096 0.111884 0.147081 0.982776
1 8.25133 23.7053 1.75365 0.617961 0.0289541 0.785676
1 9.3672 11.696 1.61258 -0.410877 -0.131885 -0.902101
1 30.6407 24.1849 1.61194 -0.519031 0.235229 -0.821751
1 3.66926 4.87961 1.60711 -0.291848 -0.693437 -0.658764
1 27.0953 26.4242 1.76166 0.231974 0.263559 0.936336
1 12.8851 33.7173 1.75993 -0.286482 -0.531412 0.797201
1 29.2111 9.50514 1.61804 -0.00479858 -0.501995 -0.864857
1 14.2597 22.9938 1.60959 -0.0255599 0.317415 -0.947942
1 10.4523 14.0498 1.61125 -0.140006 -0.274095 -0.951457
1 9.23921 0.752003 1.60636 -0.337586 -0.21552 -0.91629
1 26.0723 1.08671 1.75817 -0.0381576 -0.0029816 0.999267
1 14.5578 20.1007 1.61845 -0.470709 0.308679 -0.826529
1 28.137 29.5464 1.75754 -0.28565 0.479675 0.829648
1 5.15766 3.76074 1.62824 0.226636 0.509701 -0.829965
1 27.1119 27.4456 1.76044 0.0357956 0.306616 0.95116
1 24.1607 2.3657 1.75453 -0.189339 -0.231584 0.954211
1 27.1863 18.0503 1.60842 -0.130566 0.00958498 -0.991393
1 24.4114 15.9091 1.62184 -0.609069 0.313597 -0.728486
1 8.3534 30.8509 1.75862 -0.531161 0.207492 0.821471
1 25.126 29.3917 1.75893 -0.372501 -0.0268613 0.927643
1 20.1484 3.31748 1.75784 0.424674 -0.763304 0.486845
1 17.2755 10.2904 1.75898 0.101585 -0.00598735 0.994809
1 17.2603 7.44888 1.75902 0.375144 -0.0637795 0.92477
1 0.00117821 11.6636 1.76081 0.131738 -0.0109655 0.991224
1 31.1237 0.18484 1.76594 -0.00428866 0.743125 0.669139
1 30.4547 33.6975 1.75749 0.238435 0.598089 0.765139
1 24.2321 17.0133 1.61237 -0.38746 0.353057 -0.851602
1 6.17889 4.16228 1.60698 0.187604 0.332614 -0.924215
1 30.323 5.61676 1.61799 0.319428 0.628227 -0.709434
1 9.37326 17.7606 1.60539 0.277579 -0.0190368 -0.960514
1 33.5883 8.0342 1.77054 -0.680276 -0.0234957 0.73258
1 18.2838 10.5265 1.75926 0.119839 0.153687 0.980826
1 16.3528 31.9665 1.75983 0.1026 -0.0940748 0.990264
1 33.1645 20.7211 1.74779 -0.0512464 -0.645559 0.761989
1 12.5813 22.7386 1.61433 -0.0851324 0.600507 -0.795075
1 22.5428 15.9595 1.76369 0.430595 -0.681763 0.591428
1 34.6119 16.0838 1.74698 -0.685976 0.0409598 0.72647
1 15.3385 22.5223 1.60734 -0.097115 0.144725 -0.984695
1 6.93438 11.7265 1.61431 -0.367247 0.271495 -0.889618
1 24.5382 5.76164 1.60734 -0.641179 0.183914 -0.745027
1 9.1963 15.9275 1.6075 0.0590578 -0.0186671 -0.99808
1 8.51568 34.5525 1.61117 -0.46883 -0.151946 -0.870121
1 25.2486 26.6265 1.75945 0.13914 -0.0132668 0.990184
1 16.5154 17.7034 1.76392 -0.682634 -0.171902 0.710254
1 23.3637 12.764 1.61027 0.362963 0.4025 -0.840388
1 4.63167 30.8594 1.75296 -0.551156 -0.312138 0.77382
1 10.1519 33.2644 1.62358 -0.610766 -0.49184 -0.620531
1 25.6517 25.0215 1.75257 0.4722 0.0443802 0.880374
1 8.03405 8.41348 1.61082 0.735076 0.216709 -0.642417
1 19.5532 5.65672 1.75809 0.56247 0.34478 0.751501
1 15.5505 15.5881 1.75553 -0.424111 -0.377586 0.823139
1 24.0147 23.8869 1.76142 0.672393 -0.148467 0.725152
1 21.5123 32.049 1.75757 0.0705859 0.655486 0.751902
1 33.5302 2.27428 1.61485 -0.387072 0.139744 -0.911399
1 3.90568 17.7134 1.75494 0.560958 0.419784 0.713518
1 4.73198 31.8929 1.74783 -0.732198 -0.263435 0.628082
1 22.0878 20.7263 1.59956 0.228461 0.599579 -0.767014
1 25.8933 23.3123 1.61006 0.82821 0.216398 -0.516953
1 1.62727 30.7738 1.61564 0.395416 -0.623557 -0.674405
1 5.79392 23.8999 1.72691 0.680762 -0.276594 0.678276
1 15.0101 29.4909 1.75153 0.469313 -0.276067 0.838768
1 29.3067 0.422537 1.74713 0.0147246 0.459687 0.887959
1 17.471 9.29617 1.7604 0.183924 0.00628153 0.98292
1 19.0819 19.5402 1.60625 -0.539725 -0.418112 -0.73067
1 29.3418 22.1557 1.60843 0.507961 -0.258779 -0.821589
1 3.26635 19.754 1.76025 0.201207 0.205742 0.957698
1 31.1605 16.1381 1.64066 -0.514247 -0.590382 -0.622093
1 31.9611 4.8083 1.60571 0.0344051 0.365381 -0.930222
1 28.1917 18.4898 1.60793 -0.0628982 -0.128652 -0.989693
1 30.1653 25.2673 1.61439 -0.362713 0.296065 -0.88362
1 3.65266 11.0115 1.74623 0.137107 0.654237 0.743758
1 19.8192 21.7094 1.61179 -0.224511 -0.52283 -0.822341
1 31.3047 20.5891 1.60444 0.216292 -0.644021 -0.733795
1 16.0033 33.0088 1.75954 -0.0252683 -0.132178 0.990904
1 6.35536 16.5821 1.61042 0.183009 0.425984 -0.886028
1 0.53022 27.7866 1.61579 -0.0535767 -0.538145 -0.841148
1 33.2775 13.2551 1.75919 -0.142244 -0.193135 0.970807
1 34.1303 18.4771 1.74595 0.381882 -0.419263 0.823641
1 28.7015 14.9088 1.64527 -0.656295 -0.042857 -0.753286
1 10.4345 24.9335 1.74809 0.453732 0.451367 0.768372
1 15.8377 20.6096 1.60971 -0.405 0.0749982 -0.911236
1 4.27171 15.6992 1.6113 0.0299882 0.730427 -0.682332
1 8.80036 16.8968 1.60794 0.177512 0.0576266 -0.98243
1 16.9601 11.2268 1.75903 0.0196688 -0.0571121 0.998174
1 13.7325 17.7305 1.60773 0.15195 -0.708891 -0.688756
1 10.4651 30.5212 1.75667 -0.466086 0.549186 0.693656
1 25.2697 3.80805 1.758 -0.560158 -0.0923988 0.823217
1 0.809689 4.35242 1.61348 -0.132058 -0.247713 -0.959791
1 34.4391 30.5392 1.60969 0.375457 -0.305489 -0.875048
1 13.4349 3.33848 1.62765 -0.16954 -0.627709 -0.759762
1 31.0088 4.29063 1.61779 -0.0760867 0.520832 -0.850262
1 28.6857 2.34511 1.76016 -0.326638 0.371958 0.868881
1 31.6543 2.83358 1.6062 -0.305205 0.446926 -0.840896
1 9.43441 6.19029 1.60951 0.343474 -0.0191073 -0.938968
1 23.1294 0.728142 1.74824 0.116189 -0.446838 0.887038
1 32.1607 5.85427 1.61029 0.21337 0.321893 -0.92242
1 10.8016 13.053 1.6093 -0.268394 -0.361734 -0.892812
1 33.5223 19.508 1.73993 0.187131 -0.561705 0.805896
1 2.02256 21.2411 1.75966 -0.0836558 -0.00693325 0.996471
1 14.165 24.0335 1.60911 0.15016 0.348561 -0.92518
1 17.8812 14.4777 1.75936 -0.262947 0.0372286 0.964092
1 32.9544 15.0378 1.7536 -0.448213 -0.212691 0.868255
1 21.241 18.5338 1.61823 -0.275513 0.724317 -0.632026
1 27.7586 0.774938 1.75767 -0.00511675 0.238993 0.971008
1 7.06023 29.3121 1.75778 -0.257272 0.00676962 0.966315
1 21.48 33.3754 1.75181 -0.20325 0.656794 0.726162
1 14.0761 30.5089 1.75973 0.290689 -0.408264 0.865344
1 30.416 8.43223 1.59538 -0.254232 -0.664387 -0.70282
1 1.77387 13.5425 1.75718 -0.20979 0.35498 0.911031
1 15.7802 34.0237 1.75764 -0.163602 -0.164674 0.972685
1 33.1488 6.16997 1.61 0.263225 0.15304 -0.952518
1 3.05697 21.1967 1.75728 -0.0707785 0.161809 0.984281
1 12.2235 32.661 1.75814 -0.0861661 -0.634158 0.768387
1 30.2734 20.4218 1.61406 0.241743 -0.430816 -0.869458
1 5.6455 33.0432 1.62558 -0.705268 0.254434 -0.66171
1 9.76503 16.8307 1.60768 0.152776 -0.082102 -0.984845
1 33.0858 18.2923 1.73871 0.432753 -0.572429 0.696455
1 30.527 1.47307 1.75865 -0.251218 0.689021 0.679809
1 23.9992 8.60677 1.61971 -0.18227 0.333657 -0.924906
1 25.9033 30.9992 1.74689 -0.700993 0.0720807 0.709517
1 29.7159 2.58759 1.74608 -0.408217 0.535918 0.73902
1 27.2049 21.8344 1.61698 0.496072 0.0774663 -0.864819
1 7.55719 1.67744 1.60657 -0.179654 0.0383772 -0.982981
1 9.69243 26.5554 1.75802 0.180913 0.337229 0.923876
1 34.3244 27.126 1.61249 -0.130937 -0.389872 -0.911513
1 5.5574 34.0616 1.61647 -0.502658 0.269507 -0.821402
1 13.4899 4.61552 1.61565 0.0235935 -0.639347 -0.768557
1 20.9466 20.0187 1.60543 0.0720737 0.76904 -0.635125
1 17.4254 25.5047 1.60528 0.430904 -0.154609 -0.889054
1 6.09029 14.3143 1.61178 -0.144861 0.426056 -0.893024
1 15.323 2.13455 1.72335 -0.510286 -0.35843 0.781752
1 17.9334 11.5339 1.75914 0.0257339 0.0956434 0.995083
1 27.1802 30.5078 1.75431 -0.567171 0.327635 0.755627
1 17.3671 28.9263 1.75333 0.557543 0.0428736 0.82904
1 2.12687 10.5739 1.75246 0.285409 0.311903 0.906233
1 21.0287 11.0799 1.74315 0.0515987 0.716908 0.695256
1 21.2501 3.74301 1.75518 -0.177587 -0.669427 0.721339
1 20.2873 29.7566 1.76441 0.441656 0.477708 0.759431
1 12.7622 21.4849 1.62959 -0.289867 0.600993 -0.744838
1 11.7475 15.1318 1.61418 -0.0582309 -0.43715 -0.897502
1 18.8098 2.03333 1.75164 -0.507525 0.282779 0.813913
1 30.7697 18.319 1.60736 -0.102076 -0.533045 -0.839907
1 23.9462 32.0427 1.58931 -0.656553 0.29757 -0.693102
1 15.2572 14.4235 1.75833 -0.311464 -0.430466 0.847165
1 29.0648 23.2653 1.61536 0.662946 -0.213668 -0.717529
1 16.1979 3.64726 1.7614 -0.679367 -0.309868 0.665163
1 29.9923 4.39211 1.60272 0.00257557 0.653243 -0.757144
1 17.8539 18.8531 1.60036 -0.755196 -0.215774 -0.618968
1 9.11111 9.72503 1.60861 -0.701846 -0.144534 -0.697511
1 11.5022 25.7056 1.751 0.319643 0.59324 0.738847
1 28.6267 7.54245 1.61177 -0.326653 -0.375756 -0.86724
1 29.9638 15.2004 1.61965 -0.635254 -0.342562 -0.692173
1 8.36726 12.0401 1.61246 -0.354877 0.0330698 -0.934328
1 20.4053 33.8639 1.76559 -0.228009 0.484395 0.844614
1 19.2241 25.0265 1.64265 0.353599 -0.460073 -0.814433
1 33.7026 4.4065 1.60943 -0.0656705 0.0648592 -0.995731
1 23.5883 9.63946 1.61398 -0.0483531 0.384252 -0.921961
