1 16.1167 32.7285 1.7581 0.0233902 -0.108014 0.993874
1 28.3239 14.5069 1.60652 -0.796851 0.0345319 -0.603188
1 20.491 11.7543 1.74735 -0.0860982 0.594773 0.79927
1 26.443 20.4051 1.60719 0.218599 0.0800775 -0.972524
1 4.57692 27.7474 1.75636 -0.0245894 -0.432187 0.901449
1 20.0809 5.56613 1.76195 0.617622 0.474313 0.627352
1 14.4523 19.7977 1.61192 -0.492244 0.27123 -0.827121
1 29.2338 20.3063 1.60854 0.181811 -0.332331 -0.925473
1 7.57831 6.21131 1.61175 0.420119 0.366502 -0.830167
1 3.16552 11.0273 1.75038 0.20486 0.460039 0.863943
1 20.0407 17.2019 1.7577 -0.502492 0.472417 0.724102
1 1.73157 14.8969 1.75643 -0.468179 0.307177 0.828523
1 24.3211 2.70874 1.7581 -0.372808 -0.283372 0.88358
1 31.7058 15.5004 1.74568 -0.576458 -0.386581 0.719896
1 15.8648 21.1216 1.61046 -0.264245 0.0618712 -0.962469
1 26.7398 17.7533 1.61033 -0.234867 0.0564614 -0.970386
1 18.3783 0.524021 1.75484 -0.202583 0.158925 0.966283
1 30.7764 21.4039 1.61195 0.336657 -0.594201 -0.73047
1 30.8862 20.0792 1.61102 0.117032 -0.609572 -0.784045
1 15.3271 18.9793 1.60471 -0.639482 0.0802025 -0.764611
1 13.7682 32.0021 1.75669 0.0694048 -0.412578 0.908275
1 19.5818 21.6507 1.60679 -0.20495 -0.514929 -0.832372
1 15.7613 30.0329 1.75441 0.342823 -0.162321 0.92527
1 33.6493 34.046 1.75903 0.322128 0.635405 0.701779
1 33.0917 0.355 1.74927 0.114564 0.569232 0.814156
1 22.8696 12.4791 1.61676 0.405065 0.520235 -0.75185
1 9.78089 10.3973 1.60729 -0.481299 -0.244294 -0.841826
1 8.29053 16.207 1.60836 0.0899676 0.12114 -0.98855
1 7.21291 34.3767 1.61101 -0.356843 -0.026052 -0.933801
1 17.5313 15.7472 1.76241 -0.465211 0.0432249 0.884144
1 12.6472 15.824 1.64195 0.0225525 -0.66141 -0.749685
1 7.41192 26.3726 1.75935 0.150682 -0.0765155 0.985617
1 9.76789 6.33857 1.60579 0.440683 0.0358106 -0.896948
1 13.4979 25.293 1.60953 0.436943 0.492534 -0.752656
1 19.9167 7.52006 1.75899 0.400056 0.515368 0.757859
1 24.7403 25.6848 1.76001 0.351972 -0.00630869 0.935989
1 7.68906 8.45159 1.61391 0.871981 0.167571 -0.459967
1 4.04938 33.5852 1.60857 -0.457618 0.355545 -0.814968
1 16.3309 31.7833 1.75937 0.133231 -0.0776957 0.988035
1 5.39603 15.9668 1.60473 0.0997337 0.615746 -0.781608
1 3.60441 13.5556 1.76293 -0.148396 0.668315 0.728927
1 1.98119 18.7027 1.75345 0.391348 -0.0192206 0.920042
1 19.0442 24.7309 1.61566 0.343419 -0.381817 -0.858067
1 18.7639 15.3862 1.75802 -0.328613 0.269676 0.905145
1 6.00552 9.59329 1.62526 -0.487905 0.428535 -0.760465
1 23.4067 30.9827 1.75104 -0.637456 -0.238259 0.732723
1 20.7742 8.60283 1.77996 0.222704 0.750322 0.62243
1 30.6589 14.5895 1.75653 -0.421021 -0.542006 0.727304
1 30.3574 8.77776 1.62102 0.00906427 -0.730659 -0.682683
1 3.61708 4.86091 1.6044 -0.099871 -0.525797 -0.844727
1 27.7372 25.1735 1.75813 0.331494 0.525754 0.783387
1 1.95379 17.7525 1.75939 0.57528 0.0116418 0.817874
1 8.88212 7.90131 1.62569 0.680929 0.159015 -0.714878
1 13.2331 19.9088 1.6123 -0.437795 0.528964 -0.727003
1 22.737 17.3573 1.60491 -0.290667 0.577465 -0.76292
1 10.5219 28.2549 1.75635 -0.141312 0.403542 0.903983
1 32.5442 27.6464 1.6072 -0.0691119 0.0226478 -0.997352
1 26.7089 24.5226 1.7473 0.525548 0.337362 0.781016
1 18.6397 17.4001 1.74971 -0.626291 0.248708 0.738853
1 4.31924 6.54409 1.60198 0.186744 -0.611456 -0.768926
1 7.32223 2.82142 1.60907 0.0452641 0.116827 -0.99212
1 24.6791 24.7428 1.75048 0.529664 -0.030281 0.847667
1 19.4115 8.32942 1.72495 0.338241 0.392532 0.855284
1 33.8309 12.5401 1.75922 -0.00994327 -0.0953112 0.995398
1 31.7477 23.8823 1.60883 -0.676921 0.0875859 -0.730826
1 2.43471 29.6118 1.77272 -0.18376 -0.851747 0.490673
1 29.3042 8.35391 1.60791 -0.101888 -0.597287 -0.795529
1 22.7593 32.7692 1.76655 -0.0846648 0.849685 0.520449
1 16.6065 19.367 1.6103 -0.576466 -0.0752452 -0.813649
1 33.5054 27.8596 1.60746 -0.0326149 -0.156532 -0.987134
1 32.7556 2.95794 1.60804 -0.352856 0.17092 -0.919934
1 5.13707 1.12588 1.60912 -0.118754 0.238502 -0.963854
1 11.9176 5.87198 1.60685 0.33447 -0.289823 -0.896734
1 18.7707 13.1056 1.7568 -0.139978 0.22551 0.964132
1 15.9281 33.6786 1.75554 -0.0811319 -0.14985 0.985374
1 22.5627 25.3703 1.75671 0.326536 -0.36697 0.871038
1 15.4741 6.07858 1.72337 0.629489 -0.447543 0.635177
1 24.6486 26.6381 1.76086 0.161101 -0.00064881 0.986938
1 0.147213 12.8509 1.76087 -0.0630664 0.0488149 0.996815
1 9.12977 25.799 1.75887 0.244641 0.177937 0.953147
1 30.3063 32.706 1.75158 0.544762 0.193535 0.815953
1 33.6701 26.0665 1.60864 -0.339547 -0.231823 -0.911573
1 32.1649 26.3747 1.60816 -0.283277 0.0686452 -0.956578
1 22.1973 5.33624 1.63023 -0.54127 0.549073 -0.636825
1 15.5745 31.0367 1.75989 0.210915 -0.183535 0.96012
1 23.7622 10.8148 1.60983 0.202754 0.328382 -0.922527
1 8.28853 13.1092 1.60786 -0.159813 0.0296449 -0.986702
1 23.9883 7.62027 1.61121 -0.200641 0.258822 -0.944857
1 29.7946 13.6315 1.75025 -0.172809 -0.69623 0.696707
1 2.1549 10.7717 1.76014 0.308719 0.286328 0.907033
1 28.531 9.12541 1.6099 0.0452143 -0.4641 -0.884628
1 9.10828 0.565998 1.60578 -0.264916 -0.242068 -0.933393
1 28.1521 4.99898 1.61895 -0.689106 -0.372956 -0.621318
1 17.9094 26.7757 1.78014 -0.720987 0.112647 0.683732
1 14.4623 13.3913 1.72286 -0.188875 -0.514044 0.836711
1 10.4667 34.6145 1.61462 -0.376834 -0.409749 -0.830724
1 27.6782 28.7816 1.75537 -0.23048 0.512485 0.827187
1 3.90591 19.1545 1.75503 0.304586 0.299303 0.904237
1 20.3198 2.60477 1.74972 -0.522395 0.504429 0.687499
1 27.4211 16.9556 1.61476 -0.375471 -0.0265604 -0.926453
1 0.126729 34.2715 1.59031 0.15203 0.832685 -0.532469
1 22.6751 26.402 1.75583 0.147034 -0.343125 0.92771
1 28.3448 20.9187 1.60756 0.288797 -0.191645 -0.938013
1 14.1312 15.4544 1.74359 -0.376424 -0.626358 0.682628
1 0.0394915 13.8004 1.7612 -0.231855 0.0505997 0.971433
1 22.0192 10.2567 1.61764 0.0934899 0.633236 -0.768292
1 0.587468 1.22384 1.65602 0.412595 0.727718 -0.547897
1 28.61 22.7961 1.61017 0.632366 -0.175563 -0.754514
1 26.0622 15.9787 1.6212 -0.516305 0.172341 -0.838885
1 1.66755 5.15977 1.60744 -0.0186432 -0.250766 -0.967868
1 30.8037 18.8799 1.61557 -0.0745247 -0.536382 -0.840679
1 19.8943 10.5002 1.75571 0.100984 0.536212 0.838021
1 4.63547 5.2627 1.60273 -0.0732357 -0.704237 -0.706178
1 18.38 16.4284 1.76167 -0.490786 0.210272 0.845526
1 17.6981 21.0616 1.60549 -0.314547 -0.208359 -0.926092
1 13.0441 17.8873 1.60445 0.145292 -0.719262 -0.679376
1 10.9041 10.4826 1.61935 -0.469514 -0.455387 -0.756425
1 12.2313 17.046 1.61294 0.161136 -0.542183 -0.824665
1 12.5306 28.269 1.74969 -0.297547 0.686501 0.663463
1 15.1816 26.6294 1.61986 0.676361 0.222409 -0.702189
1 16.3833 3.41718 1.76036 -0.613765 -0.168489 0.7713
1 8.51793 29.5101 1.76048 -0.349156 0.15093 0.92483
1 18.5058 8.61651 1.76417 0.318403 0.22603 0.920614
1 24.8693 15.8268 1.61965 -0.607631 0.31027 -0.731107
1 25.5829 26.9465 1.75902 0.112517 0.167819 0.979376
1 25.6156 19.5794 1.60702 0.0580989 0.183634 -0.981276
1 15.0915 33.0891 1.76003 -0.0266633 -0.254755 0.966638
1 4.41789 13.9472 1.61299 -0.207116 0.798853 -0.564746
1 29.4072 9.59945 1.61336 0.158586 -0.614964 -0.772444
1 30.6813 33.7407 1.7626 0.349892 0.310782 0.883736
1 6.76789 28.2236 1.76016 -0.133286 -0.119296 0.983872
1 10.4731 5.52452 1.60816 0.300367 -0.0942324 -0.949157
1 15.977 16.9497 1.75444 -0.640163 -0.233812 0.731794
1 12.0562 32.6559 1.75187 0.0429045 -0.645144 0.762855
1 11.1171 16.8074 1.61184 0.15036 -0.342749 -0.927316
1 31.6181 14.3246 1.76051 -0.349111 -0.40886 0.843181
1 8.52139 14.1431 1.6072 -0.0711811 0.0220318 -0.99722
1 33.782 28.8739 1.60909 0.146656 -0.178207 -0.973003
1 2.7498 14.3508 1.75766 -0.314459 0.481954 0.817824
1 11.5436 11.6128 1.61547 -0.273937 -0.609292 -0.744124
1 15.7093 28.3297 1.76024 0.647414 -0.102662 0.755192
1 31.8607 2.48545 1.6095 -0.44839 0.313627 -0.837009
1 30.1802 10.2202 1.61065 0.310004 -0.733722 -0.604607
1 26.9777 0.337791 1.7601 0.0315005 -0.0388163 0.99875
1 19.3779 6.37988 1.75135 0.565614 0.362191 0.740877
1 6.42462 27.272 1.76053 0.0195986 -0.177682 0.983893
1 5.7241 25.6016 1.75236 0.304063 -0.320433 0.897145
1 28.4341 10.2396 1.61552 0.237906 -0.440682 -0.865563
1 15.7693 9.32404 1.75528 0.243438 -0.276725 0.929603
1 21.9137 29.3205 1.75183 -0.427757 -0.518915 0.740102
1 22.1435 7.65939 1.61607 -0.157191 0.573355 -0.804087
1 10.3258 14.3807 1.61824 -0.0526446 -0.279722 -0.958637
1 19.8934 25.228 1.60702 0.448087 -0.522917 -0.725104
1 23.2533 1.23133 1.72841 -0.00272742 -0.503963 0.863721
1 6.512 10.5142 1.61223 -0.401835 0.340817 -0.849925
1 8.53269 5.82032 1.60851 0.363065 0.205159 -0.908897
1 6.01173 15.0174 1.61051 -0.0518866 0.502742 -0.862878
1 19.2379 9.4856 1.75571 0.211955 0.396538 0.893215
1 25.7757 25.9974 1.75859 0.286915 0.177575 0.941354
1 2.69808 25.612 1.76368 0.434307 -0.703416 0.562657
1 20.6205 16.0364 1.75899 -0.268733 0.574982 0.772773
1 6.33651 23.4275 1.75667 0.615805 -0.268192 0.740849
1 11.3176 0.812469 1.61319 -0.261145 -0.543705 -0.797614
1 3.74406 12.1656 1.75839 0.0475256 0.656616 0.752727
1 27.3438 7.87902 1.60713 -0.179968 -0.268775 -0.946241
1 24.3999 34.041 1.75723 0.287711 -0.402555 0.869006
1 12.3851 19.5255 1.62701 0.426544 -0.714444 -0.554644
1 10.0226 20.6589 1.60597 0.566525 -0.289306 -0.771591
1 4.36892 9.01115 1.78373 0.127569 0.872258 0.472115
1 17.5307 8.96152 1.75847 0.251788 0.0543519 0.966255
1 26.9376 15.138 1.60917 -0.701126 0.164527 -0.693796
1 8.66727 6.85281 1.61226 0.520508 0.198866 -0.830375
1 26.6479 10.147 1.60722 0.149454 -0.136705 -0.979273
1 9.20919 16.4685 1.60997 0.102467 -0.029769 -0.994291
1 7.16979 9.48134 1.61734 -0.569988 0.226488 -0.789821
1 20.1784 1.35292 1.74987 -0.328345 0.48921 0.808
1 32.9043 1.96182 1.59561 -0.536502 0.121545 -0.8351
1 4.90812 32.7211 1.61346 -0.626121 0.188339 -0.756638
1 24.7879 13.818 1.61654 0.691625 0.122987 -0.711708
1 33.7045 19.5428 1.75272 0.144996 -0.539353 0.829503
1 11.8047 4.13893 1.60849 0.0805766 -0.33353 -0.93929
1 28.3136 8.03444 1.60612 -0.155302 -0.434652 -0.887107
1 34.5664 30.8694 1.60612 0.479116 -0.315627 -0.819041
1 24.1942 23.9052 1.77014 0.687987 -0.111441 0.717115
1 6.6538 24.613 1.74553 0.409272 -0.243546 0.879308
1 10.3978 11.3868 1.60621 -0.354065 -0.368692 -0.859479
1 19.2624 0.136773 1.75277 -0.165768 0.288807 0.942927
1 3.03422 18.4222 1.74625 0.446866 0.163207 0.879587
1 5.01394 17.088 1.60692 0.261395 0.735356 -0.625239
1 9.37385 17.5454 1.60925 0.2118 -0.0486602 -0.976101
1 32.0838 29.2856 1.60977 0.233088 0.144298 -0.96169
1 25.7975 25.031 1.75765 0.466141 0.165687 0.869057
1 20.9102 27.4646 1.59613 0.0575894 0.652761 -0.755372
1 4.92421 28.8036 1.75575 -0.198372 -0.378976 0.903895
1 24.1524 8.71466 1.60892 -0.0678688 0.235474 -0.969508
1 28.3794 26.3065 1.76561 0.126019 0.744083 0.656095
1 25.8658 4.70355 1.66093 -0.773099 -0.0427114 -0.632846
1 31.506 32.2068 1.76739 0.733722 0.277397 0.620244
1 14.9462 20.6566 1.61098 -0.334807 0.197086 -0.921445
1 16.9786 14.1548 1.75953 -0.268987 -0.0501404 0.961838
1 14.2982 22.4964 1.608 -0.0359869 0.326145 -0.944635
1 7.04121 3.90801 1.60903 0.193336 0.231469 -0.953438
1 33.4715 4.54789 1.60738 -0.0666093 0.107258 -0.991997
1 10.7279 4.31535 1.60959 0.150355 -0.178613 -0.972363
1 31.82 3.51409 1.60809 -0.247898 0.340533 -0.906964
1 11.5219 29.3077 1.75367 -0.387036 0.578056 0.718369
1 4.71531 2.05936 1.60834 0.0365738 0.311312 -0.949604
1 26.6222 7.16229 1.60706 -0.304839 -0.161654 -0.938585
1 2.03292 16.7843 1.72761 0.763634 0.0205657 0.645321
1 25.7487 6.56365 1.60965 -0.414971 -0.0301176 -0.909336
1 6.0279 17.2416 1.61395 0.236584 0.567568 -0.788603
1 0.618509 28.7993 1.6102 0.114329 -0.476197 -0.871874
1 2.76709 22.1305 1.75831 -0.265507 0.168234 0.949317
1 5.34324 8.83279 1.72872 0.399826 -0.659607 0.636441
1 0.888443 14.3637 1.75368 -0.336889 0.193822 0.921379
1 34.4687 28.1322 1.61099 0.0181609 -0.329641 -0.943932
1 16.582 8.62332 1.75736 0.317736 -0.115561 0.941111
1 23.5478 19.8653 1.61312 0.104973 0.438372 -0.892643
1 16.8045 29.9366 1.75477 0.363995 -0.026569 0.931022
1 26.5374 26.7522 1.75831 0.147632 0.353318 0.923781
1 20.6571 33.6639 1.75354 -0.0925947 0.48777 0.868048
1 32.147 9.23208 1.7488 0.651041 -0.218587 0.726888
1 34.4748 14.7404 1.75354 -0.392828 0.0456277 0.91848
1 26.0146 12.5829 1.62132 0.515819 -0.0427974 -0.855628
1 24.1617 16.9071 1.6178 -0.406193 0.420426 -0.811326
1 27.8382 17.842 1.60734 -0.221453 -0.0962837 -0.970406
1 13.8869 1.70532 1.73452 -0.412845 -0.548171 0.72737
1 6.4885 6.41296 1.61805 0.453836 0.531623 -0.71513
1 34.322 18.4864 1.75875 0.362836 -0.39647 0.843304
1 22.5959 6.39736 1.61112 -0.344966 0.535308 -0.771002
1 7.34426 16.1833 1.6047 0.102824 0.276089 -0.955616
1 19.3561 30.8843 1.75776 0.263698 0.302196 0.916046
1 26.1637 27.778 1.75777 -0.0339319 0.280367 0.959293
1 6.48488 22.3519 1.64195 -0.806377 0.389575 0.444958
1 34.3059 5.11784 1.60694 0.0231522 1.93066e-05 -0.999732
1 25.9485 22.2344 1.61043 0.591999 0.141757 -0.793374
1 8.29063 2.63999 1.60803 -0.00326098 -0.00892532 -0.999955
1 11.0237 3.28037 1.60841 0.0150345 -0.290499 -0.956757
1 1.77823 32.8434 1.76519 -0.37434 0.543085 0.751617
1 29.547 33.4912 1.75569 0.358429 0.160146 0.919718
1 17.6752 10.2701 1.75271 0.132871 0.0821711 0.987721
1 5.47058 29.7677 1.75702 -0.364363 -0.296391 0.882832
1 15.808 17.9459 1.73522 -0.803756 -0.256614 0.536773
1 1.71346 1.60543 1.67768 0.325703 0.570025 -0.754314
1 27.5942 8.84079 1.60837 -0.0250873 -0.300086 -0.953582
1 9.44309 5.3967 1.60557 0.298018 0.056798 -0.952869
1 27.3019 21.3966 1.60682 0.371253 -0.0417966 -0.92759
1 13.5546 16.5528 1.60404 -0.101777 -0.856635 -0.505785
1 1.12531 10.3346 1.75872 0.442041 0.117546 0.889259
1 17.0892 23.4815 1.60694 0.123778 -0.0979388 -0.987465
1 19.1337 1.21546 1.75728 -0.309828 0.302718 0.901315
1 13.4931 23.0863 1.61799 0.0588247 0.465274 -0.88321
1 18.3126 9.59691 1.75656 0.18551 0.221429 0.957369
1 8.56733 23.7406 1.75529 0.55449 0.0696495 0.829271
1 27.1404 27.6705 1.75466 -0.0192024 0.467834 0.883608
1 18.4559 27.8368 1.74674 0.743496 0.168762 0.647096
1 12.8123 31.6379 1.75633 0.141854 -0.541627 0.828564
1 1.52151 30.681 1.60078 0.289545 -0.651918 -0.700833
1 34.0417 0.825391 1.72008 0.115435 0.736564 0.666444
1 8.58967 1.53245 1.61073 -0.108263 -0.141301 -0.984029
1 29.85 30.6459 1.61525 0.51537 0.504897 -0.692439
1 30.7427 17.7225 1.61369 -0.273117 -0.492118 -0.826576
1 12.0198 14.6129 1.61329 -0.104163 -0.621098 -0.77678
1 25.3771 20.5408 1.60811 0.221907 0.202588 -0.95379
1 0.942544 3.42092 1.61214 -0.283796 -0.215313 -0.934398
1 1.88712 11.7403 1.75666 0.11991 0.301353 0.945943
1 8.98296 20.3429 1.61885 0.544341 -0.0664146 -0.836231
1 27.6333 1.12192 1.76124 -0.118143 0.0957455 0.98837
1 29.092 16.2861 1.61117 -0.515592 -0.223711 -0.827114
1 31.5509 33.2219 1.75639 0.527545 0.345235 0.776215
1 3.42961 29.6627 1.73788 -0.301933 -0.656433 0.691327
1 25.0965 21.472 1.61626 0.381347 0.204447 -0.901541
1 30.8349 27.9186 1.6102 -0.0297659 0.361202 -0.932012
1 16.1209 2.31585 1.76848 -0.471153 -0.235743 0.849965
1 18.6961 5.33906 1.76001 0.737465 0.187333 0.648885
1 4.69704 11.9725 1.61421 -0.218683 0.811226 -0.5423
1 6.28688 31.6373 1.74317 -0.751941 -0.11546 0.64904
1 12.0767 6.84281 1.60244 0.474994 -0.31363 -0.822203
1 17.5012 0.913627 1.75774 -0.241598 0.0274816 0.969987
1 12.0167 10.497 1.61972 -0.444664 -0.654642 -0.611324
1 15.3846 23.9122 1.60939 0.191773 0.175577 -0.965606
1 2.61931 27.0306 1.75369 0.136404 -0.729423 0.670326
1 32.6044 21.4632 1.76208 -0.108823 -0.733715 0.670686
1 11.7783 24.5352 1.75853 0.496009 0.631488 0.595985
1 9.70986 4.44611 1.60609 0.188236 -0.0337184 -0.981545
1 2.85455 19.3403 1.75599 0.271876 0.120852 0.954714
1 3.90318 24.9523 1.74818 0.465384 -0.529288 0.709417
1 24.8623 9.37727 1.60792 0.0146459 0.127609 -0.991716
1 9.283 22.9411 1.74024 0.698717 0.156298 0.698116
1 33.3496 7.4932 1.60789 0.519012 0.118686 -0.846487
1 23.0519 22.0609 1.61138 0.508482 0.421728 -0.750728
1 27.4765 20.4307 1.60756 0.209628 -0.0600295 -0.975937
1 29.172 21.4786 1.61014 0.36542 -0.319268 -0.874378
1 31.0944 4.26812 1.61152 -0.0932928 0.46436 -0.880719
1 9.29031 11.3041 1.60879 -0.361864 -0.166574 -0.917228
1 9.26941 2.57412 1.60649 -0.0253696 -0.138195 -0.99008
1 18.6182 21.6018 1.61912 -0.208672 -0.358121 -0.910058
1 7.54001 30.0504 1.76269 -0.439612 0.0173545 0.89802
1 30.3697 24.056 1.61446 -0.675789 0.371928 -0.636379
1 32.8035 28.6064 1.60781 0.10647 -0.0015189 -0.994315
1 22.8392 18.8172 1.61122 -0.0518101 0.553063 -0.831527
1 32.4482 8.08096 1.61028 0.608858 0.271646 -0.745319
1 16.6454 20.4687 1.61338 -0.381902 -0.0733918 -0.921284
1 26.7773 25.6375 1.75761 0.32721 0.354373 0.875987
1 17.7756 22.0492 1.60797 -0.129299 -0.22183 -0.966475
1 22.5764 22.955 1.78728 -0.716574 -0.285701 0.636314
1 26.6393 9.15938 1.60716 0.00514908 -0.150181 -0.988645
1 17.6597 30.5132 1.75919 0.296099 0.0785437 0.951922
1 15.318 32.0692 1.75888 0.083485 -0.2206 0.971785
1 30.8891 3.15211 1.61004 -0.312821 0.501301 -0.806747
1 8.5056 30.5824 1.75103 -0.524936 0.158037 0.836341
1 19.5874 28.6049 1.69845 0.598655 0.387182 0.701214
1 28.3833 31.6929 1.76326 0.676102 0.00710507 0.736774
1 5.57406 27.8381 1.75962 -0.0689981 -0.286664 0.955543
1 26.2237 21.3282 1.60824 0.39296 0.105168 -0.913522
1 28.1868 1.93111 1.75798 -0.254996 0.227727 0.939744
1 26.504 11.0917 1.60588 0.283423 -0.108188 -0.952873
1 31.7405 11.2989 1.75198 0.222573 -0.447838 0.865969
1 30.6093 22.7585 1.62724 0.557884 -0.52662 -0.641433
1 15.9614 25.8833 1.60892 0.537578 0.112159 -0.835721
1 29.6556 5.17669 1.60542 0.18765 0.726454 -0.661099
1 16.058 22.1893 1.60744 -0.0885404 0.0492409 -0.994855
1 19.9505 20.6252 1.60849 -0.377534 -0.572604 -0.727732
1 7.59685 10.3931 1.61147 -0.446943 0.145306 -0.882682
1 14.3133 11.0923 1.76212 0.0106009 -0.516875 0.855995
1 20.0652 27.713 1.78456 0.553205 0.71464 0.428081
1 14.7253 30.3116 1.75672 0.314145 -0.302797 0.899793
1 33.6706 10.573 1.75416 0.341017 -0.132581 0.930661
1 29.1419 28.1768 1.6035 -0.0365404 0.693312 -0.71971
1 29.1732 1.83087 1.76276 -0.247365 0.396351 0.884147
1 13.1003 0.425775 1.7492 -0.328249 -0.628685 0.704988
1 33.8415 8.40822 1.61107 0.738642 0.0871293 -0.668443
1 31.7326 18.694 1.61788 -0.107729 -0.669811 -0.734676
1 1.9562 3.20825 1.6409 -0.422575 -0.323665 -0.846565
1 20.2085 14.0642 1.76002 0.0379465 0.472285 0.880629
1 29.2713 26.6148 1.61495 -0.207805 0.713823 -0.668786
1 32.5068 33.969 1.7548 0.329835 0.465173 0.821476
1 27.7166 7.00018 1.61116 -0.332481 -0.339487 -0.879889
1 25.5272 24.0371 1.75573 0.663889 0.128679 0.736677
1 21.2796 1.22223 1.72789 -0.437186 0.651087 0.620447
1 6.19875 30.602 1.74779 -0.522733 -0.151191 0.838982
1 15.2976 11.2356 1.75963 0.00727571 -0.344685 0.93869
1 10.1317 16.7199 1.60936 0.118628 -0.180111 -0.976467
1 34.6073 10.0031 1.75426 0.503512 -0.0371508 0.863189
1 7.38652 23.766 1.74884 0.531662 -0.124128 0.837811
1 32.3589 5.96482 1.60887 0.201968 0.2955 -0.93375
1 13.6982 13.9635 1.7488 -0.217557 -0.687562 0.692768
1 26.5897 19.4584 1.60676 0.0523768 0.0585814 -0.996908
1 15.9055 14.167 1.75972 -0.290821 -0.223011 0.930424
1 8.94538 33.3072 1.61464 -0.575265 -0.119513 -0.809189
1 15.6314 15.1301 1.76062 -0.370554 -0.286887 0.883394
1 28.9587 34.4072 1.76086 0.161996 0.149177 0.97545
1 32.5485 13.9548 1.75924 -0.271812 -0.260854 0.926323
1 12.339 0.849897 1.62702 -0.357649 -0.711498 -0.604862
1 14.1163 0.596112 1.755 -0.248816 -0.474378 0.844427
1 20.1557 31.6654 1.75622 0.174211 0.428708 0.886487
1 10.3358 8.31856 1.62635 0.793074 -0.0402522 -0.607793
1 18.5531 28.8788 1.75482 0.557155 0.208513 0.803804
1 14.6823 16.8561 1.76254 -0.563347 -0.517139 0.644366
1 17.8681 19.2409 1.60291 -0.660911 -0.2228 -0.716629
1 5.44036 10.7407 1.60301 -0.31361 0.547086 -0.77611
1 15.1911 16.0028 1.75944 -0.464178 -0.395252 0.792663
1 3.91965 30.9438 1.74065 -0.552997 -0.509263 0.659428
1 25.424 31.9437 1.74629 0.704977 -0.226442 0.672109
1 8.41237 17.2181 1.60938 0.198298 0.12801 -0.971746
1 11.9936 3.10327 1.60992 -0.0727805 -0.421299 -0.903997
1 3.16033 33.0845 1.60556 -0.552589 0.461391 -0.694093
1 27.5354 10.9157 1.60811 0.279224 -0.269377 -0.921667
1 25.9014 23.165 1.65584 0.784702 0.142136 -0.603358
1 24.8095 32.9633 1.75628 0.487979 -0.348965 0.800062
1 5.7067 2.00248 1.60745 0.0157321 0.207705 -0.978065
1 9.73447 24.0395 1.75554 0.518383 0.277259 0.808954
1 20.5847 18.3104 1.74323 -0.611101 0.575395 0.543577
1 2.03453 9.73584 1.74894 0.498246 0.27332 0.822829
1 12.7542 9.31498 1.73853 0.0184382 -0.776981 0.629253
1 25.6249 8.71897 1.60725 -0.0669394 -0.00419259 -0.997748
1 3.08521 34.3268 1.60608 -0.306616 0.518151 -0.79844
1 26.4449 8.18949 1.60947 -0.137863 -0.132219 -0.981587
1 12.4882 26.9725 1.75451 -0.0115749 0.676409 0.736435
1 6.94435 15.1947 1.60928 -0.0219608 0.331521 -0.943192
1 18.7583 25.8132 1.61249 0.537257 -0.276879 -0.796677
1 7.85223 20.1121 1.61543 0.564778 0.168864 -0.807782
1 10.0287 3.46263 1.60558 0.0631344 -0.148108 -0.986954
1 0.509986 27.3555 1.61462 -0.119042 -0.470305 -0.874438
1 3.45833 5.97211 1.6073 0.105613 -0.480659 -0.870524
1 16.7576 9.65154 1.75972 0.200911 -0.0940148 0.975088
1 25.6914 7.5399 1.6087 -0.23842 -0.0194478 -0.970967
1 27.9093 3.86112 1.75601 -0.663711 0.178985 0.726259
1 15.1669 21.8666 1.60909 -0.141583 0.185599 -0.972372
1 1.03492 12.3228 1.75903 0.0302326 0.180253 0.983156
1 25.1661 27.816 1.75967 -0.0478911 0.0981194 0.994022
1 22.7884 11.2088 1.61363 0.244624 0.498237 -0.831817
1 26.3415 16.884 1.61293 -0.376344 0.122841 -0.9183
1 16.9622 1.72595 1.7537 -0.379764 -0.0622842 0.922984
1 23.994 12.9517 1.60837 0.530993 0.29134 -0.795718
1 23.8754 9.70942 1.60697 0.0516171 0.304886 -0.950989
1 18.9395 22.6627 1.61511 -0.030835 -0.392373 -0.919289
1 1.39927 27.9174 1.6109 -0.0314235 -0.622233 -0.782201
1 31.0295 0.150448 1.76035 0.145098 0.359217 0.921905
1 0.857399 9.34649 1.75353 0.672533 0.0673633 0.736995
1 8.54165 27.5222 1.75974 -0.0244385 0.114448 0.993129
1 25.509 33.6506 1.75756 0.337471 -0.24928 0.90773
1 10.3957 1.10209 1.61478 -0.238181 -0.372515 -0.89694
1 4.06208 10.5409 1.72137 0.0783619 0.66596 0.741861
1 0.717236 30.0079 1.61043 0.289319 -0.45642 -0.841413
1 24.6633 11.3875 1.60748 0.300087 0.176214 -0.937495
1 22.5455 27.7449 1.7577 -0.0926168 -0.355814 0.929956
1 2.96602 3.83274 1.61128 -0.254958 -0.426372 -0.867873
1 5.94575 28.815 1.75882 -0.221722 -0.21722 0.950608
1 20.1218 9.29697 1.67793 0.234427 0.564257 0.791617
1 27.9929 6.06562 1.63249 -0.482407 -0.403747 -0.777349
1 5.81408 21.4511 1.74166 -0.0979669 0.626805 0.772993
1 0.603984 15.3955 1.7518 -0.531896 0.138084 0.835476
1 27.354 13.7969 1.61605 0.689212 -0.325743 -0.647208
1 29.1283 6.14807 1.64741 -0.486748 -0.604016 -0.631063
1 17.5772 7.00285 1.75366 0.527882 0.0367343 0.848523
1 18.1182 1.70288 1.75812 -0.360099 0.130105 0.923797
1 33.7546 2.55934 1.59946 -0.420593 -0.0152499 -0.907121
1 8.13054 25.5674 1.7595 0.274355 0.01604 0.961495
1 3.38449 31.7696 1.76124 0.847492 0.153163 0.508231
1 23.233 20.9559 1.61275 0.30395 0.445516 -0.842099
1 8.39898 26.5348 1.75948 0.12372 0.0701303 0.989836
1 33.7905 22.0389 1.75752 -0.259468 -0.448201 0.855449
1 28.3878 33.5208 1.75601 0.330065 0.04517 0.942877
1 34.5957 21.4814 1.7549 -0.167491 -0.317007 0.933517
1 13.8276 26.4771 1.60829 0.636465 0.445809 -0.629418
1 9.59989 27.8783 1.75725 -0.076403 0.267402 0.960551
1 24.8659 12.4044 1.61555 0.465941 0.153196 -0.871453
1 16.5455 0.709318 1.75878 -0.2484 -0.106517 0.962783
1 1.59736 15.8977 1.74312 -0.694876 0.229743 0.681444
1 17.9806 23.0275 1.60723 0.0447515 -0.241094 -0.969469
1 30.0513 28.6564 1.61383 0.0774016 0.521411 -0.849788
1 0.115951 26.2543 1.60815 -0.342156 -0.429885 -0.83554
1 13.0606 7.10951 1.61767 0.509794 -0.477087 -0.71589
1 16.7225 27.6552 1.73372 0.809504 0.0297976 0.586357
1 21.645 8.91103 1.60059 -0.0478836 0.765538 -0.641606
1 25.0426 18.7504 1.60772 -0.0939886 0.262847 -0.960249
1 0.792288 32.7783 1.74213 -0.212852 0.364129 0.9067
1 31.782 28.303 1.60849 0.0508132 0.183127 -0.981775
1 10.9543 25.8697 1.75732 0.221991 0.462007 0.858644
1 3.14276 21.2019 1.75931 -0.0721989 0.185597 0.97997
1 31.411 6.28342 1.61563 0.264636 0.464113 -0.845321
1 32.7272 11.0552 1.75121 0.253916 -0.279437 0.925981
1 26.9406 31.9476 1.74772 0.668361 -0.0838548 0.739095
1 21.2343 16.909 1.75534 -0.344149 0.698749 0.627145
1 14.7878 7.68137 1.75873 0.437819 -0.445509 0.78092
1 5.09457 0.122287 1.60861 -0.277597 0.232304 -0.932188
1 34.0263 25.1559 1.61484 -0.50281 -0.30026 -0.810572
1 28.6657 0.915487 1.75686 -0.070635 0.226735 0.971392
1 24.7985 7.01882 1.60939 -0.309252 0.121955 -0.943128
1 28.0596 11.7709 1.61472 0.389644 -0.370775 -0.843032
1 23.3254 27.1448 1.75861 0.0313901 -0.221563 0.974641
1 27.616 30.8278 1.76327 -0.791735 0.276602 0.544654
1 14.6008 31.3721 1.75735 0.156084 -0.31577 0.93591
1 2.6514 4.86641 1.61322 -0.0683879 -0.386901 -0.919582
1 12.054 13.2013 1.62379 -0.228272 -0.588794 -0.77538
1 3.51434 20.0757 1.7578 0.133621 0.225781 0.964971
1 17.0926 5.32917 1.74421 0.792418 -0.0402202 0.608651
1 0.544063 17.0509 1.72372 0.716837 -0.177102 0.674374
1 17.8457 12.4273 1.75861 -0.0553107 0.106129 0.992813
1 20.6574 6.92897 1.76792 0.366074 0.714474 0.596252
1 8.38748 9.48254 1.61602 -0.604279 0.0326974 -0.796101
1 10.9205 12.4864 1.60668 -0.240238 -0.418248 -0.875988
1 18.296 2.68343 1.75743 -0.483326 0.159186 0.860846
1 32.4815 30.4323 1.61063 0.456494 0.0777518 -0.886322
1 10.2329 2.42817 1.60464 -0.0568328 -0.283219 -0.95737
1 32.7831 32.9402 1.75197 0.539788 0.478554 0.692543
1 0.156901 11.8917 1.75991 0.115518 0.0339767 0.992724
1 30.7855 13.4339 1.75575 -0.176417 -0.559402 0.809905
1 5.11363 30.9151 1.74915 -0.549717 -0.324921 0.76957
1 9.56833 1.56291 1.60665 -0.141097 -0.258706 -0.955595
1 29.5955 17.3216 1.6126 -0.338463 -0.347557 -0.874441
1 4.91394 22.2194 1.75973 -0.260858 0.463422 0.846873
1 9.93925 25.1737 1.75992 0.35293 0.323094 0.878095
1 6.65853 14.1236 1.61072 -0.135261 0.337838 -0.931434
1 23.6491 25.1958 1.75846 0.390178 -0.184312 0.902103
1 16.8229 21.5214 1.61037 -0.204095 -0.0801557 -0.975664
1 22.7176 28.8116 1.75698 -0.294107 -0.360151 0.88532
1 29.9415 2.34826 1.73958 -0.377537 0.528986 0.760026
1 16.7886 6.27179 1.76341 0.653395 -0.109133 0.749109
1 7.36262 29.0951 1.7602 -0.278364 -0.0129565 0.960388
1 18.9149 10.5155 1.75542 0.0858606 0.341693 0.935881
1 11.3573 34.162 1.61548 -0.467561 -0.563693 -0.680909
1 14.911 1.62376 1.75519 -0.37768 -0.383408 0.842826
1 4.19103 4.04814 1.62491 -0.306043 -0.554182 -0.774093
1 13.8004 3.84775 1.60427 -0.179457 -0.665775 -0.72425
1 0.633859 22.2845 1.75688 -0.312363 -0.197457 0.929215
1 19.6727 33.7778 1.75449 -0.0599483 0.334596 0.940453
1 34.2588 6.95898 1.60512 0.370566 0.00911974 -0.928761
1 4.68331 25.5093 1.75509 0.329008 -0.459907 0.824766
1 15.7822 0.0166484 1.75613 -0.17962 -0.207362 0.961633
1 24.7947 31.0533 1.71374 -0.700427 0.0402622 0.712587
1 32.5884 15.0145 1.75906 -0.476611 -0.239575 0.84584
1 34.4016 29.654 1.60708 0.269311 -0.291531 -0.917868
1 11.7111 15.8758 1.60768 0.0568758 -0.501257 -0.863427
1 23.2158 0.0436482 1.75817 0.200224 -0.557121 0.805932
1 13.5266 5.00842 1.60996 0.0778554 -0.567595 -0.819618
1 11.1504 14.9083 1.60535 -0.0592083 -0.442694 -0.894716
1 10.6719 18.6731 1.61442 0.358909 -0.273801 -0.89231
1 29.1425 19.1075 1.60884 -0.0076214 -0.306086 -0.951973
1 25.7709 9.7236 1.6071 0.0762235 -0.00653181 -0.997069
1 15.9276 10.3679 1.76086 0.114709 -0.237984 0.964472
1 11.4845 26.9085 1.75882 0.0376022 0.535572 0.843652
1 22.9655 24.3373 1.75997 0.518808 -0.292548 0.803277
1 34.5268 3.26752 1.60603 -0.318759 -0.101814 -0.942352
1 1.97151 24.8477 1.6069 0.771141 -0.0509357 -0.634624
1 29.9751 27.4108 1.61319 -0.135098 0.524427 -0.84067
1 4.94703 21.1027 1.76018 -0.0420379 0.47548 0.878721
1 9.26932 13.3493 1.61012 -0.151024 -0.128671 -0.98012
1 34.391 16.2594 1.74229 -0.755773 0.112113 0.645165
1 15.13 29.2804 1.75352 0.483093 -0.231096 0.844521
1 24.8722 8.05935 1.60743 -0.148087 0.106609 -0.983211
1 21.0488 31.3447 1.75245 0.220896 0.575151 0.787659
1 8.67917 18.3466 1.61183 0.301306 0.0851634 -0.949717
1 34.1408 6.03236 1.60766 0.190841 0.0292033 -0.981186
1 18.5455 4.34842 1.76047 -0.789506 0.162938 0.591719
1 13.4452 21.9034 1.61204 -0.121839 0.47736 -0.87022
1 12.894 14.3318 1.6211 -0.141095 -0.794514 -0.590626
1 30.15 4.09166 1.60498 -0.0886045 0.625409 -0.77525
1 33.0811 29.6044 1.60955 0.288276 -0.0373828 -0.956817
1 27.5432 19.4769 1.60786 0.0544772 -0.0708405 -0.995999
1 4.33285 15.6554 1.60934 0.0649881 0.79139 -0.607847
1 17.2008 17.5386 1.70128 -0.732234 0.0205166 0.680744
1 29.4366 11.9208 1.59814 0.442472 -0.71884 -0.536179
1 16.9081 4.39718 1.76037 -0.755703 -0.0459296 0.653302
1 31.1623 16.212 1.64222 -0.622554 -0.529296 -0.576431
1 30.1988 12.3647 1.76427 0.0677324 -0.687839 0.722696
1 33.4593 14.4703 1.75856 -0.363808 -0.108684 0.925112
1 33.9378 23.6857 1.75622 -0.584339 -0.408724 0.701065
1 24.364 14.7313 1.59561 0.81832 0.190662 -0.542217
1 3.61359 27.4246 1.75149 0.0390416 -0.579476 0.814053
1 31.6598 27.2732 1.6093 -0.131574 0.185391 -0.973816
1 7.80452 28.2368 1.7602 -0.134553 0.0225034 0.990651
1 11.9164 8.04449 1.61498 0.679972 -0.329131 -0.655217
1 19.9093 15.207 1.75737 -0.186531 0.461845 0.867125
1 23.541 17.9242 1.61348 -0.212973 0.467781 -0.857802
1 33.0439 22.7257 1.75742 -0.35164 -0.548766 0.758423
1 17.158 32.4558 1.75932 0.0631032 0.0165519 0.99787
1 26.6872 28.6596 1.75528 -0.195854 0.350312 0.915927
1 24.7996 29.3318 1.75288 -0.343505 0.0393403 0.938327
1 5.35218 12.8228 1.62073 -0.276292 0.585229 -0.762345
1 9.02621 3.60986 1.6071 0.0864127 -0.0100094 -0.996209
1 2.57123 20.4046 1.75998 0.0663779 0.0815846 0.994454
1 20.0099 22.8242 1.60914 -0.0325438 -0.568437 -0.822083
1 25.6751 11.695 1.60443 0.370804 0.0170111 -0.928555
1 18.7223 7.3223 1.75072 0.474895 0.258969 0.841076
1 26.0944 18.6234 1.60753 -0.0984086 0.128007 -0.986879
1 33.1719 18.598 1.75059 0.325947 -0.587555 0.740634
1 14.0783 18.8633 1.60762 -0.616154 0.343801 -0.708629
1 11.7841 22.666 1.78173 -0.0406363 -0.745651 0.665097
1 13.0803 32.8173 1.75343 -0.0491344 -0.518325 0.853771
1 34.5569 22.9571 1.75938 -0.446673 -0.319252 0.8358
1 6.35068 2.96818 1.61176 0.106864 0.245524 -0.963482
1 2.1309 6.88328 1.61657 0.298868 -0.275082 -0.913788
1 21.6826 30.5906 1.74822 0.376196 0.683201 0.62587
1 10.3636 17.7095 1.60979 0.238944 -0.219124 -0.945986
1 24.0005 18.8773 1.60879 -0.0694366 0.39662 -0.915353
1 6.84598 19.3579 1.6191 0.523325 0.406646 -0.748846
1 6.1591 0.0260127 1.6098 -0.311819 0.101899 -0.944662
1 1.53631 29.2007 1.61168 0.157023 -0.647578 -0.745645
1 14.7046 34.0989 1.75611 -0.144188 -0.323734 0.935097
1 28.8904 18.0363 1.60911 -0.194185 -0.25377 -0.947572
1 7.83322 18.9918 1.61292 0.423767 0.240604 -0.87323
1 10.0028 21.6959 1.60487 0.710651 -0.316179 -0.628495
1 31.9048 1.43149 1.63351 -0.812003 0.457669 0.362202
1 1.84994 4.17496 1.60703 -0.214381 -0.291451 -0.932254
1 29.7451 15.4582 1.6423 -0.673093 -0.317543 -0.667917
1 12.9444 30.386 1.74565 0.329765 -0.569872 0.752662
1 23.4724 28.1796 1.7588 -0.159461 -0.201867 0.966345
1 9.82332 7.29633 1.61773 0.578451 0.0245019 -0.815349
1 30.3779 29.8019 1.61115 0.320547 0.451505 -0.832702
1 12.0496 1.97488 1.62455 -0.207555 -0.554012 -0.80622
1 30.044 20.7903 1.61104 0.244126 -0.467397 -0.849672
1 32.7424 25.5048 1.60976 -0.425355 -0.0618034 -0.902914
1 25.8103 5.62691 1.61249 -0.591774 -0.0380155 -0.805207
1 24.55 5.10618 1.61945 -0.610195 0.14524 -0.778825
1 7.58008 14.2889 1.60543 -0.103265 0.180902 -0.978065
1 29.8829 7.44612 1.62473 -0.286433 -0.694355 -0.660172
1 33.7859 9.30113 1.76226 0.72905 -0.0828038 0.679434
1 12.9863 2.44503 1.59509 -0.161463 -0.715419 -0.679783
1 19.1751 14.3429 1.75795 -0.150273 0.322289 0.934638
1 15.5086 4.05995 1.75857 -0.68387 -0.335978 0.647642
1 33.9013 17.5317 1.75515 0.55318 -0.39414 0.733925
1 8.74599 28.5042 1.75833 -0.183682 0.15579 0.970562
1 22.1948 34.3089 1.73084 -0.320748 0.744954 0.584948
1 12.5968 12.0183 1.60108 -0.202567 -0.813737 -0.544792
1 16.317 15.9927 1.75704 -0.501933 -0.161944 0.84961
1 30.7347 24.9378 1.61493 -0.512825 0.32397 -0.795019
1 25.2384 30.1644 1.75971 -0.495919 0.0876432 0.863935
1 7.80985 24.6376 1.75568 0.413727 -0.0475652 0.909157
1 3.09526 17.4917 1.75686 0.601663 0.233521 0.763852
1 5.64032 5.25584 1.61134 0.25601 0.735916 -0.626807
1 25.1495 0.0214977 1.75961 0.151096 -0.273947 0.949802
1 5.81988 18.4048 1.61153 0.432515 0.614658 -0.659641
1 22.1716 20.9881 1.60857 0.346316 0.588872 -0.730271
1 19.4935 29.6359 1.7478 0.44065 0.319735 0.838807
1 9.98887 19.6108 1.61271 0.45224 -0.180208 -0.873501
1 31.3168 7.45454 1.6174 0.461599 0.458741 -0.759265
1 14.843 8.98438 1.75351 0.280518 -0.453222 0.846109
1 18.1936 11.1779 1.75541 0.0509148 0.171632 0.983845
1 6.73773 5.33434 1.60596 0.269359 0.507338 -0.818568
1 6.67697 1.87687 1.6087 -0.0230992 0.0909217 -0.99559
1 13.7549 30.8702 1.75699 0.246191 -0.44417 0.861454
1 27.7881 23.6482 1.61898 0.780613 0.0527663 -0.622783
1 34.1215 27.0695 1.60905 -0.173079 -0.300451 -0.937962
1 9.72174 32.4812 1.62161 -0.737396 -0.180135 -0.650999
1 14.9081 27.563 1.76783 0.817062 -0.149635 0.556793
1 26.0416 32.7072 1.75489 0.517486 -0.188364 0.834702
1 16.9564 22.5345 1.60756 -0.0338143 -0.0913612 -0.995244
1 28.2106 18.7676 1.60802 -0.0645034 -0.163006 -0.984514
1 28.4096 19.8457 1.60767 0.115188 -0.202372 -0.972511
1 15.6561 24.925 1.60803 0.366708 0.144278 -0.919081
1 12.5929 24.1144 1.60295 0.276275 0.665688 -0.693204
1 3.56894 26.1887 1.75116 0.253169 -0.594069 0.763536
1 8.11604 32.5366 1.63583 -0.753129 -0.00645048 -0.657841
1 0.919091 18.8411 1.75839 0.349511 -0.198814 0.915595
1 13.1708 29.0612 1.75401 0.536211 -0.531483 0.655746
1 11.8456 30.3443 1.62979 0.515323 -0.657909 0.54918
1 16.7913 12.3896 1.75846 -0.0746826 -0.0766329 0.994258
1 1.12589 23.1732 1.7527 -0.466759 -0.0904927 0.879743
1 24.1215 1.64415 1.75952 -0.133733 -0.36231 0.922414
1 19.5065 16.3405 1.76149 -0.389345 0.400334 0.829544
1 26.1614 29.5794 1.7556 -0.37101 0.247405 0.895066
1 31.5951 5.21051 1.61503 0.0702053 0.407028 -0.910714
1 10.5081 27.1825 1.75656 0.0256888 0.384414 0.922803
1 26.0781 13.5091 1.63337 0.653077 -0.0792548 -0.753133
1 32.1002 12.2557 1.76078 0.0430632 -0.37434 0.926291
1 4.04828 20.8937 1.75966 -0.00356462 0.324397 0.945914
1 16.7683 25.1682 1.60687 0.408397 -0.0118749 -0.912727
1 28.1537 21.9529 1.60716 0.467711 -0.159628 -0.869348
1 15.3679 13.1958 1.76279 -0.208182 -0.343212 0.915896
1 0.0757338 10.9277 1.76019 0.310141 0.00861672 0.950652
1 17.5973 18.3779 1.77328 -0.850933 0.0544291 0.522447
1 26.1986 30.6478 1.74794 -0.58856 0.221264 0.777585
1 25.8698 14.4672 1.63562 0.78997 -0.146191 -0.595462
1 21.5445 6.71002 1.59817 -0.204161 0.752911 -0.625655
1 7.08841 25.4563 1.75929 0.293867 -0.148633 0.944219
1 0.564957 20.6681 1.76372 -0.00918279 -0.23747 0.971351
1 5.8267 13.7243 1.62712 -0.195289 0.466141 -0.862888
1 11.2203 13.7259 1.61055 -0.160131 -0.443465 -0.881871
1 20.5928 21.9012 1.61379 -0.213793 -0.68593 -0.695552
1 3.40058 22.8502 1.74755 -0.400997 0.306237 0.863377
1 8.65878 4.68762 1.60722 0.20245 0.149485 -0.967816
1 6.34447 33.6585 1.61117 -0.491455 0.0700906 -0.868078
1 19.2076 31.9573 1.75831 0.136301 0.27986 0.950316
1 19.5327 11.5229 1.74868 -0.00511746 0.421442 0.906841
1 28.3155 12.8201 1.60641 0.486965 -0.46455 -0.739634
1 3.1402 9.84921 1.74417 0.37982 0.494888 0.781551
1 24.9228 1.02202 1.76108 -0.0419979 -0.259928 0.964714
1 32.7586 19.9039 1.76184 0.076698 -0.725113 0.684346
1 2.46325 5.89618 1.6123 0.113218 -0.341783 -0.932934
1 26.0657 2.07062 1.75915 -0.290129 -0.066879 0.954648
1 2.86937 15.4204 1.75988 -0.514396 0.471204 0.716494
1 13.9364 6.08298 1.61101 0.298265 -0.608839 -0.735087
1 13.8772 8.80534 1.7673 0.368559 -0.601629 0.708666
1 20.9916 14.8355 1.75932 -0.0287446 0.619898 0.784156
1 5.459 26.7548 1.75754 0.101354 -0.338445 0.935512
1 17.2099 16.6462 1.75465 -0.599299 0.00540317 0.800507
1 6.33766 7.50659 1.59882 0.660448 0.488518 -0.570227
1 33.0189 11.9949 1.76041 0.0816857 -0.228629 0.97008
1 3.95197 21.9103 1.75622 -0.192514 0.320695 0.927412
1 18.9679 32.9755 1.75789 0.0236208 0.233523 0.972064
1 9.42128 34.2475 1.61838 -0.410749 -0.25516 -0.875316
1 31.0392 28.9987 1.61108 0.168386 0.33798 -0.925967
1 22.5647 19.948 1.61955 0.14413 0.56374 -0.81328
1 14.402 28.5845 1.7499 0.615222 -0.29897 0.729464
1 21.7969 4.3466 1.77181 -0.672888 0.224063 0.704994
1 9.58741 28.9741 1.75737 -0.252734 0.290825 0.922793
1 20.2748 24.0227 1.60811 0.19898 -0.581844 -0.788584
1 33.5635 31.5469 1.61176 0.601907 -0.11146 -0.79075
1 12.0405 18.444 1.61214 0.32472 -0.553159 -0.767184
1 12.5139 4.92747 1.60505 0.176048 -0.408831 -0.895469
1 2.72084 1.60517 1.77869 -0.114108 -0.488922 0.864832
1 26.8403 6.23004 1.61049 -0.463336 -0.199556 -0.863422
1 14.0969 33.0689 1.75646 -0.053586 -0.37762 0.924409
1 1.87099 13.8465 1.75649 -0.254256 0.336365 0.906759
1 22.9862 10.0917 1.62225 0.074222 0.459049 -0.885305
1 8.90758 24.7498 1.75746 0.403224 0.137156 0.904765
1 15.7484 12.2699 1.75805 -0.10447 -0.255978 0.961021
1 27.5831 9.84572 1.60648 0.130933 -0.29804 -0.945531
1 1.93448 19.6596 1.7616 0.20133 -0.0272682 0.979144
1 8.05332 0.58035 1.6075 -0.226751 -0.109988 -0.967722
1 0.592753 24.0557 1.75805 -0.618453 -0.188261 0.762937
1 31.4526 30.0115 1.60846 0.360967 0.261063 -0.895293
1 7.67808 12.2426 1.60812 -0.256608 0.112316 -0.959967
1 0.656403 25.4583 1.61453 -0.529642 -0.503122 -0.682896
1 30.4417 6.43239 1.61651 0.33402 0.632456 -0.698877
1 18.6594 33.9698 1.75996 -0.0899149 0.188343 0.977979
1 27.4742 26.5634 1.74938 0.166474 0.545635 0.821322
1 29.5533 25.1805 1.61974 -0.433291 0.553854 -0.710989
1 3.38432 2.85771 1.79135 0.9433 0.329805 -0.0376116
1 19.3477 23.6727 1.61424 0.135627 -0.438678 -0.888351
1 16.7407 34.3761 1.75609 -0.149985 -0.0575679 0.987011
1 21.586 19.648 1.60422 0.134493 0.706543 -0.694773
1 14.9835 10.1297 1.75889 0.133966 -0.409904 0.902237
1 7.08569 11.4032 1.61021 -0.321658 0.223854 -0.920014
1 17.6921 7.96435 1.76121 0.390795 0.0542882 0.918876
1 28.4947 17.0537 1.61181 -0.360389 -0.182282 -0.914819
1 1.8381 23.9406 1.74562 -0.603302 0.0400623 0.796506
1 34.6066 32.3925 1.75635 0.341603 -0.72577 0.597131
1 0.062733 19.4767 1.75406 0.18766 -0.350632 0.917519
1 23.0865 7.31389 1.6041 -0.22387 0.414321 -0.882168
1 5.17207 33.7152 1.6111 -0.44719 0.213829 -0.868503
1 13.7065 12.4908 1.74092 -0.0398169 -0.650509 0.758454
1 16.6923 15.0777 1.75998 -0.382165 -0.101785 0.918471
1 14.0304 9.94348 1.76226 0.158573 -0.572023 0.804764
1 18.0024 25.112 1.61967 0.412424 -0.187891 -0.891405
1 7.62187 1.64134 1.60931 -0.0715418 -0.0232355 -0.997167
1 2.14718 21.3648 1.76006 -0.123205 0.0373875 0.991677
1 7.29243 13.2445 1.6072 -0.1773 0.186592 -0.966307
1 0.762393 17.9317 1.75369 0.53375 -0.207611 0.819761
1 32.8112 12.99 1.75851 -0.0945911 -0.244187 0.965104
1 8.76303 12.1947 1.60788 -0.249353 -0.0742278 -0.965564
1 22.0838 13.1175 1.62647 0.457196 0.674195 -0.580028
1 7.90091 15.2611 1.60883 -0.0132418 0.161143 -0.986842
1 21.1088 23.1947 1.60761 0.0295331 -0.739777 -0.672204
1 14.3297 21.4645 1.61043 -0.201192 0.314945 -0.927541
1 16.1387 23.208 1.60821 0.0748109 0.046606 -0.996108
1 21.8416 15.4737 1.75628 -0.0896266 0.766452 0.636018
1 3.2299 7.07644 1.60876 0.31321 -0.412185 -0.855572
1 7.495 33.4136 1.61643 -0.531141 -0.0827563 -0.843232
1 25.8616 0.693238 1.75536 0.00525895 -0.144224 0.989531
1 6.78267 20.7693 1.60555 -0.418735 -0.750643 -0.511073
1 9.46389 31.1544 1.7553 -0.594087 0.296701 0.747682
1 23.6825 6.36542 1.60975 -0.375366 0.31064 -0.873271
1 24.224 27.501 1.76131 -0.0109221 -0.0657472 0.997777
1 1.26725 26.64 1.61647 -0.262845 -0.602846 -0.753319
1 27.1671 2.06559 1.76219 -0.29926 0.0687147 0.951694
1 1.89201 12.7795 1.75839 -0.0654376 0.330978 0.941367
1 20.6473 29.5658 1.75439 0.442051 0.516682 0.733233
1 1.70368 22.2895 1.75669 -0.29884 -0.0106699 0.954243
1 10.1931 33.5149 1.61663 -0.558941 -0.326912 -0.762046
1 3.71996 2.03662 1.61994 0.0982658 0.382835 -0.918576
1 15.0695 0.597387 1.76131 -0.235781 -0.32633 0.915378
1 30.6367 5.27136 1.61648 0.113481 0.566942 -0.815904
1 15.668 19.9211 1.61074 -0.462255 0.0685559 -0.884093
1 1.57006 20.5762 1.76068 0.0206259 -0.0726905 0.997141
1 19.9831 32.7486 1.75474 0.0477409 0.385947 0.921285
1 33.6758 13.5215 1.75899 -0.188102 -0.100996 0.976943
1 7.58505 7.28897 1.62411 0.607821 0.347332 -0.714083
1 24.2613 20.7303 1.61281 0.253646 0.324053 -0.911402
1 33.5737 3.55844 1.60863 -0.241699 0.0561704 -0.968724
1 15.2074 22.8855 1.60908 0.0229008 0.187054 -0.982083
1 20.6976 4.77667 1.58936 0.177772 0.854566 -0.487969
1 9.34859 26.8846 1.75867 0.0782411 0.221271 0.972069
1 10.6359 23.4653 1.74926 0.623536 0.404297 0.669139
1 27.2008 22.6317 1.61744 0.598478 -0.013069 -0.801032
1 11.9523 25.8184 1.74458 0.246299 0.607461 0.755201
1 26.6274 2.90247 1.76113 -0.484259 0.00716186 0.874896
1 17.7029 29.4544 1.754 0.46274 0.0847838 0.882431
1 33.6052 30.4627 1.60925 0.422472 -0.140807 -0.895372
1 1.21857 0.379734 1.59768 0.139846 0.714897 -0.685102
1 7.05187 0.751595 1.60754 -0.194132 0.0106184 -0.980918
1 18.164 13.9134 1.75996 -0.221883 0.120219 0.967634
1 14.4148 23.5501 1.6104 0.135865 0.322108 -0.936903
1 13.622 24.2089 1.6112 0.249257 0.474281 -0.844351
1 7.45172 27.3437 1.76038 0.00717097 -0.0332435 0.999422
1 0.850468 4.42218 1.6067 -0.116379 -0.157518 -0.980635
1 17.8061 14.8243 1.76084 -0.341365 0.0794628 0.936566
1 2.2957 0.65383 1.61018 -0.05969 0.602113 -0.796177
1 24.656 10.3634 1.60653 0.147528 0.17186 -0.974012
1 12.8058 3.80844 1.60912 0.005971 -0.52072 -0.853707
1 21.1555 0.0140376 1.73738 -0.242775 0.586229 0.772914
1 33.0903 26.8415 1.60683 -0.208326 -0.107336 -0.972152
1 4.06801 0.0319454 1.60993 -0.282124 0.367481 -0.886207
1 33.2483 6.52304 1.6086 0.313197 0.156526 -0.9367
1 17.7278 34.3297 1.75991 -0.130124 0.0613835 0.989596
1 1.00632 11.3045 1.75833 0.228585 0.15694 0.960791
1 10.7078 15.8533 1.60476 0.0242207 -0.306871 -0.951443
1 11.3991 5.07815 1.61092 0.226588 -0.237255 -0.944652
1 34.4473 4.19554 1.60612 -0.146918 -0.0418489 -0.988263
1 9.82563 12.2768 1.60933 -0.254435 -0.237861 -0.937382
1 23.6521 11.7982 1.77155 -0.359689 -0.343915 0.867379
1 7.74663 17.9265 1.61357 0.27522 0.263801 -0.92448
1 21.7689 24.6844 1.74767 0.438343 -0.518235 0.734363
1 31.1437 12.3023 1.75361 0.0378727 -0.536468 0.84307
1 31.3291 25.7952 1.61099 -0.372876 0.231946 -0.898423
1 25.4816 2.94208 1.76178 -0.430673 -0.142047 0.89126
1 26.2084 34.343 1.75766 0.18559 -0.140249 0.972567
1 30.5494 1.17838 1.74431 -0.134508 0.477434 0.868311
1 24.0885 0.501919 1.75703 0.0875427 -0.398989 0.912767
1 14.7255 12.194 1.75937 -0.101731 -0.436102 0.894129
1 29.9995 34.4497 1.76402 0.189735 0.259195 0.947005
1 14.6841 14.6026 1.74114 -0.303939 -0.471586 0.827785
1 10.0712 26.2267 1.75921 0.178556 0.321882 0.92979
1 17.9335 33.241 1.75971 -0.0159869 0.100019 0.994857
1 31.6256 10.2381 1.75364 0.436728 -0.399999 0.805772
1 32.5035 4.93399 1.60881 0.00420326 0.263 -0.964787
1 14.3106 3.02885 1.75486 -0.577745 -0.602468 0.550676
1 3.91888 28.6426 1.75077 -0.16487 -0.539403 0.82575
1 2.74464 13.1976 1.75913 -0.13496 0.488947 0.86181
1 31.6676 21.727 1.61014 0.292239 -0.760251 -0.580185
1 11.3711 21.5627 1.58355 0.613135 -0.657067 -0.438552
1 27.6751 32.7401 1.75229 0.486779 -0.052521 0.871945
1 20.5164 26.2617 1.59676 -0.194341 0.72586 -0.659818
1 21.6743 33.3149 1.74903 -0.128509 0.658766 0.741291
1 24.4336 28.4571 1.75837 -0.185778 -0.0229713 0.982323
1 10.9853 9.41023 1.61016 -0.675348 -0.360751 -0.643245
1 33.4155 20.8912 1.75416 -0.072078 -0.567 0.820558
1 10.5674 30.4418 1.75313 -0.476599 0.483991 0.733898
1 8.02685 3.71179 1.60724 0.119098 0.112033 -0.986542
1 18.1067 6.16173 1.75385 0.628728 0.133415 0.766095
1 18.5987 30.0937 1.75797 0.361565 0.200834 0.91046
1 20.8373 10.4296 1.74147 0.0680009 0.739865 0.66931
1 32.0554 0.308361 1.75315 0.136095 0.451429 0.881867
1 18.4209 31.2262 1.75956 0.214431 0.175165 0.960904
1 3.86609 16.8948 1.76368 0.579239 0.54053 0.610171
1 10.7869 24.7117 1.76203 0.416391 0.487126 0.767676
1 12.924 6.00166 1.61074 0.303903 -0.461897 -0.833243
1 22.5314 9.07254 1.62753 -0.0550777 0.588071 -0.806932
1 2.3123 23.0663 1.76137 -0.438752 0.103759 0.892598
1 19.1256 3.33566 1.75658 -0.619326 0.268133 0.73793
1 22.3379 2.74001 1.75993 -0.0227058 -0.634669 0.772451
1 28.7967 7.14608 1.61539 -0.32081 -0.523641 -0.789229
1 24.593 17.8438 1.60886 -0.242205 0.341591 -0.908104
1 11.1909 19.4549 1.61633 0.450269 -0.400028 -0.798271
1 25.5855 10.7055 1.6069 0.21118 0.0299316 -0.976989
1 2.79241 12.0703 1.75324 0.0455597 0.462749 0.885318
1 8.68899 10.4166 1.61093 -0.467578 -0.0500487 -0.882534
1 21.9419 31.979 1.74366 0.0676955 0.708221 0.702738
1 30.0176 19.5739 1.6084 0.0578395 -0.447202 -0.892561
1 31.0811 30.8961 1.61594 0.525943 0.318572 -0.788604
1 18.7901 20.5343 1.61251 -0.399322 -0.399327 -0.825275
1 4.25972 23.2888 1.75918 -0.520291 0.459035 0.720128
1 7.87002 22.8153 1.73654 0.699091 -0.103162 0.707552
1 9.55539 30.0484 1.75373 -0.420138 0.300843 0.856141
1 27.0037 5.28261 1.61999 -0.60859 -0.21359 -0.764197
1 23.3719 13.7329 1.60988 0.617704 0.3992 -0.677555
1 16.93 33.4168 1.75852 -0.0473689 -0.0157849 0.998753
1 8.8872 19.3651 1.61336 0.428634 0.0261886 -0.903099
1 29.6569 0.816445 1.76456 -0.0176864 0.347425 0.937541
1 29.7691 22.2439 1.61186 0.494922 -0.3956 -0.773662
1 4.45697 29.8426 1.75705 -0.350427 -0.478387 0.8052
1 17.1772 2.71191 1.76101 -0.497404 -0.0265248 0.867113
1 28.8644 3.01358 1.75535 -0.465154 0.354987 0.810936
1 27.4361 34.0345 1.75671 0.206094 -0.0288752 0.978106
1 13.5297 7.87681 1.69309 0.570485 -0.612665 0.546981
1 29.7762 31.6903 1.75568 0.73995 0.218824 0.636074
1 11.0441 20.6817 1.79042 -0.576959 0.483722 0.658127
1 12.5418 33.7714 1.759 -0.184045 -0.618715 0.763753
1 3.2653 0.806195 1.60724 -0.104121 0.471087 -0.87592
1 16.6661 7.62205 1.75343 0.447195 -0.120575 0.886272
1 23.7284 29.21 1.75691 -0.333105 -0.154582 0.930132
1 10.4956 29.3318 1.74262 -0.306228 0.43376 0.847394
1 6.36787 16.1472 1.61079 0.0874699 0.45392 -0.886739
1 29.257 29.4691 1.6178 0.232042 0.608509 -0.758864
1 0.260353 2.39842 1.61258 -0.513946 -0.239163 -0.823808
1 24.0865 30.1844 1.75765 -0.509765 -0.089683 0.855626
1 16.3526 29.1029 1.75614 0.49233 -0.0814461 0.86659
1 24.7388 6.05115 1.60799 -0.46242 0.128286 -0.877332
1 17.4135 24.3662 1.60408 0.272542 -0.126335 -0.953813
1 6.55441 12.578 1.6135 -0.221578 0.325774 -0.919116
1 6.10219 1.02615 1.60766 -0.14462 0.126106 -0.981418
1 28.0097 0.188534 1.76166 0.0612398 0.0828059 0.994682
1 14.7015 25.6212 1.61104 0.493935 0.292194 -0.818933
1 21.6583 28.1537 1.76021 -0.193366 -0.507669 0.839572
1 11.0361 7.42766 1.61218 0.605667 -0.145888 -0.78223
1 22.9669 29.9301 1.75672 -0.457429 -0.28919 0.840909
1 26.6955 33.4129 1.75238 0.355803 -0.121556 0.926622
1 24.6057 19.7562 1.60754 0.0782814 0.308332 -0.948052
1 21.0154 20.6011 1.6132 0.330416 0.76196 -0.556994
1 4.45843 26.6386 1.75835 0.154072 -0.461808 0.873496
1 23.7282 26.1992 1.75793 0.215811 -0.165641 0.962283
1 21.2797 3.02161 1.76141 0.242001 -0.795798 0.555104
1 17.3085 11.5565 1.75988 0.0256683 0.0160975 0.999541
1 19.7112 12.6354 1.75758 -0.162283 0.409536 0.897744
1 1.00707 13.3479 1.75864 -0.154473 0.194645 0.968634
1 26.4108 3.81199 1.7468 -0.6933 -0.0378349 0.719655
1 27.7525 2.89668 1.75982 -0.454769 0.188122 0.870515
1 24.0957 21.7645 1.60892 0.456536 0.301321 -0.837127
1 10.9416 6.43827 1.60666 0.451901 -0.136193 -0.88161
1 2.32447 7.82807 1.60681 0.486661 -0.214443 -0.846862
1 10.2665 13.2969 1.61234 -0.158125 -0.276739 -0.947846
1 3.14756 8.29142 1.77045 -0.505214 0.390881 0.769396
1 17.3801 13.2741 1.75812 -0.153798 0.0108078 0.988043
1 18.1945 32.2363 1.75911 0.0971945 0.140162 0.985347
1 4.1564 18.1786 1.75733 0.446527 0.375324 0.812247
1 17.4201 25.9694 1.60481 0.572682 -0.0588794 -0.817661
1 22.6865 15.9143 1.77348 0.434204 -0.694435 0.573784
1 30.7982 11.158 1.76524 0.270123 -0.617521 0.738716
1 16.3783 24.2149 1.60909 0.241081 0.0297603 -0.970049
1 6.83778 18.2561 1.60996 0.355813 0.435502 -0.826882
1 21.8994 11.6891 1.6089 0.19957 0.702952 -0.682664
1 8.85372 15.3662 1.60635 0.00132476 0.00360813 -0.999993
1 4.17696 1.10259 1.60947 -0.10219 0.354651 -0.929398
1 25.6314 28.7024 1.75895 -0.207227 0.17239 0.962984
1 13.3182 10.8738 1.74806 -0.0648188 -0.695301 0.71579
1 29.0725 10.9161 1.62621 0.365154 -0.548142 -0.752465
1 5.58378 24.5606 1.75266 0.483542 -0.402187 0.777452
1 2.15558 34.0482 1.61563 -0.347374 0.655955 -0.670115
1 27.1822 29.8551 1.74356 -0.45159 0.418735 0.787863
1 14.5508 4.97759 1.62365 0.0164733 -0.712939 -0.701033
1 21.2445 13.6074 1.7525 0.23994 0.651876 0.719366
1 15.6679 8.15979 1.75398 0.370722 -0.290966 0.881989
1 28.0907 27.6183 1.75133 -0.0444662 0.64897 0.759514
1 17.7157 3.59241 1.75925 -0.635468 0.0684531 0.769087
1 32.2952 7.01772 1.6103 0.401602 0.297761 -0.866057
1 3.07057 23.9102 1.74561 -0.594238 0.258175 0.761726
1 4.92624 23.9006 1.7348 0.651947 -0.449328 0.610794
1 29.3245 23.5388 1.61458 0.722203 -0.300277 -0.623102
1 31.8048 20.107 1.61315 0.132293 -0.763067 -0.632635
1 32.9465 24.468 1.61226 -0.613037 -0.143101 -0.776986
1 11.5422 28.0913 1.75656 -0.175931 0.559491 0.809949
1 20.9504 32.5147 1.75351 0.043027 0.543361 0.838396
1 25.0531 2.01347 1.75831 -0.226463 -0.207201 0.951726
1 18.734 12.068 1.75135 -0.0220061 0.259307 0.965544
1 12.6839 21.2411 1.61916 -0.234366 0.629232 -0.74104
1 30.2598 16.6236 1.63727 -0.476227 -0.439899 -0.761378
1 1.13424 21.4654 1.761 -0.152846 -0.127998 0.979926
1 25.251 16.8402 1.60892 -0.390734 0.277128 -0.877797
1 0.476685 6.37329 1.61016 0.225668 -0.0862277 -0.970381
1 27.1617 18.6051 1.60784 -0.0927036 -0.0111727 -0.995631
1 32.296 31.3903 1.61661 0.638597 0.142877 -0.756161
1 32.9032 16.2284 1.74906 -0.689839 -0.175768 0.702301
1 13.7265 20.7416 1.61479 -0.328336 0.419459 -0.846315
1 28.3797 15.441 1.63229 -0.658165 -0.0805671 -0.748551
1 17.4148 31.4952 1.75886 0.173509 0.0465119 0.983733
1 11.3696 17.7931 1.61561 0.268755 -0.395963 -0.878057
1 30.2381 25.9979 1.6079 -0.305726 0.46827 -0.829009
1 33.8682 11.5195 1.76002 0.173664 -0.105403 0.979148
1 4.59718 20.0356 1.75763 0.173376 0.413451 0.893868
1 21.9011 18.3421 1.60745 -0.12921 0.695845 -0.706474
1 7.32003 30.985 1.72785 -0.603171 0.0250399 0.797219
1 14.6241 24.5933 1.61029 0.310261 0.302167 -0.901351
1 8.80888 21.3385 1.601 0.684608 -0.0588605 -0.726531
1 9.79761 15.5527 1.60964 0.0187251 -0.158837 -0.987127
1 16.8344 10.6682 1.75999 0.0971172 -0.0689553 0.992881
1 9.67714 9.40356 1.62609 -0.643359 -0.150896 -0.750546
1 2.90893 28.3437 1.75139 -0.0871723 -0.682816 0.725371
1 22.2306 1.47037 1.73882 0.263881 -0.683662 0.680421
1 32.6553 3.96458 1.60537 -0.167859 0.214736 -0.962139
1 31.8723 24.8727 1.60915 -0.518034 0.0871623 -0.850907
1 6.28351 32.6592 1.61572 -0.695379 -0.025097 -0.718205
1 1.07153 7.17422 1.61959 0.388814 -0.126663 -0.912568
1 23.3072 2.36051 1.7465 -0.219177 -0.444122 0.868744
1 0.154985 7.77742 1.62174 0.551409 -0.0114932 -0.834156
1 11.1091 2.08316 1.62279 -0.124818 -0.419006 -0.899363
1 28.9606 32.5975 1.75574 0.52775 0.0762957 0.845966
1 1.45963 6.14671 1.60989 0.167195 -0.207831 -0.96377
1 6.03677 11.6588 1.60887 -0.292329 0.406519 -0.865613
1 5.05707 19.1081 1.75806 0.359685 0.530579 0.767536
1 0.97691 19.7904 1.76415 0.162231 -0.183623 0.969517
1 18.3697 23.9566 1.60368 0.207154 -0.28356 -0.936312
1 16.3644 13.2766 1.76088 -0.176929 -0.161962 0.970806
1 32.78 10.0238 1.75699 0.473041 -0.206945 0.856391
1 21.8052 21.9736 1.6256 0.538583 0.576269 -0.614689
1 26.6284 1.26308 1.76127 -0.13849 -0.038671 0.989609
1 6.40868 26.2709 1.75949 0.17218 -0.221025 0.959949
1 15.258 2.75215 1.76702 -0.530932 -0.424809 0.733246
1 20.2528 30.5083 1.75248 0.314677 0.425288 0.848592
1 23.3434 5.36953 1.61428 -0.516562 0.36179 -0.776062
1 31.7496 13.2465 1.75856 -0.143781 -0.406263 0.902373
1 16.6024 30.8583 1.76011 0.247942 -0.0488259 0.967544
1 0.670872 5.40212 1.60783 0.0550851 -0.11558 -0.99177
1 34.2606 20.4642 1.74699 0.00168634 -0.409553 0.912285
1 17.3656 28.5189 1.74321 0.62483 0.0168324 0.780579
1 27.3813 16.0206 1.63141 -0.539852 0.0348738 -0.841037
1 5.37311 3.0222 1.60547 0.163637 0.390594 -0.905903
1 9.39946 14.5094 1.60741 -0.0635747 -0.130292 -0.989435
1 5.62583 20.2568 1.76245 0.14972 0.56818 0.809169
1 24.7919 3.67951 1.7565 -0.611601 -0.163244 0.774142
1 26.9407 11.913 1.61893 0.413678 -0.182424 -0.891959
1 21.5816 25.902 1.75228 0.207682 -0.539122 0.81622
1 23.5512 3.486 1.75109 -0.459962 -0.411734 0.786708
1 29.8856 18.391 1.61205 -0.140827 -0.396475 -0.90718
1 7.70333 5.0592 1.61174 0.244255 0.325065 -0.913604
1 6.52205 29.6768 1.75975 -0.360994 -0.13179 0.923209
1 30.8473 26.7772 1.611 -0.209908 0.332404 -0.919482
1 6.03137 4.02642 1.60723 0.258182 0.37383 -0.890839
1 8.30487 34.2138 1.61165 -0.371737 -0.142305 -0.917366
1 24.2291 22.771 1.62063 0.653124 0.196814 -0.731228
1 17.6387 20.1122 1.61306 -0.491547 -0.218521 -0.842989
1 9.65502 18.6061 1.61085 0.322824 -0.0972786 -0.941447
1 13.9762 29.6737 1.75598 0.432561 -0.40675 0.80464
1 16.2752 11.449 1.75874 0.0018779 -0.167973 0.98579
1 21.8284 26.9985 1.75427 0.0183194 -0.484628 0.874529
1 20.1818 0.205115 1.75264 -0.185402 0.430209 0.883485
1 33.6735 15.4628 1.75491 -0.574984 -0.0226614 0.817851
1 19.2456 18.2526 1.76271 -0.713217 0.305822 0.630709
1 23.6428 33.4753 1.7664 0.391304 -0.53211 0.750827
1 19.3518 2.23688 1.75384 -0.44266 0.342508 0.828698
1 16.666 26.7522 1.60053 0.710518 0.0735157 -0.699828
1 8.17218 11.304 1.60993 -0.354 0.0264571 -0.934871
1 13.5731 33.9766 1.75922 -0.19547 -0.469828 0.860844
1 25.6526 17.7542 1.60881 -0.24145 0.202353 -0.949081
1 23.9064 32.4367 1.58269 -0.58098 0.481895 -0.655926
1 15.8435 7.0303 1.76458 0.53156 -0.262436 0.805339
1 31.7561 17.4303 1.60883 -0.367304 -0.591995 -0.717377
1 11.7208 31.5303 1.76617 0.297267 -0.640265 0.708303
1 1.15898 8.40992 1.62527 0.775282 -0.0569035 -0.629046
1 12.65 22.5417 1.62299 -0.00101694 0.615285 -0.788304
1 5.11701 14.7263 1.61821 -0.116319 0.656696 -0.745131
1 8.13578 31.6614 1.76481 -0.754013 0.128124 0.644242
1 23.276 8.37902 1.59965 -0.0690113 0.392553 -0.917137
1 23.5862 16.1647 1.6021 -0.510095 0.517807 -0.686789
1 6.99397 17.1467 1.61194 0.202523 0.389971 -0.89828
1 15.8686 1.34151 1.74751 -0.32797 -0.22034 0.918633
1 19.1683 19.5381 1.59848 -0.579825 -0.424512 -0.695408
1 33.2918 5.52459 1.60789 0.111761 0.149408 -0.982439
1 27.1635 12.8327 1.61055 0.543435 -0.255829 -0.799518
