1 16.2361 33.2492 1.75918 -0.0242767 -0.103977 0.994283
1 29.561 15.1585 1.60884 -0.605302 -0.203558 -0.769528
1 20.2398 9.69031 1.74439 0.166883 0.525359 0.834355
1 25.5608 20.059 1.60946 0.170604 0.168316 -0.970857
1 5.11463 29.2038 1.76063 -0.301997 -0.351816 0.886015
1 18.6958 5.41103 1.76056 0.711576 0.196443 0.674589
1 16.0883 19.5799 1.60899 -0.558193 -0.0346691 -0.828986
1 28.6075 20.7391 1.60906 0.315029 -0.155736 -0.936218
1 6.35205 4.14645 1.60995 0.18233 0.359657 -0.915097
1 2.51838 9.7966 1.75218 0.369748 0.413217 0.832189
1 20.6276 15.2338 1.75515 -0.250872 0.5676 0.784151
1 2.94637 13.3681 1.74236 -0.113277 0.550479 0.827128
1 25.5719 3.1146 1.75032 -0.407543 -0.12932 0.903983
1 34.2144 16.1887 1.68797 -0.735368 -0.0120822 0.677561
1 17.2251 21.325 1.61074 -0.241567 -0.182652 -0.953039
1 28.0254 17.2981 1.6102 -0.247574 -0.082045 -0.965389
1 19.1556 34.2994 1.75921 -0.123665 0.262404 0.957001
1 29.1935 22.5818 1.6111 0.619606 -0.186339 -0.762474
1 30.3765 22.0371 1.60584 0.513682 -0.420238 -0.748018
1 17.1736 19.0481 1.61389 -0.686513 -0.218513 -0.693507
1 14.4 33.5754 1.75964 -0.0880704 -0.33098 0.939519
1 20.1365 23.448 1.62891 -0.0289216 -0.66852 -0.743131
1 14.708 31.0245 1.76062 0.252175 -0.269016 0.929537
1 32.1633 32.4645 1.7486 0.686018 0.461689 0.562337
1 32.7084 33.6567 1.76273 0.442581 0.445731 0.778104
1 22.3052 9.22815 1.63438 -0.0391317 0.616786 -0.786158
1 10.9837 11.5628 1.61224 -0.340742 -0.44128 -0.830161
1 7.24255 15.9159 1.60939 0.0639769 0.268328 -0.961201
1 8.6062 0.380918 1.60883 -0.332526 -0.16707 -0.928178
1 18.4551 15.8516 1.75318 -0.447771 0.186537 0.874474
1 11.9753 17.9487 1.60753 0.213114 -0.519846 -0.82725
1 6.56625 26.6712 1.7596 0.111242 -0.159122 0.980972
1 8.50051 6.39576 1.6121 0.466842 0.109581 -0.877525
1 12.8749 23.3255 1.60487 0.181823 0.557293 -0.810164
1 19.4579 6.4122 1.75814 0.526372 0.376955 0.762127
1 24.0577 25.7737 1.75882 0.308226 -0.149258 0.939531
1 6.19217 8.06177 1.59075 0.832195 0.334074 -0.442545
1 6.37526 32.8102 1.61998 -0.715074 0.0486344 -0.697355
1 15.9641 32.2516 1.75941 0.0891417 -0.128127 0.987743
1 5.33567 14.114 1.61431 -0.160217 0.571757 -0.804627
1 4.23416 11.239 1.75503 -0.013733 0.754864 0.655737
1 0.505424 18.766 1.75778 0.367494 -0.247963 0.89636
1 16.8143 25.8574 1.61308 0.553473 -0.0426372 -0.831775
1 19.0151 13.9645 1.76192 -0.231238 0.283511 0.930672
1 7.08481 9.29336 1.59228 -0.675137 0.232208 -0.700193
1 25.6795 31.0328 1.74227 -0.700277 0.115878 0.704404
1 20.6009 6.98662 1.76266 0.368492 0.644716 0.669743
1 32.6352 16.232 1.76782 -0.705158 -0.27297 0.6544
1 29.6554 11.2512 1.61227 0.360736 -0.706457 -0.608924
1 3.63101 5.81858 1.60569 0.0277995 -0.654935 -0.755174
1 26.5406 24.0246 1.75079 0.658761 0.259065 0.706342
1 0.11878 17.9011 1.74198 0.544065 -0.288673 0.78782
1 6.43488 7.07723 1.62701 0.62692 0.448548 -0.637006
1 14.1292 18.6911 1.60994 -0.65321 0.356484 -0.668009
1 24.0818 16.2326 1.60353 -0.640939 0.104411 -0.760457
1 10.9989 27.3137 1.75983 -0.00122764 0.482669 0.875802
1 32.7465 27.6254 1.6079 -0.0414001 -0.0507008 -0.997855
1 25.1715 23.8851 1.77143 0.717698 -0.0499291 0.694562
1 20.0245 16.4133 1.75508 -0.468958 0.437762 0.7671
1 3.09972 6.9224 1.60127 0.261705 -0.535032 -0.803275
1 7.42889 2.66758 1.60673 -0.0027503 0.106691 -0.994288
1 23.1989 25.1057 1.75746 0.433806 -0.305162 0.847755
1 18.5125 6.84918 1.76895 0.511362 0.172365 0.841902
1 33.8875 12.6789 1.76003 -0.0219471 -0.105743 0.994151
1 33.5737 24.4306 1.61088 -0.632861 -0.319987 -0.705049
1 2.69201 30.3022 1.78691 -0.396295 -0.75245 0.526089
1 29.1965 10.3078 1.61842 0.284113 -0.547567 -0.787052
1 21.8295 30.1735 1.63224 0.483608 0.726702 0.487882
1 18.3273 19.8805 1.62508 -0.514209 -0.357892 -0.779425
1 33.369 28.6061 1.60832 0.118737 -0.154669 -0.980805
1 33.8628 2.49753 1.60024 -0.419593 -0.00735646 -0.907683
1 5.56344 0.140253 1.60759 -0.329642 0.243585 -0.912142
1 10.8207 6.52814 1.60931 0.449911 -0.214893 -0.866834
1 18.6621 11.8952 1.75814 -0.029233 0.243445 0.969474
1 16.4613 34.2973 1.75919 -0.136382 -0.0868394 0.986843
1 22.37 26.9279 1.75849 0.0461864 -0.433512 0.899963
1 13.8277 7.95069 1.76141 0.44572 -0.578916 0.682781
1 24.2457 26.7724 1.75908 0.131725 -0.10515 0.985694
1 0.22846 12.6957 1.76055 -0.0365517 0.0520303 0.997976
1 7.80792 25.5798 1.75739 0.301722 -0.00409778 0.953387
1 28.4217 32.4464 1.74821 0.530629 0.0421156 0.846557
1 0.105985 27.4861 1.61262 -0.0767373 -0.403907 -0.911576
1 33.0816 26.6678 1.60645 -0.208305 -0.132099 -0.969102
1 23.0428 4.87547 1.61157 -0.594987 0.368805 -0.714124
1 14.9044 31.9969 1.75914 0.125581 -0.249163 0.960285
1 23.7669 9.90817 1.61 0.0655191 0.342588 -0.937198
1 8.85071 13.5903 1.61086 -0.146114 -0.0292752 -0.988834
1 25.0011 6.86411 1.61183 -0.352201 0.0715341 -0.933187
1 31.1899 15.1059 1.74064 -0.556821 -0.516956 0.650159
1 0.551689 10.1011 1.75539 0.499412 0.0241646 0.866028
1 28.1172 10.7783 1.61245 0.289738 -0.369627 -0.882852
1 9.55274 0.99853 1.61058 -0.24726 -0.244705 -0.93754
1 29.7268 6.67191 1.60943 -0.35644 -0.701079 -0.617608
1 18.204 27.143 1.76936 -0.815563 0.0490904 0.576582
1 15.498 15.0382 1.74802 -0.39976 -0.297454 0.867014
1 11.0666 2.06133 1.6224 -0.119717 -0.418754 -0.900174
1 27.8728 27.3128 1.76144 0.0666664 0.602259 0.795512
1 2.39743 18.3041 1.75636 0.425044 0.105592 0.898992
1 21.5975 0.518684 1.73069 -0.351549 0.738983 0.574732
1 29.0467 17.0401 1.61176 -0.28975 -0.20947 -0.933899
1 0.951533 33.5876 1.60183 -0.198294 0.75961 -0.619413
1 22.4686 28.0181 1.75499 -0.170681 -0.416399 0.893017
1 27.5019 20.8286 1.60855 0.302357 -0.00759582 -0.953165
1 15.2765 17.292 1.75531 -0.608649 -0.380745 0.696117
1 0.867162 13.3917 1.75819 -0.184936 0.159517 0.969718
1 22.4471 7.96807 1.6154 -0.162436 0.533018 -0.830365
1 0.469596 0.445502 1.593 0.217037 0.868417 -0.445811
1 25.9727 22.0783 1.6173 0.468801 0.0578354 -0.881408
1 28.3751 15.3838 1.6067 -0.575362 0.0176152 -0.817709
1 1.39161 5.84926 1.60958 0.159792 -0.250462 -0.954848
1 30.5049 20.9195 1.61091 0.324848 -0.470846 -0.82023
1 19.5804 8.70885 1.75065 0.266084 0.417444 0.868873
1 4.60627 5.75302 1.60293 -0.116518 -0.825507 -0.552234
1 19.5124 15.4293 1.75295 -0.346104 0.37091 0.861764
1 18.2953 21.8268 1.60908 -0.177762 -0.339134 -0.923791
1 11.839 19.1397 1.64289 0.418818 -0.501789 -0.756835
1 11.7254 12.5338 1.61882 -0.19107 -0.592144 -0.782853
1 11.0774 18.5922 1.61153 0.331114 -0.364339 -0.870414
1 12.5559 26.4029 1.75755 0.103768 0.709539 0.696984
1 13.26 25.1554 1.6232 0.430249 0.493935 -0.755589
1 18.3302 3.48229 1.75386 -0.670197 0.0904452 0.736652
1 9.29717 28.3242 1.75746 -0.130211 0.243989 0.960997
1 17.8657 7.80406 1.75566 0.391019 0.100926 0.914832
1 27.6422 14.7579 1.74814 -0.651802 0.247074 -0.717014
1 25.146 26.3447 1.75827 0.230659 0.0500689 0.971746
1 25.9392 19.1911 1.61039 0.0380732 0.123003 -0.991676
1 15.5071 33.9258 1.75815 -0.108604 -0.203363 0.973061
1 5.03492 11.7451 1.60686 -0.336278 0.690789 -0.6401
1 28.5501 11.6961 1.60867 0.402282 -0.48917 -0.773875
1 29.0135 33.2836 1.75847 0.380945 0.167732 0.909256
1 7.38095 28.3903 1.76033 -0.160689 -0.0212792 0.986776
1 9.26371 5.66643 1.60924 0.344793 -0.0310026 -0.938167
1 17.7001 17.3204 1.7547 -0.683162 0.0354965 0.729404
1 12.8143 34.6091 1.75263 -0.350043 -0.610279 0.710654
1 10.2896 18.0394 1.61133 0.282822 -0.204991 -0.937011
1 33.5172 15.32 1.75638 -0.537344 -0.111363 0.835978
1 8.88317 14.7266 1.6057 -0.0523385 -0.00385988 -0.998622
1 32.9221 29.5475 1.60842 0.296233 -0.0698456 -0.952558
1 3.32395 11.7956 1.7543 0.0170604 0.559377 0.828738
1 12.312 14.0924 1.61457 -0.0298337 -0.69803 -0.715447
1 14.1778 29.2696 1.74798 0.506497 -0.35507 0.785739
1 33.2204 0.840199 1.58875 -0.709491 0.0809448 -0.70005
1 28.9723 12.6923 1.62248 0.530369 -0.566861 -0.630379
1 26.8633 0.709873 1.75905 0.0280703 0.0134913 0.999515
1 17.7526 6.05392 1.74942 0.638369 0.034892 0.768939
1 6.41718 28.0775 1.75934 -0.115287 -0.16405 0.979692
1 4.869 27.2269 1.75667 0.0565485 -0.411788 0.909523
1 27.4213 11.802 1.61183 0.429354 -0.284679 -0.857096
1 15.4132 10.1685 1.76233 0.103334 -0.278363 0.954901
1 23.8085 30.7691 1.73951 -0.645792 -0.113421 0.755042
1 22.6153 6.03879 1.60309 -0.418292 0.438108 -0.795672
1 11.0284 16.1577 1.61448 0.0891434 -0.329911 -0.939794
1 17.958 26.2082 1.60614 0.616708 -0.198576 -0.761734
1 23.7454 3.08073 1.75209 -0.266622 -0.415828 0.869483
1 7.93438 9.94448 1.61266 -0.59379 0.0752282 -0.801096
1 7.27457 4.83814 1.61021 0.269463 0.259117 -0.927496
1 6.26197 13.3872 1.61299 -0.199108 0.395329 -0.8967
1 18.9166 7.79613 1.75418 0.380506 0.283247 0.880333
1 25.0324 25.4029 1.75999 0.39609 0.012471 0.918127
1 2.4169 28.2211 1.75805 -0.117807 -0.806062 0.579988
1 20.9437 13.9779 1.75531 0.0109819 0.631542 0.775264
1 3.86479 24.678 1.75718 0.586423 -0.551393 0.593358
1 12.875 2.97586 1.61956 -0.1216 -0.68157 -0.721578
1 3.39449 10.5064 1.74344 0.18017 0.588153 0.788426
1 27.7718 9.01928 1.60727 0.0020017 -0.330548 -0.943787
1 23.9269 0.851865 1.75229 0.0787953 -0.35884 0.930067
1 11.9905 20.2864 1.6168 0.498943 -0.694834 -0.51794
1 9.44415 20.8945 1.60286 0.638424 -0.184057 -0.747354
1 4.76545 9.43541 1.77255 0.0215339 0.948311 0.31661
1 16.4276 8.95291 1.75684 0.252482 -0.124597 0.959546
1 28.7833 14.34 1.60467 -0.718516 0.0320044 -0.694774
1 7.36109 5.97042 1.60987 0.41033 0.265308 -0.872491
1 26.0063 10.9137 1.60755 0.224078 -0.0417502 -0.973677
1 8.36673 16.3286 1.60612 0.111003 0.1041 -0.988353
1 8.70406 9.14896 1.62923 -0.76223 -0.0418607 -0.645952
1 21.3209 33.9315 1.73913 -0.140013 0.643275 0.752725
1 34.356 1.4729 1.61661 -0.606482 -0.205284 -0.76814
1 7.98832 32.9125 1.61794 -0.669206 -0.0791868 -0.738846
1 23.3293 12.3056 1.61034 0.380549 0.387083 -0.839851
1 33.3791 21.1848 1.77126 -0.0586429 -0.610958 0.789488
1 11.9067 4.89928 1.60682 0.18813 -0.412971 -0.891102
1 28.5036 9.65173 1.61215 0.138709 -0.447863 -0.883277
1 32.426 31.3181 1.61839 0.634705 0.0143326 -0.772621
1 22.2188 24.5735 1.75246 0.490252 -0.475754 0.730282
1 4.68086 26.1606 1.75551 0.263676 -0.442391 0.857184
1 10.767 12.7129 1.60976 -0.190694 -0.413482 -0.890319
1 19.8409 33.5767 1.75924 -0.038937 0.363328 0.930847
1 1.32951 17.9204 1.75091 0.530038 -0.0904936 0.843131
1 4.37159 14.8816 1.61085 -0.0644875 0.730216 -0.680166
1 8.45903 17.4054 1.60865 0.225886 0.0934226 -0.969664
1 31.1976 28.7403 1.61022 0.133643 0.240379 -0.961435
1 24.3356 24.6984 1.76174 0.526918 -0.130335 0.839863
1 20.5493 27.3103 1.60554 0.071613 0.749181 -0.658483
1 5.94557 29.9585 1.7543 -0.444562 -0.182343 0.876993
1 24.5015 7.79245 1.60847 -0.202942 0.174236 -0.963564
1 27.7246 24.6794 1.75548 0.479484 0.53515 0.695493
1 28.6898 5.62002 1.61914 -0.576597 -0.462249 -0.673693
1 29.11 31.5134 1.75695 0.730638 0.0244471 0.682327
1 16.3976 20.6211 1.61254 -0.36403 -0.0746885 -0.928388
1 17.5093 14.4619 1.75799 -0.301127 0.0394681 0.952767
1 14.634 21.1682 1.60791 -0.267483 0.233237 -0.934908
1 6.51918 2.9395 1.60946 0.0434889 0.238948 -0.970058
1 33.8253 4.24632 1.60803 -0.122821 0.0486212 -0.991237
1 10.123 5.07181 1.60914 0.253389 -0.161366 -0.953811
1 33.212 1.76283 1.61143 -0.557656 0.0645152 -0.827562
1 12.9231 27.6816 1.76175 -0.237743 0.748501 0.619051
1 4.26161 1.34913 1.60969 -0.0938951 0.44838 -0.888897
1 27.3255 8.1253 1.60967 -0.143521 -0.264949 -0.953522
1 34.1841 17.1263 1.75358 0.730961 -0.266423 0.628264
1 27.1282 6.90114 1.6134 -0.35724 -0.256174 -0.898195
1 5.2927 15.3563 1.61163 0.0249978 0.584596 -0.810939
1 34.4854 30.4615 1.61466 0.429284 -0.353558 -0.83109
1 3.37951 20.9731 1.75834 -0.0422376 0.236864 0.970624
1 6.08242 9.00879 1.78217 0.68186 -0.41263 0.603989
1 2.01788 13.3559 1.75489 -0.158383 0.358381 0.920043
1 33.9343 29.5571 1.61043 0.279697 -0.247133 -0.927737
1 15.3365 9.14514 1.75808 0.225625 -0.302522 0.926053
1 23.7241 19.1147 1.60854 -0.0417156 0.378853 -0.924516
1 15.6925 30.2415 1.75325 0.338479 -0.164166 0.926543
1 26.0319 25.7504 1.75911 0.346316 0.209519 0.914422
1 20.6036 31.9047 1.75689 0.172981 0.510914 0.842048
1 30.6536 11.16 1.72894 0.273807 -0.669655 0.690356
1 1.38796 14.1754 1.76326 -0.330255 0.255005 0.908793
1 24.127 13.1872 1.61156 0.537195 0.235339 -0.809961
1 25.8846 16.6516 1.62601 -0.482552 0.187704 -0.855518
1 28.7761 17.9961 1.60851 -0.123315 -0.190012 -0.974007
1 15.7685 3.20855 1.74618 -0.569008 -0.360052 0.739319
1 5.44699 4.6223 1.60873 0.193175 0.556956 -0.807764
1 33.5971 19.9981 1.76202 0.152899 -0.54413 0.824951
1 24.247 5.0528 1.61201 -0.639328 0.13404 -0.757161
1 7.14295 14.8616 1.60838 -0.0504038 0.277466 -0.959412
1 17.6221 29.9997 1.75962 0.375009 0.105822 0.920962
1 26.067 26.7823 1.75907 0.161156 0.230253 0.959694
1 7.24094 22.0474 1.74068 -0.791164 0.290141 0.538403
1 34.1628 5.2057 1.60814 0.0433494 0.00936236 -0.999016
1 23.8229 22.1042 1.60891 0.521827 0.311808 -0.794023
1 8.35841 2.4346 1.60645 -0.0320636 -0.0388877 -0.998729
1 11.0297 4.38905 1.60881 0.144198 -0.301079 -0.942634
1 2.88113 32.6364 1.76097 -0.251668 0.527348 0.811522
1 27.7313 33.3287 1.756 0.360416 0.0450403 0.931704
1 17.2998 9.74954 1.75819 0.165836 0.020105 0.985948
1 7.03765 30.2658 1.74593 -0.494958 0.00497976 0.868903
1 18.0774 18.2242 1.76904 -0.815641 0.0454523 0.57677
1 1.51536 1.78442 1.61726 0.548135 0.659727 -0.51411
1 27.4904 10.0097 1.61075 0.143802 -0.271619 -0.951601
1 8.2186 5.40361 1.61044 0.323822 0.115465 -0.939046
1 26.3536 20.9934 1.60969 0.301512 0.111487 -0.946922
1 13.0008 18.4064 1.63745 0.348949 -0.726543 -0.591921
1 33.8261 9.94833 1.75799 0.521793 -0.116191 0.845122
1 16.5272 23.9538 1.60727 0.216275 -0.0472322 -0.975189
1 20.402 34.4059 1.74194 -0.127824 0.472917 0.871786
1 13.6084 21.235 1.61077 -0.232827 0.418937 -0.877658
1 17.4882 8.75791 1.75815 0.277817 0.048912 0.959388
1 6.41672 24.1713 1.7483 0.542194 -0.273701 0.794426
1 26.961 26.2834 1.75948 0.254827 0.412158 0.874751
1 16.0327 27.6729 1.72121 0.779514 0.0313714 0.625598
1 13.3833 33.4675 1.75589 -0.114596 -0.480265 0.869605
1 1.07039 31.5761 1.58458 0.369862 -0.579368 -0.726316
1 33.9941 33.8427 1.75198 -0.0555893 0.605199 0.794131
1 9.27143 2.23259 1.60966 -0.0721859 -0.155822 -0.985144
1 29.374 28.391 1.61634 0.12493 0.591222 -0.796774
1 30.9403 19.8019 1.60076 0.137703 -0.5422 -0.828889
1 12.7335 17.1164 1.61309 0.0912849 -0.675098 -0.732059
1 24.4062 20.0819 1.61045 0.152633 0.293611 -0.943661
1 1.80685 3.99912 1.62305 -0.210907 -0.346109 -0.914181
1 0.787812 11.0157 1.75787 0.297413 0.0865911 0.950814
1 7.24958 20.0189 1.6256 0.557458 0.338005 -0.758283
1 27.8234 0.538006 1.75966 0.0438641 0.146963 0.988169
1 30.0605 16.816 1.60815 -0.33107 -0.344078 -0.878637
1 29.7097 32.4866 1.75711 0.570493 0.218642 0.791665
1 5.07947 31.5476 1.74593 -0.717853 -0.282985 0.636087
1 24.0475 21.0133 1.61855 0.310457 0.320356 -0.89498
1 30.4484 26.3166 1.61355 -0.24191 0.39744 -0.885167
1 17.5696 2.71642 1.75144 -0.529293 -0.018491 0.848238
1 16.9352 5.28858 1.76594 0.799949 -0.0554714 0.597499
1 5.64042 10.3351 1.61257 -0.504159 0.490096 -0.711076
1 8.53055 31.653 1.77078 -0.74547 0.249333 0.618148
1 10.2674 7.47057 1.61143 0.607954 -0.103702 -0.787171
1 18.3893 0.305321 1.75889 -0.19953 0.154873 0.967575
1 12.7356 12.8478 1.62513 -0.226201 -0.765025 -0.602968
1 14.7924 22.9739 1.60818 0.0510864 0.225758 -0.972843
1 3.21521 29.4531 1.69973 -0.315325 -0.642933 0.698002
1 33.8231 23.3565 1.75394 -0.527197 -0.481911 0.699875
1 9.79344 23.2166 1.73821 0.690869 0.280795 0.666224
1 9.19352 4.63739 1.60866 0.199789 -0.0344775 -0.979232
1 1.54619 18.8321 1.75759 0.34497 -0.0607533 0.936645
1 2.95461 27.0094 1.75216 0.126279 -0.691266 0.711481
1 25.1183 8.62816 1.60779 -0.0874903 0.0965577 -0.991475
1 6.83358 23.1242 1.75101 0.71559 -0.200596 0.669098
1 31.7602 6.44823 1.61025 0.28966 0.400072 -0.869505
1 21.9871 21.0557 1.59738 0.301462 0.577218 -0.758907
1 26.7352 20.0245 1.60843 0.167435 0.0627262 -0.983886
1 28.3436 21.7205 1.61085 0.467177 -0.0959336 -0.878944
1 32.4975 2.5912 1.61404 -0.43253 0.217923 -0.874887
1 9.99887 11.9325 1.60957 -0.298962 -0.259797 -0.918219
1 9.9804 2.98526 1.6087 5.73656e-05 -0.202433 -0.979296
1 19.2117 23.5496 1.6165 0.0933423 -0.503305 -0.859053
1 9.06128 29.3715 1.75616 -0.302296 0.237871 0.923057
1 32.2744 24.0028 1.61281 -0.628854 -0.0230316 -0.777182
1 32.3804 28.5511 1.60797 0.119632 0.0266853 -0.99246
1 23.275 18.0856 1.6061 -0.282628 0.37669 -0.882171
1 31.1504 7.19778 1.61622 0.413247 0.500293 -0.760877
1 18.0382 20.7981 1.60726 -0.35245 -0.296243 -0.887704
1 25.7885 24.7347 1.75334 0.546994 0.120919 0.828357
1 18.4249 22.8657 1.60746 0.00524609 -0.354178 -0.935163
1 21.904 22.8368 1.78467 -0.631369 -0.498036 0.594419
1 26.4847 10.0733 1.60944 0.118818 -0.113575 -0.986399
1 16.6565 30.5643 1.75708 0.297075 -0.0452276 0.953782
1 15.201 32.9534 1.75891 0.00493316 -0.22564 0.974198
1 32.0595 1.6617 1.60586 -0.586236 0.290799 -0.756151
1 10.0633 28.9188 1.74481 -0.214643 0.367817 0.904787
1 17.5974 28.0461 1.75238 0.69556 0.132413 0.70616
1 25.9793 31.9989 1.74738 0.683596 -0.186805 0.70555
1 6.08737 28.9858 1.76017 -0.267843 -0.192557 0.944024
1 25.1902 20.9281 1.61016 0.30886 0.199168 -0.93002
1 28.6233 1.44689 1.76322 -0.128598 0.296973 0.946187
1 25.1311 11.3913 1.60741 0.278084 0.0955689 -0.955791
1 31.1902 13.187 1.75657 -0.121568 -0.517874 0.846775
1 28.633 23.5743 1.61059 0.775537 -0.00974652 -0.631227
1 14.5638 25.013 1.60842 0.395484 0.271221 -0.877514
1 30.3694 3.65295 1.62577 -0.278178 0.615767 -0.737189
1 16.4666 21.9432 1.60793 -0.128788 -0.0582734 -0.989959
1 20.1303 21.6532 1.60085 -0.231405 -0.652374 -0.721706
1 9.16728 10.1179 1.61116 -0.58689 -0.116654 -0.801219
1 14.8998 13.1275 1.75042 -0.196237 -0.377335 0.905046
1 19.6514 26.6356 1.74772 -0.408757 0.742559 0.530587
1 13.7571 31.6138 1.76009 0.166118 -0.388379 0.906403
1 32.497 11.5767 1.75794 0.197185 -0.340877 0.919196
1 28.8029 25.4414 1.58795 -0.226237 0.801867 -0.553015
1 29.6284 0.905027 1.75211 -0.0752914 0.450189 0.889753
1 14.5728 2.6112 1.75167 -0.440372 -0.57473 0.689752
1 31.7132 8.29601 1.6089 0.622035 0.368999 -0.690589
1 31.5239 20.8659 1.61796 0.250882 -0.67573 -0.693143
1 2.74832 3.84388 1.60375 -0.320744 -0.463958 -0.825752
1 19.6187 11.8914 1.751 -0.0570838 0.402382 0.91369
1 29.8453 24.526 1.6243 -0.48689 0.502404 -0.714513
1 31.1099 32.9275 1.75092 0.550845 0.374959 0.745638
1 28.5887 8.49442 1.60924 -0.0635347 -0.474521 -0.877948
1 23.5501 24.0226 1.76999 0.686292 -0.248331 0.683619
1 22.2536 33.4571 1.76384 -0.129509 0.802036 0.583065
1 8.70536 30.5016 1.753 -0.515533 0.205455 0.831874
1 15.9751 12.0384 1.75913 -0.0713986 -0.173247 0.982287
1 9.29622 16.7993 1.60725 0.17247 -0.0420335 -0.984117
1 32.5683 10.27 1.76324 0.541271 -0.285862 0.790765
1 4.82647 25.0425 1.74424 0.477289 -0.437456 0.76212
1 32.076 4.74677 1.60928 -0.0415288 0.336876 -0.940633
1 14.351 16.3058 1.73881 -0.451955 -0.599485 0.660571
1 26.5818 18.4809 1.61135 -0.0876598 0.0765533 -0.993205
1 16.5226 14.8227 1.758 -0.360012 -0.123746 0.924704
1 10.5384 34.3238 1.61012 -0.437803 -0.517709 -0.735055
1 16.3955 15.8305 1.75641 -0.490427 -0.165856 0.855554
1 28.2786 34.1736 1.75904 0.205593 0.157998 0.965799
1 33.9355 14.4445 1.75795 -0.359298 -0.0853472 0.929312
1 13.7713 2.89745 1.59354 -0.204468 -0.809139 -0.550896
1 15.3105 2.06076 1.7516 -0.431978 -0.377808 0.818936
1 19.1606 30.4305 1.75256 0.33627 0.273084 0.901303
1 7.89036 8.03796 1.60743 0.732005 0.222763 -0.643852
1 16.3983 28.5864 1.73575 0.610214 -0.0449858 0.790958
1 16.5787 17.8629 1.75375 -0.752535 -0.17847 0.633908
1 19.1084 19.2622 1.59403 -0.720151 -0.347581 -0.600475
1 6.80735 10.3505 1.61036 -0.507736 0.274539 -0.816598
1 16.3511 16.8401 1.74885 -0.61458 -0.180605 0.767902
1 6.6901 31.883 1.74321 -0.809152 -0.0288425 0.586891
1 23.4745 33.2846 1.76496 0.375545 -0.54678 0.74833
1 7.59618 16.8932 1.60716 0.168377 0.223077 -0.960149
1 12.8518 5.33149 1.61188 0.239412 -0.542853 -0.80498
1 4.77069 32.7824 1.6109 -0.698896 0.218821 -0.680927
1 26.2942 11.7939 1.61333 0.361364 -0.0895195 -0.928118
1 23.5422 23.051 1.61326 0.749797 0.173307 -0.638568
1 23.5746 34.4087 1.75655 0.223264 -0.45602 0.86151
1 5.22743 1.17791 1.60654 -0.152377 0.317309 -0.936
1 7.64664 23.8276 1.74731 0.592751 -0.0711206 0.802239
1 21.2503 16.1083 1.75732 -0.375215 0.624899 0.684628
1 0.130225 9.21979 1.76419 0.720021 -0.0457863 0.69244
1 12.9219 10.8541 1.73066 -0.204264 -0.725306 0.657425
1 26.112 8.49808 1.60886 -0.100495 -0.0689006 -0.992549
1 4.60209 33.8519 1.61056 -0.49785 0.356172 -0.790751
1 26.8264 9.15071 1.6078 -0.00799541 -0.177259 -0.984132
1 11.8544 25.223 1.75607 0.37032 0.630965 0.681723
1 7.15064 13.7746 1.61073 -0.157891 0.256838 -0.95347
1 16.8557 26.809 1.6059 0.709358 0.0594665 -0.702335
1 6.29979 18.9896 1.61944 0.466025 0.587105 -0.661913
1 10.0902 4.03934 1.60859 0.117365 -0.179086 -0.976808
1 0.313702 29.3979 1.62477 0.223226 -0.420526 -0.879391
1 2.00581 7.00698 1.61719 0.338459 -0.339629 -0.877552
1 16.3567 9.9832 1.75915 0.13587 -0.131939 0.981902
1 26.4854 7.60099 1.60854 -0.233537 -0.142166 -0.961899
1 29.1173 3.16955 1.76303 -0.430093 0.426917 0.795463
1 15.6838 21.2868 1.60857 -0.243546 0.0482157 -0.96869
1 0.801207 11.9418 1.76098 0.110936 0.115416 0.987103
1 25.2152 27.3229 1.75987 0.0534208 0.0681951 0.996241
1 23.2073 9.00745 1.60389 -0.0432954 0.449352 -0.892305
1 28.1518 16.3383 1.61562 -0.409993 -0.0482409 -0.910812
1 18.7953 1.17915 1.75626 -0.312708 0.217624 0.924583
1 22.4059 11.5415 1.62369 0.258134 0.566409 -0.782654
1 24.1277 8.74592 1.6052 -0.0686243 0.273163 -0.959517
1 18.2995 23.9363 1.60858 0.188704 -0.337607 -0.922178
1 0.95563 30.1405 1.61148 0.276605 -0.565629 -0.776887
1 30.2 33.4966 1.75957 0.362147 0.331408 0.871217
1 32.8182 9.29642 1.75712 0.780251 -0.165567 0.603155
1 8.5129 26.5323 1.75846 0.142082 0.114598 0.983199
1 24.5022 34.5533 1.75267 0.205646 -0.305157 0.929833
1 11.9686 2.45966 1.62474 -0.0994259 -0.546003 -0.831862
1 3.74047 9.21181 1.76608 0.238701 0.823953 0.51393
1 33.7011 31.409 1.6165 0.669037 -0.25708 -0.697352
1 24.2999 10.801 1.61085 0.179445 0.230839 -0.956302
1 23.1118 29.0213 1.76038 -0.33083 -0.292502 0.897215
1 2.92114 4.96148 1.60938 -0.0902851 -0.501583 -0.860386
1 7.06417 29.3069 1.76048 -0.319411 -0.0359008 0.946936
1 19.8489 7.54712 1.74267 0.351961 0.479775 0.803703
1 29.3366 7.82948 1.62192 -0.156527 -0.601474 -0.783408
1 5.30071 19.2461 1.75589 0.320472 0.621741 0.714658
1 2.37186 14.4235 1.75423 -0.336884 0.453032 0.825392
1 25.8526 14.6667 1.64797 0.752052 -0.244184 -0.612203
1 30.2953 8.14461 1.60216 -0.0971932 -0.765182 -0.636436
1 16.0873 7.19061 1.75965 0.491355 -0.193599 0.84917
1 19.6365 0.563799 1.7545 -0.229466 0.357998 0.905087
1 0.325395 2.49441 1.61364 -0.426154 -0.195272 -0.883324
1 6.74025 25.7078 1.75646 0.271648 -0.158918 0.949185
1 2.14431 32.0492 1.76334 0.592823 -0.468982 0.654688
1 22.2368 19.9819 1.60129 0.102017 0.53992 -0.835511
1 7.53431 26.5205 1.76095 0.140861 -0.0193706 0.98984
1 0.18956 22.9407 1.75827 -0.397225 -0.324762 0.858337
1 26.4847 33.6437 1.7597 0.3666 -0.054515 0.92878
1 1.02858 22.3726 1.75813 -0.294055 -0.17195 0.940194
1 12.2986 24.1354 1.63339 0.338825 0.66007 -0.670451
1 9.53841 26.4583 1.76069 0.157312 0.273274 0.948986
1 23.4038 11.2169 1.61246 0.223762 0.382486 -0.896457
1 17.6912 1.00827 1.7572 -0.292118 0.0500064 0.955074
1 3.38191 14.4971 1.75259 -0.278108 0.676645 0.681768
1 17.508 23.382 1.6089 0.113707 -0.207707 -0.97156
1 29.6142 25.9167 1.63755 -0.26926 0.591931 -0.759682
1 0.723366 28.3393 1.62536 0.0530691 -0.526116 -0.848755
1 10.91 8.3254 1.6126 0.712523 -0.18711 -0.67624
1 14.5502 27.5539 1.75928 0.782046 -0.23799 0.57599
1 21.8051 7.08386 1.60102 -0.264652 0.653866 -0.708815
1 25.3565 18.3433 1.61237 -0.131975 0.162422 -0.977856
1 1.98741 33.3779 1.75323 -0.289522 0.302869 0.907991
1 31.6936 27.8375 1.60867 -0.0162016 0.146031 -0.989147
1 9.9344 24.4228 1.75922 0.487431 0.320551 0.812194
1 2.8238 20.1245 1.75924 0.107537 0.14681 0.983302
1 31.1867 4.26163 1.6129 -0.163137 0.475671 -0.864363
1 31.9765 12.4976 1.76084 0.0196387 -0.405713 0.91379
1 24.7016 32.4542 1.7483 0.542724 -0.369375 0.754329
1 21.7691 14.7689 1.75434 -0.114383 0.744281 0.657998
1 13.5345 9.61527 1.74925 0.161049 -0.636086 0.754624
1 6.58284 34.5299 1.60958 -0.365146 0.0936745 -0.926225
1 0.51334 26.5087 1.60617 -0.24851 -0.485045 -0.838435
1 28.7775 0.449097 1.76247 0.0424401 0.286918 0.957015
1 26.023 6.71923 1.61519 -0.390024 -0.0907423 -0.916322
1 26.5017 12.6965 1.62155 0.490353 -0.131958 -0.861476
1 23.4606 28.1354 1.75727 -0.148408 -0.237545 0.959973
1 28.0426 30.7402 1.76178 -0.729833 0.336032 0.595337
1 14.0258 32.6046 1.75983 0.0326466 -0.359476 0.932583
1 2.4881 5.99614 1.61242 0.138093 -0.439972 -0.88733
1 12.6708 15.7752 1.61017 -0.0551121 -0.608951 -0.791291
1 3.0456 19.1439 1.7575 0.281502 0.198632 0.938777
1 15.1644 6.41886 1.75187 0.572533 -0.444149 0.689157
1 33.3915 18.1435 1.75576 0.490171 -0.490982 0.720187
1 17.7903 11.4968 1.7592 -0.00644843 0.0997114 0.994996
1 20.0698 5.67411 1.7696 0.607494 0.486141 0.628186
1 10.1985 9.44254 1.61889 -0.71707 -0.258581 -0.647261
1 11.4315 13.6681 1.61957 -0.0208491 -0.516872 -0.855809
1 19.6137 1.71054 1.75811 -0.39554 0.367163 0.841866
1 31.065 29.8939 1.60806 0.372424 0.256542 -0.891901
1 10.9297 3.21759 1.61284 0.0051757 -0.325009 -0.945697
1 30.5975 31.8259 1.75443 0.742903 0.277161 0.609325
1 34.4646 11.7707 1.75951 0.144377 -0.0338855 0.988942
1 32.3526 15.198 1.75869 -0.515098 -0.312136 0.798276
1 7.57186 31.0878 1.74566 -0.646153 0.0819588 0.758794
1 10.1367 1.88879 1.61971 -0.119131 -0.289265 -0.949807
1 30.7019 18.6318 1.6083 -0.0337985 -0.477333 -0.878072
1 5.49645 20.6024 1.75166 -0.0173135 0.56279 0.826419
1 8.36513 24.6846 1.75938 0.454327 0.0762135 0.887569
1 7.26972 12.678 1.61368 -0.2429 0.231877 -0.94193
1 23.0968 26.1638 1.75718 0.21459 -0.310054 0.926185
1 17.4524 22.3489 1.60854 -0.0656833 -0.20825 -0.975868
1 23.9515 29.7475 1.75817 -0.437811 -0.132515 0.889247
1 30.4133 1.61928 1.77002 -0.371309 0.616335 0.694449
1 14.9689 7.57558 1.75442 0.419161 -0.379726 0.824689
1 8.33028 28.6869 1.75798 -0.197682 0.115282 0.973464
1 18.5419 8.68023 1.75773 0.279368 0.227207 0.932915
1 12.8069 1.61536 1.63324 -0.399884 -0.68666 -0.607117
1 16.4095 2.49869 1.75622 -0.488167 -0.207586 0.847703
1 3.80618 4.56496 1.60902 -0.266088 -0.6142 -0.742937
1 14.5687 4.63026 1.59075 -0.0824065 -0.812924 -0.576509
1 2.07319 22.6408 1.75709 -0.343158 0.0138437 0.939176
1 19.7924 32.5187 1.75721 0.0886198 0.363295 0.92745
1 32.8724 6.70408 1.61012 0.340159 0.223901 -0.913324
1 3.92044 27.0975 1.75297 0.0949648 -0.557661 0.824618
1 16.6998 0.718567 1.75872 -0.261656 -0.0806362 0.961787
1 26.8484 30.4512 1.7513 -0.528393 0.282352 0.800674
1 0.185882 15.3102 1.75483 -0.542499 0.0377825 0.839206
1 33.3132 30.488 1.6106 0.488954 -0.151253 -0.859096
1 11.1704 17.4013 1.61311 0.191233 -0.358482 -0.91374
1 23.0391 1.46252 1.74831 0.0944066 -0.520067 0.848892
1 12.6504 6.54186 1.61034 0.443414 -0.520569 -0.729652
1 11.9034 16.5739 1.62093 0.0913532 -0.497963 -0.862373
1 9.07388 19.0054 1.61144 0.387968 -0.00676384 -0.921648
1 29.035 19.7553 1.60777 0.163726 -0.225905 -0.960292
1 25.7251 9.44051 1.60758 0.0266467 0.000509226 -0.999645
1 16.0089 11.0008 1.75891 0.0200484 -0.177622 0.983895
1 10.8343 25.2805 1.75955 0.341087 0.47542 0.810947
1 22.1915 25.723 1.75974 0.271835 -0.473838 0.837606
1 0.702866 3.58746 1.60989 -0.278334 -0.245662 -0.928537
1 1.50867 25.12 1.58959 0.745192 0.178329 -0.642564
1 30.544 25.1913 1.6139 -0.404428 0.351127 -0.844481
1 4.67032 19.9539 1.74619 0.167462 0.475731 0.863502
1 9.64704 14.0901 1.60273 -0.0918815 -0.160289 -0.982785
1 2.48101 15.5574 1.74826 -0.543731 0.427744 0.722074
1 13.7404 30.5682 1.75917 0.31487 -0.418689 0.851796
1 25.5047 7.69773 1.6084 -0.22125 0.0140823 -0.975115
1 19.6131 29.5351 1.75249 0.435413 0.397894 0.807525
1 7.3506 17.8511 1.61626 0.274056 0.302697 -0.912835
1 33.5165 5.9511 1.60464 0.192702 0.107571 -0.975343
1 19.6794 3.26285 1.73684 -0.624448 0.363187 0.691491
1 14.2085 20.3167 1.60727 -0.420093 0.302222 -0.855677
1 13.6298 16.7897 1.60214 -0.103255 -0.814575 -0.570795
1 30.8957 2.39107 1.60802 -0.535345 0.553661 -0.63786
1 31.9286 29.407 1.60869 0.269516 0.109167 -0.956788
1 27.3143 19.1789 1.60727 0.0454322 0.00536541 -0.998953
1 4.63725 13.3211 1.63482 -0.205333 0.740845 -0.639521
1 19.317 17.5386 1.76335 -0.666306 0.258548 0.69942
1 27.7665 13.7033 1.62641 0.745081 -0.363964 -0.558914
1 18.2207 4.40493 1.75327 -0.813986 0.0292175 0.580149
1 31.9153 17.9242 1.61824 -0.10322 -0.638135 -0.762974
1 30.4717 13.9117 1.74147 -0.285787 -0.619216 0.731367
1 0.367765 14.3436 1.75751 -0.353744 0.0835513 0.931603
1 1.80055 24.2797 1.74671 -0.634828 -0.0564504 0.770589
1 23.4433 14.2654 1.60436 0.649741 0.259394 -0.714529
1 4.15742 29.356 1.7585 -0.311365 -0.506774 0.803885
1 32.0512 26.8796 1.60818 -0.174643 0.067488 -0.982316
1 8.13192 27.6422 1.75899 -0.0302492 0.078731 0.996437
1 9.42131 8.28516 1.62276 0.762637 0.0374782 -0.645741
1 19.841 13.0131 1.75096 -0.166314 0.427894 0.888395
1 24.7235 17.1782 1.61325 -0.358287 0.269794 -0.893779
1 0.46748 24.036 1.75717 -0.585544 -0.289218 0.757292
1 16.9965 32.5778 1.75956 0.0577343 -0.00977687 0.998284
1 26.9222 27.3255 1.75646 0.065307 0.394832 0.916429
1 26.0528 28.8838 1.75605 -0.221551 0.214414 0.951284
1 6.0821 11.2841 1.60053 -0.366787 0.453448 -0.812313
1 9.17123 3.59041 1.60871 0.0582633 -0.0629833 -0.996312
1 1.99973 19.6588 1.75951 0.188457 0.00308454 0.982077
1 18.9355 24.6737 1.61896 0.320246 -0.416336 -0.850945
1 24.2869 11.9686 1.61327 0.349521 0.237134 -0.906423
1 17.2698 6.9613 1.76056 0.513193 -0.0194892 0.858052
1 27.0638 17.6595 1.61015 -0.202469 0.0286246 -0.97887
1 32.4915 20.8564 1.7491 -0.00555114 -0.787961 0.6157
1 15.6139 18.6221 1.61303 -0.745251 -0.0592128 -0.66415
1 11.4773 22.7985 1.78834 -0.0563251 -0.776077 0.628118
1 13.8127 34.5811 1.76068 -0.280781 -0.461691 0.84143
1 1.27496 23.3552 1.75788 -0.4705 -0.128278 0.873026
1 5.81036 2.07671 1.61129 -0.0453269 0.277336 -0.959703
1 0.167821 7.40391 1.62422 0.514945 -0.0419987 -0.856194
1 20.1964 28.5695 1.76294 0.663246 0.503747 0.553483
1 9.28399 17.9777 1.60861 0.275507 -0.0472567 -0.960137
1 24.3235 18.2032 1.60912 -0.17953 0.27198 -0.945408
1 5.24826 17.5482 1.62904 0.412694 0.653225 -0.634808
1 7.64285 34.5211 1.6113 -0.380856 -0.0544818 -0.923028
1 1.84358 30.4637 1.60275 0.175357 -0.758923 -0.627125
1 15.7203 0.363733 1.7576 -0.225597 -0.194547 0.954598
1 29.4261 18.7491 1.60904 0.00475952 -0.284569 -0.958644
1 6.34853 17.818 1.6159 0.32289 0.473965 -0.819206
1 9.47328 21.8675 1.60184 0.777111 -0.176033 -0.604245
1 32.4049 0.297651 1.74706 -0.64657 0.613709 0.453109
1 1.98275 5.0435 1.61129 -0.00945283 -0.354814 -0.934889
1 31.5134 16.7197 1.61698 -0.376702 -0.574458 -0.726701
1 11.9501 32.2192 1.74744 0.0873851 -0.660633 0.745606
1 24.2343 28.797 1.75726 -0.24661 -0.0974157 0.964206
1 7.6546 7.00875 1.61172 0.566465 0.260104 -0.781962
1 29.8562 27.2748 1.6158 -0.0956899 0.547725 -0.831168
1 12.683 4.17941 1.60997 0.0568167 -0.537525 -0.841331
1 29.4722 21.5411 1.61021 0.44546 -0.276382 -0.851574
1 34.0899 26.6215 1.60718 -0.226319 -0.306763 -0.924487
1 27.7263 6.17433 1.61119 -0.510788 -0.311641 -0.801234
1 27.235 5.18089 1.60788 -0.747407 -0.209751 -0.630386
1 8.0185 14.2318 1.60779 -0.115833 0.126644 -0.985162
1 30.3086 9.61588 1.6052 0.239753 -0.733095 -0.636467
1 31.4313 9.94755 1.73417 0.511648 -0.514756 0.687926
1 13.6095 4.34843 1.61467 0.0321519 -0.66974 -0.741899
1 18.8053 12.9343 1.761 -0.134685 0.258427 0.956596
1 16.6161 4.35041 1.74766 -0.736543 -0.215732 0.641064
1 32.8409 19.3935 1.74396 0.244426 -0.687008 0.684307
1 9.07618 27.353 1.75991 0.0162744 0.204648 0.9787
1 22.427 31.8595 1.74515 0.150692 0.78251 0.604127
1 13.2329 14.4588 1.58421 -0.0441578 -0.862968 -0.503325
1 17.4516 16.4018 1.74647 -0.556355 0.0169546 0.830772
1 32.7077 24.9764 1.61781 -0.490757 -0.140793 -0.859846
1 26.9869 29.3888 1.74845 -0.322002 0.36538 0.873391
1 5.89701 25.1858 1.75397 0.365807 -0.296926 0.882055
1 1.0898 17.0111 1.75359 0.720061 -0.0913654 0.68787
1 4.64739 3.28937 1.62617 0.23759 0.483965 -0.842216
1 24.742 1.41884 1.75618 -0.0459431 -0.243086 0.968916
1 4.54524 16.2611 1.61335 0.185308 0.699327 -0.690365
1 21.4847 19.0163 1.61191 -0.122831 0.63856 -0.759706
1 17.5192 28.9936 1.75133 0.53304 0.0947047 0.840773
1 8.32893 19.7245 1.61108 0.472524 0.151396 -0.868216
1 30.5892 6.08398 1.61545 0.213247 0.588057 -0.780202
1 14.8539 11.0293 1.75754 0.00148411 -0.375412 0.926857
1 18.2722 9.60362 1.75636 0.177769 0.184 0.966717
1 5.60742 3.18904 1.61549 0.106611 0.365226 -0.924794
1 6.74921 1.83027 1.60837 -0.0997282 0.147921 -0.983958
1 12.9588 32.3568 1.75606 0.0440165 -0.520046 0.853004
1 24.95 22.77 1.62448 0.647818 0.0841976 -0.757128
1 34.3518 28.5211 1.6113 0.0914853 -0.333737 -0.938216
1 11.6652 34.4449 1.61161 -0.416378 -0.714035 -0.562836
1 13.5095 28.5948 1.75207 0.609065 -0.478059 0.63285
1 24.4909 33.5252 1.75799 0.375329 -0.350243 0.858171
1 16.6455 22.9611 1.60806 0.047531 -0.0738046 -0.996139
1 28.4327 18.9989 1.60685 0.0386484 -0.138451 -0.989615
1 27.983 19.9299 1.60819 0.175697 -0.0715362 -0.981842
1 14.6421 23.9759 1.60916 0.222368 0.25805 -0.940193
1 12.2388 22.2472 1.59934 -0.0187066 0.650718 -0.759089
1 3.41857 28.1951 1.75169 -0.104011 -0.635237 0.765281
1 10.6623 33.1864 1.62164 -0.623217 -0.483801 -0.614441
1 34.5714 19.7098 1.7547 0.187043 -0.360752 0.913714
1 11.9301 29.9631 1.63361 0.589327 -0.631659 0.503687
1 11.3897 31.2411 1.76701 0.330177 -0.672435 0.66243
1 16.8775 12.8192 1.75823 -0.144791 -0.0416044 0.988587
1 3.17516 22.7344 1.75791 -0.369444 0.191251 0.909359
1 24.6617 2.58344 1.75622 -0.242098 -0.265269 0.933285
1 19.9593 14.355 1.75704 -0.17259 0.470357 0.865434
1 26.9445 28.3567 1.75278 -0.126258 0.375897 0.91802
1 32.1619 3.65275 1.60753 -0.265879 0.326887 -0.906892
1 10.5161 26.3263 1.75889 0.167245 0.41475 0.894434
1 24.7846 14.1402 1.60333 0.6859 0.0211419 -0.727388
1 32.316 13.4833 1.75645 -0.180021 -0.346492 0.920617
1 3.74413 19.9973 1.76153 0.137505 0.317275 0.938312
1 15.5281 24.5927 1.60652 0.326952 0.115505 -0.937956
1 27.1872 21.7776 1.61165 0.432487 0.0462808 -0.900452
1 15.7187 14.038 1.76025 -0.280275 -0.244454 0.928272
1 33.3042 10.8673 1.74168 0.34554 -0.225902 0.910808
1 19.7497 18.4139 1.77115 -0.809178 0.227908 0.541561
1 27.9538 29.6854 1.75606 -0.444269 0.494891 0.746798
1 24.4345 15.0855 1.59402 0.81412 0.0393803 -0.57936
1 21.8841 5.46086 1.63412 -0.403075 0.60479 -0.686847
1 5.68172 26.2453 1.75531 0.190301 -0.301651 0.934233
1 0.942082 21.3742 1.75937 -0.110913 -0.186846 0.976108
1 6.50727 12.1633 1.61703 -0.272177 0.362892 -0.891195
1 11.7522 15.2994 1.61477 -0.0271285 -0.448166 -0.893538
1 21.0344 23.1575 1.60311 -0.229768 -0.775973 -0.587429
1 5.01994 21.7213 1.75475 -0.256547 0.474124 0.842253
1 8.18925 4.4002 1.60547 0.197411 0.0980365 -0.975406
1 8.43645 33.8972 1.61064 -0.507521 -0.167331 -0.845235
1 18.5707 31.2021 1.75753 0.238972 0.191121 0.952032
1 19.2574 9.77214 1.75338 0.162247 0.354888 0.920723
1 26.4165 13.6567 1.63465 0.610449 -0.172444 -0.773056
1 1.41056 9.44006 1.75056 0.55543 0.196981 0.807896
1 25.5088 2.04202 1.7562 -0.183654 -0.132214 0.974059
1 32.8191 22.3169 1.75236 -0.290835 -0.657636 0.694932
1 1.00526 6.76865 1.61398 0.336593 -0.15764 -0.928361
1 27.3816 2.53728 1.75582 -0.301289 0.129495 0.944699
1 3.84221 12.8964 1.76693 -0.110316 0.743593 0.659469
1 12.2921 8.03843 1.61442 0.643963 -0.429863 -0.632874
1 13.8991 10.7606 1.75738 -0.0290035 -0.557585 0.829613
1 20.5961 12.1075 1.74146 -0.0453391 0.590148 0.806021
1 5.37713 28.198 1.75937 -0.132283 -0.324495 0.936592
1 18.806 16.7268 1.75436 -0.555723 0.225758 0.800129
1 5.65973 5.91834 1.61725 0.390201 0.593294 -0.704092
1 32.9153 12.6148 1.76185 -0.00991164 -0.260249 0.965491
1 4.36784 20.9606 1.75884 -0.0375269 0.403354 0.914274
1 18.8111 32.2094 1.7598 0.116706 0.220547 0.968369
1 10.5721 0.899103 1.61208 -0.277792 -0.387584 -0.878982
1 30.9355 27.2115 1.60939 -0.115025 0.298714 -0.947386
1 22.5437 18.9118 1.60452 -0.107947 0.482457 -0.869243
1 13.0875 29.933 1.71405 0.40067 -0.53926 0.740717
1 21.6904 3.97529 1.76609 -0.425989 0.145648 0.892928
1 10.0431 27.538 1.75378 -0.0151345 0.35728 0.933875
1 19.0956 25.6985 1.62338 0.491221 -0.439733 -0.751889
1 31.2161 30.9232 1.61591 0.572515 0.244427 -0.782612
1 10.7307 19.8091 1.62348 0.502785 -0.301836 -0.810002
1 11.8589 6.01643 1.60921 0.370922 -0.398495 -0.83882
1 2.32793 1.33911 1.78722 -0.30421 -0.633997 0.710988
1 28.0755 7.49191 1.61013 -0.243763 -0.398082 -0.88437
1 14.7868 34.5555 1.76109 -0.19292 -0.311893 0.930325
1 2.45235 12.3013 1.75195 0.0204247 0.390442 0.920401
1 23.4682 7.91412 1.6085 -0.186259 0.350359 -0.917909
1 7.2101 24.7838 1.75258 0.437689 -0.125458 0.890331
1 15.8913 13.0436 1.7589 -0.174442 -0.203466 0.963417
1 27.024 10.9394 1.61066 0.27696 -0.202579 -0.939284
1 0.981057 19.6424 1.75766 0.195073 -0.172765 0.965453
1 8.64885 1.398 1.60688 -0.189793 -0.106931 -0.975984
1 2.44342 23.5118 1.76267 -0.503636 0.0776755 0.860417
1 30.3836 28.19 1.61075 0.0333163 0.399764 -0.916012
1 9.00756 12.3474 1.60862 -0.255842 -0.0729665 -0.963961
1 1.34105 27.3668 1.61567 -0.111024 -0.66385 -0.739579
1 30.2538 4.90723 1.61469 -0.0295448 0.604564 -0.796008
1 18.935 33.2372 1.76021 -0.00126742 0.23679 0.97156
1 26.8848 25.1749 1.75882 0.442751 0.366659 0.81825
1 31.0241 24.0718 1.6115 -0.58384 0.24729 -0.77329
1 2.94801 2.94601 1.79097 0.799975 0.506932 -0.321029
1 17.8919 25.2372 1.61926 0.449291 -0.234092 -0.862171
1 17.4242 0.00942412 1.75918 -0.166854 0.0286427 0.985565
1 22.1218 17.8483 1.61345 -0.351563 0.519707 -0.778658
1 15.0217 12.0904 1.75422 -0.0934612 -0.312999 0.945144
1 8.17564 10.8491 1.60661 -0.462031 0.0546409 -0.885179
1 16.8023 7.94161 1.75697 0.375838 -0.0728542 0.923817
1 29.8872 17.837 1.60887 -0.155852 -0.341585 -0.926838
1 3.56366 23.7424 1.74494 -0.614664 0.295301 0.731427
1 34.0781 32.2569 1.76414 0.58316 -0.457941 0.67098
1 34.2568 20.8388 1.75315 -0.0185491 -0.439798 0.897905
1 23.7225 6.00366 1.60911 -0.47436 0.228715 -0.850101
1 7.12278 33.6324 1.61519 -0.530173 0.0128178 -0.847792
1 14.2255 15.0034 1.76306 -0.313996 -0.597162 0.738108
1 17.4375 15.4364 1.75786 -0.426389 0.0201206 0.904316
1 13.9935 11.9308 1.75399 -0.208111 -0.491845 0.845445
1 15.5847 25.6414 1.61253 0.526995 0.132956 -0.839404
1 7.70938 1.67052 1.60669 -0.13273 0.0154934 -0.991031
1 2.37905 20.9569 1.75916 -0.0355371 0.0615419 0.997472
1 8.17153 12.9387 1.60793 -0.198879 0.095368 -0.975373
1 34.0185 18.8735 1.75694 0.349276 -0.4361 0.829351
1 33.3592 13.5431 1.76012 -0.190245 -0.181451 0.964822
1 9.7908 13.0191 1.60823 -0.185266 -0.218702 -0.958043
1 21.7768 10.3491 1.61523 0.120083 0.747963 -0.652788
1 8.06934 15.3215 1.60663 0.0026895 0.13236 -0.991198
1 20.0147 24.7573 1.61711 0.243987 -0.605951 -0.757161
1 15.3223 20.339 1.60941 -0.417125 0.102738 -0.903024
1 15.7556 22.6358 1.60774 -0.00896695 0.0624439 -0.998008
1 21.6121 12.8835 1.73449 0.135155 0.84841 0.511794
1 1.21059 7.87088 1.61573 0.541257 -0.218451 -0.811985
1 9.47007 33.5004 1.60695 -0.607154 -0.301365 -0.735216
1 25.9146 1.13048 1.75831 -0.0197698 -0.106102 0.994159
1 6.23582 21.1967 1.59234 0.198852 -0.617113 -0.761334
1 10.8909 29.7367 1.75632 -0.385381 0.530495 0.755021
1 24.9143 5.90717 1.61238 -0.532538 0.00376886 -0.846397
1 24.3486 27.7703 1.76041 -0.050102 -0.0870357 0.994945
1 1.54165 28.8983 1.59756 0.0722823 -0.712909 -0.697522
1 27.6569 1.54395 1.75963 -0.122974 0.152653 0.980599
1 1.71422 11.5308 1.7569 0.164672 0.252689 0.953431
1 18.8707 28.5233 1.74591 0.589891 0.300375 0.749535
1 2.81761 21.8416 1.7586 -0.19988 0.137211 0.970166
1 11.6415 1.18007 1.61517 -0.27716 -0.530224 -0.801277
1 3.33229 1.18091 1.62554 -0.0749852 0.57895 -0.811907
1 15.9452 1.37078 1.75869 -0.36106 -0.220077 0.906202
1 31.442 3.10902 1.62529 -0.401079 0.444657 -0.800885
1 17.2007 20.0381 1.60671 -0.489379 -0.185243 -0.85217
1 1.50692 20.5274 1.7597 0.0354358 -0.0882999 0.995463
1 19.585 31.4671 1.75726 0.217181 0.340156 0.914946
1 34.3849 13.5569 1.75984 -0.196289 -0.0124197 0.980467
1 6.40355 5.30054 1.60864 0.336655 0.424535 -0.840496
1 23.2971 20.1043 1.61386 0.134659 0.421527 -0.896762
1 34.3097 3.38597 1.60804 -0.268685 -0.0637589 -0.961115
1 15.0523 22.0207 1.60708 -0.11591 0.164571 -0.979531
1 20.7628 5.02428 1.61223 0.121659 0.879598 -0.459899
1 8.84295 25.6061 1.75925 0.293443 0.156464 0.943085
1 8.3103 22.8807 1.74663 0.751601 0.0416632 0.658301
1 24.843 21.7991 1.62557 0.457204 0.195168 -0.867683
1 10.9372 24.1098 1.75712 0.540713 0.493607 0.681163
1 27.9544 3.42912 1.75705 -0.497349 0.206351 0.842652
1 15.4748 29.2469 1.75315 0.498574 -0.170017 0.85001
1 32.167 30.3561 1.61053 0.459384 0.0634403 -0.885969
1 1.47556 0.375931 1.59844 0.205614 0.765075 -0.610232
1 7.22267 0.792269 1.60821 -0.251501 0.0190573 -0.967669
1 17.9257 13.5437 1.76164 -0.210629 0.110722 0.971276
1 14.1109 22.14 1.61101 -0.0804495 0.33131 -0.940086
1 13.1676 22.2425 1.61477 -0.0308612 0.494762 -0.86848
1 7.16301 27.4367 1.76036 -0.00586553 -0.0634195 0.99797
1 1.09776 4.59045 1.61017 -0.079414 -0.237057 -0.968245
1 18.4519 14.8704 1.76293 -0.326189 0.185556 0.926914
1 2.63196 0.13828 1.61474 -0.221349 0.680006 -0.698997
1 24.6892 9.55822 1.60802 0.0358457 0.174071 -0.98408
1 13.773 5.66362 1.62357 0.249191 -0.67675 -0.692758
1 21.5436 32.5294 1.75833 0.0481007 0.665085 0.745217
1 33.7412 27.6206 1.60971 -0.0558922 -0.23034 -0.971504
1 5.79162 33.7389 1.60842 -0.528054 0.156109 -0.834739
1 32.4255 5.73624 1.60868 0.152797 0.287386 -0.945549
1 18.187 33.9335 1.75954 -0.0826042 0.131493 0.98787
1 34.3629 10.8047 1.75416 0.327166 -0.0687923 0.942459
1 10.2765 17.0156 1.61118 0.187814 -0.193219 -0.963012
1 11.0091 5.49848 1.6109 0.301516 -0.271692 -0.913932
1 0.146938 4.38302 1.60729 -0.115984 -0.105168 -0.987668
1 10.5204 13.7852 1.60355 -0.0658236 -0.339675 -0.938237
1 22.8139 10.1278 1.77751 -0.0923121 -0.521142 0.848463
1 6.62255 16.7893 1.60983 0.187058 0.379562 -0.906059
1 21.4658 26.6463 1.76684 0.0818721 -0.592519 0.801385
1 31.6696 14.2243 1.75894 -0.348499 -0.439503 0.82788
1 32.4139 25.8912 1.60481 -0.341786 -0.0231627 -0.939492
1 26.7554 3.4031 1.75479 -0.490419 0.0426115 0.870445
1 25.2449 0.48147 1.75557 0.107413 -0.201108 0.973662
1 31.0836 0.38411 1.71821 -0.104297 0.5508 0.828095
1 23.8551 1.97991 1.75434 -0.0789248 -0.3948 0.915371
1 14.7322 14.1566 1.73664 -0.30356 -0.411918 0.859171
1 29.3125 34.2448 1.7676 0.203595 0.301956 0.931328
1 15.2806 16.008 1.77461 -0.495536 -0.398804 0.771621
1 9.82571 25.4364 1.75233 0.325385 0.307645 0.894136
1 17.9831 32.9247 1.75977 0.0288391 0.11053 0.993454
1 31.1552 12.0515 1.76149 0.1242 -0.53632 0.834826
1 32.8902 4.18632 1.60578 -0.142576 0.202329 -0.968883
1 15.2266 3.96664 1.76596 -0.601432 -0.537601 0.590986
1 4.94064 30.358 1.75526 -0.506979 -0.346239 0.789361
1 2.55858 11.0248 1.75164 0.187387 0.409959 0.892648
1 30.1288 23.1864 1.6108 0.717191 -0.343915 -0.606102
1 10.9717 21.7841 1.58755 0.705269 -0.54283 -0.455995
1 25.6244 33.0062 1.75841 0.490073 -0.195835 0.849398
1 20.9895 25.7663 1.5924 -0.252542 0.685307 -0.683064
1 21.3554 31.2293 1.76279 0.29499 0.632705 0.716007
1 25.1853 28.3437 1.75861 -0.136275 0.065648 0.988493
1 12.0457 11.3913 1.62062 -0.394455 -0.6249 -0.673725
1 33.8608 22.252 1.76183 -0.278683 -0.487444 0.827487
1 11.9476 28.6338 1.72973 -0.358528 0.591549 0.722168
1 8.18691 3.40709 1.60494 0.0780185 0.0518034 -0.995605
1 16.436 6.22401 1.75369 0.64029 -0.163793 0.750467
1 16.5738 29.5718 1.7554 0.444326 -0.0354446 0.895164
1 20.6457 8.57851 1.76392 0.210161 0.710235 0.671862
1 31.6736 33.9901 1.75854 0.302532 0.364569 0.880661
1 17.5828 30.9692 1.75833 0.249117 0.0698876 0.965949
1 3.49006 16.9597 1.75328 0.644166 0.33698 0.686655
1 8.88379 23.8229 1.75421 0.588575 0.137589 0.796649
1 11.5477 7.2632 1.61353 0.552395 -0.320201 -0.76963
1 22.9862 6.94871 1.62574 -0.306972 0.395665 -0.865573
1 3.84364 21.8728 1.75865 -0.213927 0.30583 0.927741
1 20.5283 2.1274 1.7293 -0.464364 0.542087 0.700363
1 22.7981 2.64604 1.75814 -0.101724 -0.561226 0.821388
1 29.4671 9.06658 1.61338 0.0745266 -0.618874 -0.781947
1 26.0177 17.5835 1.61155 -0.302937 0.141067 -0.942512
1 9.46473 19.927 1.61916 0.519291 -0.0723582 -0.851529
1 25.2218 10.3633 1.60789 0.135169 0.0748345 -0.987993
1 1.64574 10.458 1.75526 0.359102 0.235193 0.903178
1 10.0579 10.8487 1.60892 -0.449613 -0.257675 -0.85525
1 20.731 29.8574 1.76308 0.428379 0.567434 0.703214
1 29.6497 20.5018 1.60745 0.279945 -0.320733 -0.904854
1 30.1534 29.252 1.6108 0.234589 0.406012 -0.883245
1 19.3734 22.3956 1.61229 -0.117829 -0.504816 -0.855148
1 5.34333 22.7114 1.7616 -0.484588 0.512521 0.70887
1 5.29432 23.8843 1.71838 0.691473 -0.401063 0.600843
1 11.0003 28.4366 1.74762 -0.181747 0.496261 0.848936
1 28.7331 6.77478 1.61659 -0.356798 -0.500284 -0.78893
1 22.8555 13.1708 1.60444 0.47194 0.497131 -0.728102
1 17.2117 33.6037 1.7596 -0.0522566 0.0118255 0.998564
1 7.41062 18.9723 1.61039 0.40381 0.366506 -0.838219
1 30.2262 34.5848 1.75781 0.113211 0.451461 0.88508
1 27.9343 22.6506 1.61282 0.61263 0.0508067 -0.788735
1 6.09679 30.9526 1.75249 -0.635246 -0.117233 0.763361
1 18.0781 1.89767 1.75973 -0.413957 0.0906948 0.905767
1 29.3717 2.03197 1.74426 -0.243033 0.426704 0.871125
1 26.1814 0.0189544 1.75719 0.174194 -0.0824162 0.981256
1 12.6994 9.09788 1.75755 0.343826 -0.708511 0.616276
1 27.4068 31.8153 1.7141 0.734028 -0.0254024 0.678644
1 10.5121 20.9925 1.78164 -0.640708 0.403234 0.653372
1 13.7008 1.07048 1.76466 -0.494319 -0.47926 0.72523
1 3.64697 0.0404417 1.60805 -0.319701 0.522385 -0.790509
1 15.7414 8.18079 1.75595 0.346765 -0.239573 0.90684
1 25.0921 29.3466 1.75733 -0.326241 0.0507009 0.943926
1 11.9521 27.4458 1.75331 -0.0993702 0.615987 0.781464
1 6.20196 14.5677 1.61023 -0.0878517 0.427799 -0.899594
1 28.9337 27.0609 1.6189 -0.0372676 0.758213 -0.650941
1 1.40166 2.95566 1.61406 -0.445371 -0.389731 -0.806074
1 25.9707 29.8994 1.75241 -0.410504 0.192362 0.891338
1 14.7001 30.0265 1.75556 0.380839 -0.281465 0.880761
1 26.4922 5.90978 1.6083 -0.54898 -0.153714 -0.82158
1 16.5175 24.9582 1.60335 0.394318 -0.0354302 -0.918291
1 8.06755 11.8793 1.60995 -0.32961 0.0817873 -0.940568
1 6.20828 0.938914 1.60634 -0.21093 0.174104 -0.961871
1 27.2349 34.3294 1.75781 0.195156 0.031566 0.980264
1 13.6686 24.2402 1.60779 0.291053 0.415136 -0.861946
1 22.8453 29.9672 1.76293 -0.518286 -0.34179 0.783938
1 8.90472 7.36584 1.60824 0.61333 0.0645737 -0.787183
1 24.8888 30.3147 1.753 -0.514257 0.0453417 0.856437
1 25.4223 34.0078 1.75913 0.304057 -0.188491 0.93382
1 24.8084 19.1722 1.6092 0.00817705 0.238459 -0.971118
1 21.0311 20.2561 1.60446 0.114514 0.723241 -0.681035
1 4.39359 28.2318 1.75678 -0.121273 -0.484775 0.866191
1 23.3299 27.1559 1.75624 0.0329127 -0.259018 0.965312
1 21.0973 3.07261 1.7509 0.246855 -0.821572 0.513889
1 17.997 10.5389 1.75871 0.0824133 0.14049 0.986646
1 19.9205 10.7971 1.75031 0.0514302 0.49917 0.864977
1 1.49665 12.5634 1.75956 -0.0267516 0.229677 0.972899
1 28.5589 4.23663 1.76588 -0.631649 0.304299 0.713037
1 28.3992 2.47295 1.76103 -0.308109 0.275308 0.910645
1 23.0348 21.17 1.61163 0.32084 0.444843 -0.836168
1 9.67365 6.58717 1.61039 0.471136 -0.0561171 -0.880273
1 34.5438 8.31738 1.60932 0.72716 -0.0375098 -0.685443
1 10.8237 14.9812 1.61153 -0.00956086 -0.296935 -0.95485
1 2.28007 8.05544 1.76338 -0.513342 0.394978 0.761887
1 17.8378 12.5238 1.76014 -0.106188 0.0999719 0.989308
1 17.8037 31.936 1.75896 0.137465 0.0891351 0.986488
1 2.3635 17.3034 1.75267 0.595997 0.116261 0.794526
1 15.3715 26.603 1.61382 0.699731 0.176737 -0.6922
1 22.9399 16.0567 1.77091 0.672854 -0.294641 0.678568
1 30.2378 12.5711 1.76037 0.0183322 -0.700964 0.712961
1 15.5967 23.5992 1.60681 0.155031 0.0970106 -0.983135
1 5.61409 16.5352 1.60831 0.234759 0.546801 -0.803677
1 21.5106 8.69833 1.58404 -0.117987 0.777795 -0.617344
1 9.12276 15.7261 1.60581 0.0574525 -0.0174308 -0.998196
1 4.55675 0.317021 1.60595 -0.283729 0.391333 -0.875418
1 26.0716 27.8425 1.75748 -0.0283821 0.227718 0.973313
1 13.7823 13.0671 1.76766 -0.333277 -0.651955 0.681088
1 27.7378 12.6994 1.61369 0.588894 -0.331477 -0.737107
1 3.71898 25.9178 1.75308 0.337628 -0.578721 0.742354
1 3.519 33.553 1.60579 -0.546543 0.542824 -0.637678
1 27.8799 28.5547 1.76145 -0.177412 0.547553 0.817747
1 13.4627 6.99583 1.62043 0.520861 -0.620497 -0.586249
1 20.9378 10.8596 1.74547 0.135586 0.729251 0.670678
1 14.5023 9.84148 1.75757 0.121624 -0.453445 0.882947
1 27.8469 25.975 1.76131 0.260778 0.621404 0.738817
1 18.8422 2.56133 1.76253 -0.526424 0.204281 0.825317
1 31.3109 5.39427 1.6104 0.0814707 0.463564 -0.88231
1 4.2566 22.7502 1.74406 -0.395147 0.35508 0.847217
1 2.67065 25.7892 1.76704 0.390722 -0.722166 0.5708
1 26.8135 23.1067 1.61341 0.763074 0.207977 -0.611934
1 31.35 22.3323 1.62558 0.43282 -0.630587 -0.644226
1 0.0627804 25.328 1.60159 -0.498722 -0.533591 -0.68305
1 11.5251 26.3207 1.75546 0.157144 0.572023 0.805044
1 20.2482 30.7429 1.75463 0.328872 0.449322 0.830634
1 26.361 2.54077 1.75717 -0.301597 -0.014961 0.953318
1 18.9467 10.8653 1.75678 0.0748012 0.314367 0.94635
1 13.3881 19.8303 1.62213 -0.437634 0.517165 -0.735538
1 30.9132 17.5363 1.60875 -0.215876 -0.493651 -0.842441
1 1.82611 21.7297 1.75867 -0.172497 -0.0330283 0.984456
1 27.1842 15.7881 1.62338 -0.484944 0.151049 -0.861402
1 33.9746 6.78182 1.60982 0.360681 0.0567159 -0.930963
1 27.7884 18.2875 1.60605 -0.0836285 -0.0546522 -0.994997
1 30.0754 30.3498 1.61304 0.434473 0.446322 -0.782324
1 1.19389 16.0357 1.67186 -0.723831 0.130166 0.677588
1 14.8392 19.4296 1.60836 -0.592349 0.151106 -0.791385
1 30.497 15.957 1.619 -0.482077 -0.394705 -0.782183
1 16.7612 31.583 1.75924 0.169467 -0.03202 0.985016
1 10.1132 19.0685 1.60805 0.392847 -0.181516 -0.901512
1 31.6119 24.9933 1.61161 -0.449852 0.109471 -0.886368
1 33.4871 11.7886 1.76344 0.158641 -0.185092 0.969832
1 4.08134 18.9763 1.75401 0.33597 0.389861 0.857398
1 23.1436 17.0616 1.60818 -0.496768 0.303031 -0.813261
1 9.79464 30.0125 1.7527 -0.396834 0.35718 0.845544
1 13.8404 23.1761 1.61088 0.10613 0.391034 -0.914237
1 8.20898 20.8035 1.61095 0.604112 0.0495058 -0.795361
1 10.0669 16.0382 1.60778 0.0904183 -0.168366 -0.981569
1 17.0139 10.7748 1.7597 0.0617329 -0.0224985 0.997839
1 11.0564 10.4261 1.61419 -0.527482 -0.399214 -0.749927
1 3.91508 30.6719 1.74949 -0.513571 -0.521826 0.681133
1 22.0864 1.8226 1.74604 0.104183 -0.673323 0.731972
1 33.2385 3.27227 1.60818 -0.292711 0.114161 -0.949362
1 33.6919 25.5917 1.6217 -0.424497 -0.346041 -0.836695
1 9.30713 32.4881 1.61925 -0.782224 -0.164864 -0.600787
1 33.541 7.60254 1.62092 0.53119 0.120764 -0.838602
1 24.7043 3.67065 1.74971 -0.463413 -0.279313 0.840971
1 32.3049 7.48745 1.6125 0.490988 0.297344 -0.818851
1 11.8208 3.65735 1.61294 0.0347788 -0.436599 -0.898984
1 26.8441 32.6998 1.75878 0.55272 -0.0382975 0.832487
1 0.128443 6.18953 1.61158 0.220188 -0.0485279 -0.97425
1 7.18319 11.3056 1.61007 -0.384923 0.230998 -0.893574
1 3.37644 17.9985 1.75398 0.473702 0.299695 0.828124
1 0.521803 20.5112 1.75472 0.0372504 -0.265685 0.96334
1 17.4029 24.4131 1.60773 0.287896 -0.184659 -0.93969
1 16.712 13.8071 1.75851 -0.240866 -0.07636 0.96755
1 31.6931 11.0277 1.76013 0.326833 -0.449272 0.831466
1 21.3033 21.6847 1.61154 0.41564 0.669922 -0.615182
1 26.699 1.67103 1.76161 -0.140593 0.00857253 0.99003
1 5.81594 27.2862 1.75857 0.0140213 -0.260788 0.965294
1 17.017 3.51579 1.75162 -0.630659 -0.143486 0.76268
1 18.5323 29.4944 1.75352 0.439212 0.225245 0.869688
1 25.6318 5.10804 1.61483 -0.720914 -0.0762636 -0.688815
1 32.8598 14.3987 1.75772 -0.360211 -0.252844 0.897952
1 15.7525 31.2538 1.75906 0.211715 -0.150254 0.965712
1 0.526644 5.3344 1.60723 0.0610096 -0.133451 -0.989176
1 0.0984344 21.8244 1.76023 -0.193261 -0.343231 0.919153
1 15.0142 28.3926 1.74296 0.657362 -0.193126 0.728408
1 29.2496 16.066 1.61237 -0.461092 -0.186502 -0.867531
1 3.87028 2.33997 1.63714 0.0912674 0.548853 -0.830922
1 9.86166 15.061 1.60528 -0.00280606 -0.149479 -0.988761
1 4.48935 18.0363 1.74929 0.495133 0.520635 0.695545
1 27.2006 4.27399 1.76296 -0.695992 0.0729588 0.714333
1 25.3465 12.3347 1.61602 0.420293 0.0581006 -0.905526
1 21.4272 27.8793 1.76071 -0.154661 -0.585443 0.795825
1 25.8628 4.05587 1.76038 -0.621789 -0.10054 0.776705
1 30.0499 19.5026 1.60824 0.119047 -0.386542 -0.914556
1 7.26896 3.76197 1.60782 0.131691 0.200534 -0.970795
1 8.02896 29.7241 1.75755 -0.372057 0.111885 0.921442
1 31.4154 26.1064 1.60246 -0.282217 0.193933 -0.939544
1 4.85617 2.24051 1.61097 0.0403286 0.40422 -0.913772
1 9.51852 34.558 1.61041 -0.421531 -0.330276 -0.844529
1 22.5922 22.1488 1.61246 0.519952 0.436 -0.734543
1 19.0695 21.2286 1.60689 -0.303661 -0.467552 -0.830172
1 8.25185 18.3981 1.6111 0.340749 0.1526 -0.927687
1 12.7048 31.175 1.75427 0.219263 -0.553105 0.803741
1 16.8937 11.8046 1.75844 -0.038464 -0.038367 0.998523
1 22.0515 28.9562 1.75704 -0.373278 -0.486133 0.790151
1 20.6862 33.0843 1.75986 -0.00206746 0.51581 0.856701
1 1.40488 15.1205 1.75998 -0.526684 0.230055 0.818339
1 20.6878 17.3569 1.76073 -0.595578 0.465368 0.654767
1 22.607 0.485061 1.71889 0.268046 -0.651847 0.709399
1 20.5221 0.942647 1.74526 -0.275203 0.535677 0.798319
1 14.2498 25.9565 1.61065 0.532058 0.311441 -0.787349
1 9.11043 11.3298 1.60721 -0.388567 -0.0979382 -0.916201
1 14.8018 0.974291 1.75976 -0.320208 -0.350286 0.880208
1 27.0896 16.7332 1.62171 -0.343551 0.0684013 -0.93664
1 23.5957 32.1938 1.5875 -0.537141 0.564449 -0.626799
1 14.4234 8.73041 1.75262 0.302593 -0.472032 0.828024
1 31.8571 19.2587 1.61397 0.14173 -0.725073 -0.67393
1 12.3791 33.3821 1.74195 -0.128992 -0.621273 0.772904
1 33.0501 8.40661 1.61029 0.696783 0.146265 -0.702211
1 12.6885 21.0163 1.62486 -0.23999 0.604369 -0.759699
1 5.56828 12.6661 1.61036 -0.238567 0.551725 -0.799178
1 9.90453 31.0805 1.76416 -0.54585 0.454827 0.703691
1 23.9886 6.94407 1.61404 -0.323141 0.231326 -0.917643
1 25.9704 15.6425 1.62458 -0.653501 0.334141 -0.67918
1 6.2645 15.6917 1.611 0.0627889 0.433284 -0.899068
1 16.9945 1.73273 1.76034 -0.394033 -0.0741174 0.916103
1 19.6036 20.4125 1.60757 -0.466751 -0.519242 -0.715913
1 33.155 5.07922 1.60731 0.0231403 0.162011 -0.986518
1 25.3344 13.2755 1.62368 0.546185 0.0214864 -0.837389
