1 16.9768 33.6224 1.76037 -0.0743553 0.0191806 0.997047
1 31.7849 16.6415 1.60289 -0.453606 -0.640279 -0.619907
1 19.7216 6.6988 1.7533 0.474347 0.401485 0.783456
1 25.3664 18.7946 1.60759 -0.0821734 0.204721 -0.975365
1 7.48873 30.0771 1.75672 -0.404664 0.0558143 0.91276
1 16.3886 5.491 1.75607 0.749692 -0.150789 0.644379
1 18.4672 20.8814 1.61015 -0.352852 -0.376262 -0.856692
1 27.2827 20.9505 1.60693 0.300524 -0.00724922 -0.953747
1 5.49318 2.09205 1.61943 -0.0569648 0.36312 -0.929999
1 33.424 8.945 1.7559 0.797951 -0.164347 0.579882
1 20.3766 11.4431 1.74866 0.026891 0.502254 0.864302
1 2.6518 10.8878 1.76223 0.179361 0.416015 0.891494
1 27.6131 2.59839 1.75763 -0.32695 0.195531 0.924592
1 2.9699 14.9957 1.74494 -0.502484 0.459219 0.732549
1 18.1188 22.4983 1.60827 -0.0720351 -0.331755 -0.940611
1 28.9124 17.9951 1.60833 -0.173736 -0.236631 -0.95594
1 19.606 32.2311 1.75824 0.107295 0.358296 0.927422
1 26.166 22.4961 1.61661 0.591689 0.174453 -0.787064
1 27.8509 22.638 1.60713 0.626601 0.0189597 -0.779109
1 19.5195 20.8855 1.61902 -0.353894 -0.551237 -0.755577
1 16.118 0.745629 1.75605 -0.281602 -0.105501 0.953714
1 18.5453 26.0596 1.59673 0.523212 -0.376744 -0.764404
1 14.1681 32.839 1.75792 -0.00640533 -0.332999 0.942905
1 29.2221 29.9034 1.76391 0.263063 0.91127 0.316836
1 30.5662 32.7867 1.75595 0.301101 0.530749 0.79224
1 23.6484 6.52905 1.60938 -0.399182 0.333322 -0.854137
1 12.0122 14.413 1.61065 -0.110408 -0.621114 -0.775904
1 6.88098 15.2162 1.60653 -0.0296207 0.321529 -0.946436
1 10.8777 1.9125 1.61463 -0.215932 -0.361975 -0.906833
1 19.3926 14.5622 1.75882 -0.247391 0.336484 0.908612
1 10.3199 19.5454 1.61102 0.469798 -0.282474 -0.83636
1 5.86625 27.6624 1.75785 0.0130201 -0.239126 0.970901
1 6.4134 5.16563 1.61047 0.175849 0.397084 -0.900778
1 13.6086 20.7621 1.6125 -0.333302 0.423368 -0.842419
1 17.869 5.45264 1.75977 0.707461 0.0460418 0.705251
1 23.7228 26.8097 1.7598 0.0667765 -0.194041 0.978718
1 6.17492 8.20609 1.59721 0.676003 0.406056 -0.61493
1 10.3475 33.3496 1.62052 -0.614105 -0.412432 -0.672886
1 16.0983 33.2252 1.76029 -0.0424644 -0.0850794 0.995469
1 6.09319 11.3463 1.60501 -0.467385 0.464214 -0.752368
1 2.40002 9.83677 1.76038 0.379803 0.352924 0.855099
1 34.225 20.5544 1.76278 -0.0129211 -0.360473 0.93268
1 14.3196 25.3915 1.6069 0.379338 0.321195 -0.867719
1 19.1046 12.2369 1.75591 -0.0448905 0.272083 0.961226
1 10.4953 9.53393 1.61359 -0.731774 -0.323237 -0.60002
1 27.9852 28.8646 1.75157 -0.239535 0.52168 0.818824
1 18.5009 6.37115 1.76027 0.564693 0.152072 0.81117
1 2.09351 15.9259 1.73697 -0.740752 0.156815 0.65322
1 27.5747 13.7266 1.61005 0.64647 -0.360843 -0.672212
1 3.59813 6.70186 1.60678 0.11769 -0.744083 -0.65764
1 23.4051 23.8301 1.76681 0.712947 -0.225063 0.664119
1 33.2978 20.5172 1.75312 -0.0328572 -0.527156 0.849133
1 4.7208 4.07413 1.61737 0.323833 0.56465 -0.759146
1 17.6018 18.7878 1.6133 -0.741925 -0.297461 -0.600887
1 27.1784 15.7325 1.61839 -0.549803 0.0809954 -0.831358
1 10.0826 25.0035 1.75503 0.434559 0.403234 0.805333
1 33.7326 27.9729 1.61004 -0.0428993 -0.237795 -0.970368
1 22.0877 24.3227 1.75705 0.522304 -0.432881 0.734719
1 20.2397 13.7965 1.75772 -0.136916 0.489749 0.861046
1 1.88728 7.22559 1.60669 0.361167 -0.395805 -0.844332
1 7.89555 2.24514 1.607 -0.11067 0.0640899 -0.991789
1 22.7978 27.1004 1.75776 -0.0135204 -0.356917 0.934038
1 15.9543 6.47675 1.75721 0.594155 -0.24833 0.765057
1 33.954 12.5284 1.75977 -0.0175356 -0.0961543 0.995212
1 1.11138 27.5316 1.61398 -0.157956 -0.620536 -0.768105
1 4.50725 31.3666 1.7518 -0.600944 -0.353446 0.716898
1 27.5119 12.7594 1.62515 0.517742 -0.285508 -0.806491
1 18.7975 27.615 1.7524 0.761467 0.246675 0.599433
1 19.9123 22.4924 1.60467 -0.166012 -0.660568 -0.732182
1 32.8253 28.4188 1.60917 0.0359614 -0.056947 -0.997729
1 1.12319 3.55035 1.62566 -0.245483 -0.26373 -0.932837
1 7.93794 33.9969 1.6101 -0.513891 -0.015517 -0.857715
1 8.31665 6.37902 1.61304 0.359399 0.16848 -0.917849
1 18.9823 10.2081 1.75573 0.122162 0.267256 0.955851
1 17.6422 34.3317 1.75859 -0.153387 0.108774 0.982161
1 22.8013 29.3754 1.75675 -0.37115 -0.344855 0.862162
1 13.2701 10.5678 1.75493 0.0627006 -0.660996 0.747766
1 23.6543 27.8154 1.75963 -0.115252 -0.187841 0.975414
1 0.364256 12.5901 1.7596 -0.04091 0.0695979 0.996736
1 5.88836 26.5937 1.75249 0.191082 -0.264879 0.94516
1 25.4485 33.3113 1.75454 0.38307 -0.19238 0.903464
1 34.341 30.0053 1.60785 0.247469 -0.369874 -0.895518
1 0.0790517 27.6836 1.61377 -0.102261 -0.421688 -0.900956
1 26.3811 4.91115 1.60905 -0.781947 -0.132958 -0.609
1 14.7434 33.7565 1.75649 -0.126338 -0.253123 0.959149
1 23.6194 7.60896 1.62016 -0.251441 0.350401 -0.902218
1 9.27554 13.9909 1.60749 -0.137672 -0.121984 -0.982938
1 27.3319 7.28989 1.60913 -0.259478 -0.23487 -0.936754
1 0.389384 15.9843 1.72995 -0.72662 0.0699458 0.68347
1 32.3865 10.2953 1.75882 0.42695 -0.362733 0.828335
1 26.3573 12.7212 1.61357 0.45716 -0.0988405 -0.883875
1 11.0464 2.98732 1.61388 -0.102571 -0.325585 -0.939933
1 30.1803 9.94979 1.59996 0.290835 -0.698995 -0.653316
1 19.3999 26.4753 1.77848 -0.666048 0.456864 0.589623
1 17.0035 16.503 1.75183 -0.55162 -0.0889029 0.829344
1 11.8254 4.56494 1.60644 0.100939 -0.383139 -0.918159
1 27.6693 24.9093 1.75854 0.490968 0.456985 0.741697
1 0.499282 18.7306 1.76511 0.351615 -0.1928 0.916076
1 22.1245 31.1242 1.74591 0.326896 0.735558 0.593374
1 29.84 18.3459 1.60691 -0.110537 -0.38504 -0.916256
1 1.65089 33.6264 1.60372 -0.115252 0.579107 -0.807064
1 23.8282 29.9012 1.75506 -0.508228 -0.175819 0.843085
1 26.2221 20.7383 1.6094 0.248483 0.10299 -0.963145
1 18.1131 18.0034 1.75653 -0.766249 0.00457128 0.642528
1 1.38842 12.4624 1.75936 -0.0372649 0.231201 0.972192
1 24.6701 5.99397 1.61406 -0.521663 0.125611 -0.843854
1 0.855529 34.5087 1.59401 0.0805481 0.721491 -0.687723
1 23.4973 21.1149 1.60817 0.341696 0.368781 -0.864433
1 30.7609 16.8669 1.61172 -0.375646 -0.497998 -0.781593
1 34.4687 7.00761 1.61138 0.438309 -0.0170549 -0.898663
1 29.0439 22.2705 1.6059 0.538371 -0.218874 -0.813788
1 17.7855 7.19865 1.75323 0.459699 0.0360601 0.887343
1 4.55662 6.62585 1.60294 0.00464323 -0.883956 -0.467548
1 20.0258 12.6262 1.75416 -0.0212416 0.459132 0.888114
1 18.2279 23.5407 1.61007 0.100238 -0.357827 -0.928392
1 10.2567 21.0956 1.60789 0.697611 -0.323613 -0.639229
1 11.9215 16.6788 1.6164 0.0901859 -0.508979 -0.856041
1 8.76386 19.7014 1.60919 0.517759 0.0302908 -0.85499
1 9.91867 23.2443 1.75149 0.716125 0.304852 0.627877
1 12.7403 22.7283 1.61197 -0.0705593 0.584666 -0.8082
1 20.9781 0.981653 1.68828 -0.439751 0.585964 0.680636
1 9.40434 26.9004 1.75616 0.101585 0.292282 0.950922
1 16.083 8.16598 1.75848 0.346299 -0.253421 0.903247
1 28.5941 14.1671 1.65394 -0.745312 0.339564 -0.573765
1 24.5968 26.3415 1.76034 0.188381 -0.0510813 0.980767
1 26.428 18.9214 1.60801 -0.0377779 0.0851557 -0.995651
1 16.6374 34.5387 1.75987 -0.180366 -0.0260211 0.983255
1 7.2581 9.40061 1.62091 -0.751278 0.138126 -0.64537
1 26.353 13.6686 1.61214 0.592767 -0.138593 -0.79336
1 26.5396 33.4382 1.75748 0.35531 -0.0337108 0.93414
1 7.78396 28.2197 1.76093 -0.108569 0.0654132 0.991934
1 7.41729 4.69101 1.6095 0.153147 0.211013 -0.965412
1 20.2462 16.2861 1.7554 -0.437733 0.452679 0.776834
1 14.7007 3.03115 1.77321 -0.614464 -0.480348 0.625859
1 8.55728 18.7192 1.60918 0.378222 0.0741429 -0.922741
1 1.76208 15.042 1.75013 -0.519824 0.280905 0.806769
1 8.75419 14.9368 1.60736 -0.0487326 -0.00480883 -0.9988
1 31.7798 28.5774 1.60946 0.0973132 0.145338 -0.984585
1 1.29983 9.80495 1.75731 0.447681 0.158588 0.880018
1 12.8129 17.0472 1.60597 0.0753757 -0.675895 -0.733134
1 12.0644 31.2252 1.73624 0.208412 -0.62785 0.749913
1 33.9754 0.20747 1.60581 -0.603778 -0.0600641 -0.794886
1 26.249 14.6724 1.64957 0.741501 -0.192127 -0.642855
1 26.7332 1.23141 1.75917 -0.0693874 0.0488188 0.996395
1 15.404 7.51619 1.756 0.450465 -0.374659 0.810378
1 6.92412 28.8781 1.75867 -0.200093 -0.0470923 0.978645
1 5.33639 29.5442 1.75734 -0.301356 -0.277327 0.912291
1 25.2791 13.1895 1.61523 0.514702 0.0678899 -0.854677
1 15.5328 12.3659 1.75797 -0.0735889 -0.292535 0.953419
1 27.2663 29.8465 1.72179 -0.480745 0.378815 0.790812
1 24.9368 5.02929 1.61937 -0.69099 0.0806459 -0.718352
1 10.4885 18.4162 1.61065 0.304018 -0.250754 -0.919073
1 14.6951 27.0667 1.60695 0.740758 0.175241 -0.648512
1 26.5169 4.04566 1.74732 -0.665978 -0.0136065 0.745848
1 10.691 10.6721 1.61263 -0.528849 -0.405699 -0.745471
1 6.07452 2.98782 1.61488 0.0267274 0.313418 -0.949239
1 7.17544 11.4122 1.61045 -0.46929 0.240707 -0.849604
1 16.6228 7.22181 1.75455 0.471467 -0.160343 0.867184
1 23.5187 25.8333 1.75815 0.242221 -0.224056 0.943996
1 3.23386 31.2059 1.73738 -0.571677 -0.57868 0.581649
1 20.3669 9.24727 1.73797 0.234844 0.566194 0.79011
1 2.32578 28.1086 1.76135 -0.105201 -0.785228 0.610205
1 13.1194 5.66314 1.6124 0.219469 -0.572705 -0.789837
1 0.454448 9.00331 1.73755 0.660194 -0.00285502 0.75109
1 26.8739 10.9561 1.61025 0.22369 -0.153547 -0.96249
1 24.6702 2.80292 1.75662 -0.29509 -0.271686 0.916029
1 11.0537 21.7285 1.59567 0.731835 -0.499123 -0.463997
1 6.7521 19.7438 1.62451 0.558905 0.440593 -0.702498
1 3.13721 8.961 1.75592 0.485122 0.450264 0.749613
1 15.8164 9.64956 1.75729 0.16966 -0.251279 0.952929
1 30.6432 15.7265 1.61707 -0.569624 -0.458771 -0.681951
1 5.73642 4.05235 1.61849 0.183688 0.404579 -0.895865
1 25.537 11.1997 1.60645 0.210686 0.026497 -0.977195
1 8.12053 15.8073 1.60729 0.038409 0.119404 -0.992103
1 11.787 10.4572 1.61964 -0.501129 -0.62211 -0.601539
1 20.9035 30.7193 1.74184 0.384197 0.539275 0.749383
1 1.97292 3.14954 1.63127 -0.426294 -0.390225 -0.816087
1 10.6094 34.4984 1.60675 -0.438825 -0.453223 -0.7759
1 22.5124 9.71745 1.60911 -0.0197707 0.557469 -0.829962
1 0.608466 23.2376 1.75118 -0.532476 -0.170602 0.829074
1 10.2351 6.51563 1.60849 0.387121 -0.110012 -0.915442
1 27.3092 11.8305 1.61627 0.369768 -0.241042 -0.897313
1 30.2592 29.6225 1.61357 0.308621 0.391312 -0.866965
1 21.6525 26.6301 1.75279 0.0840271 -0.545491 0.833894
1 4.01177 28.1083 1.75609 -0.0552207 -0.503048 0.862492
1 11.6156 15.5243 1.60708 -0.0326293 -0.458096 -0.888303
1 19.4935 31.1714 1.75431 0.248726 0.32542 0.91227
1 33.6855 19.3789 1.7537 0.155522 -0.498174 0.853016
1 5.11723 11.1933 1.62698 -0.386535 0.689097 -0.612972
1 7.675 17.1868 1.60743 0.184119 0.2181 -0.958401
1 31.1519 26.5729 1.60955 -0.239969 0.283469 -0.928472
1 22.5243 26.0452 1.75719 0.181127 -0.384934 0.904997
1 21.1014 27.903 1.59117 0.150997 0.680475 -0.717045
1 8.66078 29.7164 1.75695 -0.370794 0.23542 0.898382
1 26.36 7.4375 1.60823 -0.254507 -0.093605 -0.96253
1 24.9199 23.8138 1.7664 0.71851 0.0285167 0.694931
1 30.4473 8.56088 1.60576 -0.0760756 -0.743362 -0.664549
1 25.1157 32.3786 1.75378 0.550279 -0.205871 0.809204
1 17.7585 21.5151 1.60973 -0.239474 -0.273481 -0.93159
1 18.4974 14.0242 1.7581 -0.20604 0.167566 0.96409
1 16.2444 20.3276 1.60865 -0.456423 -0.0276954 -0.889332
1 6.40903 1.8366 1.60797 -0.131015 0.244931 -0.960647
1 34.1966 4.27906 1.60873 -0.0668909 0.0232402 -0.99749
1 8.28712 5.35046 1.60744 0.22621 0.124226 -0.966125
1 0.803351 2.50121 1.6125 -0.404954 -0.219914 -0.887496
1 11.3774 23.6154 1.76997 0.617131 0.637107 0.461784
1 4.58702 34.1653 1.61488 -0.474767 0.491781 -0.729896
1 27.3023 10.0285 1.60858 0.111115 -0.219106 -0.969353
1 32.715 19.5325 1.76141 0.0679299 -0.702388 0.708546
1 28.6367 8.82439 1.60855 -0.0162101 -0.450072 -0.892845
1 6.29584 12.369 1.61489 -0.354471 0.387835 -0.850843
1 32.19 30.3841 1.60921 0.411773 0.0392073 -0.910443
1 3.30274 19.4952 1.75619 0.237674 0.26516 0.934452
1 5.71986 9.0685 1.77599 0.85627 -0.18542 0.482101
1 1.70492 10.9696 1.75573 0.199726 0.263743 0.943689
1 32.4096 29.3947 1.60918 0.221348 0.00318406 -0.97519
1 15.2265 11.2573 1.75427 0.0236134 -0.328462 0.944222
1 25.1075 17.7829 1.61037 -0.270985 0.226427 -0.935574
1 13.9006 31.8135 1.75641 0.130793 -0.371205 0.919293
1 24.4633 25.3974 1.75487 0.375089 -0.0873554 0.922864
1 18.7728 29.6094 1.75159 0.472358 0.221873 0.853024
1 30.763 14.3684 1.74772 -0.409283 -0.589676 0.696254
1 2.27265 11.9538 1.75985 0.019328 0.384586 0.922887
1 22.981 10.8254 1.60875 0.127106 0.507848 -0.852018
1 28.5383 16.1038 1.61943 -0.489661 -0.127342 -0.862563
1 29.0215 19.0201 1.60793 0.00326688 -0.270549 -0.962701
1 18.1906 2.91715 1.76383 -0.582382 0.148942 0.799154
1 4.59111 1.80874 1.60839 -0.0544901 0.484588 -0.873043
1 34.4074 22.4337 1.75292 -0.371585 -0.306752 0.876258
1 28.2627 5.14884 1.60298 -0.755425 -0.288254 -0.588424
1 7.26277 14.0757 1.60716 -0.160355 0.220511 -0.962113
1 15.7178 30.2961 1.75945 0.340034 -0.153013 0.927881
1 25.4303 25.756 1.75665 0.3128 0.0862475 0.945895
1 8.71785 22.218 1.76373 -0.86407 0.0845208 0.496224
1 33.876 5.35956 1.60874 0.122535 0.0864484 -0.988692
1 21.7743 20.0375 1.60513 0.14925 0.607013 -0.780551
1 9.42047 2.81399 1.60691 -0.0669033 -0.11188 -0.991467
1 10.1266 5.50405 1.60647 0.242983 -0.118247 -0.962796
1 2.99827 32.7816 1.76639 0.164701 0.735443 0.657265
1 25.8212 34.2093 1.75761 0.225792 -0.122167 0.966485
1 16.8062 9.96363 1.75902 0.128821 -0.0779108 0.988603
1 9.58104 29.0537 1.74934 -0.253523 0.381154 0.889071
1 20.6024 17.2884 1.75225 -0.550894 0.501097 0.667396
1 1.46425 1.45194 1.58508 0.54587 0.71809 -0.431709
1 26.2874 11.7894 1.60978 0.314217 -0.0764016 -0.946272
1 6.69413 3.88322 1.61383 0.0930205 0.268083 -0.958895
1 25.2148 20.3571 1.61417 0.196888 0.219953 -0.955435
1 11.9725 20.4038 1.66466 0.515759 -0.633876 -0.576363
1 31.6267 11.2312 1.76287 0.248275 -0.480967 0.840851
1 15.6494 23.8701 1.6091 0.141555 0.0911823 -0.985722
1 20.4349 31.6215 1.7531 0.216738 0.479088 0.850588
1 15.5942 19.4993 1.61491 -0.590911 0.0884146 -0.801877
1 16.5656 8.96675 1.75985 0.245156 -0.139364 0.959415
1 3.4961 26.1116 1.75877 0.326624 -0.593644 0.735462
1 25.2782 24.7214 1.75176 0.525935 0.0366875 0.849733
1 13.0864 28.8243 1.75894 0.582368 -0.452332 0.675458
1 15.3468 1.36101 1.75603 -0.38165 -0.215511 0.898832
1 33.0554 32.1524 1.60432 0.43636 -0.00785525 -0.899738
1 31.5438 32.6442 1.74472 0.214982 0.689076 0.692067
1 10.197 3.44035 1.60598 -0.0224893 -0.198277 -0.979888
1 29.267 26.0713 1.61459 -0.203554 0.665255 -0.718333
1 30.1205 21.5984 1.60771 0.412354 -0.420438 -0.808206
1 11.1277 20.0321 1.60943 0.509682 -0.462526 -0.725461
1 24.6172 19.5036 1.60846 0.0325487 0.2719 -0.961775
1 2.30378 5.23605 1.61595 -0.0141104 -0.456785 -0.889465
1 33.3238 10.7377 1.76858 0.369341 -0.192085 0.909225
1 4.6795 17.0284 1.61625 0.326351 0.714531 -0.618822
1 27.3766 0.543726 1.76188 0.0440469 0.133637 0.990051
1 30.8336 19.191 1.62089 0.0299278 -0.583966 -0.811226
1 26.2799 32.5367 1.76289 0.516223 -0.0518743 0.854882
1 9.17162 31.4067 1.74982 -0.664141 0.297144 0.686019
1 23.3905 19.2309 1.60991 -0.0251717 0.404355 -0.914256
1 32.0448 24.7779 1.60816 -0.564254 0.0763388 -0.822064
1 20.1091 0.495858 1.74889 -0.266975 0.464054 0.844617
1 14.6667 6.88156 1.7367 0.577448 -0.495402 0.648946
1 8.96603 9.2689 1.66113 -0.797378 -0.0335029 -0.60255
1 11.4657 29.3095 1.73784 -0.401019 0.653858 0.641602
1 7.43232 6.80598 1.61154 0.419578 0.297456 -0.857598
1 19.5007 33.3024 1.75983 -0.040615 0.360095 0.932031
1 13.6193 16.3763 1.62047 -0.121269 -0.806297 -0.578946
1 15.0992 21.9631 1.60802 -0.16683 0.159479 -0.973003
1 5.86186 31.5684 1.7535 -0.690751 -0.0987968 0.716311
1 1.72793 23.8024 1.75342 -0.628972 0.0218528 0.77712
1 5.68427 23.5779 1.61825 0.762736 -0.364384 0.534283
1 8.36574 4.28869 1.60783 0.0988175 0.0718023 -0.992512
1 0.00211086 19.6086 1.76159 0.172284 -0.296121 0.939484
1 3.64808 30.1837 1.75512 -0.37761 -0.568044 0.731257
1 26.0246 8.46652 1.60757 -0.114093 -0.0309218 -0.992989
1 2.95771 25.2976 1.74531 0.529886 -0.611286 0.587836
1 32.3036 4.55113 1.607 -0.0134073 0.361239 -0.932377
1 21.366 18.7997 1.60636 -0.0872708 0.682393 -0.725757
1 25.9182 19.724 1.61145 0.085615 0.143259 -0.985975
1 25.61 21.5177 1.60948 0.39498 0.127995 -0.90973
1 34.2954 2.4205 1.61003 -0.383703 -0.0182663 -0.923276
1 11.123 13.899 1.62424 -0.102473 -0.444711 -0.889793
1 10.1156 4.48659 1.60687 0.116395 -0.15893 -0.980405
1 17.1085 25.2623 1.61206 0.374356 -0.128415 -0.91835
1 10.3416 27.1803 1.74765 0.0569573 0.438237 0.897053
1 0.868224 25.7036 1.61325 -0.415541 -0.593873 -0.688942
1 32.2102 27.6808 1.60953 -0.071588 0.0750201 -0.994609
1 25.0667 16.7497 1.62049 -0.451172 0.252555 -0.855955
1 30.5139 4.0013 1.62482 -0.227221 0.686401 -0.690814
1 19.1034 23.0779 1.61126 -0.00266185 -0.520418 -0.853908
1 22.8857 24.9956 1.75866 0.404958 -0.317712 0.857361
1 17.6005 24.3527 1.60889 0.229415 -0.230374 -0.945673
1 22.641 22.9524 1.77531 -0.778668 -0.145299 0.61038
1 24.9911 10.4211 1.60928 0.102978 0.122965 -0.987054
1 14.9091 31.9598 1.75864 0.114381 -0.229749 0.966505
1 15.7013 34.13 1.76017 -0.152161 -0.135103 0.979078
1 0.147236 1.50399 1.61596 -0.539095 -0.181803 -0.822389
1 10.5262 26.1035 1.75079 0.239775 0.480864 0.843373
1 14.2087 27.9374 1.76619 0.784213 -0.209834 0.583935
1 23.214 33.8947 1.74971 0.379632 -0.550803 0.743301
1 7.85728 29.177 1.75969 -0.261146 0.0988233 0.960228
1 23.8732 20.1737 1.61121 0.16421 0.335861 -0.927487
1 29.008 0.0166827 1.7588 0.107168 0.352793 0.929544
1 24.4713 9.61259 1.61005 -0.00852236 0.219368 -0.975605
1 32.8724 15.1425 1.76229 -0.523174 -0.254657 0.813289
1 25.0908 22.9764 1.61257 0.767007 0.249521 -0.591135
1 13.5747 23.2817 1.61114 0.0217224 0.444693 -0.89542
1 31.8165 1.30485 1.60785 -0.477483 0.541984 -0.691566
1 17.0792 22.2479 1.60776 -0.114009 -0.161411 -0.98028
1 19.9478 23.8441 1.60815 0.121816 -0.65826 -0.742869
1 11.4919 11.6743 1.60562 -0.332116 -0.579511 -0.744222
1 16.1989 15.6844 1.75788 -0.451537 -0.23459 0.860861
1 20.3585 25.1917 1.77814 -0.404423 0.716865 0.567932
1 14.1188 34.4613 1.75302 -0.210516 -0.343241 0.915352
1 32.2624 13.2886 1.76057 -0.155171 -0.351212 0.923348
1 30.2343 23.7624 1.60823 -0.689029 0.417502 -0.592394
1 28.703 33.6365 1.75701 0.280203 0.268365 0.921665
1 15.7082 4.3229 1.76126 -0.740273 -0.367173 0.563187
1 30.2059 5.60709 1.60948 0.187877 0.716936 -0.671345
1 29.8753 22.8711 1.61654 0.604563 -0.366441 -0.707266
1 3.259 5.3784 1.61021 -0.105774 -0.633382 -0.766576
1 19.5009 8.29973 1.76464 0.344195 0.361431 0.866543
1 32.9867 24.1194 1.61741 -0.673922 -0.201788 -0.710711
1 28.324 31.6136 1.74443 0.666941 0.154684 0.728877
1 27.906 10.9018 1.60856 0.245018 -0.31613 -0.91653
1 21.6382 25.4634 1.75586 0.312682 -0.499059 0.808189
1 21.2007 29.7067 1.75389 0.504659 0.64115 0.57814
1 10.6915 28.2317 1.75203 -0.131082 0.498965 0.856652
1 16.484 12.8457 1.7571 -0.115327 -0.148637 0.982144
1 8.4987 16.7142 1.60765 0.13451 0.0760177 -0.987992
1 31.0826 12.2823 1.77101 0.0670266 -0.582759 0.809876
1 3.14375 27.4123 1.75526 0.0290083 -0.656298 0.753944
1 33.2216 2.59683 1.61209 -0.337568 0.193449 -0.921208
1 16.7323 17.4681 1.75335 -0.693912 -0.142456 0.705827
1 27.1705 18.2612 1.60934 -0.15172 0.00270057 -0.98842
1 17.4406 15.5948 1.76065 -0.417779 -0.00252479 0.908545
1 12.835 3.29168 1.64567 -0.160147 -0.605266 -0.779747
1 18.3271 16.159 1.76521 -0.489575 0.140092 0.860634
1 26.9797 34.2836 1.75883 0.202523 0.0405016 0.97844
1 1.37389 14.1859 1.75792 -0.351891 0.244811 0.90346
1 14.6854 4.60244 1.59299 -0.161997 -0.796714 -0.58224
1 17.3061 3.63987 1.7558 -0.698766 0.00675648 0.715318
1 16.6852 29.639 1.75521 0.450183 -0.0540916 0.891297
1 5.61807 6.97863 1.61081 0.393867 0.586607 -0.707645
1 13.8951 29.3946 1.7508 0.464338 -0.384566 0.797809
1 19.5371 18.2212 1.75373 -0.729158 0.254785 0.635148
1 20.5921 21.761 1.63106 -0.325805 -0.760989 -0.561023
1 9.51398 10.1756 1.6106 -0.639802 -0.176364 -0.74803
1 19.3055 17.1908 1.75064 -0.592814 0.278081 0.755806
1 10.4179 30.6661 1.74935 -0.523521 0.543343 0.65628
1 21.3482 2.01339 1.71129 0.39493 -0.693716 0.602319
1 7.23348 16.2355 1.60834 0.0756726 0.274578 -0.958583
1 11.3653 7.35872 1.60618 0.523031 -0.258667 -0.812114
1 9.06766 32.641 1.61047 -0.737335 -0.180498 -0.650967
1 24.555 11.5679 1.60914 0.231788 0.187354 -0.954554
1 21.9613 22.0339 1.63288 0.586879 0.43174 -0.684963
1 22.3439 2.08623 1.64392 0.0870384 -0.603729 0.792424
1 5.52101 0.00609524 1.61573 -0.415601 0.337905 -0.84445
1 4.57978 25.4709 1.75099 0.44135 -0.435098 0.784793
1 21.0191 12.4521 1.74621 -0.0339018 0.67666 0.735515
1 31.0815 10.4092 1.7404 0.396438 -0.579108 0.71237
1 13.9825 14.7563 1.76304 -0.327704 -0.661542 0.674516
1 26.6199 9.28646 1.60802 0.00476126 -0.120236 -0.992734
1 6.99923 33.3872 1.62522 -0.645833 0.0658759 -0.760631
1 26.1656 10.2984 1.60741 0.121093 -0.0516908 -0.991294
1 8.40774 23.1693 1.74567 0.703597 0.0408329 0.709425
1 7.84195 13.1696 1.60884 -0.269518 0.110103 -0.95668
1 13.7928 26.2134 1.6056 0.523494 0.366501 -0.769176
1 4.21616 15.5823 1.61673 0.00113965 0.776618 -0.629971
1 9.21166 4.93341 1.6075 0.170561 -0.0152838 -0.985229
1 33.7528 31.1215 1.60834 0.401873 -0.233215 -0.885499
1 34.2376 7.92187 1.60436 0.623592 -0.00819762 -0.781707
1 16.0653 10.6742 1.75738 0.0593169 -0.187295 0.980511
1 27.6672 9.04143 1.60823 -0.00978602 -0.286516 -0.958026
1 31.0655 0.840545 1.77957 -0.159868 0.814651 0.557482
1 16.7497 21.2692 1.60818 -0.283582 -0.107285 -0.952928
1 34.5878 11.7322 1.75932 0.120666 -0.00764382 0.992664
1 24.5793 27.328 1.76041 -0.00441784 -0.0376124 0.999283
1 24.5551 6.9847 1.60825 -0.360259 0.168916 -0.917432
1 29.8262 17.2485 1.60995 -0.296404 -0.36066 -0.884347
1 20.2804 33.8856 1.75982 -0.12483 0.486451 0.864744
1 22.0749 8.52271 1.60248 -0.0965623 0.715221 -0.692195
1 25.404 7.66107 1.60748 -0.240972 0.0505419 -0.969215
1 16.1704 24.786 1.61308 0.296059 0.0248138 -0.954847
1 34.241 32.0542 1.61846 0.55797 -0.267752 -0.78548
1 27.5929 32.4656 1.75532 0.531337 0.0369743 0.846353
1 30.3637 11.6817 1.70895 0.207644 -0.721579 0.66046
1 7.6 26.2057 1.75743 0.207795 -0.00783281 0.978141
1 24.0192 2.00063 1.74501 -0.0896087 -0.364632 0.92683
1 12.1395 5.54052 1.60644 0.24091 -0.413078 -0.878253
1 1.84762 8.86881 1.76095 0.592016 0.209996 0.778087
1 31.0606 30.4428 1.61264 0.457644 0.23214 -0.858297
1 23.9228 8.80769 1.60738 -0.118829 0.321849 -0.939304
1 25.0142 30.1803 1.76059 -0.553464 0.0137184 0.83276
1 2.69223 6.3942 1.61609 0.153949 -0.555315 -0.817267
1 8.72919 28.6393 1.75678 -0.182623 0.230328 0.955823
1 17.233 6.30612 1.76099 0.591306 -0.0485243 0.804986
1 28.9377 10.682 1.61543 0.267855 -0.488413 -0.830486
1 2.05867 16.8391 1.72079 0.73696 0.0963515 0.669034
1 3.41542 11.5544 1.74041 0.0475958 0.552193 0.832357
1 23.3616 14.4978 1.6083 0.594731 0.370288 -0.71357
1 29.4606 11.565 1.61152 0.340726 -0.665449 -0.664141
1 14.1096 9.55192 1.75842 0.185421 -0.535475 0.823945
1 20.5108 32.7606 1.75822 0.0373198 0.50147 0.86437
1 2.0178 4.19329 1.62547 -0.200231 -0.391464 -0.898144
1 4.91239 27.4472 1.75919 0.069094 -0.378953 0.922833
1 2.03796 32.3242 1.76484 0.394337 -0.510411 0.764186
1 23.1201 18.1971 1.60958 -0.226379 0.446365 -0.865743
1 6.7982 26.8584 1.7563 0.11387 -0.12839 0.985165
1 2.67376 23.1403 1.75238 -0.481072 0.188124 0.856259
1 24.8043 34.4703 1.75877 0.238765 -0.283499 0.928773
1 2.83797 22.1671 1.75911 -0.288268 0.199008 0.936642
1 12.6325 21.4385 1.60805 -0.269648 0.608584 -0.746267
1 8.51455 25.7526 1.76192 0.281927 0.140766 0.949053
1 23.0169 8.58901 1.61217 -0.131083 0.505614 -0.852743
1 18.4452 0.249445 1.76052 -0.212338 0.199053 0.956708
1 4.28319 10.9645 1.76905 0.0328213 0.76062 0.648367
1 16.6877 23.9732 1.60793 0.167694 -0.0772429 -0.982808
1 31.0962 24.3031 1.61456 -0.580015 0.304566 -0.755527
1 0.249775 31.0136 1.61532 0.388301 -0.425989 -0.817163
1 7.74053 8.31456 1.61118 0.737719 0.163036 -0.655126
1 12.1081 29.9194 1.75986 0.42375 -0.64687 0.634031
1 23.6814 5.33243 1.61186 -0.548708 0.301096 -0.779911
1 26.9044 17.3626 1.60945 -0.309506 0.0758397 -0.947868
1 2.62172 34.0322 1.76067 -0.0376531 0.653749 0.755774
1 32.1522 26.7106 1.60743 -0.240597 0.0796074 -0.967355
1 6.75275 24.68 1.75467 0.463622 -0.146141 0.873898
1 2.17812 19.4642 1.75975 0.233938 0.0725392 0.969542
1 32.4981 1.94917 1.61066 -0.439481 0.336294 -0.832924
1 32.8448 14.1572 1.76002 -0.329923 -0.257237 0.908284
1 22.6796 0.498645 1.75738 0.216926 -0.631422 0.74448
1 21.014 10.4466 1.7539 0.0559765 0.719234 0.692509
1 13.8343 13.3938 1.74351 -0.131565 -0.624288 0.770036
1 8.53752 0.212252 1.60774 -0.38594 -0.0833413 -0.918752
1 0.776805 29.8951 1.61692 0.209752 -0.569523 -0.794763
1 28.0221 34.4027 1.76031 0.168124 0.197847 0.965707
1 28.0535 7.99023 1.60989 -0.144399 -0.34565 -0.927186
1 24.3036 12.6314 1.60982 0.378587 0.230001 -0.896533
1 24.6683 29.2814 1.75401 -0.380891 -0.0181356 0.924442
1 27.9488 30.6105 1.75125 -0.786988 0.226182 0.574013
1 15.1185 0.305616 1.75567 -0.249378 -0.232216 0.940152
1 0.896673 6.70697 1.60858 0.333677 -0.19605 -0.922076
1 12.1134 17.9665 1.60971 0.201342 -0.515966 -0.832611
1 1.56285 18.6713 1.76074 0.381156 -0.0134079 0.924413
1 13.08 9.34503 1.75958 0.296589 -0.638303 0.710355
1 32.567 21.2828 1.76567 -0.0955739 -0.708021 0.699694
1 18.3434 10.9303 1.75634 0.048664 0.150254 0.987449
1 19.1833 5.59386 1.76177 0.619453 0.294448 0.727721
1 12.5845 12.0482 1.62182 -0.268923 -0.808357 -0.523679
1 10.9874 16.443 1.61156 0.0769616 -0.350551 -0.933376
1 21.4097 33.2077 1.74749 -0.0393378 0.64688 0.761576
1 30.3313 27.5418 1.61516 -0.0558748 0.451443 -0.890549
1 11.1056 5.30403 1.61077 0.199581 -0.255154 -0.946078
1 26.8656 31.6654 1.74185 0.725799 -0.0593012 0.685346
1 33.602 11.6347 1.75966 0.167758 -0.163584 0.972161
1 0.592138 15.0439 1.76135 -0.520389 0.102021 0.847813
1 10.4349 29.4203 1.71904 -0.318284 0.515261 0.79574
1 11.0042 4.05563 1.61486 0.052661 -0.290585 -0.955399
1 29.9518 20.5065 1.60039 0.233034 -0.436108 -0.869198
1 3.97276 17.5284 1.74301 0.534957 0.518401 0.667144
1 5.73701 25.5337 1.76046 0.400102 -0.278492 0.873133
1 8.40191 12.0896 1.60841 -0.376692 0.00871604 -0.926297
1 22.8199 28.3171 1.75959 -0.193951 -0.338579 0.920732
1 17.3281 23.2142 1.60856 0.0493901 -0.200956 -0.978354
1 26.1119 29.8052 1.75703 -0.461572 0.186575 0.867261
1 30.8817 34.0029 1.75523 0.0794347 0.63428 0.769012
1 14.186 10.8976 1.7583 0.0423449 -0.519059 0.853689
1 8.66117 27.6558 1.76069 -0.0225402 0.18426 0.982619
1 17.2057 8.06696 1.76012 0.356085 -0.0544362 0.932867
1 13.7135 4.58977 1.61501 -0.0254814 -0.666151 -0.745382
1 18.7288 1.98333 1.75866 -0.445442 0.231609 0.864834
1 4.1118 4.9811 1.62461 -0.312719 -0.740015 -0.595469
1 14.0867 5.82935 1.62449 0.217179 -0.709264 -0.670655
1 3.91672 21.5895 1.75894 -0.154731 0.365251 0.91796
1 18.6153 30.5829 1.75526 0.322887 0.202589 0.924501
1 31.9581 5.50957 1.6064 0.159713 0.427912 -0.889597
1 4.26032 29.2707 1.75894 -0.244701 -0.454746 0.856346
1 18.1068 1.20475 1.76033 -0.328724 0.144427 0.933317
1 28.2158 27.6324 1.76057 0.00955389 0.623798 0.781527
1 2.45868 14.0921 1.75048 -0.324295 0.422342 0.846439
1 31.3731 29.5089 1.6093 0.278201 0.199467 -0.939583
1 9.55082 18.9871 1.60825 0.405601 -0.112408 -0.907112
1 23.1919 2.45518 1.76334 -0.124914 -0.493127 0.860943
1 10.1937 7.56185 1.61254 0.553248 -0.0662689 -0.830377
1 11.3743 18.8748 1.61246 0.337883 -0.400828 -0.85157
1 6.77311 17.4921 1.60969 0.21965 0.371743 -0.901976
1 28.2676 20.6702 1.60779 0.261098 -0.144389 -0.954453
1 25.5813 9.52879 1.60805 0.00459208 0.03724 -0.999296
1 16.3584 11.7225 1.76011 -0.0125134 -0.157173 0.987492
1 8.1014 24.1741 1.75091 0.543012 0.0126841 0.839629
1 22.007 27.6859 1.75782 -0.11584 -0.5016 0.857309
1 1.3425 4.85266 1.60955 -0.0307239 -0.285707 -0.957824
1 2.21257 24.7002 1.58429 0.775022 -0.158734 -0.611673
1 33.1319 25.175 1.61095 -0.511577 -0.133924 -0.848736
1 2.92543 17.7 1.75633 0.542384 0.275454 0.793691
1 9.71274 15.0787 1.6064 -0.0304255 -0.157987 -0.986972
1 3.91592 12.6279 1.77345 -0.0842135 0.697335 0.711781
1 13.4667 33.6093 1.75606 -0.110282 -0.42917 0.896466
1 27.018 8.26013 1.60853 -0.12089 -0.182769 -0.975695
1 16.5745 28.677 1.74841 0.616269 -0.0997777 0.78119
1 5.94473 15.3642 1.61057 -0.0103793 0.490996 -0.8711
1 32.9191 5.4973 1.60902 0.153265 0.256736 -0.954252
1 22.0181 34.2511 1.75769 -0.273677 0.76958 0.576929
1 16.8374 19.4908 1.61158 -0.607843 -0.15713 -0.778355
1 12.4829 18.9651 1.60953 0.364304 -0.560981 -0.743359
1 32.6254 34.6054 1.60331 -0.685911 0.322001 -0.652565
1 31.2673 27.6386 1.61186 -0.0598763 0.263674 -0.962752
1 27.3734 19.1959 1.608 0.00999669 -0.0360588 -0.9993
1 5.96494 10.0653 1.61156 -0.61599 0.398281 -0.679653
1 21.2089 15.3702 1.75877 -0.310737 0.640391 0.702383
1 24.7786 14.9797 1.59092 0.809415 0.0893826 -0.580395
1 19.4702 2.81573 1.73436 -0.565199 0.409313 0.71625
1 31.7091 20.9195 1.62383 0.19807 -0.781043 -0.592233
1 33.1364 16.1658 1.75844 -0.71644 -0.10487 0.689722
1 1.976 13.2277 1.75452 -0.173318 0.343747 0.922929
1 4.4228 23.2559 1.75405 -0.525703 0.448386 0.722902
1 22.3561 12.1823 1.61793 0.173811 0.578446 -0.796988
1 6.88975 30.9069 1.7463 -0.547116 0.00757943 0.837023
1 33.0547 27.2157 1.60887 -0.156703 -0.0959599 -0.982973
1 7.66837 27.2627 1.76011 0.0435581 0.0206361 0.998838
1 6.7768 7.47447 1.6071 0.538183 0.365908 -0.759256
1 19.4111 9.30951 1.7403 0.226024 0.358556 0.905732
1 27.6082 16.625 1.60955 -0.408305 -0.0132371 -0.91275
1 3.16734 23.9331 1.75778 -0.632126 0.280877 0.722166
1 16.918 32.6215 1.76022 0.046481 0.0111415 0.998857
1 26.2849 25.1996 1.75716 0.434302 0.226735 0.871764
1 26.4386 27.2295 1.75793 0.0490287 0.27673 0.959696
1 8.21222 10.1173 1.61476 -0.626763 0.0137944 -0.779087
1 9.27993 3.86226 1.60712 0.0492802 -0.0596397 -0.997003
1 1.03583 19.5167 1.75935 0.20813 -0.110748 0.971811
1 16.2896 25.9371 1.61027 0.507107 0.000581075 -0.861883
1 23.4651 9.78185 1.60953 -0.00186308 0.400795 -0.916166
1 14.3914 8.28695 1.74602 0.363416 -0.546114 0.754777
1 28.7782 17.0272 1.60594 -0.339748 -0.18708 -0.921723
1 34.0502 23.368 1.75653 -0.542695 -0.387463 0.745221
1 19.2603 19.5738 1.61997 -0.577784 -0.550604 -0.602495
1 11.8602 22.264 1.77102 0.113817 -0.733907 0.669647
1 15.6544 2.38241 1.7559 -0.51047 -0.197485 0.836911
1 3.7091 22.6444 1.75411 -0.371588 0.355874 0.857482
1 6.40173 0.760447 1.60692 -0.308169 0.220965 -0.925314
1 32.0481 7.23708 1.60869 0.496019 0.354273 -0.792752
1 16.1375 27.833 1.7718 0.780415 -0.170602 0.601537
1 8.56877 17.7196 1.60781 0.255018 0.0739999 -0.9641
1 26.3674 16.5992 1.61102 -0.456582 0.190503 -0.869046
1 4.51913 13.8956 1.61977 -0.245117 0.778317 -0.578049
1 9.28474 1.02145 1.60877 -0.280496 -0.164201 -0.945706
1 0.279967 32.8165 1.60499 0.629811 -0.437149 -0.642058
1 17.1822 0.773433 1.75357 -0.284464 0.0463186 0.957567
1 29.1011 20.0775 1.6081 0.170485 -0.289692 -0.941814
1 5.12711 14.8162 1.61316 -0.130449 0.62755 -0.767571
1 7.94189 20.4187 1.61515 0.625531 0.173924 -0.760567
1 32.6773 33.5252 1.72888 -0.651174 0.472593 0.593825
1 1.77712 6.14355 1.60971 0.174133 -0.363158 -0.915311
1 31.7659 19.2723 1.61156 0.046771 -0.751031 -0.658608
1 13.3887 1.27534 1.75264 -0.466103 -0.55511 0.688913
1 25.6396 28.9363 1.75842 -0.28086 0.138235 0.949742
1 5.4449 5.69162 1.60225 0.161576 0.620981 -0.766992
1 30.0945 25.1126 1.61037 -0.403861 0.48286 -0.777009
1 12.2962 6.58973 1.60214 0.397948 -0.429847 -0.810474
1 26.9704 21.8589 1.61287 0.443335 0.0905814 -0.891768
1 34.2903 28.8488 1.60877 0.073682 -0.375757 -0.923785
1 29.4938 8.35883 1.62115 -0.103337 -0.588927 -0.801552
1 29.8272 7.24213 1.60919 -0.32288 -0.654105 -0.684029
1 8.29678 14.0213 1.60666 -0.160881 0.04284 -0.986044
1 28.7478 12.8543 1.61616 0.514465 -0.516899 -0.684208
1 30.2382 13.066 1.74903 -0.11374 -0.689618 0.715185
1 13.2174 6.88412 1.6241 0.448575 -0.567005 -0.690859
1 19.3993 11.2019 1.75827 0.0266238 0.329562 0.943759
1 18.6569 3.90049 1.75503 -0.712811 0.251428 0.65474
1 33.1161 22.4723 1.7586 -0.32282 -0.529636 0.784393
1 8.45575 26.7027 1.75932 0.130032 0.137408 0.981942
1 20.2136 28.248 1.75829 0.6168 0.570093 0.542726
1 13.4826 17.9497 1.62097 0.289424 -0.74213 -0.604547
1 19.3871 15.7391 1.75902 -0.387188 0.320505 0.864501
1 0.350181 26.6013 1.61076 -0.289946 -0.455504 -0.841693
1 27.3594 26.9045 1.75755 0.127278 0.455237 0.881226
1 4.06947 26.9407 1.76236 0.149976 -0.519887 0.840967
1 33.1057 18.3121 1.74227 0.311896 -0.559968 0.767565
1 3.65855 1.56142 1.63153 -0.0627786 0.597045 -0.799748
1 25.6779 2.475 1.75775 -0.260167 -0.112235 0.959018
1 5.23739 12.4861 1.61745 -0.316198 0.575675 -0.754067
1 23.24 17.0809 1.62182 -0.443509 0.425516 -0.788819
1 14.6757 29.9668 1.74884 0.374483 -0.28742 0.881562
1 5.75558 17.3327 1.61386 0.272274 0.539407 -0.79681
1 31.526 3.91594 1.60875 -0.124702 0.511995 -0.849889
1 15.735 13.4987 1.75984 -0.190739 -0.276695 0.941838
1 17.5334 9.01327 1.76002 0.227681 0.0182539 0.973565
1 5.37482 1.06059 1.60883 -0.225532 0.358297 -0.905957
1 7.28248 1.3927 1.60715 -0.203602 0.122467 -0.971364
1 14.2902 0.871875 1.75446 -0.352885 -0.370314 0.859267
1 22.429 21.1593 1.60501 0.358849 0.494822 -0.79144
1 33.2681 30.2222 1.60773 0.297863 -0.151756 -0.942469
1 13.7907 3.2625 1.61199 -0.298865 -0.727217 -0.617927
1 11.048 31.4677 1.77077 0.276104 -0.764541 0.582446
1 23.3259 1.26989 1.75816 0.0899983 -0.479929 0.872679
1 16.3283 23.0602 1.60731 0.0132539 -0.0335907 -0.999348
1 28.2117 19.6651 1.60767 0.10531 -0.14567 -0.983712
1 26.9224 20.034 1.60712 0.140949 0.00513709 -0.990004
1 14.2888 22.5344 1.60905 -0.0841498 0.302595 -0.949397
1 13.5614 19.55 1.72872 -0.469827 0.574616 -0.670133
1 4.723 30.3569 1.756 -0.420218 -0.372552 0.827419
1 12.7344 1.91858 1.62044 -0.408513 -0.648743 -0.642067
1 0.129277 21.4341 1.76008 -0.171692 -0.257191 0.950986
1 11.9136 32.5058 1.75312 0.00438654 -0.657066 0.75382
1 12.4561 33.6422 1.75322 -0.170045 -0.594436 0.785958
1 17.5009 13.3797 1.75714 -0.151673 0.000399885 0.988431
1 4.72101 20.894 1.75632 0.00756345 0.490049 0.871662
1 26.6315 3.09445 1.75481 -0.430798 0.0306948 0.901926
1 19.981 10.2958 1.74812 0.115561 0.466191 0.877104
1 26.3485 26.2342 1.75736 0.233918 0.256179 0.937899
1 33.623 1.61288 1.60939 -0.4876 0.0841529 -0.869002
1 8.9423 24.9014 1.75578 0.436328 0.192365 0.878985
1 23.2608 12.8706 1.61127 0.354235 0.422965 -0.834038
1 33.8786 14.3324 1.7591 -0.353904 -0.0901103 0.930931
1 2.63984 18.608 1.75412 0.394178 0.177845 0.901662
1 14.549 23.5438 1.60732 0.078443 0.268635 -0.960043
1 24.5475 21.0172 1.61336 0.341859 0.250213 -0.905829
1 16.6994 14.8848 1.7613 -0.333191 -0.135789 0.93303
1 31.996 12.2843 1.75621 0.0372169 -0.419684 0.906907
1 21.7432 16.306 1.76101 -0.381712 0.76528 0.518308
1 28.1724 26.3143 1.76376 0.241992 0.638698 0.730414
1 22.44 13.4832 1.61371 0.387751 0.604619 -0.695762
1 22.4943 5.16785 1.59493 -0.588329 0.489262 -0.643811
1 4.96124 28.5166 1.75772 -0.117494 -0.348508 0.929912
1 2.1163 21.0461 1.76028 -0.0781467 0.0627717 0.994964
1 8.26909 11.089 1.61183 -0.495416 0.0321327 -0.868061
1 11.2396 17.6045 1.61393 0.192256 -0.372318 -0.907974
1 19.42 25.0961 1.59639 0.368178 -0.563763 -0.739335
1 4.83629 18.8757 1.76056 0.399677 0.577001 0.712269
1 7.6132 3.56519 1.60955 0.0282022 0.141348 -0.989558
1 10.3364 0.921843 1.61221 -0.318349 -0.306009 -0.897225
1 16.7415 30.6271 1.7582 0.304856 -0.028948 0.951958
1 18.3365 8.24087 1.76032 0.344645 0.145982 0.927313
1 24.0477 13.7153 1.60974 0.509713 0.250889 -0.82295
1 31.9766 9.39448 1.75609 0.596804 -0.38529 0.70383
1 26.6729 2.16327 1.75947 -0.244315 0.0433682 0.968726
1 0.578741 24.2365 1.75888 -0.718794 -0.23754 0.653384
1 33.335 7.21276 1.61356 0.49134 0.162137 -0.855743
1 29.1859 1.07747 1.75234 -0.0692679 0.470476 0.87969
1 3.43162 10.1758 1.75605 0.23261 0.571601 0.78687
1 9.34028 8.31268 1.61629 0.718928 0.0327258 -0.694314
1 14.7235 14.209 1.73688 -0.291848 -0.487744 0.822758
1 20.3068 7.82756 1.72458 0.328411 0.557992 0.762096
1 6.43301 29.7474 1.75739 -0.342342 -0.107224 0.933437
1 20.3105 15.0032 1.75709 -0.275239 0.50288 0.819363
1 4.1453 2.78736 1.63755 0.144154 0.604686 -0.78331
1 33.3513 13.3441 1.75996 -0.173574 -0.182477 0.967768
1 3.73899 18.6098 1.75724 0.381567 0.380291 0.842488
1 17.7133 31.0826 1.75912 0.246796 0.0962447 0.964276
1 11.9228 3.49308 1.60905 -0.0519002 -0.456392 -0.888264
1 32.0979 25.7405 1.60944 -0.406737 0.0776365 -0.91024
1 24.1273 17.5086 1.60887 -0.323197 0.34734 -0.880283
1 12.9937 32.6145 1.75535 0.013785 -0.494047 0.869326
1 21.9482 4.36795 1.77304 -0.537096 0.400179 0.742553
1 9.52721 25.8606 1.76019 0.271663 0.313683 0.909836
1 16.2477 26.9012 1.6107 0.708004 -0.0269859 -0.705693
1 29.7615 28.5653 1.61091 0.139548 0.522329 -0.841249
1 7.69887 19.3164 1.61607 0.464635 0.259781 -0.846539
1 9.25682 6.9754 1.61249 0.44884 0.0495012 -0.89224
1 2.40849 1.29602 1.78416 -0.38679 -0.643282 0.660744
1 28.3152 9.87646 1.61107 0.122859 -0.386937 -0.913885
1 16.4731 1.71661 1.76021 -0.408024 -0.058198 0.911114
1 0.756449 10.6581 1.75577 0.289338 0.098536 0.952142
1 25.596 6.68437 1.6105 -0.414408 -0.00377222 -0.910083
1 4.96411 26.3613 1.76028 0.257662 -0.390208 0.883939
1 16.6786 13.9037 1.75579 -0.219085 -0.127509 0.967338
1 25.3426 12.2357 1.60873 0.360926 0.0698038 -0.929979
1 0.582589 20.4271 1.75956 0.0267374 -0.191151 0.981196
1 9.88083 1.92152 1.61184 -0.158454 -0.230552 -0.960072
1 4.76382 22.0555 1.75185 -0.256589 0.49505 0.830113
1 31.0468 25.4841 1.61008 -0.411803 0.287226 -0.864823
1 9.97327 13.134 1.60802 -0.23951 -0.250289 -0.938078
1 1.68146 30.3141 1.60161 0.1855 -0.745826 -0.639792
1 31.3013 2.6961 1.6207 -0.341546 0.567846 -0.748931
1 18.6491 31.6445 1.7602 0.178614 0.219872 0.959038
1 24.0233 24.5735 1.74968 0.553966 -0.150722 0.818782
1 34.3046 24.8777 1.62134 -0.588541 -0.399892 -0.702642
1 2.87967 2.76518 1.76558 0.6496 0.627924 -0.428639
1 15.1434 26.2514 1.6243 0.569758 0.180924 -0.80165
1 18.5886 33.8014 1.75814 -0.0889182 0.228154 0.969556
1 24.1666 16.1328 1.60941 -0.637659 0.291685 -0.712959
1 15.7062 14.5765 1.76546 -0.312377 -0.311894 0.897298
1 10.4291 11.7169 1.61316 -0.401462 -0.354718 -0.844395
1 15.169 8.86786 1.76105 0.270818 -0.407954 0.871912
1 29.9115 19.4194 1.60476 0.0590933 -0.422171 -0.904588
1 5.59256 22.527 1.76476 -0.389507 0.595637 0.702496
1 31.1685 31.3485 1.74087 0.964084 0.0049558 0.265552
1 0.818287 22.2066 1.75804 -0.318211 -0.135815 0.938241
1 27.331 5.72495 1.61183 -0.573579 -0.224292 -0.787845
1 9.57662 0.0327841 1.61397 -0.436143 -0.246755 -0.865385
1 15.2803 17.3924 1.74683 -0.726205 -0.354525 0.589015
1 18.4622 15.1371 1.75905 -0.336024 0.167775 0.92679
1 15.0852 15.3952 1.75083 -0.435239 -0.441405 0.784684
1 13.8445 24.3601 1.6058 0.204146 0.40178 -0.892691
1 8.85691 1.96251 1.6068 -0.152591 -0.0699166 -0.985813
1 2.72906 20.2789 1.75881 0.0822714 0.158915 0.983859
1 8.88796 13.0244 1.60733 -0.261089 -0.0686507 -0.96287
1 33.7121 21.5731 1.75306 -0.199087 -0.429569 0.880815
1 34.3616 13.3972 1.75899 -0.187274 -0.0111884 0.982244
1 10.227 14.1935 1.60458 -0.115598 -0.279076 -0.953286
1 21.843 6.94915 1.60307 -0.161358 0.735887 -0.657597
1 7.78518 14.89 1.60529 -0.0585914 0.155424 -0.986109
1 17.3694 26.267 1.60686 0.53238 -0.181208 -0.826883
1 17.3695 20.4776 1.60857 -0.424677 -0.214678 -0.879524
1 16.0861 22.1156 1.60718 -0.144265 0.000731956 -0.989539
1 21.2069 8.82841 1.75554 0.1777 0.77289 0.60915
1 32.9648 8.07606 1.59796 0.673096 0.164661 -0.720991
1 11.4628 1.09885 1.61128 -0.356873 -0.47291 -0.805604
1 25.8413 1.51023 1.75653 -0.0833557 -0.0894416 0.992498
1 6.68628 21.5945 1.60954 0.0231832 -0.733998 -0.678756
1 12.3247 26.8133 1.75032 0.0690186 0.737428 0.67189
1 27.9947 6.61862 1.61171 -0.385955 -0.317682 -0.866093
1 24.5518 28.319 1.76022 -0.198228 -0.0256461 0.97982
1 1.06121 31.6087 1.60465 0.428494 -0.575355 -0.696677
1 28.2833 0.827259 1.75933 -0.020524 0.297676 0.954446
1 34.3493 10.8194 1.7576 0.291495 -0.0492032 0.955306
1 14.9432 28.6533 1.74561 0.594898 -0.25216 0.763224
1 3.7409 20.5159 1.75821 0.067894 0.339177 0.938269
1 12.7671 4.51355 1.61807 0.0450748 -0.529724 -0.846972
1 3.90115 33.5059 1.60029 -0.517514 0.652301 -0.553789
1 17.5786 2.05677 1.76108 -0.444759 0.0601356 0.893629
1 32.9856 0.865253 1.61122 -0.5696 0.242886 -0.785215
1 18.9455 21.9094 1.61241 -0.181628 -0.461884 -0.868144
1 1.5979 20.271 1.7591 0.0663927 -0.0209157 0.997574
1 17.6924 30.0414 1.75515 0.390329 0.0765098 0.917491
1 0.914043 13.3592 1.7603 -0.194953 0.161351 0.96745
1 5.10103 3.04821 1.6295 0.106484 0.462493 -0.880205
1 24.238 18.5457 1.60918 -0.146844 0.312982 -0.938338
1 0.540291 4.25985 1.61118 -0.101495 -0.14818 -0.983739
1 15.734 21.2055 1.60592 -0.301845 0.0657992 -0.951084
1 20.9559 4.95895 1.5983 0.249504 0.789537 -0.560695
1 6.73147 25.7543 1.7542 0.292168 -0.146637 0.945058
1 4.32593 24.5139 1.73134 0.620631 -0.467142 0.629758
1 22.8154 20.1429 1.61055 0.151975 0.474757 -0.866896
1 7.13276 23.6207 1.74019 0.618926 -0.178172 0.764974
1 29.4102 2.15732 1.74219 -0.262647 0.534484 0.803333
1 13.8304 30.7204 1.75213 0.276334 -0.398625 0.874493
1 30.7642 28.6036 1.61079 0.119942 0.33926 -0.933015
1 1.83826 0.201683 1.59723 0.132734 0.565423 -0.814051
1 8.24899 1.14677 1.60799 -0.250362 -0.0116606 -0.968082
1 18.3771 12.937 1.75757 -0.117745 0.140604 0.983039
1 15.1272 20.4827 1.60856 -0.421341 0.18433 -0.887972
1 14.4464 19.8374 1.6077 -0.497883 0.344883 -0.795718
1 6.82525 27.8854 1.75966 -0.0472239 -0.09318 0.994529
1 0.9197 5.72642 1.60952 0.143464 -0.200339 -0.969166
1 19.3057 13.3958 1.75696 -0.124732 0.317719 0.939945
1 5.2881 32.6537 1.62433 -0.79588 0.210241 -0.56778
1 24.4787 7.9658 1.60616 -0.210847 0.200347 -0.956768
1 12.2385 7.90101 1.61088 0.607055 -0.402852 -0.684978
1 19.9338 29.2353 1.74669 0.530275 0.424617 0.733832
1 33.3967 29.2172 1.60652 0.1371 -0.193214 -0.971531
1 9.10561 33.6598 1.61741 -0.598938 -0.185764 -0.778952
1 32.8517 3.68158 1.60954 -0.165433 0.259219 -0.951545
1 18.7006 32.685 1.75995 0.0430971 0.237972 0.970315
1 32.5798 11.4363 1.76134 0.199401 -0.312315 0.928816
1 9.53917 18.0127 1.61323 0.273515 -0.0873296 -0.957895
1 9.23949 5.97187 1.60809 0.302532 0.0245062 -0.952824
1 0.175194 5.11805 1.60913 0.0592184 -0.0729672 -0.995575
1 10.68 15.2229 1.61065 -0.0165265 -0.316257 -0.94853
1 22.7743 7.22669 1.7732 0.250678 -0.522126 0.815196
1 6.27745 14.3018 1.61106 -0.134229 0.386337 -0.912539
1 21.8086 28.8064 1.75601 -0.319239 -0.554956 0.768187
1 34.0303 15.3285 1.75557 -0.530858 -0.0513873 0.845902
1 33.9757 26.8797 1.60987 -0.230113 -0.274487 -0.933651
1 28.5791 2.9864 1.74899 -0.395956 0.351992 0.848128
1 24.93 1.75832 1.7551 -0.093456 -0.229863 0.968725
1 29.6912 33.2946 1.75558 0.293429 0.401559 0.867554
1 25.5577 3.42427 1.75475 -0.431345 -0.106733 0.895851
1 15.7584 16.5449 1.75612 -0.582322 -0.321551 0.746663
1 27.6332 33.447 1.75692 0.35026 0.116369 0.929396
1 18.0262 17.0871 1.74084 -0.628996 0.0681978 0.774411
1 7.704 25.1313 1.7584 0.377087 -0.00210448 0.926175
1 17.7799 32.1152 1.76001 0.113236 0.113597 0.987053
1 31.8745 14.4019 1.75276 -0.397754 -0.413226 0.819168
1 33.7859 3.37924 1.60814 -0.209926 0.0891098 -0.973648
1 17.3262 4.54127 1.74886 -0.832705 -0.00753962 0.553666
1 8.32918 30.7169 1.75454 -0.550228 0.165929 0.818362
1 0.115293 9.90562 1.7533 0.465418 -0.00661681 0.885066
1 27.0624 23.4211 1.61632 0.789534 0.154499 -0.593941
1 8.78319 21.2673 1.60567 0.746964 -0.00507631 -0.664845
1 23.7617 0.097201 1.76173 0.242201 -0.449977 0.85957
1 20.6628 26.682 1.59933 -0.191575 0.705475 -0.682352
1 18.7681 28.6014 1.74881 0.618627 0.233565 0.750165
1 25.4342 27.8403 1.76099 -0.0768761 0.114274 0.99047
1 12.611 15.7234 1.61477 -0.0543916 -0.614383 -0.787131
1 1.63464 22.8601 1.7532 -0.43804 0.00858246 0.898914
1 12.1748 25.2098 1.7361 0.341839 0.785997 0.515127
1 8.49466 3.13534 1.60751 -0.0284502 0.0205461 -0.999384
1 13.3891 8.06321 1.70719 0.528252 -0.630176 0.569059
1 14.8088 30.9683 1.75613 0.240877 -0.26099 0.934806
1 20.406 5.74462 1.76059 0.559677 0.530928 0.636299
1 29.5659 32.0839 1.74428 0.497576 0.365699 0.786563
1 15.8142 31.2677 1.75978 0.210596 -0.129435 0.968966
1 33.8847 17.3208 1.75058 0.548994 -0.352934 0.757656
1 5.5698 24.5805 1.75505 0.588557 -0.289886 0.754696
1 8.36106 7.52784 1.6202 0.561879 0.167969 -0.809987
1 25.8477 5.74902 1.61694 -0.592146 -0.0769494 -0.802149
1 4.35876 19.7593 1.75437 0.236748 0.454661 0.858623
1 22.3279 32.7005 1.76922 0.0280451 0.792428 0.60932
1 24.5584 3.80625 1.76035 -0.518426 -0.220664 0.826161
1 28.3678 11.8618 1.61478 0.377599 -0.439914 -0.814797
1 27.9348 17.5842 1.60917 -0.247427 -0.0852292 -0.965151
1 6.75492 18.6085 1.61484 0.367544 0.466894 -0.804314
1 25.0417 8.73184 1.60853 -0.106842 0.122493 -0.986702
1 33.5773 9.82199 1.74271 0.590498 -0.186462 0.785203
1 12.0238 13.1247 1.61577 -0.266917 -0.58887 -0.762881
1 17.5613 27.9951 1.75059 0.694232 0.0570564 0.717486
1 28.0987 21.6708 1.60838 0.446017 -0.090248 -0.890463
1 30.1853 26.3732 1.61373 -0.23852 0.47932 -0.844607
1 18.1963 25.1506 1.61619 0.37402 -0.328377 -0.867339
1 5.72514 21.2797 1.75107 -0.0939158 0.593618 0.799248
1 2.33499 26.6237 1.75186 0.192336 -0.734402 0.650892
1 11.3988 25.7534 1.74045 0.312207 0.629157 0.71182
1 29.342 9.53983 1.60611 0.117107 -0.576412 -0.808725
1 21.9592 10.9394 1.60194 -0.00440749 0.751503 -0.659715
1 17.8278 33.1478 1.75995 -0.0174548 0.125436 0.991948
1 5.22555 16.0976 1.61273 0.127157 0.625478 -0.76981
1 28.7327 32.641 1.75977 0.45202 0.223941 0.86344
1 24.5458 21.9775 1.61071 0.534009 0.191557 -0.823493
1 9.48214 30.2647 1.74846 -0.466566 0.375461 0.80084
1 19.3806 34.4375 1.75569 -0.1707 0.3434 0.923547
1 29.9615 34.4229 1.75394 0.101256 0.49308 0.864072
1 25.3132 0.687164 1.75756 0.0779923 -0.184732 0.979689
1 13.5166 11.8503 1.75672 -0.130504 -0.628369 0.766891
1 23.8576 32.8004 1.75849 0.573319 -0.385797 0.722818
1 9.33043 20.4335 1.77898 -0.61853 0.119925 0.776555
1 16.0078 3.42593 1.75249 -0.642451 -0.2241 0.732827
1 5.72959 33.5512 1.61143 -0.594267 0.284334 -0.752331
1 14.9344 10.1365 1.75582 0.12152 -0.387356 0.913887
1 26.3277 28.2056 1.75766 -0.136231 0.258367 0.956393
1 10.8814 24.4532 1.74501 0.545481 0.526573 0.652052
1 7.35878 12.3519 1.61721 -0.362694 0.192092 -0.911895
1 29.1501 24.7672 1.62124 -0.411141 0.636707 -0.652355
1 3.0021 4.13182 1.60831 -0.343547 -0.538688 -0.769279
1 27.2989 28.0067 1.75585 -0.0783109 0.434323 0.897347
1 12.9688 31.4799 1.74684 0.167855 -0.506429 0.845786
1 28.8312 7.38182 1.61588 -0.260222 -0.47686 -0.839577
1 14.8727 24.501 1.60529 0.239406 0.215339 -0.946739
1 9.4867 12.1666 1.60777 -0.367034 -0.178255 -0.912968
1 7.46447 0.390947 1.60699 -0.363437 0.0764394 -0.928478
1 26.2878 0.414404 1.75902 0.0773167 -0.0356454 0.996369
1 13.5119 21.9304 1.60711 -0.167835 0.444656 -0.879837
1 25.9244 30.8199 1.75639 -0.679972 0.172342 0.712696
1 6.39442 6.3284 1.61031 0.319727 0.461393 -0.827581
1 26.8587 28.9958 1.75693 -0.297431 0.331937 0.895183
1 24.3264 0.929847 1.7581 0.0851495 -0.333132 0.939027
1 26.0947 18.0092 1.60816 -0.191666 0.12748 -0.973146
1 22.1437 17.735 1.61305 -0.309255 0.592209 -0.744077
1 5.81265 30.5383 1.7571 -0.476543 -0.179864 0.860556
1 23.6941 28.876 1.75802 -0.301821 -0.179408 0.936331
1 20.445 3.28253 1.76732 0.204609 -0.823551 0.529055
1 17.7982 10.0666 1.75942 0.127174 0.0701061 0.9894
1 18.908 7.35021 1.75541 0.43827 0.222678 0.870824
1 0.944801 11.6114 1.75918 0.112481 0.143547 0.98323
1 30.3272 2.31694 1.76899 -0.322971 0.69502 0.642368
1 30.1124 1.04745 1.74662 -0.0902823 0.646308 0.757717
1 22.3498 19.0339 1.61146 -0.0582036 0.549399 -0.833531
1 7.3335 5.75503 1.60881 0.273118 0.278364 -0.920826
1 31.6283 8.09325 1.62549 0.640912 0.387236 -0.662781
1 10.3298 17.3136 1.61113 0.170965 -0.222499 -0.959826
1 0.684414 7.73304 1.77556 -0.543066 0.19128 0.817613
1 18.1625 11.907 1.75571 -0.0315485 0.111673 0.993244
1 16.8187 31.6231 1.75978 0.172076 -0.00622392 0.985064
1 34.1663 18.3277 1.75676 0.358092 -0.367622 0.858268
1 13.22 25.1425 1.60922 0.328378 0.520598 -0.788128
1 23.0281 16.0466 1.75396 0.582407 -0.494928 0.644863
1 31.8373 15.4602 1.75801 -0.626335 -0.429972 0.650253
1 15.329 22.9138 1.60808 -0.0154594 0.129436 -0.991467
1 5.66145 13.492 1.61528 -0.212468 0.505481 -0.836269
1 22.774 6.12881 1.63953 -0.396919 0.505452 -0.766142
1 9.11405 15.9182 1.60691 0.0541631 -0.0423 -0.997636
1 6.67117 34.3456 1.6215 -0.489454 0.15982 -0.857258
1 25.497 26.8167 1.75999 0.115169 0.111749 0.98704
1 14.4878 16.1477 1.76719 -0.516944 -0.57285 0.636091
1 25.1875 14.1193 1.62859 0.660849 0.0577047 -0.748297
1 3.25415 28.8464 1.75835 -0.17585 -0.62485 0.760684
1 7.50237 32.5024 1.61524 -0.803673 0.0236156 -0.594603
1 27.2046 25.7882 1.75754 0.30874 0.413427 0.856597
1 10.9177 8.42074 1.61355 0.710875 -0.135652 -0.690112
1 20.9864 7.15039 1.77387 0.329754 0.737753 0.589052
1 14.7966 13.1181 1.73726 -0.165176 -0.419812 0.892454
1 26.477 24.2567 1.76094 0.653469 0.216332 0.725382
1 21.0415 34.4182 1.72987 -0.214589 0.607442 0.764831
1 32.2038 3.00634 1.60972 -0.268671 0.389329 -0.881044
1 5.40955 20.0888 1.75384 0.178416 0.615099 0.767998
1 2.57232 29.7553 1.7527 -0.282472 -0.757494 0.588568
1 23.3561 22.1157 1.61485 0.529271 0.331587 -0.780975
1 28.6002 23.4615 1.61318 0.727403 -0.147455 -0.670181
1 1.49528 28.8559 1.60731 0.00666143 -0.727777 -0.685782
1 9.33428 24.0192 1.75542 0.588325 0.238578 0.772628
1 17.7091 29.0433 1.75276 0.540805 0.0697065 0.838255
1 28.4777 1.92377 1.75636 -0.208917 0.358116 0.910003
1 18.4581 9.29738 1.76196 0.214976 0.184277 0.959076
1 16.0181 18.5764 1.60714 -0.755048 -0.0235216 -0.655247
1 30.8975 20.4585 1.65319 0.238182 -0.608382 -0.75706
1 3.04652 21.212 1.76177 -0.0921026 0.219257 0.97131
1 29.528 14.982 1.63004 -0.667688 -0.212492 -0.71347
1 32.5515 6.4282 1.60843 0.331666 0.305966 -0.892403
1 28.1309 18.5837 1.60792 -0.0778605 -0.137131 -0.987488
1 29.3983 27.3896 1.61213 -0.0367211 0.635478 -0.771245
1 3.4975 13.844 1.75076 -0.283301 0.597945 0.749801
1 18.1574 19.8321 1.60671 -0.545676 -0.346214 -0.763134
1 31.6656 17.8636 1.60632 -0.20476 -0.656487 -0.726016
1 15.959 32.2344 1.76069 0.0870557 -0.10347 0.990815
1 7.64029 18.206 1.60962 0.327377 0.256299 -0.90947
1 34.0814 25.8534 1.60954 -0.417824 -0.29971 -0.85767
1 32.9491 12.4189 1.7598 0.00671943 -0.258376 0.966021
1 1.7677 17.752 1.75647 0.551369 0.0580628 0.832238
1 25.8575 15.7834 1.66072 -0.679378 0.238997 -0.693776
1 11.2972 26.9944 1.75573 0.0645544 0.584549 0.808786
1 14.4066 21.3035 1.61093 -0.264733 0.281987 -0.922171
1 5.70089 18.5651 1.61658 0.436907 0.666272 -0.604312
1 9.42069 16.9921 1.61029 0.151268 -0.0716033 -0.985896
1 17.23 11.0519 1.75921 0.0343919 -0.0132313 0.999321
1 12.9512 14.3817 1.61722 -0.168159 -0.795617 -0.581994
1 7.69671 31.6227 1.75555 -0.72641 0.0748397 0.683174
1 23.4591 3.5253 1.76084 -0.341316 -0.407322 0.847108
1 0.14351 3.31814 1.60971 -0.240468 -0.0843525 -0.966985
1 0.591836 28.6794 1.6314 0.0401171 -0.551793 -0.833016
1 11.7277 34.5695 1.62364 -0.4323 -0.685946 -0.585316
1 31.3357 6.23082 1.60806 0.314366 0.521462 -0.793254
1 27.6155 3.58825 1.74491 -0.510679 0.167878 0.843222
1 31.0548 5.03134 1.60739 0.0457357 0.595142 -0.802318
1 11.2978 6.31617 1.61097 0.357025 -0.269986 -0.894226
1 24.3601 33.6058 1.75803 0.396551 -0.365942 0.841923
1 33.6137 6.3045 1.60821 0.307835 0.132763 -0.942131
1 9.41682 11.1381 1.61179 -0.501378 -0.166259 -0.849104
1 0.59409 17.7981 1.75328 0.542429 -0.16282 0.824173
1 1.13324 21.2381 1.76009 -0.124435 -0.0960581 0.987567
1 15.3879 25.3624 1.60616 0.396798 0.143763 -0.906578
1 17.6203 14.5075 1.75841 -0.266863 0.0172883 0.963579
1 31.2634 13.4196 1.75683 -0.181947 -0.513195 0.838765
1 20.5871 19.6653 1.6087 0.145128 0.751902 -0.643102
1 27.5905 1.59696 1.75912 -0.146372 0.196419 0.969533
1 5.94535 28.7169 1.75782 -0.159886 -0.198048 0.967064
1 19.8365 1.66579 1.74446 -0.411749 0.399157 0.819229
1 15.6146 29.3402 1.74632 0.471397 -0.185111 0.862275
1 28.9448 6.22957 1.61313 -0.50251 -0.439131 -0.744747
1 0.299214 14.1671 1.75848 -0.343348 0.0758685 0.936139
1 15.185 32.8977 1.75785 -0.0125067 -0.193282 0.981063
1 34.6099 6.07346 1.61026 0.248214 -0.0378436 -0.967966
1 1.84677 21.9459 1.75822 -0.255996 0.0295307 0.966227
1 12.9818 30.28 1.74593 0.350651 -0.523325 0.776643
1 30.7223 18.0041 1.61884 -0.172411 -0.514666 -0.839877
1 3.50225 0.33514 1.61358 -0.282503 0.668999 -0.687483
1 10.0662 16.1401 1.60988 0.0719756 -0.197202 -0.977717
1 0.525663 16.8981 1.7111 0.733098 -0.101183 0.672554
1 29.4815 3.42754 1.7525 -0.510424 0.472568 0.718434
1 23.9982 10.6969 1.6097 0.113037 0.303342 -0.946153
1 22.9282 30.4721 1.75094 -0.548922 -0.417178 0.724325
1 28.4216 4.26383 1.7671 -0.720026 0.178587 0.670574
1 29.1193 21.2265 1.60864 0.353533 -0.26832 -0.896113
1 7.00823 2.69702 1.60883 -0.0454956 0.184734 -0.981735
1 9.63101 27.9735 1.75786 -0.0736882 0.342219 0.936726
1 33.0829 26.2006 1.60932 -0.337519 -0.1113 -0.934716
1 4.44193 0.702626 1.60827 -0.269836 0.495357 -0.825718
1 11.8575 2.31487 1.61162 -0.213851 -0.52578 -0.8233
1 21.2114 20.9393 1.61554 0.366838 0.617657 -0.695651
1 18.9151 24.2319 1.61507 0.222872 -0.473076 -0.852366
1 6.28097 16.4366 1.61066 0.119891 0.431669 -0.894029
1 13.1603 0.0652966 1.74807 -0.2893 -0.486601 0.824333
1 17.2592 12.2528 1.75723 -0.0555799 -0.0201354 0.998251
1 24.2171 30.8863 1.73623 -0.708756 -0.113515 0.69626
1 19.7997 30.2471 1.75275 0.390632 0.362827 0.846028
1 2.93727 12.8107 1.74716 -0.116894 0.52496 0.843062
1 21.2017 14.0633 1.7585 -0.0854068 0.658802 0.747453
1 21.4464 3.32747 1.75668 0.109999 -0.69565 0.709909
1 21.4279 31.9275 1.75211 0.171687 0.637203 0.751329
1 12.7643 23.9714 1.6073 0.142963 0.601727 -0.785803
1 10.9499 12.7653 1.61479 -0.255154 -0.407637 -0.876771
1 16.8108 2.74362 1.75055 -0.55936 -0.0451857 0.827693
1 29.6748 16.1392 1.61325 -0.483594 -0.323211 -0.813432
1 23.8998 31.8686 1.58806 -0.766336 0.218702 -0.604069
1 14.5138 12.0285 1.75245 -0.0530765 -0.451519 0.890682
1 30.9835 22.1072 1.60949 0.425913 -0.558436 -0.711862
1 14.5199 1.93025 1.74976 -0.482938 -0.347449 0.803772
1 30.7454 6.95892 1.63489 0.452763 0.616802 -0.643864
1 14.5879 18.6977 1.61603 -0.666802 0.304022 -0.680401
1 6.99871 10.4434 1.60436 -0.587326 0.227146 -0.776823
1 11.8102 28.022 1.75691 -0.153717 0.630431 0.760873
1 26.6971 6.47372 1.61273 -0.418963 -0.160108 -0.893776
1 28.4093 15.2181 1.74144 -0.616909 -0.0142064 -0.786906
1 6.72111 13.2646 1.61185 -0.256899 0.304516 -0.917209
1 19.1349 0.958332 1.75416 -0.29913 0.302936 0.904848
1 20.9252 23.3406 1.61386 0.0192261 -0.804132 -0.59414
1 33.2812 4.5652 1.60826 -0.0156453 0.184746 -0.982662
1 23.5446 11.8121 1.6124 0.235508 0.355448 -0.90454
