1 16.7483 32.6195 1.75983 0.0534171 -0.0498098 0.997329
1 24.7572 15.6604 1.62159 -0.681355 0.222017 -0.69747
1 20.2627 15.4139 1.75767 -0.287018 0.487813 0.824414
1 27.665 20.1814 1.60855 0.147791 -0.108539 -0.983045
1 5.96099 25.7377 1.75615 0.330666 -0.279864 0.901297
1 20.9644 8.53611 1.76362 0.302511 0.731157 0.611471
1 13.2345 22.1695 1.61627 -0.0908079 0.505036 -0.858308
1 29.1389 18.61 1.60876 -0.0968713 -0.325957 -0.940409
1 10.0167 6.85973 1.61363 0.397486 0.00963991 -0.917558
1 2.76558 13.3984 1.75619 -0.116195 0.471347 0.87426
1 17.3814 17.2881 1.75108 -0.6787 0.029417 0.733827
1 33.0854 15.1896 1.75411 -0.438982 -0.193193 0.87748
1 24.4289 0.428713 1.75565 0.119624 -0.42719 0.896213
1 29.9498 13.4835 1.75688 -0.168641 -0.675565 0.717755
1 14.9339 22.125 1.60936 -0.109383 0.222841 -0.968699
1 25.3132 18.6593 1.60812 -0.120246 0.200345 -0.972318
1 16.6636 0.941208 1.75884 -0.315721 -0.0575866 0.947103
1 30.9782 18.3165 1.61286 -0.152389 -0.608228 -0.778997
1 30.4406 17.1943 1.62773 -0.343583 -0.515745 -0.78483
1 13.575 19.8129 1.62309 -0.448605 0.513096 -0.731769
1 14.658 30.1539 1.73987 0.381179 -0.369219 0.847573
1 17.4731 20.018 1.61032 -0.478086 -0.160624 -0.863501
1 17.883 30.2212 1.75508 0.382158 0.101061 0.918554
1 33.904 1.33106 1.67301 -0.30999 0.719999 0.620893
1 31.7651 1.7886 1.72462 -0.273355 0.424221 0.863315
1 25.0348 13.639 1.62516 0.625294 0.0451271 -0.779083
1 6.95747 10.769 1.60982 -0.444404 0.260836 -0.857012
1 8.92396 16.5555 1.61054 0.11598 0.0392264 -0.992477
1 5.62365 34.062 1.60563 -0.165984 -0.0620405 -0.984175
1 15.7033 14.8179 1.75453 -0.321052 -0.297949 0.898973
1 11.8307 12.2715 1.60338 -0.24799 -0.573708 -0.780615
1 9.03818 26.3995 1.75909 0.168478 0.168761 0.971151
1 10.9661 5.53711 1.60588 0.179782 -0.165175 -0.96974
1 15.6571 26.5399 1.60763 0.653208 0.14396 -0.743367
1 20.2386 10.5893 1.74781 0.182812 0.52817 0.829227
1 26.5404 26.2403 1.75776 0.268529 0.281933 0.921089
1 10.8123 8.43888 1.62174 0.721777 -0.0394381 -0.691001
1 2.54388 33.8643 1.60634 -0.356682 0.327842 -0.874813
1 17.4527 31.9686 1.75963 0.144628 0.0541976 0.988001
1 7.21928 18.7011 1.61591 0.36324 0.429807 -0.826633
1 1.95793 16.1068 1.75017 -0.689072 0.206258 0.694721
1 3.42563 19.8916 1.75628 0.205235 0.249748 0.946311
1 20.3347 22.8854 1.625 -0.0269633 -0.654305 -0.75575
1 16.725 15.3911 1.75218 -0.400601 -0.12408 0.907812
1 4.80907 11.7423 1.61578 -0.218642 0.65225 -0.725786
1 21.6492 28.682 1.74632 -0.208931 -0.61183 0.762897
1 21.1287 11.6534 1.73845 0.0506543 0.702428 0.70995
1 30.1132 12.0857 1.77736 0.119118 -0.722183 0.681368
1 28.3665 5.437 1.60998 -0.572178 -0.512466 -0.640305
1 3.3517 4.24628 1.60634 -0.16006 -0.34885 -0.923409
1 28.044 27.8613 1.76017 -0.0412788 0.560612 0.827049
1 3.54429 18.1983 1.7488 0.496148 0.30754 0.811946
1 12.0907 7.96352 1.61397 0.611537 -0.312616 -0.726838
1 12.3512 21.8628 1.60015 -0.130249 0.670986 -0.729941
1 21.8378 19.9197 1.60909 0.135755 0.654739 -0.743564
1 8.84966 29.4595 1.75613 -0.369819 0.146215 0.917526
1 32.3868 27.8541 1.60642 -0.0212497 0.0568561 -0.998156
1 28.2504 26.639 1.76331 0.122724 0.649425 0.750458
1 16.1204 16.982 1.75124 -0.634945 -0.217389 0.741341
1 5.3327 4.85132 1.60012 -0.0496411 -0.671045 -0.739753
1 7.44026 4.75109 1.60971 -0.0173591 0.41394 -0.910139
1 27.4356 25.7779 1.75647 0.298167 0.461035 0.835789
1 20.2066 11.7797 1.74499 0.0599723 0.513977 0.855705
1 33.7738 12.7397 1.75862 -0.0019617 -0.092869 0.995676
1 29.4434 25.19 1.60472 -0.351882 0.678005 -0.645359
1 2.40022 25.9816 1.77324 0.327496 -0.723183 0.608073
1 27.3173 5.78763 1.61412 -0.528069 -0.353295 -0.772221
1 20.9227 2.11471 1.67358 -0.492592 0.583256 0.645884
1 14.2217 20.491 1.61379 -0.374649 0.351431 -0.857983
1 33.0374 27.1021 1.60877 -0.137061 -0.0990053 -0.985602
1 31.8149 4.38181 1.61057 -0.180302 0.365525 -0.913172
1 5.76094 1.18576 1.60671 0.199136 -0.0519569 -0.978594
1 12.2646 4.61872 1.60857 0.0196329 -0.411432 -0.911229
1 18.3578 14.1497 1.75889 -0.188487 0.130577 0.973356
1 15.8186 32.8252 1.76119 0.0185587 -0.176533 0.98412
1 25.3029 24.7862 1.76407 0.546327 0.0350101 0.83684
1 18.4996 5.47932 1.74818 0.723965 0.181714 0.665473
1 25.621 26.6647 1.75892 0.198762 0.109323 0.973931
1 34.2596 13.5331 1.75751 -0.148628 -0.0176371 0.988736
1 9.91919 26.9457 1.75729 0.0757755 0.29679 0.951932
1 31.4917 0.0313275 1.75513 0.0975685 0.400038 0.91129
1 31.5398 25.9487 1.60765 -0.315457 0.153059 -0.936515
1 31.3486 27.6925 1.60722 -0.0719064 0.25166 -0.965141
1 21.5369 7.09657 1.60436 -0.0529684 0.73664 -0.674208
1 17.1456 30.9265 1.758 0.27759 0.00306734 0.960695
1 24.295 12.066 1.6037 0.357801 0.249621 -0.899815
1 7.43526 14.1242 1.60781 -0.117129 0.242439 -0.96307
1 23.5955 9.99081 1.61414 0.0638771 0.334919 -0.940079
1 30.7377 10.7372 1.74909 0.355453 -0.60984 0.708342
1 2.24684 12.5069 1.75806 0.0231373 0.358609 0.933201
1 27.3363 6.89458 1.61187 -0.329461 -0.350698 -0.876622
1 7.73875 33.9482 1.61773 -0.212089 -0.271453 -0.938793
1 23.8277 4.35683 1.61797 -0.696556 0.213157 -0.685109
1 20.0325 26.2578 1.76141 -0.391129 0.682486 0.617439
1 13.6129 10.3466 1.75305 0.114526 -0.645881 0.754799
1 8.37811 32.5598 1.62325 -0.504345 -0.296876 -0.810864
1 25.562 31.0249 1.74652 -0.582208 0.04841 0.811597
1 4.58663 21.4372 1.75804 -0.0789052 0.430332 0.899215
1 17.3685 4.49262 1.75758 -0.796497 -0.00396274 0.60463
1 25.1207 17.6664 1.61011 -0.294159 0.221602 -0.929711
1 0.214618 1.45394 1.61442 -0.0716005 0.732035 -0.677494
1 24.3375 25.318 1.7605 0.420124 -0.101709 0.901749
1 29.4193 19.6874 1.61112 0.0761471 -0.370941 -0.925529
1 12.8447 11.4675 1.68048 -0.0485955 -0.803275 0.593623
1 33.2431 13.5819 1.76074 -0.160494 -0.182282 0.970059
1 22.7514 13.0508 1.6131 0.475008 0.475882 -0.740205
1 0.909986 2.28132 1.68694 0.0670857 0.594748 -0.801108
1 30.9781 20.8946 1.62591 0.251773 -0.643572 -0.72279
1 22.7362 17.3089 1.61145 -0.354997 0.504728 -0.78691
1 1.79169 4.87547 1.60891 -0.0238361 -0.121017 -0.992364
1 29.3519 16.7998 1.61576 -0.390161 -0.326774 -0.86081
1 20.3525 13.8782 1.75447 -0.0899053 0.499056 0.861893
1 4.94053 3.68516 1.65185 -0.288958 -0.5765 -0.764298
1 15.8558 15.9142 1.7537 -0.471761 -0.274616 0.837871
1 15.8836 20.5866 1.61407 -0.358934 0.0691094 -0.930801
1 13.1446 16.423 1.59944 -0.0149345 -0.740412 -0.671987
1 8.0265 10.2298 1.61752 -0.585389 0.0677603 -0.807916
1 12.168 13.6931 1.62333 -0.228713 -0.59403 -0.771245
1 10.2847 30.9461 1.75132 -0.618249 0.336677 0.710223
1 18.3063 26.451 1.61257 0.640652 -0.223831 -0.734482
1 14.0429 1.67325 1.72962 -0.501319 -0.486698 0.715405
1 6.21108 29.4329 1.75876 -0.330383 -0.116669 0.936609
1 19.2027 10.663 1.75509 0.144477 0.312925 0.938725
1 21.7885 18.1148 1.61767 -0.208055 0.637356 -0.74195
1 25.5406 27.6179 1.75941 0.0273215 0.0976438 0.994846
1 26.1721 20.4433 1.6092 0.203171 0.0934742 -0.974671
1 15.5174 31.8372 1.7612 0.148784 -0.223829 0.963205
1 5.1699 17.5588 1.60942 0.383439 0.701907 -0.600251
1 28.3264 6.61204 1.61486 -0.370355 -0.529581 -0.763139
1 31.1388 1.04094 1.75648 -0.0910264 0.356313 0.929922
1 6.2256 27.5472 1.761 0.0144239 -0.186059 0.982433
1 11.2859 4.61828 1.60705 0.0186595 -0.233763 -0.972115
1 13.9223 14.47 1.73228 -0.25268 -0.593826 0.763887
1 13.9101 28.65 1.74777 0.648326 -0.415854 0.637761
1 10.9219 14.199 1.61582 -0.0768129 -0.347859 -0.934395
1 31.0351 11.8365 1.74373 0.157602 -0.538428 0.827802
1 8.3942 14.3403 1.60613 -0.0846846 0.0845151 -0.992817
1 34.0065 27.4571 1.6101 -0.087255 -0.284446 -0.954713
1 33.9937 15.8349 1.75398 -0.539169 -0.0635016 0.8398
1 9.30419 10.0259 1.63173 -0.641309 -0.139013 -0.754585
1 18.762 28.6373 1.75516 0.628476 0.221174 0.745721
1 30.5917 4.39394 1.60618 -0.198093 0.55044 -0.811034
1 29.383 6.58818 1.61722 -0.358056 -0.718394 -0.596411
1 28.3437 0.310913 1.76059 0.0528054 0.0553017 0.997072
1 20.2195 9.09692 1.74054 0.278449 0.563176 0.77801
1 7.3365 26.7193 1.75664 0.128798 -0.0726506 0.989006
1 7.82331 24.9817 1.75705 0.410431 -0.0145777 0.911775
1 28.1338 7.706 1.6187 -0.185866 -0.462942 -0.866683
1 17.1042 8.11323 1.7591 0.365449 -0.0537001 0.929281
1 21.9815 26.3538 1.73546 0.249337 -0.531149 0.80976
1 22.8901 10.9228 1.61025 0.10399 0.549478 -0.829011
1 9.15929 12.7029 1.60441 -0.242127 -0.0814825 -0.966817
1 21.2843 22.9225 1.60176 -0.182771 -0.797344 -0.575184
1 23.7736 33.3644 1.76076 0.494011 -0.450174 0.743839
1 5.34413 12.6931 1.62393 -0.146107 0.53596 -0.831504
1 10.0266 5.89494 1.60666 0.228308 -0.00141005 -0.973588
1 7.11522 17.3959 1.61131 0.224863 0.394833 -0.890811
1 19.8279 12.8043 1.74966 -0.033311 0.371904 0.927673
1 26.4518 27.3261 1.75798 0.0829716 0.27218 0.958662
1 4.90343 24.2137 1.74225 0.65158 -0.440941 0.617263
1 18.6144 16.89 1.76108 -0.556932 0.19569 0.807175
1 10.1603 22.9785 1.74629 0.700164 0.3316 0.632307
1 9.51685 33.1121 1.62058 -0.420105 -0.476647 -0.772217
1 2.86765 15.3229 1.76002 -0.469091 0.360579 0.806186
1 25.5284 6.82147 1.60621 -0.342143 -0.0388128 -0.938846
1 26.8433 32.7177 1.74037 0.508406 -0.23012 0.8298
1 13.3495 17.8963 1.61116 0.221354 -0.730026 -0.646579
1 12.3085 18.5617 1.61738 0.326657 -0.539961 -0.775718
1 4.19536 10.1811 1.78916 -0.0857708 0.878805 0.469409
1 18.272 10.2373 1.76184 0.138413 0.134694 0.981172
1 23.7567 16.5359 1.60855 -0.520554 0.368235 -0.770342
1 11.0613 6.48323 1.60733 0.356064 -0.17284 -0.918338
1 27.0269 9.06772 1.60905 0.00135781 -0.243171 -0.969982
1 9.62803 15.8134 1.60855 0.0518754 -0.0905007 -0.994544
1 4.98419 10.429 1.61134 -0.406044 0.593996 -0.694476
1 17.4901 2.56693 1.75354 -0.536563 0.0161906 0.843705
1 31.352 3.51344 1.58886 -0.36858 0.393148 -0.842368
1 2.48498 32.7737 1.61217 -0.550378 0.393765 -0.736229
1 27.4789 12.8674 1.61887 0.586124 -0.32602 -0.741734
1 0.054034 17.9328 1.74852 0.55275 -0.218466 0.804202
1 10.6499 2.94823 1.60805 -0.282195 -0.157168 -0.946396
1 26.3876 6.26307 1.6119 -0.433632 -0.202223 -0.878105
1 1.35819 28.0651 1.61537 0.0444212 -0.663497 -0.746859
1 27.3231 24.5734 1.75311 0.488858 0.414108 0.76781
1 9.4719 23.7155 1.7526 0.591133 0.230962 0.772799
1 7.8672 11.2405 1.60991 -0.422263 0.103559 -0.900538
1 17.5196 1.59139 1.75744 -0.397749 0.0482021 0.916227
1 4.545 20.2578 1.75917 0.142941 0.426101 0.893312
1 7.1729 19.8709 1.61626 0.522457 0.396266 -0.754991
1 10.4877 16.3507 1.60712 0.0679163 -0.235461 -0.969508
1 33.5962 29.4369 1.60944 0.222086 -0.116764 -0.96801
1 27.3488 26.992 1.75623 0.124849 0.451146 0.883674
1 20.9644 27.6957 1.60422 0.067056 0.721721 -0.688929
1 5.44715 26.9741 1.76538 0.127569 -0.318694 0.939234
1 24.5034 10.3922 1.60772 0.137631 0.191172 -0.97186
1 27.8155 28.9829 1.75876 -0.232103 0.446053 0.864387
1 22.5642 4.90467 1.62126 -0.550971 0.451047 -0.702131
1 33.1005 34.1572 1.76164 0.078869 0.624388 0.777122
1 14.0626 22.7199 1.61114 -0.0168442 0.368304 -0.929553
1 16.6425 13.2102 1.75936 -0.124071 -0.125492 0.984306
1 14.92 24.2197 1.61173 0.220692 0.246571 -0.943662
1 8.03684 6.47077 1.61301 0.307894 0.311677 -0.898921
1 33.2086 5.59293 1.60626 0.0904479 0.202456 -0.975105
1 9.73887 3.32915 1.60798 -0.228108 0.019126 -0.973448
1 31.1955 5.23384 1.6042 0.000953662 0.463057 -0.886328
1 8.90849 31.0491 1.75762 -0.711304 0.131596 0.690455
1 5.37543 2.11184 1.60176 0.374748 0.0178944 -0.926954
1 24.5464 7.10319 1.61076 -0.279996 0.129718 -0.951197
1 4.68233 18.4131 1.75419 0.475722 0.519493 0.7098
1 23.6392 7.57068 1.61108 -0.189595 0.292534 -0.937271
1 8.16467 19.4716 1.61233 0.455075 0.225796 -0.86135
1 0.0253481 26.6017 1.6082 -0.234205 -0.416935 -0.878244
1 0.629707 22.1835 1.759 -0.251662 -0.181258 0.95069
1 5.52884 8.05111 1.75804 0.486279 -0.74084 0.463346
1 33.7367 14.4683 1.76062 -0.315455 -0.104333 0.943188
1 33.6462 26.3106 1.61095 -0.259948 -0.239054 -0.935564
1 18.1981 8.15292 1.75898 0.35738 0.145971 0.922481
1 24.721 21.3575 1.61209 0.377075 0.266222 -0.887097
1 18.8415 30.7042 1.76071 0.309599 0.246575 0.91834
1 26.1266 28.3919 1.75732 -0.107306 0.199138 0.974079
1 19.5004 1.32585 1.75494 -0.351346 0.339013 0.872712
1 34.4004 9.23818 1.75295 0.716257 0.0449443 0.696388
1 32.5352 14.2382 1.75727 -0.297613 -0.293153 0.908564
1 27.9552 10.9065 1.6187 0.296294 -0.371027 -0.880084
1 22.4963 19.03 1.61333 -0.0226541 0.565782 -0.824244
1 26.127 17.9481 1.61061 -0.233975 0.0831873 -0.968677
1 12.2375 32.4805 1.75311 0.0516717 -0.74032 0.670265
1 9.80277 7.79376 1.618 0.545226 0.0207859 -0.838032
1 1.29296 17.984 1.74133 0.531643 -0.0705211 0.844028
1 21.965 8.60046 1.60995 -0.0119436 0.671318 -0.741073
1 8.82892 17.5877 1.61057 0.24123 0.0667327 -0.968171
1 20.444 32.6207 1.7566 0.080898 0.457877 0.885327
1 25.6026 29.2855 1.75903 -0.271366 0.094214 0.957854
1 6.36756 22.3438 1.76626 -0.552138 0.576822 0.602013
1 34.5826 5.39886 1.60464 0.0670628 0.105315 -0.992175
1 28.9599 22.2159 1.61125 0.448585 -0.306454 -0.839558
1 7.78841 3.71211 1.61058 -0.226409 0.388427 -0.893232
1 9.70304 2.36592 1.60781 -0.393675 0.0513455 -0.917815
1 0.878482 32.9143 1.75765 -0.703864 0.50708 0.497439
1 30.4981 0.241166 1.75707 0.0869507 0.271996 0.958362
1 18.3098 11.3151 1.7596 0.0368695 0.162882 0.985956
1 4.37382 27.2243 1.75485 0.0704384 -0.451973 0.889246
1 13.8972 15.8048 1.74809 -0.373853 -0.714261 0.591663
1 1.85378 1.91229 1.63728 0.142432 0.41594 -0.898169
1 26.4278 7.33587 1.61071 -0.266141 -0.182774 -0.946447
1 10.2297 4.91217 1.60648 0.0551861 -0.0475658 -0.997342
1 29.2112 21.1284 1.60674 0.284201 -0.344599 -0.894696
1 12.7131 14.9722 1.60633 -0.123893 -0.704197 -0.699112
1 2.41752 11.3983 1.75516 0.223343 0.387644 0.894343
1 17.6391 22.5793 1.60822 -0.0360599 -0.186482 -0.981796
1 16.4372 1.88992 1.75143 -0.447076 -0.119329 0.886501
1 15.0459 25.2641 1.60936 0.386904 0.25893 -0.88502
1 19.2555 11.7173 1.75487 0.0334938 0.331366 0.942908
1 10.9051 25.4044 1.75589 0.330736 0.459669 0.824208
1 26.1546 30.1229 1.75929 -0.433645 0.166607 0.885547
1 20.9457 29.5718 1.73842 0.472713 0.654251 0.590338
1 14.9381 29.1003 1.75981 0.55414 -0.2823 0.783093
1 2.11949 30.585 1.61692 -0.134126 -0.887594 -0.440666
1 32.7545 1.97063 1.73093 -0.409489 0.527989 0.744007
1 7.78266 0.594758 1.60666 0.0616083 -0.338305 -0.939018
1 33.3179 32.2605 1.60672 0.659418 -0.0299248 -0.75118
1 28.742 15.8472 1.61267 -0.549562 -0.205015 -0.809908
1 10.8136 11.8392 1.60968 -0.316622 -0.384667 -0.867053
1 27.0511 21.0041 1.60962 0.28167 -0.0247438 -0.959192
1 34.5558 3.38495 1.60922 -0.397686 -0.075407 -0.914418
1 1.76464 13.5007 1.7577 -0.141417 0.298988 0.94372
1 11.239 19.0825 1.63101 0.402179 -0.35818 -0.84259
1 27.6537 1.05379 1.76114 -0.098079 -0.0184124 0.995008
1 25.9552 16.0499 1.62835 -0.55132 0.0965279 -0.828691
1 32.2082 0.728587 1.737 -0.0775255 0.496978 0.864293
1 3.53214 26.4582 1.74783 0.234942 -0.581923 0.778568
1 27.8326 22.236 1.61041 0.472299 -0.13838 -0.870508
1 31.8642 29.7374 1.60986 0.27171 0.220054 -0.936883
1 14.3956 0.768976 1.74548 -0.384956 -0.394498 0.834374
1 20.5311 7.027 1.7713 0.460723 0.648794 0.605641
1 4.24012 16.2276 1.60808 0.20042 0.778844 -0.594335
1 2.89809 29.9723 1.75291 -0.429912 -0.545098 0.719752
1 13.2355 4.76813 1.61122 0.000762814 -0.581902 -0.813259
1 15.9464 0.188953 1.76227 -0.22122 -0.155459 0.962754
1 9.99208 9.26377 1.63664 -0.801311 -0.15059 -0.578985
1 16.8034 24.1025 1.60805 0.216491 -0.0436953 -0.975306
1 3.53157 25.1202 1.76337 0.527633 -0.573616 0.626553
1 33.4228 18.2706 1.75468 0.483138 -0.444073 0.75457
1 12.7815 28.0682 1.75116 -0.234651 0.705867 0.668349
1 9.47999 4.29311 1.60773 -0.0676514 0.0747207 -0.994907
1 3.78854 20.8381 1.75728 0.0375201 0.301611 0.952693
1 7.28674 22.9078 1.74694 0.737804 -0.215141 0.639813
1 25.4057 10.0842 1.60689 0.102702 0.0427609 -0.993793
1 11.9218 25.2591 1.743 0.336378 0.64688 0.684395
1 1.99205 7.63224 1.60492 0.460981 -0.0609086 -0.885317
1 25.458 23.0904 1.6364 0.724053 0.0815536 -0.684906
1 28.6344 20.3463 1.60922 0.175278 -0.245399 -0.953445
1 30.1242 18.9301 1.61994 -0.0343137 -0.487038 -0.872706
1 31.3293 6.29904 1.60846 0.231479 0.466183 -0.853868
1 6.88809 11.8354 1.61207 -0.305673 0.269842 -0.913099
1 8.58577 2.64133 1.60996 -0.355673 0.279989 -0.891686
1 16.8995 20.8143 1.61245 -0.324372 -0.0834228 -0.942244
1 5.16774 29.0071 1.75745 -0.257604 -0.277286 0.92561
1 29.1804 26.7887 1.59772 -0.184368 0.777004 -0.601892
1 33.2905 28.2664 1.60865 0.0396916 -0.112592 -0.992848
1 22.4626 21.0615 1.6093 0.331486 0.54213 -0.772148
1 1.77951 8.63852 1.62432 0.718679 0.0441691 -0.693938
1 14.9825 21.0738 1.61124 -0.274148 0.217428 -0.936786
1 27.0996 28.1579 1.75578 -0.0665974 0.3794 0.922833
1 17.5191 21.6035 1.60805 -0.197823 -0.174914 -0.964506
1 22.3246 22.8509 1.78692 -0.665386 -0.473213 0.577349
1 26.2609 8.34197 1.60783 -0.121706 -0.136591 -0.983123
1 19.2043 31.7183 1.75912 0.181585 0.297858 0.937181
1 16.4844 31.6773 1.75762 0.168512 -0.0902535 0.981559
1 30.1821 5.52063 1.61128 0.0636881 0.615051 -0.785911
1 5.33402 30.0143 1.75708 -0.452014 -0.212064 0.866437
1 22.2767 32.4885 1.74685 0.0936535 0.729536 0.6775
1 31.3687 32.7947 1.75557 0.500883 0.432292 0.749827
1 6.38876 26.5716 1.76037 0.179568 -0.199425 0.96332
1 28.1042 21.247 1.61032 0.321297 -0.16582 -0.932348
1 27.0986 1.88741 1.75967 -0.263766 -0.0637822 0.962476
1 27.3167 10.0568 1.60242 0.142487 -0.28208 -0.948751
1 33.8996 10.1494 1.75235 0.489123 -0.0227281 0.871919
1 31.8588 19.5592 1.6198 0.133772 -0.806695 -0.575629
1 18.6858 24.9749 1.61388 0.358208 -0.348207 -0.866279
1 31.2548 7.89724 1.60878 0.581713 0.452395 -0.67598
1 15.8164 22.635 1.60779 -0.0276772 0.0901784 -0.995541
1 17.2988 19.0467 1.61715 -0.67121 -0.131989 -0.729422
1 5.89086 11.6099 1.61488 -0.300416 0.445887 -0.84317
1 14.9236 8.48897 1.75448 0.328757 -0.424348 0.843711
1 21.861 31.0658 1.72552 0.354523 0.693566 0.627121
1 16.8249 29.9586 1.75687 0.411656 -0.0595484 0.909392
1 1.3193 10.7882 1.75132 0.347225 0.22547 0.910274
1 30.8704 31.2139 1.61585 0.577084 0.44901 -0.682176
1 27.4783 2.83937 1.76018 -0.4644 -0.0251227 0.885269
1 12.7949 31.0612 1.74573 0.275239 -0.652011 0.706488
1 2.92873 8.16646 1.62148 0.503071 -0.172288 -0.846898
1 29.9938 16.0243 1.6143 -0.516205 -0.404577 -0.754884
1 1.80137 3.33827 1.67967 -0.288438 -0.0572249 -0.955787
1 19.2046 15.9122 1.76068 -0.397526 0.305442 0.865262
1 29.6575 30.3108 1.61417 0.404768 0.592832 -0.696213
1 33.1512 0.789473 1.76662 -0.174774 0.623725 0.761853
1 25.2841 5.90265 1.61289 -0.484845 -0.0307916 -0.874058
1 28.3257 25.3019 1.76181 0.290255 0.655259 0.697415
1 18.8807 4.23627 1.75345 -0.729408 0.205255 0.652559
1 3.40849 28.964 1.75519 -0.210351 -0.557976 0.802755
1 15.5952 9.29125 1.75737 0.212405 -0.314118 0.925318
1 10.3943 15.131 1.60905 -0.016928 -0.223118 -0.974644
1 2.25933 10.336 1.74958 0.427535 0.364025 0.827465
1 10.6487 24.2707 1.76344 0.514954 0.466621 0.719088
1 34.4214 7.2722 1.61228 0.439265 0.14406 -0.886732
1 12.7603 9.645 1.75107 0.173171 -0.783902 0.596247
1 26.7803 19.7383 1.60896 0.0794752 0.0191347 -0.996653
1 15.7646 12.6278 1.75899 -0.0801767 -0.279375 0.956829
1 5.64746 33.1138 1.61906 -0.357859 -0.0662631 -0.931422
1 14.7564 12.3631 1.74746 -0.156097 -0.478467 0.86412
1 29.5016 0.506785 1.75895 0.0432347 0.154656 0.987022
1 31.8513 12.2885 1.7593 0.0830323 -0.397668 0.913764
1 10.6272 32.6748 1.61498 -0.42448 -0.627371 -0.652857
1 13.2373 32.1164 1.755 0.0935744 -0.584243 0.806166
1 20.4696 33.7378 1.75697 -0.0753384 0.462147 0.883598
1 13.0567 7.04 1.61945 0.453153 -0.518204 -0.725339
1 20.784 30.7233 1.74494 0.339208 0.528117 0.77848
1 13.0702 13.2135 1.72746 -0.225456 -0.81067 0.540355
1 14.5244 18.9687 1.60823 -0.593773 0.286354 -0.751955
1 4.51643 13.7973 1.60762 -0.172418 0.809964 -0.560562
1 14 13.0157 1.76276 -0.201185 -0.638733 0.74266
1 2.57086 27.2868 1.74585 0.0747582 -0.690637 0.719327
1 28.9642 31.2845 1.76698 0.762976 0.0840108 0.640944
1 9.74212 17.0584 1.61056 0.153972 -0.0981789 -0.983185
1 10.1279 1.09981 1.60331 -0.571542 -0.00845501 -0.820529
1 1.46333 33.7097 1.60926 -0.396051 0.490298 -0.776371
1 27.9881 8.76618 1.61261 -0.0176542 -0.399759 -0.91645
1 29.4775 23.0897 1.60614 0.537544 -0.431924 -0.724215
1 27.8137 31.8959 1.75684 0.652898 -0.110124 0.749398
1 6.85723 2.74409 1.61449 0.469051 -0.315949 -0.824723
1 11.668 26.4355 1.7536 0.144816 0.574235 0.805781
1 17.9582 18.1363 1.7569 -0.831286 0.0640281 0.552145
1 3.19624 12.1257 1.76054 0.054644 0.506465 0.860527
1 14.5861 6.79401 1.74936 0.514756 -0.578494 0.632749
1 25.2931 8.7467 1.6069 -0.0606247 0.0261559 -0.997818
1 1.78452 0.117132 1.6061 -0.202043 0.419783 -0.884851
1 25.407 7.7725 1.60819 -0.203801 -0.0063065 -0.978992
1 11.3579 30.1269 1.75863 -0.475622 0.556416 0.681312
1 7.99496 17.0193 1.60852 0.187539 0.213841 -0.958698
1 20.774 24.2131 1.61043 0.156941 -0.720664 -0.675287
1 10.3642 20.9355 1.60639 0.660191 -0.236751 -0.712809
1 8.79003 3.59036 1.61113 -0.201788 0.19544 -0.959732
1 33.2196 25.3152 1.61527 -0.454307 -0.220624 -0.863093
1 4.33341 4.51592 1.60382 -0.123735 -0.511398 -0.850389
1 17.6099 8.97187 1.76034 0.243332 0.0338066 0.969354
1 24.4605 8.17641 1.60821 -0.134669 0.15454 -0.978765
1 25.5054 3.20111 1.7558 -0.50923 -0.269207 0.817442
1 14.9475 23.1877 1.60874 0.0570123 0.232064 -0.971028
1 0.714635 13.5082 1.75933 -0.146894 0.136055 0.979751
1 25.0809 28.446 1.76028 -0.119151 0.0111605 0.992813
1 23.703 13.9174 1.62313 0.656507 0.234111 -0.71707
1 24.3045 18.4912 1.60968 -0.156581 0.333985 -0.929482
1 14.9593 0.0281173 1.75622 -0.253928 -0.304321 0.918101
1 26.2119 13.0391 1.61684 0.54712 -0.12152 -0.828186
1 24.9225 11.3302 1.60765 0.274794 0.142593 -0.950871
1 18.136 20.87 1.60891 -0.335267 -0.27247 -0.901863
1 34.0645 24.7576 1.61277 -0.60453 -0.352305 -0.71444
1 29.8177 2.88706 1.76093 -0.488771 0.293719 0.821482
1 3.24167 10.913 1.72367 0.250334 0.551593 0.795662
1 8.15286 27.9687 1.76089 -0.0813294 0.0653264 0.994544
1 28.0199 32.8721 1.75676 0.476742 -0.0592072 0.877047
1 8.62577 33.5639 1.60457 -0.307278 -0.36585 -0.878484
1 3.33176 14.2649 1.74881 -0.269925 0.533112 0.801831
1 1.08141 26.7596 1.6143 -0.176691 -0.611397 -0.771346
1 26.0319 12.0712 1.61367 0.391513 -0.0699434 -0.91751
1 23.3266 25.8307 1.76047 0.340731 -0.28366 0.896348
1 2.82 3.28726 1.63057 -0.328359 -0.23025 -0.91606
1 5.14287 27.9572 1.76004 -0.0607691 -0.311091 0.948435
1 21.2703 13.3601 1.75517 0.0828967 0.623857 0.777129
1 24.5744 5.13152 1.61364 -0.615571 0.0622479 -0.785619
1 3.90571 23.7428 1.68064 -0.628971 0.342216 0.698057
1 31.9702 15.0269 1.7499 -0.471018 -0.377042 0.797484
1 29.4478 11.2866 1.61465 0.349168 -0.714126 -0.606717
1 25.3358 4.31167 1.62242 -0.788134 -0.0916313 -0.608645
1 19.2382 8.47048 1.75584 0.336282 0.347221 0.875415
1 15.5472 1.05909 1.75323 -0.353926 -0.21765 0.909596
1 32.5373 3.5752 1.60128 -0.369837 0.241707 -0.897106
1 9.85083 25.8335 1.75636 0.260304 0.285365 0.922393
1 3.84501 31.9336 1.77126 0.697815 -0.157914 0.698655
1 25.5945 22.1826 1.61952 0.540727 0.131288 -0.83089
1 9.0994 27.4832 1.75889 -0.0135069 0.181681 0.983265
1 33.7591 19.8792 1.75889 0.167278 -0.444049 0.880249
1 30.0074 33.9378 1.76038 0.283395 0.232955 0.930279
1 0.197537 19.6772 1.75967 0.195342 -0.253647 0.947367
1 16.9667 26.441 1.6154 0.623757 -0.0386368 -0.780663
1 8.00524 28.9344 1.7562 -0.230688 0.0719915 0.970361
1 27.1743 11.9604 1.61305 0.446668 -0.268084 -0.853592
1 14.755 33.6251 1.7569 -0.117135 -0.336632 0.934322
1 32.8445 16.1675 1.76236 -0.622915 -0.207561 0.754251
1 18.5112 21.8612 1.6109 -0.159935 -0.333494 -0.929087
1 31.9347 30.7765 1.61035 0.457402 0.245844 -0.854602
1 32.094 25.0716 1.61169 -0.464047 0.0171657 -0.885644
1 14.2089 4.67121 1.60841 -0.112984 -0.729727 -0.674339
1 19.9648 28.3037 1.75693 0.64637 0.460689 0.608253
1 22.2282 11.8194 1.60773 0.235397 0.670367 -0.703702
1 25.1163 20.4577 1.60911 0.204597 0.230893 -0.951225
1 34.3276 32.6156 1.77579 -0.669476 0.276741 0.68936
1 32.6624 29.0988 1.60902 0.162893 0.0501883 -0.985366
1 10.8794 28.5359 1.75505 -0.202316 0.423989 0.882781
1 1.61114 22.3543 1.75613 -0.26809 -0.00886291 0.963353
1 33.322 7.46825 1.62721 0.487408 0.279043 -0.827387
1 0.0461038 10.9542 1.76116 0.345788 0.0782793 0.935042
1 30.2481 31.9587 1.7608 0.673027 0.29825 0.676817
1 19.3839 17.6655 1.75754 -0.654113 0.280892 0.702307
1 16.8624 6.37045 1.75464 0.609925 -0.0832462 0.788075
1 4.0579 0.363936 1.60659 -0.0454351 0.151606 -0.987396
1 30.9675 25.0716 1.60891 -0.408991 0.270274 -0.871595
1 28.1656 2.04306 1.75972 -0.30154 0.0644604 0.951272
1 23.7064 8.88298 1.61632 -0.0610607 0.306189 -0.95001
1 29.0548 9.04124 1.61306 0.0231884 -0.586245 -0.809802
1 24.669 26.2094 1.75679 0.261487 -0.0614487 0.963249
1 26.8031 30.9282 1.7527 -0.61567 0.240496 0.750408
1 16.0548 30.7805 1.75765 0.289719 -0.158111 0.943962
1 2.36043 4.13212 1.60954 -0.166641 -0.184988 -0.968509
1 10.2858 10.7661 1.6098 -0.489932 -0.2742 -0.827515
1 3.29964 21.6828 1.75944 -0.115232 0.235616 0.964991
1 19.899 5.63606 1.76791 0.651927 0.485024 0.582875
1 3.76528 17.2444 1.7711 0.636372 0.429915 0.640471
1 17.9242 13.0943 1.75739 -0.096138 0.0539876 0.993903
1 21.0714 10.0559 1.74726 0.128333 0.738479 0.661951
1 5.83613 9.33094 1.60485 -0.600482 0.409842 -0.686623
1 8.9639 10.8981 1.61683 -0.497995 -0.0853703 -0.862968
1 16.3445 2.86251 1.75014 -0.567109 -0.184864 0.802628
1 34.5658 29.676 1.611 0.261449 -0.291149 -0.920259
1 9.07143 1.62065 1.61546 -0.503898 0.214846 -0.836617
1 34.0589 34.5721 1.76224 -0.0204653 0.759845 0.649782
1 0.1743 12.6768 1.75906 0.0056964 0.0556602 0.998434
1 31.7473 10.9667 1.76516 0.348266 -0.402351 0.846654
1 2.42717 28.619 1.75641 -0.192222 -0.726526 0.659705
1 8.59843 0.0135516 1.61095 -0.0860797 -0.404699 -0.910389
1 27.0461 16.4244 1.62641 -0.452997 -0.0296512 -0.891019
1 2.51423 24.0804 1.76646 -0.584332 0.159348 0.795716
1 10.9288 27.4632 1.75723 -0.0184331 0.434978 0.900252
1 7.22019 16.2741 1.60962 0.0854704 0.320003 -0.943553
1 26.4503 25.1635 1.75617 0.462729 0.249884 0.850552
1 15.8461 21.5904 1.60893 -0.199965 0.0731699 -0.977067
1 22.8005 26.7934 1.76 0.157369 -0.396052 0.904642
1 27.9903 3.86482 1.76918 -0.68919 0.105566 0.716849
1 19.3299 6.483 1.75574 0.552271 0.386904 0.738446
1 6.01055 28.4838 1.76071 -0.153862 -0.171204 0.973147
1 18.743 12.5745 1.7517 -0.0415866 0.191605 0.980591
1 9.28624 31.9861 1.59453 -0.744501 -0.27867 -0.60668
1 13.0443 33.3894 1.75193 -0.126534 -0.624603 0.770624
1 3.86447 3.40024 1.61705 -0.331135 -0.405102 -0.852198
1 11.5859 1.41181 1.61547 -0.528519 -0.344611 -0.775829
1 34.4646 20.6217 1.7588 0.0162355 -0.32623 0.945151
1 18.4849 1.1158 1.75745 -0.315435 0.186333 0.930474
1 1.90808 6.69684 1.60866 0.292388 -0.114897 -0.949372
1 7.61103 23.9005 1.75569 0.601648 -0.0566866 0.796748
1 14.88 32.6235 1.75977 0.0288986 -0.313164 0.949259
1 22.2544 29.9622 1.73047 -0.404846 -0.595567 0.69383
1 30.8722 12.9833 1.75507 -0.0560182 -0.545411 0.836295
1 0.396569 27.6651 1.61237 -0.0457364 -0.465719 -0.88375
1 11.153 13.098 1.61037 -0.194354 -0.404113 -0.893823
1 24.9718 32.8821 1.76031 0.558064 -0.230229 0.797219
1 11.5966 2.61749 1.61794 -0.332301 -0.358469 -0.872397
1 10.1851 12.6398 1.60841 -0.23359 -0.243526 -0.941345
1 11.478 16.8159 1.60874 0.0965534 -0.396998 -0.912727
1 28.1154 18.321 1.60681 -0.145257 -0.175659 -0.973676
1 26.0705 9.32271 1.60732 0.0163016 -0.0862759 -0.996138
1 16.6075 9.04495 1.75864 0.239525 -0.137897 0.961047
1 10.596 29.6198 1.75295 -0.403888 0.416799 0.814342
1 26.1265 24.1333 1.75861 0.679821 0.149456 0.717988
1 33.6233 3.89516 1.6052 -0.326842 0.110763 -0.938566
1 2.05414 24.9671 1.581 0.7634 -0.182801 -0.619519
1 30.8403 30.1484 1.60944 0.370608 0.403522 -0.836552
1 3.13188 23.1418 1.75016 -0.425328 0.271594 0.863327
1 8.19562 13.2558 1.60837 -0.192683 0.0830197 -0.977743
1 31.5409 15.8426 1.75756 -0.628069 -0.442718 0.639945
1 17.7084 29.2339 1.75579 0.540994 0.0539149 0.839297
1 24.5456 9.38052 1.60959 0.00289412 0.162103 -0.98677
1 21.1909 34.4802 1.75615 -0.206746 0.587045 0.782709
1 9.67848 18.0812 1.60893 0.282639 -0.0892899 -0.955061
1 1.06408 5.95419 1.60891 0.178221 -0.00142502 -0.983989
1 15.1131 4.19298 1.75915 -0.699969 -0.460521 0.54586
1 13.973 24.9335 1.61232 0.331355 0.447498 -0.830632
1 11.4819 11.0972 1.61438 -0.431017 -0.468692 -0.771072
1 30.5137 6.75661 1.62165 0.339374 0.608458 -0.717359
1 34.2282 28.5516 1.6093 0.0906521 -0.281191 -0.95536
1 27.5294 19.1447 1.60765 -0.0155791 -0.0853218 -0.996232
1 6.19402 18.8261 1.61597 0.455604 0.589255 -0.667235
1 14.9971 16.4235 1.74885 -0.493493 -0.452574 0.742726
1 30.1135 8.21613 1.61625 -0.187388 -0.785227 -0.590173
1 13.9339 2.78335 1.74794 -0.586249 -0.630396 0.508834
1 27.8785 14.6538 1.60979 -0.765901 -0.00527525 -0.642937
1 31.7923 9.98095 1.72256 0.567335 -0.331295 0.753907
1 31.9184 13.3502 1.75465 -0.128272 -0.379127 0.916411
1 32.6644 20.7682 1.75186 -0.0161437 -0.674884 0.737748
1 27.8112 13.7467 1.6129 0.730001 -0.325733 -0.60083
1 5.56836 24.8889 1.73583 0.470912 -0.36805 0.801736
1 31.7861 28.6269 1.60722 0.0908145 0.20644 -0.974236
1 7.19202 27.7216 1.7595 -0.0250048 -0.0566422 0.998081
1 13.8643 5.96848 1.62304 0.227731 -0.664695 -0.711561
1 18.0313 15.9829 1.76207 -0.443471 0.0899109 0.891767
1 22.98 20.1701 1.60754 0.170474 0.500223 -0.84895
1 32.8993 19.4497 1.74726 0.238185 -0.618572 0.748757
1 17.6669 32.9642 1.76036 0.0190063 0.0769055 0.996857
1 25.0125 30.1346 1.75846 -0.412885 -0.0227684 0.910499
1 23.5873 28.7138 1.75613 -0.204166 -0.281177 0.937686
1 5.30676 16.3356 1.60686 0.191316 0.608181 -0.770399
1 8.46614 4.53895 1.60849 -0.0413139 0.249665 -0.96745
1 2.24552 21.4893 1.75929 -0.110762 0.0737855 0.991104
1 18.6027 20.0255 1.61002 -0.495186 -0.349561 -0.79536
1 26.916 11.0396 1.60754 0.297627 -0.194161 -0.93473
1 19.4946 9.68673 1.75441 0.250896 0.38036 0.890156
1 25.6397 19.6072 1.6076 0.0502609 0.158356 -0.986102
1 0.860301 17.1158 1.72529 0.739639 -0.0316631 0.672258
1 13.1947 21.0126 1.61139 -0.26356 0.514236 -0.816148
1 12.0104 22.913 1.77489 -0.159397 -0.697887 0.698245
1 13.7318 29.8605 1.71115 0.439376 -0.522833 0.730476
1 33.5766 20.957 1.76559 -0.0435135 -0.491025 0.870058
1 7.18318 5.80428 1.61068 0.166323 0.461141 -0.871599
1 3.83668 5.48148 1.60914 0.0297015 -0.402594 -0.914897
1 21.7183 0.763609 1.71186 -0.347818 0.688283 0.636623
1 11.2461 15.6907 1.60888 -0.0109378 -0.376334 -0.92642
1 24.0526 20.3922 1.60805 0.192301 0.364479 -0.91114
1 9.1105 21.442 1.60733 0.692494 0.0304919 -0.720779
1 5.14256 0.375597 1.60468 0.0193096 0.0355575 -0.999181
1 0.411729 25.6484 1.60457 -0.3995 -0.493655 -0.772467
1 14.2573 31.8754 1.75945 0.136903 -0.411105 0.901249
1 27.3197 17.3501 1.60378 -0.302522 -0.0719037 -0.950426
1 10.3126 19.9334 1.61926 0.519464 -0.229272 -0.823159
1 11.409 20.0681 1.60331 0.515987 -0.458641 -0.723468
1 29.4009 4.12498 1.7241 -0.689963 0.525244 0.498066
1 1.14344 4.08601 1.61558 -0.149191 -0.0364754 -0.988135
1 26.465 15.073 1.65275 -0.734965 0.199053 -0.648231
1 15.808 28.2439 1.76432 0.711781 -0.148626 0.686497
1 23.7946 26.7509 1.75807 0.158167 -0.219672 0.962667
1 12.0526 6.79262 1.60959 0.407352 -0.350145 -0.843483
1 33.082 31.2457 1.6106 0.515911 0.0525172 -0.855031
1 10.415 33.9313 1.60809 -0.186745 -0.638347 -0.746753
1 29.7855 17.864 1.61133 -0.222627 -0.418914 -0.880312
1 30.8669 26.7723 1.60462 -0.206536 0.35302 -0.912535
1 23.2501 6.61528 1.6061 -0.314757 0.334814 -0.88816
1 22.3923 6.13402 1.61683 -0.338587 0.498711 -0.797901
1 7.71691 15.1097 1.60676 -0.0165431 0.214372 -0.976612
1 26.9809 4.67374 1.60481 -0.741173 -0.307038 -0.596985
1 1.27357 9.52519 1.73294 0.680085 0.255974 0.686994
1 11.3574 33.9697 1.5971 -0.0928412 -0.784925 -0.612595
1 17.6083 14.8947 1.76166 -0.319529 0.0161858 0.947438
1 12.7219 1.05834 1.74785 -0.481801 -0.704941 0.520506
1 2.42484 17.1298 1.75944 0.690133 0.134801 0.711017
1 7.00525 28.7138 1.75803 -0.184177 -0.0437567 0.981919
1 19.9527 3.34098 1.74539 -0.606972 0.409671 0.680995
1 11.1481 9.98558 1.60373 -0.612997 -0.329481 -0.718107
1 14.8146 14.0223 1.75708 -0.210606 -0.439192 0.873359
1 29.962 27.3324 1.62774 -0.168073 0.580347 -0.796837
1 22.9883 29.4414 1.75647 -0.327991 -0.425655 0.84335
1 9.80529 24.8031 1.76055 0.432914 0.303727 0.848726
1 4.12707 19.22 1.7539 0.338445 0.376409 0.862422
1 7.2539 8.11786 1.60964 0.601628 0.316376 -0.733451
1 27.1283 33.6258 1.76121 0.328023 -0.158802 0.931227
1 8.18423 20.6612 1.61365 0.590859 0.193306 -0.783274
1 24.3848 22.2688 1.61655 0.554526 0.277889 -0.784397
1 21.237 31.9587 1.75453 0.187461 0.586907 0.787653
1 11.5255 17.9427 1.60888 0.235112 -0.409453 -0.881516
1 34.357 8.30019 1.60839 0.725274 0.161725 -0.669196
1 16.5171 7.3116 1.76192 0.476212 -0.159238 0.864792
1 17.6318 12.0725 1.75971 -0.032641 0.028478 0.999061
1 8.71273 7.30464 1.62661 0.494052 0.204271 -0.845095
1 7.46308 1.67226 1.61818 0.272978 -0.383348 -0.882342
1 15.7304 29.8278 1.75442 0.40819 -0.215898 0.887
1 30.6298 22.5125 1.61103 0.393018 -0.648097 -0.652309
1 32.596 26.0908 1.60968 -0.3193 -0.0592911 -0.945797
1 6.16573 32.3111 1.62708 -0.528146 -0.104947 -0.842644
1 18.519 27.5996 1.72407 0.789588 0.181264 0.586255
1 29.0506 32.2837 1.75634 0.599751 0.0889455 0.795228
1 16.6885 22.1143 1.60734 -0.112569 -0.048508 -0.992459
1 27.0941 18.2742 1.60786 -0.159815 -0.0395189 -0.986356
1 28.4713 19.3439 1.60622 0.0209578 -0.221697 -0.97489
1 17.7694 24.5733 1.60909 0.290555 -0.191938 -0.93741
1 14.5014 26.0828 1.60984 0.497122 0.363636 -0.787806
1 6.3276 23.8626 1.7528 0.595334 -0.257287 0.761171
1 4.89264 32.3111 1.60404 -0.535984 0.046589 -0.842942
1 2.96444 18.9749 1.75641 0.36246 0.184761 0.913502
1 16.6688 27.4338 1.66586 0.862398 -0.0444754 0.504274
1 14.8472 27.5552 1.74944 0.833039 -0.24819 0.494417
1 16.2745 11.0826 1.75874 0.0104168 -0.186249 0.982447
1 33.5186 22.053 1.76209 -0.26026 -0.479875 0.837846
1 24.6224 33.9296 1.75375 0.348581 -0.358468 0.866021
1 16.9829 16.3605 1.7564 -0.539647 -0.069886 0.838986
1 23.9212 30.0148 1.7623 -0.372922 -0.220232 0.901348
1 32.438 6.38255 1.6118 0.238953 0.337015 -0.910671
1 9.84775 29.0298 1.75538 -0.299363 0.299326 0.905972
1 28.3135 11.8595 1.6216 0.410684 -0.480107 -0.775136
1 33.5891 11.0573 1.75749 0.314896 -0.0962985 0.944228
1 2.60077 22.3947 1.75679 -0.275697 0.162461 0.947416
1 18.6229 23.9554 1.61113 0.181105 -0.338643 -0.923321
1 30.1024 20.4428 1.60897 0.17414 -0.499575 -0.848587
1 14.5375 10.8982 1.75271 0.00332742 -0.499175 0.866495
1 1.5645 11.759 1.75688 0.16449 0.254041 0.953103
1 14.6307 17.343 1.75623 -0.628647 -0.505086 0.591347
1 23.2088 30.8377 1.75461 -0.496933 -0.364799 0.787388
1 28.8192 12.6967 1.60484 0.518995 -0.563449 -0.642783
1 22.0062 10.3546 1.60105 0.0266971 0.748983 -0.662052
1 8.87927 25.3591 1.75592 0.341891 0.144291 0.928596
1 1.2573 19.6715 1.75901 0.207622 -0.0826989 0.974707
1 6.2847 16.3953 1.61529 0.122276 0.46677 -0.875885
1 9.75955 11.6481 1.60927 -0.362516 -0.200248 -0.910211
1 18.8462 19.0964 1.61058 -0.693125 -0.27756 -0.665235
1 0.873873 23.1703 1.75548 -0.439008 -0.116682 0.890875
1 9.22529 5.27052 1.60736 0.102739 0.125242 -0.986792
1 4.61793 34.1877 1.60445 -0.178915 0.0637034 -0.9818
1 19.4738 33.907 1.75349 -0.0876197 0.329592 0.940049
1 19.5705 14.6536 1.75832 -0.218 0.354512 0.909284
1 29.9343 9.67651 1.61742 0.112307 -0.73279 -0.671123
1 3.72951 13.1218 1.77319 -0.0691288 0.66028 0.747831
1 26.3979 34.3938 1.75761 0.139391 -0.194341 0.97098
1 33.9674 17.1946 1.7529 0.721502 -0.250624 0.645463
1 2.84407 5.10339 1.60759 -0.00942687 -0.259579 -0.965676
1 25.2846 0.994 1.75603 -0.0386985 -0.299633 0.953269
1 0.618927 16.0888 1.73507 -0.651491 0.0592449 0.75634
1 13.3779 3.52938 1.60356 -0.24075 -0.636946 -0.732352
1 15.7457 5.95846 1.74847 0.622518 -0.314646 0.716568
1 19.9664 16.5859 1.75926 -0.490223 0.417162 0.765283
1 7.04599 25.7301 1.75802 0.301921 -0.11879 0.945903
1 14.8366 15.2506 1.74525 -0.357543 -0.448483 0.819162
1 8.61589 8.27413 1.62615 0.719327 0.0825806 -0.689746
1 34.2416 11.8409 1.75894 0.165117 -0.0162258 0.98614
1 1.9805 23.2707 1.75425 -0.434677 0.0767183 0.897313
1 18.4304 34.4641 1.75942 -0.155972 0.188835 0.969543
1 7.31689 32.959 1.6151 -0.433371 -0.207619 -0.876974
1 32.8471 30.1999 1.61071 0.346865 0.0587685 -0.936072
1 23.5889 21.3079 1.6113 0.361878 0.401963 -0.841113
1 17.4823 28.2811 1.7546 0.694197 -0.00731285 0.719748
1 22.1515 3.87635 1.77482 -0.728527 0.157905 0.666569
1 7.28612 29.695 1.75369 -0.361461 0.0213338 0.932143
1 20.3025 21.4951 1.60879 -0.251418 -0.651771 -0.71553
1 1.12025 29.6221 1.60872 0.247948 -0.528376 -0.811998
1 12.197 16.0366 1.61231 -0.00119237 -0.552774 -0.83333
1 11.454 3.63786 1.61086 -0.153871 -0.296826 -0.942453
1 2.85882 1.8224 1.77114 -0.239768 -0.283362 0.928556
1 24.216 6.14365 1.6086 -0.419632 0.153638 -0.894597
1 14.9938 31.0423 1.76383 0.262968 -0.305052 0.915309
1 0.302086 15.2053 1.75171 -0.459042 0.07127 0.885551
1 23.9951 13.004 1.6141 0.499847 0.266159 -0.824204
1 10.7167 26.4228 1.75838 0.159454 0.412181 0.89704
1 15.4196 10.3929 1.75708 0.076733 -0.347588 0.934502
1 27.2164 8.02666 1.60972 -0.15347 -0.301098 -0.941162
1 2.80331 20.6726 1.75937 0.0512243 0.15058 0.98727
1 7.01628 34.5698 1.6109 -0.0502044 -0.212168 -0.975943
1 32.5578 22.135 1.76068 -0.242376 -0.65875 0.712252
1 33.8863 30.5218 1.61106 0.394093 -0.126501 -0.910323
1 6.449 14.1794 1.60873 -0.154491 0.421023 -0.893797
1 31.5846 24.0682 1.61151 -0.571452 0.158931 -0.805098
1 32.6823 8.17503 1.60945 0.693605 0.269049 -0.668225
1 17.6578 0.557893 1.75893 -0.242981 0.0816135 0.966592
1 26.7195 29.1922 1.75715 -0.258057 0.273557 0.926592
1 29.243 28.3786 1.61059 0.0196829 0.723364 -0.690187
1 6.15955 4.05754 1.61279 0.394366 0.775906 -0.492387
1 19.229 21.0636 1.61202 -0.310063 -0.461565 -0.831155
1 15.7216 33.8277 1.76069 -0.108219 -0.191308 0.975546
1 23.081 22.1784 1.61136 0.534959 0.412826 -0.737153
1 15.9944 8.25555 1.75848 0.351358 -0.246418 0.903231
1 5.47901 14.1404 1.61149 -0.176299 0.581903 -0.793919
1 18.5703 9.22535 1.76357 0.237633 0.200896 0.950353
1 26.0722 16.998 1.61402 -0.387689 0.0874077 -0.917637
1 33.4371 23.1476 1.75701 -0.485515 -0.461193 0.742682
1 1.37381 31.6137 1.76594 0.123813 -0.0596589 0.990511
1 1.82869 18.8617 1.75811 0.367883 0.00909384 0.929827
1 22.7369 9.45653 1.60984 0.0455569 0.496332 -0.866937
1 3.6023 34.0182 1.60574 -0.282843 0.187237 -0.940714
1 13.8636 9.02515 1.75877 0.333092 -0.611417 0.717788
1 15.7394 13.7086 1.75985 -0.183081 -0.287665 0.940069
1 15.3828 7.36252 1.75478 0.495674 -0.380055 0.780938
1 19.4802 23.4 1.61066 0.0688938 -0.493464 -0.867033
1 6.80765 0.947258 1.60843 0.157052 -0.212466 -0.964465
1 1.24108 21.4177 1.76038 -0.107089 -0.0957341 0.98963
1 6.75556 15.2689 1.61017 -0.0282598 0.377725 -0.925486
1 2.42901 18.0718 1.75325 0.511286 0.110412 0.852288
1 33.2755 11.965 1.75643 0.142228 -0.165814 0.975847
1 7.17922 13.1239 1.60581 -0.206543 0.242747 -0.947847
1 24.8171 14.5825 1.6236 0.78397 -0.0447577 -0.619183
1 8.12815 16.0163 1.607 0.0725236 0.162192 -0.98409
1 19.7819 20.164 1.62038 -0.462574 -0.567882 -0.680835
1 13.9582 23.808 1.61319 0.156763 0.388043 -0.908212
1 16.7493 23.11 1.60755 0.0531475 -0.0459978 -0.997527
1 20.7472 17.3216 1.74283 -0.599019 0.539915 0.591327
1 4.78334 5.9159 1.61567 0.0927303 -0.539237 -0.837033
1 4.57466 33.2507 1.60962 -0.355242 0.0802523 -0.931323
1 27.3865 0.0190233 1.75936 0.112022 -0.0725183 0.991056
1 6.5681 20.6651 1.60295 -0.480253 -0.730308 -0.485805
1 5.27469 30.9803 1.76679 -0.672715 -0.103733 0.732594
1 22.4489 7.38939 1.61209 -0.200067 0.527371 -0.825744
1 24.6938 27.1664 1.75923 0.0873378 -0.0583702 0.994467
1 32.795 24.2886 1.61105 -0.615739 -0.113436 -0.779742
1 26.1149 1.57194 1.75975 -0.192751 -0.193926 0.961894
1 1.17058 14.3857 1.75967 -0.311974 0.209929 0.926608
1 22.1885 33.9534 1.75403 -0.145467 0.740844 0.655735
1 34.3958 21.6435 1.75841 -0.166027 -0.333118 0.928153
1 7.27132 31.8973 1.62006 -0.717727 -0.171765 -0.674807
1 4.22308 2.02152 1.62474 0.363275 0.184541 -0.913223
1 13.9323 32.9614 1.75616 -0.0406067 -0.476536 0.878217
1 31.958 7.2285 1.61214 0.443978 0.353543 -0.823341
1 14.0782 21.5798 1.61031 -0.183953 0.362011 -0.913843
1 1.79088 20.569 1.75997 0.051965 -0.00637808 0.998629
1 19.2254 0.350645 1.75133 -0.214451 0.290071 0.932668
1 32.7034 12.7501 1.76096 -0.00488417 -0.25719 0.966349
1 11.0449 7.46036 1.611 0.539016 -0.149107 -0.828992
1 26.7344 21.9501 1.61221 0.436785 -0.00838026 -0.899527
1 32.8198 4.55121 1.6108 -0.154182 0.241384 -0.958103
1 15.8579 23.6603 1.60789 0.139719 0.0959913 -0.985527
1 20.6583 4.8242 1.59267 -0.0296513 0.91298 -0.406925
1 9.02109 28.4752 1.75867 -0.188307 0.185045 0.96452
1 12.6439 26.6692 1.74486 0.129941 0.737901 0.662282
1 30.0215 21.694 1.61682 0.357073 -0.48107 -0.800669
1 11.7934 28.8924 1.75388 -0.275634 0.543092 0.793144
1 25.3057 2.13467 1.75761 -0.265886 -0.307417 0.913673
1 19.7439 30.4089 1.74592 0.347906 0.370684 0.861136
1 0.546091 28.7846 1.61249 0.120241 -0.442434 -0.888704
1 1.20084 1.09987 1.60357 -0.055641 0.523375 -0.850284
1 6.11196 0.273161 1.60609 0.0190778 -0.097739 -0.995029
1 17.4004 13.9042 1.75998 -0.190135 -0.0253749 0.98143
1 15.8876 24.6707 1.61057 0.30507 0.106219 -0.946388
1 16.0868 25.703 1.61283 0.490312 0.0978413 -0.866038
1 8.25455 26.9929 1.75894 0.0732358 0.0563224 0.995723
1 0.077593 4.35334 1.60431 -0.171015 0.0465538 -0.984168
1 16.5749 14.3838 1.75628 -0.257594 -0.153842 0.953928
1 2.30558 1.0081 1.60437 0.00518268 0.341844 -0.939742
1 25.8858 11.101 1.60595 0.249706 -0.0128633 -0.968236
1 10.7001 1.95808 1.6112 -0.439751 -0.158037 -0.884106
1 18.708 3.16357 1.75454 -0.597266 0.199797 0.776759
1 31.997 26.9013 1.60769 -0.187111 0.0948342 -0.97775
1 2.97587 0.239637 1.60625 -0.135828 0.267695 -0.953882
1 0.826731 6.89741 1.61229 0.352776 0.0113645 -0.935639
1 16.8798 34.5659 1.76142 -0.173562 -0.031345 0.984324
1 1.20351 12.6579 1.75873 0.00679675 0.202699 0.979218
1 10.0814 13.6717 1.61028 -0.116638 -0.20334 -0.972136
1 10.5077 3.9621 1.60755 -0.108703 -0.111945 -0.987751
1 33.8054 4.82877 1.6045 -0.101095 0.157793 -0.982284
1 7.79837 12.2811 1.60711 -0.287592 0.107927 -0.951653
1 25.0319 12.6733 1.77332 -0.458876 -0.0867009 0.88426
1 9.76872 19.1475 1.60697 0.421369 -0.10339 -0.900976
1 24.4066 24.0792 1.76074 0.753353 -0.0691066 0.653975
1 32.7768 10.4548 1.75812 0.427838 -0.2135 0.878278
1 30.4824 28.2295 1.61752 -0.0283406 0.441237 -0.896943
1 24.4234 1.57801 1.75663 -0.0874715 -0.441673 0.892902
1 28.132 33.871 1.75885 0.276445 -0.0205655 0.96081
1 28.6448 2.94171 1.75904 -0.478477 0.126335 0.868965
1 25.8589 33.5361 1.75656 0.318294 -0.24654 0.915373
1 14.606 9.70993 1.75737 0.186466 -0.493958 0.849256
1 30.1091 1.26654 1.75715 -0.111245 0.226873 0.96755
1 13.8024 11.6748 1.75844 -0.0642344 -0.644442 0.761951
1 10.0049 27.9875 1.75753 -0.107783 0.305068 0.946212
1 17.6321 33.9419 1.75996 -0.0975397 0.0760172 0.992324
1 31.9236 8.98007 1.78412 0.800709 -0.156477 0.578256
1 33.516 6.54317 1.60846 0.297805 0.222913 -0.928236
1 12.2586 34.0381 1.75139 -0.201821 -0.755158 0.623703
1 4.91674 26.198 1.75785 0.271212 -0.416531 0.867725
1 1.48348 15.2811 1.74676 -0.492923 0.233044 0.838282
1 31.918 17.9862 1.62089 -0.161531 -0.746473 -0.645512
1 11.639 21.0555 1.60141 0.644485 -0.512329 -0.567589
1 30.1331 32.9295 1.75391 0.494539 0.245486 0.833767
1 21.0085 26.2791 1.6135 -0.254398 0.709468 -0.65722
1 19.6874 2.33775 1.75018 -0.481296 0.37841 0.790671
1 24.2095 27.991 1.76059 -0.0654837 -0.152364 0.986153
1 8.32956 9.25315 1.62784 -0.765129 0.0475971 -0.642116
1 34.194 18.888 1.75716 0.358267 -0.333716 0.871939
1 7.33592 31.039 1.76336 -0.754878 0.00880846 0.655807
1 8.23217 5.50704 1.60691 0.137428 0.284187 -0.948869
1 19.8947 7.75227 1.74829 0.409846 0.498138 0.764123
1 20.1747 31.5161 1.753 0.223645 0.420568 0.879264
1 21.1915 14.6757 1.75443 -0.141548 0.64016 0.755089
1 30.6841 2.05716 1.75361 -0.272839 0.296442 0.915249
1 19.439 32.7984 1.75684 0.0494769 0.333889 0.941313
1 5.27002 19.5735 1.75576 0.269571 0.54837 0.791594
1 11.8841 27.6578 1.75539 -0.0670267 0.594885 0.801011
1 12.406 3.5145 1.61618 -0.174439 -0.477389 -0.861203
1 23.2608 12.0734 1.61143 0.310683 0.459297 -0.832179
1 34.4296 22.7415 1.75411 -0.381388 -0.306736 0.872041
1 16.2223 3.83534 1.75079 -0.677252 -0.221668 0.701565
1 22.5104 2.31206 1.73218 0.000744575 -0.653186 0.757197
1 26.0606 5.24109 1.6142 -0.616222 -0.171667 -0.768635
1 23.6024 19.3276 1.60701 0.0061726 0.428284 -0.903623
1 12.4128 17.3246 1.61004 0.12368 -0.574523 -0.80909
1 26.3681 10.2391 1.60482 0.144378 -0.121621 -0.98202
1 2.25669 14.4359 1.75802 -0.299396 0.360381 0.883452
1 6.01015 10.4475 1.60839 -0.436711 0.425504 -0.792609
1 20.5853 1.16584 1.75354 -0.364602 0.508023 0.78037
1 28.759 17.5874 1.61219 -0.261122 -0.24881 -0.932689
1 34.2659 31.5078 1.61149 0.534768 -0.171315 -0.827451
1 16.3612 19.7287 1.60424 -0.513897 0.00236685 -0.857848
1 1.20454 24.1417 1.76274 -0.613792 -0.0203755 0.789205
1 11.4525 23.8004 1.73396 0.543425 0.636593 0.54721
1 6.39225 30.3871 1.74778 -0.510365 -0.0212426 0.859695
1 23.4006 5.48755 1.61022 -0.49881 0.29542 -0.81481
1 26.2592 14.0139 1.61814 0.693122 -0.182036 -0.697455
1 16.6833 33.5895 1.76008 -0.061452 -0.0595743 0.996331
1 10.5769 18.4369 1.61037 0.319713 -0.24143 -0.916239
1 29.2991 2.03887 1.75806 -0.313158 0.208461 0.92654
1 30.9025 19.5985 1.60756 0.0547237 -0.638305 -0.767836
1 3.45314 27.7322 1.7573 -0.00230845 -0.569401 0.822057
1 15.2885 1.99619 1.74494 -0.460927 -0.301946 0.834491
1 26.7205 3.56878 1.75737 -0.629718 -0.108346 0.769231
1 29.0683 34.2546 1.76197 0.211907 0.112062 0.970844
1 17.0505 5.41287 1.75466 0.750069 -0.068873 0.657764
1 32.1067 33.8075 1.75433 0.236792 0.4978 0.834341
1 12.4512 19.8519 1.78505 -0.457361 0.683088 0.569396
1 11.7616 31.2429 1.77101 0.289906 -0.791196 0.538483
1 3.55773 1.18081 1.61295 0.102448 0.218988 -0.970334
1 18.7929 7.33014 1.75718 0.458241 0.271284 0.846416
1 23.2817 27.6746 1.75961 -0.00692225 -0.312019 0.950051
1 8.21096 30.2764 1.75202 -0.548096 0.0706728 0.833424
1 7.96638 18.0961 1.60799 0.315483 0.242575 -0.917403
1 32.1247 31.8168 1.61107 0.622884 0.229309 -0.747953
1 33.5265 2.96583 1.59202 -0.54568 0.0995191 -0.832063
1 22.5812 28.3875 1.75812 -0.126505 -0.447134 0.885476
1 18.7991 29.6739 1.75637 0.471817 0.238934 0.848704
1 22.9196 8.32311 1.62028 -0.0954631 0.454284 -0.885727
1 18.5939 22.9056 1.6103 0.0118804 -0.337191 -0.941361
1 5.79213 15.2787 1.61494 -0.00836192 0.529967 -0.847977
1 6.42166 1.904 1.60881 0.33858 -0.180652 -0.923433
1 28.749 1.20992 1.76038 -0.135815 0.117565 0.983734
1 17.7455 25.6284 1.6152 0.478054 -0.176652 -0.860383
1 22.2049 25.2087 1.7533 0.478054 -0.421208 0.770745
1 12.8775 5.90825 1.60945 0.232473 -0.503897 -0.831892
1 21.9467 27.5082 1.75319 0.025034 -0.550892 0.834201
1 29.0865 33.2782 1.75928 0.408019 0.0961285 0.907898
1 25.8316 21.2946 1.61345 0.362744 0.124416 -0.923546
1 21.8081 21.762 1.60843 0.462129 0.593867 -0.658604
1 6.73591 24.7714 1.75239 0.460242 -0.182858 0.868758
1 25.5679 25.7065 1.75467 0.374986 0.0912927 0.922524
1 21.493 3.00145 1.74589 0.188608 -0.795379 0.576021
1 17.2974 10.9848 1.75995 0.0297293 -0.0209767 0.999338
1 18.6238 15.1155 1.76051 -0.303811 0.194555 0.932656
1 0.141931 14.3128 1.7588 -0.293441 0.0540644 0.954447
1 24.4459 2.71972 1.75702 -0.312629 -0.405742 0.858858
1 26.3253 2.57733 1.75952 -0.401448 -0.160662 0.90168
1 26.956 22.9461 1.61126 0.607492 0.00300674 -0.79432
1 11.9345 5.6787 1.60626 0.209478 -0.338632 -0.917304
1 4.99665 7.09011 1.6238 0.292353 -0.58072 -0.759799
1 8.72044 11.8218 1.6098 -0.350342 -0.0340443 -0.936003
1 3.25209 9.057 1.75059 -0.592681 0.26122 0.761901
1 16.629 12.1026 1.75947 -0.0482847 -0.116329 0.992036
1 18.5794 33.4188 1.75979 -0.0276589 0.208468 0.977638
1 5.4465 20.7575 1.76269 0.0291542 0.570035 0.821103
1 19.7462 24.505 1.61118 0.249979 -0.540653 -0.803246
1 23.235 15.7203 1.76979 0.728999 -0.33981 0.594214
1 33.0487 9.48416 1.73473 0.602763 -0.130473 0.787181
1 17.701 23.5686 1.60807 0.126364 -0.188521 -0.973906
1 9.15193 20.0886 1.6121 0.531311 0.00883806 -0.847131
1 23.2238 14.7657 1.60031 0.806116 0.219487 -0.549548
1 8.77651 15.2803 1.60625 0.0146594 0.0418577 -0.999016
1 4.72801 1.22927 1.60851 0.189807 0.112694 -0.975332
1 24.5037 29.219 1.7604 -0.251731 -0.100328 0.962583
1 13.3465 8.15149 1.73279 0.488472 -0.675339 0.552551
1 29.1032 7.78381 1.61526 -0.181138 -0.621291 -0.762356
1 8.69159 24.3646 1.76016 0.496106 0.115463 0.86055
1 0.674079 0.118733 1.60947 -0.231809 0.613563 -0.754855
1 24.3716 30.9816 1.75101 -0.541137 -0.150002 0.827448
1 12.5101 2.35143 1.60218 -0.376061 -0.550825 -0.745097
1 21.1582 15.9973 1.75392 -0.368944 0.613923 0.697839
1 17.6502 7.22866 1.76027 0.483233 0.0529858 0.873887
1 27.3523 29.9804 1.76201 -0.419727 0.328396 0.846159
1 15.1705 3.01488 1.75963 -0.553377 -0.4145 0.722471
1 0.865832 7.87167 1.6119 0.524323 0.0740109 -0.848297
1 34.605 23.7848 1.75561 -0.586895 -0.256127 0.768084
1 8.71751 22.8167 1.75078 0.71933 0.0639862 0.691715
1 31.6838 21.7429 1.60767 0.190208 -0.853482 -0.48517
1 31.2043 16.6949 1.60733 -0.475258 -0.611708 -0.63241
1 30.3861 24.2318 1.60242 -0.503945 0.407413 -0.761613
1 9.54859 30.1471 1.76197 -0.510197 0.225 0.830105
1 20.1947 0.229853 1.76141 -0.223294 0.428481 0.875525
1 25.3947 34.558 1.75655 0.144017 -0.30641 0.940942
1 19.1996 13.6115 1.75445 -0.126345 0.261307 0.956951
1 12.912 24.4609 1.61039 0.255801 0.620481 -0.741329
1 27.5569 15.566 1.62717 -0.621304 -0.00667781 -0.783541
1 0.793524 20.5456 1.7577 0.043306 -0.169118 0.984644
1 23.2655 18.253 1.61023 -0.178099 0.464263 -0.867606
1 2.10262 5.77037 1.6087 0.126909 -0.13769 -0.982311
1 26.3205 18.8926 1.60752 -0.0678809 0.0639727 -0.99564
1 0.384856 30.5708 1.6082 0.413168 -0.346954 -0.841971
1 30.5654 14.7146 1.7555 -0.437023 -0.576924 0.69005
1 13.0448 23.2812 1.61547 0.0866977 0.522754 -0.848063
1 24.9308 16.6786 1.61157 -0.469338 0.227163 -0.853299
1 18.4507 32.3573 1.7584 0.101239 0.191854 0.976188
1 11.7716 14.7657 1.6209 -0.0890656 -0.52492 -0.846479
1 30.0123 29.2642 1.61292 0.170757 0.548212 -0.818722
1 0.607891 11.7849 1.75804 0.163166 0.120429 0.979221
1 4.00322 22.3883 1.75833 -0.251852 0.350498 0.902065
1 21.0282 20.5024 1.61816 0.249985 0.748594 -0.614096
1 4.31848 29.5935 1.75283 -0.335177 -0.389324 0.857953
1 16.8695 25.0802 1.61311 0.375101 -0.0370267 -0.926244
1 10.3682 21.9648 1.61649 0.815608 -0.114526 -0.567157
1 9.52989 14.6181 1.60792 -0.0391916 -0.0880053 -0.995349
1 17.3237 9.92713 1.76096 0.131968 -0.0266832 0.990895
1 6.97908 9.65665 1.61645 -0.595962 0.239064 -0.766602
1 4.38322 25.4676 1.67572 0.40538 -0.493768 0.769324
1 22.6444 0.872817 1.74735 0.240992 -0.724264 0.646037
1 32.2014 5.36451 1.6079 0.0269589 0.32915 -0.943893
1 30.1604 25.955 1.61488 -0.303995 0.518095 -0.799478
1 3.53131 33.0199 1.60451 -0.480873 0.22498 -0.847434
1 3.96937 6.66132 1.6098 0.229071 -0.402867 -0.886129
1 23.5696 34.5178 1.75399 0.285997 -0.515594 0.807693
1 3.0042 7.16424 1.61011 0.338172 -0.227161 -0.913257
1 9.50655 34.2442 1.60177 -0.164391 -0.509745 -0.844474
1 30.992 33.7 1.75102 0.317122 0.359795 0.877486
1 3.03194 6.14741 1.61033 0.16804 -0.271162 -0.947752
1 4.80916 15.1512 1.61698 0.00515989 0.67398 -0.738731
1 5.46154 21.8968 1.74177 -0.223175 0.541233 0.810715
1 2.34367 19.7472 1.75804 0.212635 0.0825508 0.973638
1 19.4721 22.2134 1.61105 -0.113173 -0.497598 -0.859993
1 15.3804 11.5248 1.7565 -0.0456137 -0.338354 0.939913
1 0.44686 10.1061 1.7596 0.524616 0.143416 0.839172
1 23.9875 23.1366 1.60983 0.737147 0.231951 -0.634675
1 26.6467 0.744536 1.76056 -0.0368369 -0.156787 0.986945
1 8.06726 25.9858 1.75854 0.243651 0.0280048 0.969459
1 13.2801 0.210814 1.75603 -0.361227 -0.597037 0.716284
1 21.3932 33.2016 1.75351 -0.014923 0.606919 0.794623
1 21.5182 5.70697 1.6202 -0.305422 0.650172 -0.695697
1 32.5142 11.4668 1.75265 0.240475 -0.285868 0.927605
1 18.1383 31.3224 1.7589 0.231024 0.150871 0.96118
1 0.839828 5.00961 1.607 0.00803259 -0.00390323 -0.99996
1 0.692797 18.7973 1.76134 0.364104 -0.156361 0.918139
1 19.8179 29.371 1.76244 0.4898 0.436304 0.754808
1 24.0767 17.4726 1.61287 -0.338168 0.356116 -0.871105
1 6.34065 6.31266 1.60025 0.151706 0.648409 -0.746024
1 9.11146 13.6803 1.60522 -0.133113 -0.0506633 -0.989805
1 4.85446 22.9254 1.75368 -0.424683 0.425702 0.799014
1 23.4722 2.32687 1.74727 -0.142203 -0.529661 0.836204
1 28.2417 9.78751 1.62135 0.141192 -0.442171 -0.885748
1 22.6384 24.1106 1.75696 0.703299 -0.282517 0.652345
1 23.5548 1.11358 1.74714 0.0698716 -0.582509 0.809816
1 28.1677 16.689 1.61397 -0.410371 -0.168964 -0.896129
1 9.06869 6.30583 1.60956 0.290482 0.159341 -0.94352
1 4.26465 28.4306 1.75733 -0.135387 -0.432891 0.891221
1 30.9895 29.1398 1.61128 0.163864 0.366078 -0.916043
1 7.28715 7.05349 1.60476 0.371775 0.461315 -0.805588
1 6.58771 33.6424 1.61042 -0.236209 -0.173101 -0.95616
1 28.2217 23.185 1.60861 0.624758 -0.190902 -0.757122
1 15.1612 19.8235 1.60785 -0.49102 0.182919 -0.851728
1 10.6424 17.4161 1.60985 0.187108 -0.24846 -0.950399
1 16.5072 29.0126 1.75092 0.55426 -0.125514 0.822825
1 16.3476 10.0365 1.75846 0.114337 -0.18252 0.976531
1 23.3966 24.8094 1.75836 0.544734 -0.21429 0.810768
1 18.5787 2.12223 1.75497 -0.463851 0.194853 0.864219
1 31.263 14.0683 1.75577 -0.280216 -0.478245 0.832323
1 16.1319 17.9444 1.75324 -0.814277 -0.154508 0.559536
1 25.9161 32.0358 1.71959 0.813309 -0.15276 0.56142
1 17.4723 3.53476 1.75324 -0.664801 -0.00345215 0.747012
1 19.2966 25.6729 1.62345 0.469747 -0.446865 -0.761347
1 6.28481 12.7808 1.61156 -0.178885 0.394459 -0.901334
1 13.8074 30.9813 1.74354 0.262707 -0.493116 0.82935
1 24.623 19.5061 1.60803 0.0256082 0.295672 -0.954946
1 23.8303 32.3695 1.59368 -0.680581 0.356364 -0.640167
1 18.1053 6.35604 1.75671 0.597283 0.148005 0.788256
1 29.2232 14.9902 1.60088 -0.669126 -0.286292 -0.68579
1 12.7092 29.7879 1.74364 0.497674 -0.669177 0.551836
1 4.03469 7.81546 1.61178 0.405426 -0.382895 -0.830073
1 13.3504 25.777 1.62285 0.453977 0.601441 -0.657399
1 6.19446 17.596 1.61716 0.282512 0.551776 -0.784685
1 4.02139 30.585 1.75825 -0.552197 -0.324157 0.768115
1 23.8511 11.1081 1.60979 0.204062 0.351158 -0.913809
1 20.9238 19.0517 1.6073 -0.0665968 0.754646 -0.652744
1 8.82981 18.7059 1.6096 0.370819 0.0699126 -0.92607
1 13.9494 34.1402 1.75589 -0.236273 -0.479069 0.84538
1 15.8324 18.8803 1.62016 -0.676854 0.0456225 -0.734702
1 34.5158 6.3249 1.61815 0.24289 0.101184 -0.964762
1 28.9817 10.3404 1.62012 0.252173 -0.567666 -0.783686
