1 18.2493 32.6028 1.75707 0.0132785 0.183001 0.983023
1 31.1767 20.742 1.60912 0.250629 -0.710485 -0.657569
1 16.3423 6.86305 1.75764 0.489876 -0.27137 0.82848
1 26.9483 17.3067 1.61093 -0.239032 -0.00229606 -0.971009
1 10.5481 27.7185 1.75204 -0.0122948 0.507685 0.861455
1 12.6586 9.61235 1.74668 0.216898 -0.776112 0.592119
1 19.1479 23.7543 1.60996 0.200127 -0.437827 -0.876503
1 24.8529 20.313 1.6118 0.223806 0.257918 -0.939888
1 6.67938 0.48421 1.60943 -0.335404 0.110347 -0.935589
1 30.391 12.6873 1.74921 0.015934 -0.726873 0.686587
1 19.7275 6.72571 1.74964 0.435413 0.418743 0.796913
1 34.0645 9.8998 1.7589 0.455681 -0.149912 0.877429
1 28.6195 34.4658 1.75355 0.091494 0.335088 0.937734
1 4.53623 9.97425 1.77349 0.134726 0.797108 0.588615
1 17.348 24.4799 1.60943 0.284349 -0.141401 -0.948236
1 28.874 19.5335 1.61064 0.163805 -0.264072 -0.950491
1 17.7176 29.8152 1.75635 0.376125 0.0907426 0.922115
1 22.7922 20.2853 1.6105 0.174107 0.516612 -0.838331
1 23.2249 21.3914 1.62 0.390025 0.451193 -0.802686
1 19.408 24.7743 1.62899 0.369449 -0.489786 -0.789694
1 18.693 34.5132 1.75384 -0.221401 0.261657 0.939424
1 14.0316 26.8384 1.60464 0.738051 0.24815 -0.627458
1 15.8821 0.836845 1.75135 -0.320925 -0.138772 0.936883
1 29.432 24.1153 1.73988 -0.615484 0.701872 0.358545
1 25.6436 31.8671 1.75934 0.733364 -0.146638 0.663833
1 28.3925 6.01091 1.61275 -0.511446 -0.326918 -0.7947
1 12.2606 18.6695 1.6039 0.317869 -0.498902 -0.80626
1 7.64574 12.9604 1.60771 -0.260103 0.179438 -0.948761
1 12.0179 4.86933 1.60762 0.0745778 -0.386298 -0.919354
1 18.5977 12.0727 1.75338 -0.00511419 0.188898 0.981983
1 7.74615 18.9634 1.61138 0.427293 0.28187 -0.859052
1 7.23445 28.7337 1.75895 -0.147156 -0.00998191 0.989063
1 5.50687 2.21203 1.60733 -0.0439061 0.318942 -0.946757
1 17.6632 19.9285 1.61648 -0.497715 -0.252867 -0.829661
1 14.0656 7.71994 1.73181 0.495826 -0.621345 0.606702
1 24.4625 29.3308 1.75926 -0.374871 -0.0697254 0.924451
1 5.69686 8.6351 1.58364 0.938248 0.194489 -0.286121
1 14.4154 3.83918 1.59991 -0.187944 -0.784244 -0.591302
1 17.1179 33.8959 1.75882 -0.134818 0.0271659 0.990498
1 9.93843 10.4482 1.60876 -0.593547 -0.236826 -0.769165
1 32.9651 10.2691 1.75771 0.389212 -0.336815 0.857362
1 1.53996 22.5013 1.75786 -0.291314 -0.0178569 0.956461
1 13.7334 21.6437 1.61357 -0.28799 0.371099 -0.882806
1 18.9303 8.5768 1.75525 0.247542 0.247135 0.936828
1 13.1539 15.0573 1.60577 -0.136039 -0.742637 -0.655732
1 27.61 24.6245 1.74609 0.500307 0.358643 0.788079
1 15.0516 7.93534 1.73389 0.404516 -0.479913 0.778493
1 4.26907 11.6794 1.76728 -0.00211834 0.74275 0.669565
1 23.2534 14.1936 1.60151 0.639507 0.42408 -0.641239
1 0.576709 7.74565 1.61223 0.555176 -0.146216 -0.81878
1 21.5966 26.9093 1.75479 0.0338984 -0.570808 0.820384
1 1.53617 23.5059 1.75858 -0.461078 -0.00201 0.887358
1 4.4003 0.185316 1.60774 -0.278284 0.373934 -0.884721
1 20.4146 21.8942 1.61106 -0.106221 -0.649037 -0.753304
1 30.7596 17.3194 1.60614 -0.194952 -0.601857 -0.774443
1 5.53538 25.6367 1.73912 0.369792 -0.321747 0.871627
1 32.9955 28.9665 1.60772 0.201146 -0.131479 -0.970698
1 21.5299 28.1196 1.75011 -0.219579 -0.625428 0.748749
1 19.8784 9.12661 1.74957 0.194923 0.43694 0.878116
1 33.2241 6.91861 1.60888 0.37876 0.170087 -0.909731
1 8.91705 2.46839 1.60618 -0.12223 -0.0698209 -0.990043
1 24.3407 30.2723 1.76134 -0.546139 -0.0646755 0.835194
1 13.5263 10.3175 1.75389 0.0987032 -0.659501 0.745196
1 34.1573 12.8914 1.7602 -0.0742929 -0.0940493 0.992792
1 34.1357 30.759 1.61105 0.492076 -0.257773 -0.831513
1 10.3376 30.9382 1.75398 -0.511499 0.480067 0.712674
1 23.7607 13.3076 1.61083 0.534312 0.371136 -0.759453
1 14.1313 27.7195 1.77163 0.76876 -0.266948 0.581159
1 17.5525 25.5128 1.60975 0.470395 -0.171869 -0.865557
1 32.3118 28.2251 1.60794 0.0752658 -0.0257192 -0.996832
1 1.23145 6.1215 1.61036 0.181339 -0.242976 -0.952932
1 11.575 2.02422 1.61336 -0.21748 -0.438609 -0.871966
1 6.01117 3.93151 1.62022 0.141767 0.38236 -0.913073
1 17.9197 8.26648 1.75734 0.290272 0.0699973 0.954381
1 19.1442 32.2972 1.75513 0.0416063 0.300722 0.952804
1 26.3774 30.2139 1.74926 -0.509833 0.27958 0.813576
1 14.7737 16.0763 1.76045 -0.45555 -0.501311 0.735637
1 25.3472 28.7831 1.75841 -0.261416 0.0705863 0.962642
1 0.339389 12.3798 1.76022 0.00602118 0.0394856 0.999202
1 5.49711 28.628 1.75896 -0.114152 -0.256255 0.959845
1 23.4705 1.94155 1.75976 -0.00288204 -0.326991 0.945023
1 30.9089 29.9708 1.61517 0.243616 0.375028 -0.89443
1 33.5222 29.8669 1.60801 0.345813 -0.19852 -0.917062
1 31.4058 7.6432 1.63944 -0.605495 -0.69608 -0.385808
1 17.1388 0.932904 1.76065 -0.326463 0.0283173 0.944786
1 27.1271 6.1584 1.61405 -0.499099 -0.143967 -0.854502
1 9.98714 15.6759 1.60806 0.0241527 -0.140048 -0.98985
1 28.5894 10.0096 1.60901 0.126748 -0.36345 -0.922951
1 3.85772 13.0609 1.75966 -0.141391 0.697301 0.702695
1 31.79 14.3048 1.75216 -0.352756 -0.464089 0.812518
1 23.9897 11.2564 1.61164 0.22944 0.338048 -0.912733
1 12.0345 5.95135 1.61144 0.249057 -0.377508 -0.891885
1 27.6316 13.126 1.62832 0.606921 -0.308097 -0.732614
1 18.8015 26.7533 1.77672 -0.752808 0.260122 0.604663
1 19.8117 15.226 1.75988 -0.236649 0.389273 0.890205
1 10.075 6.6839 1.61325 0.407583 -0.101743 -0.907483
1 23.1249 23.8211 1.7669 0.674113 -0.281716 0.682794
1 34.3521 21.4473 1.761 -0.129786 -0.328804 0.935438
1 17.5677 27.7368 1.73506 0.745305 0.0951642 0.659897
1 28.2628 20.5557 1.60751 0.315357 -0.168132 -0.93396
1 4.05744 33.7037 1.59786 -0.451337 0.375155 -0.809663
1 27.3631 29.5008 1.75657 -0.318031 0.439202 0.840213
1 24.6249 19.2861 1.60885 0.0392482 0.289446 -0.956389
1 21.8162 15.7155 1.75616 -0.271375 0.698188 0.662487
1 0.698635 11.4772 1.76009 0.157841 0.0782757 0.984357
1 29.0782 6.98141 1.60955 -0.351281 -0.444047 -0.824272
1 2.90073 33.6918 1.61109 -0.472422 0.564047 -0.677251
1 23.4596 17.7221 1.60908 -0.276943 0.431611 -0.858495
1 29.9357 21.5868 1.62463 0.451786 -0.413122 -0.790708
1 32.3783 6.28771 1.61465 0.277813 0.308432 -0.909775
1 24.3386 21.9109 1.60931 0.529798 0.276637 -0.80174
1 15.3877 8.90381 1.76094 0.283107 -0.357881 0.889816
1 2.48975 7.41902 1.60217 0.339277 -0.453929 -0.823917
1 20.0785 7.91014 1.75802 0.264762 0.475124 0.839141
1 15.5422 24.8899 1.61005 0.336093 0.143167 -0.930884
1 6.51431 19.328 1.62502 0.588946 0.590453 -0.551823
1 11.2723 19.3054 1.60576 0.427842 -0.334812 -0.839555
1 5.4924 16.9407 1.60525 0.268004 0.575799 -0.772418
1 4.5702 24.3955 1.64152 0.717578 -0.37461 0.587153
1 15.3103 18.9805 1.61853 -0.705491 0.0994799 -0.701703
1 21.7319 30.2308 1.74564 0.382381 0.695175 0.608701
1 7.34331 25.957 1.75801 0.314935 -0.0325079 0.948556
1 14.4925 10.7913 1.75629 0.063665 -0.490899 0.868887
1 28.503 13.7026 1.66727 -0.795542 0.332848 -0.506285
1 24.2094 27.3828 1.76149 -0.0331119 -0.150029 0.988127
1 26.3599 19.0529 1.60542 0.0398559 0.0582539 -0.997506
1 18.082 33.6656 1.75609 -0.110948 0.162251 0.980492
1 11.199 10.7221 1.61178 -0.551054 -0.454177 -0.700045
1 23.035 11.9531 1.6132 0.306634 0.533723 -0.788109
1 23.9114 0.93562 1.7563 0.114627 -0.313781 0.942551
1 8.64539 27.4963 1.76019 0.0586566 0.188179 0.980382
1 6.47983 2.27407 1.60629 -0.0847845 0.200745 -0.975968
1 20.5023 13.1262 1.76321 0.0920641 0.559647 0.823602
1 16.9274 4.64894 1.74773 -0.851258 0.012239 0.524604
1 5.79935 15.8484 1.6096 0.0907088 0.517342 -0.850958
1 3.70056 10.563 1.74554 0.169127 0.583545 0.794274
1 9.09707 15.2581 1.60815 -0.0154447 -0.00224484 -0.999878
1 31.8003 26.7607 1.60829 -0.1483 0.0465138 -0.987848
1 32.0164 10.9463 1.74829 0.267246 -0.486497 0.831805
1 10.735 20.4933 1.6138 0.622093 -0.299427 -0.723425
1 13.1873 1.41422 1.759 -0.549346 -0.582744 0.598856
1 1.0031 2.03252 1.61015 -0.420394 -0.339665 -0.841366
1 22.5414 12.9103 1.62266 0.428916 0.622302 -0.654806
1 27.4597 1.33436 1.75926 -0.103604 0.18709 0.976864
1 13.7105 11.6535 1.74931 -0.0487121 -0.624633 0.779398
1 9.02874 28.5372 1.75756 -0.112868 0.266235 0.957277
1 9.18502 29.5891 1.75642 -0.29244 0.291442 0.910791
1 23.5619 10.2576 1.60907 0.0855189 0.438911 -0.894451
1 16.2645 15.1696 1.7506 -0.350952 -0.211831 0.912118
1 27.0895 25.4515 1.75527 0.356965 0.305756 0.88266
1 30.2106 7.53912 1.68652 -0.278787 -0.633083 -0.722138
1 7.18861 17.9171 1.6123 0.296426 0.314931 -0.901637
1 12.2485 23.2162 1.6207 -0.0749158 0.64508 -0.760434
1 29.1304 1.72323 1.75725 -0.244992 0.453454 0.856947
1 12.4685 16.0205 1.61711 -0.00319043 -0.562253 -0.826959
1 6.00066 1.28469 1.6084 -0.192334 0.214953 -0.957498
1 10.5197 11.5158 1.61122 -0.427573 -0.371092 -0.824301
1 14.4874 9.60197 1.76158 0.2171 -0.500553 0.838042
1 24.3342 28.3719 1.75926 -0.20974 -0.112477 0.971266
1 9.23261 31.7591 1.75601 -0.652532 0.296 0.697557
1 18.6099 6.41474 1.7593 0.504572 0.191915 0.841769
1 5.8095 32.1205 1.74918 -0.762842 -0.14514 0.630084
1 9.3001 8.48992 1.63054 0.737214 -0.0386992 -0.67455
1 30.979 11.4075 1.74041 0.296615 -0.677928 0.672631
1 25.0235 10.6993 1.60867 0.186913 0.179097 -0.965913
1 27.6553 3.06499 1.76013 -0.441217 0.198899 0.875081
1 8.2772 21.0892 1.61336 0.712653 0.178881 -0.678327
1 4.06051 15.092 1.60448 -0.176854 0.778765 -0.60187
1 33.2226 9.20194 1.75073 0.582274 -0.305672 0.75334
1 15.2467 12.9931 1.76173 -0.158645 -0.362106 0.918537
1 31.0479 19.384 1.60963 0.116512 -0.611787 -0.782395
1 4.97205 1.22402 1.61155 -0.15801 0.356607 -0.920796
1 25.3651 9.6052 1.60744 0.0290314 0.129953 -0.991095
1 8.20866 14.8833 1.60715 -0.0401685 0.115254 -0.992524
1 13.3857 16.5464 1.60743 0.0193419 -0.697046 -0.716766
1 16.5927 28.4059 1.74893 0.630805 -0.0718912 0.772604
1 2.84184 5.55624 1.6295 -0.0857704 -0.52578 -0.846285
1 13.7669 4.74723 1.61406 -0.0319144 -0.653077 -0.756619
1 22.873 7.09928 1.62751 -0.373963 0.588484 -0.716825
1 4.34649 21.4994 1.76233 -0.0909769 0.414065 0.905689
1 7.0821 5.65173 1.61527 0.310327 0.237507 -0.920482
1 24.0717 12.3361 1.60998 0.38938 0.333652 -0.858521
1 29.4897 25.5502 1.61618 -0.261988 0.521258 -0.81219
1 23.1904 30.0842 1.76221 -0.503736 -0.291093 0.813336
1 7.14705 30.6165 1.76312 -0.4698 -0.00933827 0.882723
1 10.6529 18.5556 1.61132 0.343638 -0.225159 -0.911711
1 16.7284 29.3527 1.7562 0.457191 -0.0388249 0.888521
1 0.544929 23.03 1.75852 -0.398233 -0.164643 0.902387
1 7.89077 9.59632 1.61356 -0.677318 0.144259 -0.721408
1 7.23314 14.8643 1.60946 -0.056032 0.266435 -0.962223
1 33.457 26.685 1.61011 -0.171057 -0.267237 -0.948327
1 23.4339 29.0601 1.75454 -0.340408 -0.263561 0.902584
1 20.6784 26.6982 1.60452 -0.0674102 0.737896 -0.67154
1 10.1739 26.6565 1.75769 0.175351 0.429057 0.886094
1 28.1965 8.87603 1.60903 -0.0385955 -0.302302 -0.952431
1 21.8422 25.7494 1.76079 0.277096 -0.539835 0.794856
1 29.0712 12.3763 1.60934 0.566264 -0.423077 -0.707355
1 22.9373 34.4464 1.74146 0.394189 -0.533604 0.748253
1 18.0716 23.7259 1.60974 0.17447 -0.258487 -0.950129
1 18.7395 13.2514 1.7568 -0.0875153 0.211852 0.973376
1 18.5629 21.8684 1.60967 -0.132021 -0.339777 -0.931194
1 7.75748 0.757994 1.60853 -0.317228 -0.0202982 -0.948132
1 0.104473 4.67492 1.60841 -0.0140979 -0.0726934 -0.997255
1 6.71094 3.29526 1.60457 0.0389426 0.255871 -0.965926
1 1.90118 5.35163 1.61632 0.00637145 -0.356877 -0.93413
1 6.42961 23.4479 1.72165 0.732616 -0.329274 0.595695
1 8.53875 33.8618 1.61219 -0.60165 -0.145697 -0.78536
1 25.929 11.2265 1.60803 0.28741 0.0275348 -0.957412
1 34.2407 23.5374 1.75536 -0.515302 -0.297299 0.803789
1 26.9709 11.4378 1.61066 0.341513 -0.127362 -0.931208
1 9.31389 11.2544 1.61314 -0.467437 -0.156429 -0.870076
1 30.4409 27.5367 1.60799 -0.00474908 0.313518 -0.949571
1 0.592085 18.9122 1.75969 0.324948 -0.209966 0.92213
1 5.66114 9.65414 1.78401 0.489846 -0.612183 0.620712
1 33.7519 10.8744 1.75761 0.271624 -0.196776 0.942072
1 31.4342 27.7241 1.60818 0.000180535 0.12925 -0.991612
1 16.5126 14.2432 1.75878 -0.238245 -0.141308 0.96087
1 28.0245 16.961 1.60968 -0.269053 -0.135308 -0.953574
1 15.1662 34.5963 1.75377 -0.249229 -0.216044 0.944039
1 23.4051 27.9197 1.75919 -0.147612 -0.289355 0.945772
1 14.515 29.4195 1.7498 0.428977 -0.310828 0.848154
1 1.29958 15.9852 1.75094 -0.618342 0.248406 0.745619
1 0.172662 10.6537 1.76152 0.30863 -0.0218278 0.950932
1 23.9474 7.01814 1.613 -0.384592 0.38335 -0.839721
1 30.4614 18.4415 1.61142 -0.0185464 -0.51098 -0.859392
1 27.8244 19.6588 1.60767 0.172571 -0.116306 -0.978106
1 20.7895 33.6495 1.7548 -0.181405 0.551982 0.813884
1 6.34624 34.1641 1.61376 -0.481092 0.138744 -0.865622
1 3.33697 22.3279 1.75193 -0.236624 0.272084 0.932727
1 31.029 8.87143 1.69635 -0.0780605 -0.744951 -0.662537
1 8.61687 13.1309 1.60751 -0.225457 0.0158558 -0.974124
1 14.6147 32.5395 1.75941 0.00968827 -0.291749 0.956446
1 23.3857 26.8506 1.75937 0.06424 -0.283072 0.956945
1 8.0514 22.0216 1.76168 -0.818933 -0.2098 0.534166
1 32.0819 4.29987 1.61133 -0.0658919 0.366472 -0.928093
1 23.6779 16.5863 1.61708 -0.507822 0.389107 -0.768578
1 9.45662 4.49767 1.60996 0.104953 -0.090897 -0.990314
1 7.79354 4.93854 1.61178 0.192955 0.127449 -0.972895
1 3.10271 31.9221 1.77788 0.693046 0.207344 0.690432
1 24.7506 1.32947 1.75663 0.0111639 -0.184694 0.982733
1 15.8768 12.1749 1.759 -0.0681329 -0.246483 0.966749
1 9.58328 25.7026 1.75787 0.340998 0.323943 0.882486
1 21.5072 13.1074 1.75047 0.2364 0.709642 0.663719
1 2.27412 0.377492 1.60003 -0.194513 0.715091 -0.671423
1 24.9826 11.6808 1.6059 0.344979 0.173816 -0.922376
1 7.0411 1.45296 1.60901 -0.193945 0.0845229 -0.977364
1 24.5864 18.2319 1.60831 -0.151502 0.287871 -0.94561
1 10.4244 22.1613 1.59147 0.831251 -0.285284 -0.477111
1 32.6605 15.1241 1.75609 -0.478737 -0.295252 0.826824
1 14.9717 23.0243 1.60604 -0.00530171 0.200837 -0.97961
1 17.7279 28.8041 1.75605 0.536104 0.0848004 0.839882
1 19.4022 21.3568 1.61059 -0.221489 -0.48559 -0.845662
1 15.5852 11.1163 1.7582 0.0347018 -0.300703 0.953086
1 4.60791 30.4137 1.75343 -0.447105 -0.321483 0.834713
1 22.6447 26.2158 1.7574 0.188888 -0.403044 0.895476
1 11.884 33.4006 1.75294 -0.143126 -0.683862 0.715436
1 18.6655 1.875 1.75106 -0.455332 0.272151 0.847707
1 29.3229 28.0213 1.64379 0.00803622 0.939409 -0.342703
1 27.1458 31.8136 1.7546 0.648844 0.0877592 0.755844
1 10.2748 5.03511 1.60665 0.157283 -0.16903 -0.97298
1 31.0598 23.6885 1.60999 -0.602232 0.243876 -0.760159
1 25.811 22.311 1.62248 0.598539 0.197522 -0.776361
1 7.81966 20.0566 1.61426 0.569547 0.276734 -0.773973
1 26.3991 18.0991 1.61109 -0.109921 0.0433562 -0.992994
1 1.4895 7.12293 1.61514 0.338894 -0.276479 -0.899283
1 32.281 13.4319 1.75606 -0.181853 -0.408407 0.894501
1 5.05728 11.9992 1.60355 -0.307784 0.738792 -0.599546
1 26.6892 0.706112 1.76067 0.0429678 0.0719427 0.996483
1 28.5356 22.3446 1.60388 0.597548 -0.163363 -0.785015
1 22.9487 1.00537 1.75166 0.173708 -0.484669 0.857276
1 12.3258 26.9681 1.73767 0.129497 0.771411 0.623022
1 26.0441 16.7639 1.6128 -0.342893 0.117934 -0.931942
1 0.872789 25.9462 1.612 -0.325225 -0.627202 -0.707705
1 20.4051 31.0437 1.75504 0.211432 0.467646 0.858256
1 12.7054 11.2316 1.73903 -0.108919 -0.799613 0.590555
1 12.5102 13.4271 1.61682 -0.268325 -0.712831 -0.647976
1 10.8634 24.2602 1.75809 0.579031 0.533122 0.61685
1 4.22492 3.44308 1.62102 0.209043 0.525642 -0.824622
1 18.591 30.4363 1.75637 0.282687 0.207788 0.936436
1 11.6286 21.0273 1.60463 0.689263 -0.46219 -0.557939
1 16.4713 21.6092 1.60729 -0.23814 -0.0299805 -0.970768
1 11.3052 29.7161 1.68943 -0.417664 0.604474 0.678357
1 4.96281 23.1623 1.74641 -0.542688 0.425862 0.72397
1 2.3473 27.878 1.76877 -0.128948 -0.742119 0.657747
1 8.28275 3.21454 1.60803 -0.0301363 0.0353129 -0.998922
1 0.608914 22.0161 1.75812 -0.221321 -0.176759 0.959048
1 8.1415 31.166 1.76191 -0.589641 0.123749 0.798129
1 27.2378 8.86388 1.6073 -0.0580103 -0.143955 -0.987882
1 3.39323 30.6042 1.7516 -0.487354 -0.498043 0.717245
1 33.8391 3.08125 1.61041 -0.243536 0.0548101 -0.968342
1 25.1359 15.315 1.62016 -0.689348 0.203799 -0.695173
1 25.468 18.6586 1.60691 -0.0473064 0.175158 -0.983403
1 23.7157 18.7529 1.61137 -0.0729775 0.414727 -0.907015
1 1.83269 4.29182 1.61742 -0.17437 -0.390679 -0.903861
1 11.5821 17.9755 1.61529 0.258557 -0.38018 -0.888038
1 8.78978 5.23428 1.60989 0.214019 0.000407006 -0.976829
1 13.1476 23.726 1.61053 0.0791806 0.510197 -0.856405
1 7.72065 25.0129 1.75602 0.473886 0.00411884 0.880576
1 1.44305 31.2426 1.62152 0.432226 -0.61853 -0.656203
1 32.6403 27.2488 1.60732 -0.0798136 -0.106825 -0.991069
1 29.2679 15.4971 1.60317 -0.503556 -0.303043 -0.809071
1 32.6451 0.651025 1.60582 -0.569825 0.312077 -0.760202
1 16.556 25.1329 1.60937 0.381348 -0.0133912 -0.924334
1 22.5695 28.3569 1.74352 -0.251653 -0.434874 0.864613
1 14.5094 24.9863 1.60717 0.355766 0.304638 -0.883531
1 21.7904 22.4093 1.78331 -0.521649 -0.65162 0.550703
1 25.2954 8.12253 1.61006 -0.202851 0.137624 -0.96949
1 15.8517 33.9467 1.75899 -0.159572 -0.130294 0.97855
1 17.6879 0.0789442 1.75826 -0.224322 0.111641 0.968099
1 2.85319 4.40685 1.62191 -0.337345 -0.556718 -0.75912
1 6.6199 25.2309 1.75378 0.423669 -0.161418 0.891319
1 11.9353 32.0815 1.75049 0.121194 -0.676216 0.726666
1 21.0688 2.42257 1.7536 0.157411 -0.642763 0.749718
1 9.60316 27.6345 1.75837 0.0294618 0.353427 0.934998
1 25.4795 17.6324 1.61249 -0.212309 0.157933 -0.964356
1 26.9045 33.4433 1.75573 0.354781 0.0493444 0.933646
1 25.972 7.43428 1.60802 -0.317986 0.0373544 -0.947359
1 2.26034 14.2828 1.75376 -0.294927 0.419592 0.858464
1 21.761 20.4323 1.60989 0.152205 0.644129 -0.749621
1 15.3036 19.9837 1.61286 -0.539729 0.128112 -0.832033
1 32.7289 34.1312 1.59048 -0.663286 0.490767 -0.564977
1 17.0227 23.5256 1.60874 0.111815 -0.100491 -0.988635
1 16.5334 26.0741 1.6113 0.538056 0.0177734 -0.842722
1 12.4387 17.2481 1.62577 0.17071 -0.539399 -0.824564
1 19.0194 16.0241 1.76007 -0.385558 0.24908 0.888428
1 19.924 25.7184 1.75348 -0.37358 0.713059 0.593284
1 17.5719 1.89598 1.75352 -0.453534 0.098032 0.885831
1 0.327458 14.45 1.75723 -0.357661 0.0717178 0.931093
1 33.3005 24.523 1.6102 -0.549379 -0.246252 -0.798462
1 25.8649 33.549 1.75373 0.370202 -0.10423 0.923085
1 18.0111 3.86015 1.76521 -0.713063 0.151597 0.684514
1 31.5146 1.50206 1.59478 -0.525258 0.547905 -0.65108
1 24.8995 22.9215 1.61424 0.746891 0.260408 -0.611835
1 3.33309 6.64727 1.62014 0.0873694 -0.601845 -0.793819
1 17.1027 7.53715 1.75646 0.390495 -0.0938026 0.915814
1 1.37101 27.918 1.61433 -0.0328269 -0.737074 -0.675014
1 23.9069 33.4499 1.76126 0.46245 -0.379785 0.801188
1 25.1438 12.6349 1.61294 0.504282 0.142613 -0.851681
1 22.2325 29.2831 1.76112 -0.420315 -0.532353 0.734803
1 16.0228 27.5876 1.75977 0.796064 -0.120752 0.593043
1 8.81716 24.8888 1.75505 0.471784 0.189154 0.861186
1 17.265 13.6311 1.7594 -0.154281 -0.0271202 0.987655
1 7.76706 15.8019 1.60775 0.0399744 0.197547 -0.979478
1 33.6237 15.7572 1.75097 -0.586859 -0.0904014 0.804627
1 5.62214 31.0607 1.75387 -0.555082 -0.170867 0.814057
1 0.780105 3.03216 1.61322 -0.255 -0.298313 -0.919774
1 20.8802 16.8184 1.76093 -0.459056 0.551991 0.696113
1 28.7513 17.752 1.60891 -0.133598 -0.248341 -0.959416
1 18.8435 14.9037 1.7637 -0.239603 0.23007 0.943217
1 11.9241 7.2423 1.61048 0.463338 -0.340417 -0.81819
1 19.4773 14.0271 1.76094 -0.106542 0.356337 0.928263
1 25.6918 0.917781 1.75938 0.0452414 -0.0623993 0.997025
1 2.42052 11.1206 1.75256 0.193776 0.36578 0.910305
1 12.2754 8.20174 1.6122 0.615265 -0.357427 -0.702634
1 21.6402 34.0791 1.74345 -0.311075 0.649137 0.694157
1 14.6286 31.467 1.75794 0.154161 -0.279209 0.947775
1 3.58218 2.30188 1.60938 0.137742 0.612474 -0.778397
1 13.0411 33.9506 1.75075 -0.237772 -0.53094 0.813368
1 21.549 14.4489 1.74723 -0.0174418 0.651564 0.758393
1 18.6323 25.7474 1.61737 0.554664 -0.335431 -0.761468
1 12.2195 14.6677 1.62343 -0.0988313 -0.580093 -0.808532
1 20.4868 14.3218 1.75429 -0.0780988 0.500307 0.862318
1 11.6781 25.5617 1.74868 0.359409 0.678585 0.640584
1 21.8116 3.24126 1.74677 -0.0900238 -0.551786 0.829113
1 6.89066 13.8677 1.6104 -0.172831 0.307911 -0.935586
1 7.72452 6.82893 1.60262 0.459089 0.195995 -0.8665
1 12.7336 2.18837 1.66088 -0.432074 -0.566134 -0.702
1 24.7153 8.9106 1.6076 -0.0842997 0.231436 -0.969191
1 20.8344 19.5724 1.60954 0.100983 0.838218 -0.535903
1 22.7104 3.81462 1.76572 -0.276028 -0.39797 0.874888
1 8.65183 0.195915 1.60616 -0.436937 -0.159802 -0.885183
1 3.78302 29.5855 1.75351 -0.302126 -0.467221 0.830918
1 20.8301 7.25143 1.76199 0.302735 0.656665 0.690755
1 31.5997 15.3415 1.75344 -0.546856 -0.506144 0.666908
1 16.6924 17.9917 1.75244 -0.779085 -0.147907 0.609221
1 26.5932 9.57194 1.60772 0.0371968 -0.0484604 -0.998132
1 10.633 0.594547 1.61612 -0.322602 -0.511919 -0.796158
1 25.9772 10.3098 1.60864 0.142164 0.0370091 -0.989151
1 2.33832 26.394 1.74577 0.159058 -0.770308 0.617517
1 9.58411 13.2914 1.60887 -0.184129 -0.140315 -0.972835
1 12.4271 21.8261 1.61477 -0.314134 0.57748 -0.75355
1 5.88701 10.863 1.60558 -0.413581 0.474475 -0.777061
1 7.5518 3.8734 1.61068 0.0651428 0.148461 -0.98677
1 30.0406 29.3248 1.61335 0.0719696 0.530036 -0.844915
1 32.2061 7.22808 1.61499 0.457295 0.343159 -0.820441
1 16.2357 13.2487 1.7585 -0.144073 -0.192548 0.970654
1 26.9461 10.4876 1.60996 0.190663 -0.10573 -0.975945
1 30.4619 32.4792 1.77427 0.409527 0.592219 0.693949
1 17.7022 22.7512 1.60807 -0.00678851 -0.211848 -0.977279
1 33.5107 12.1475 1.75915 0.0503196 -0.226297 0.972758
1 25.1639 27.7884 1.76023 -0.0886773 0.0181697 0.995895
1 27.9805 6.92006 1.60967 -0.351636 -0.278073 -0.893884
1 29.3302 20.3913 1.60562 0.290331 -0.338599 -0.895019
1 19.6119 30.1556 1.75343 0.330102 0.359495 0.872809
1 24.7805 5.19404 1.63408 -0.697141 0.211123 -0.685143
1 27.5778 7.9214 1.61032 -0.192287 -0.212071 -0.95815
1 14.1315 24.0079 1.60683 0.158968 0.342364 -0.926022
1 29.8578 30.4706 1.62709 0.287138 0.561162 -0.776304
1 24.8749 0.297362 1.76085 0.181729 -0.205335 0.961671
1 32.6712 16.3343 1.75389 -0.683451 -0.272268 0.677322
1 5.99339 27.2899 1.75707 0.0956547 -0.211189 0.972754
1 25.6096 3.75133 1.75694 -0.534014 -0.0251872 0.8451
1 8.90658 6.67643 1.61049 0.426551 0.0311107 -0.903929
1 32.0139 9.79278 1.7329 0.456053 -0.538697 0.708393
1 29.8993 26.547 1.61348 -0.11805 0.428402 -0.895844
1 25.9634 6.5256 1.61059 -0.495987 0.0273768 -0.867898
1 27.7111 27.6481 1.75384 0.019289 0.439082 0.89824
1 34.1574 7.41058 1.60892 0.450322 0.00803397 -0.89283
1 9.1465 26.6346 1.75955 0.198803 0.256516 0.945874
1 13.7239 9.01027 1.75583 0.30526 -0.598036 0.74106
1 26.2254 13.065 1.62893 0.605281 -0.0580765 -0.79389
1 32.4629 19.2012 1.7554 0.216502 -0.694836 0.685806
1 1.18885 8.91908 1.7577 0.610151 0.114584 0.783956
1 21.9109 9.80887 1.62368 -0.00959957 0.765259 -0.643651
1 26.2385 13.9998 1.62364 0.748319 -0.216475 -0.627023
1 14.4673 13.9056 1.74303 -0.310842 -0.485937 0.816849
1 18.7192 29.4043 1.75435 0.433441 0.233657 0.870364
1 2.24094 6.38433 1.61016 0.14638 -0.417562 -0.89678
1 6.3224 29.2241 1.75782 -0.224481 -0.138805 0.964542
1 0.791758 33.9333 1.75506 0.733786 0.14712 0.66326
1 27.4244 15.497 1.61293 -0.550284 0.013904 -0.834862
1 6.42011 28.1759 1.76014 -0.0418664 -0.132711 0.99027
1 5.2747 21.9323 1.75726 -0.203924 0.577494 0.790516
1 24.4153 2.31367 1.7568 -0.140281 -0.180023 0.973608
1 3.49687 19.393 1.75654 0.266764 0.259555 0.928153
1 16.7108 18.9691 1.60468 -0.700407 -0.1531 -0.69713
1 5.23017 26.678 1.75239 0.199741 -0.342457 0.918056
1 25.9979 5.61994 1.61776 -0.670886 0.00385256 -0.741551
1 20.0228 31.987 1.7609 0.0710505 0.414386 0.907323
1 2.40847 9.03852 1.75389 0.516937 0.347617 0.782265
1 15.16 23.9837 1.60688 0.165971 0.179026 -0.969744
1 34.4084 25.1675 1.60949 -0.456763 -0.444735 -0.770441
1 31.8041 30.642 1.61217 0.40665 0.214579 -0.888027
1 4.42793 4.85205 1.65922 0.393578 0.685299 -0.612749
1 11.1968 31.3721 1.75477 0.402411 -0.723917 0.560366
1 29.6155 6.15083 1.62099 -0.496368 -0.558396 -0.66469
1 29.0542 16.7953 1.61254 -0.290109 -0.284953 -0.913586
1 4.3831 32.4487 1.65387 0.672344 0.454816 0.584034
1 34.233 27.4332 1.61155 -0.0458982 -0.394577 -0.917716
1 4.07563 27.6741 1.76034 0.057209 -0.476872 0.877109
1 0.613518 19.9571 1.75852 0.134527 -0.218146 0.9666
1 0.126187 1.31193 1.61554 -0.470418 -0.101797 -0.876553
1 1.25039 13.957 1.75711 -0.250205 0.2244 0.941829
1 22.7259 2.74723 1.75549 -0.0651911 -0.411381 0.909129
1 20.2713 5.92531 1.72715 0.52981 0.523196 0.667508
1 14.822 17.3589 1.78275 -0.566238 -0.615347 0.548382
1 10.9668 2.97269 1.61563 -0.0942847 -0.323866 -0.941393
1 33.4967 31.7284 1.61262 0.655796 -0.0760691 -0.751096
1 26.8961 34.3878 1.76033 0.19473 0.0762012 0.977892
1 27.8945 10.8589 1.60848 0.251526 -0.262232 -0.931649
1 23.7706 9.06945 1.60864 -0.0732382 0.39953 -0.91379
1 27.083 28.4723 1.75813 -0.145931 0.351111 0.924892
1 28.1373 25.7749 1.75055 0.319288 0.511605 0.797694
1 18.198 0.966609 1.75507 -0.333515 0.195213 0.922312
1 33.1789 5.79811 1.61114 0.185534 0.187007 -0.964679
1 10.1735 19.7102 1.61164 0.518057 -0.154651 -0.841249
1 33.9233 20.4926 1.75725 0.0223439 -0.4414 0.897032
1 13.9782 14.8381 1.75739 -0.339065 -0.697917 0.630831
1 0.689523 24.1689 1.75549 -0.612164 -0.107503 0.783389
1 18.1085 9.28055 1.75746 0.176042 0.103829 0.978892
1 15.2501 6.6718 1.73704 0.581637 -0.452575 0.675925
1 14.0885 17.8444 1.59574 0.0532335 -0.820674 -0.568911
1 9.63528 18.9201 1.60684 0.40424 -0.055783 -0.91295
1 19.7456 29.0996 1.75487 0.48115 0.406189 0.776856
1 31.5523 25.7436 1.60887 -0.307253 0.0889856 -0.947458
1 9.63008 5.81281 1.60384 0.287453 -0.0846707 -0.954045
1 23.9396 34.5221 1.74843 0.272814 -0.374642 0.886124
1 33.248 13.2191 1.75882 -0.13235 -0.247409 0.959829
1 3.3319 11.8911 1.75315 0.0547292 0.570805 0.819259
1 10.5629 25.4018 1.75785 0.381869 0.488372 0.784645
1 11.1478 5.50826 1.60707 0.210078 -0.258176 -0.942981
1 26.5399 21.5837 1.61411 0.463505 0.107 -0.87961
1 33.144 18.0274 1.75215 0.436408 -0.514912 0.737844
1 4.43197 28.7364 1.75584 -0.135325 -0.407829 0.902974
1 10.4655 13.7276 1.61309 -0.132804 -0.280994 -0.950476
1 25.3893 29.8325 1.75725 -0.448967 0.106967 0.887123
1 16.2546 24.1892 1.60921 0.217515 0.0223457 -0.975801
1 27.4541 26.522 1.75556 0.188476 0.397903 0.897858
1 28.4373 32.0543 1.75039 0.531978 0.304058 0.790284
1 15.1728 15.1078 1.74818 -0.36136 -0.414471 0.835244
1 7.98075 26.757 1.75979 0.180496 0.079213 0.980381
1 15.3737 10.0553 1.75815 0.149937 -0.355426 0.9226
1 10.754 7.56209 1.61035 0.536346 -0.175861 -0.825473
1 21.7613 32.714 1.74417 -0.0844265 0.694128 0.714884
1 4.29957 6.87513 1.60222 -0.0115868 -0.773749 -0.633387
1 10.9519 8.53525 1.60956 0.70603 -0.115653 -0.698674
1 3.35544 18.3428 1.75916 0.439685 0.268996 0.856924
1 15.7552 30.0018 1.75904 0.352137 -0.143789 0.924837
1 33.0075 2.58895 1.61339 -0.309524 0.203196 -0.928928
1 8.24267 30.2061 1.75886 -0.41316 0.145029 0.899036
1 19.9946 33.0695 1.76059 -0.0783094 0.42489 0.901852
1 26.4128 24.2706 1.75657 0.610357 0.16165 0.775457
1 1.73329 9.84128 1.75804 0.422033 0.224096 0.878447
1 30.8647 26.5587 1.61113 -0.155696 0.228668 -0.960973
1 6.45983 16.9296 1.61909 0.208504 0.436433 -0.875244
1 23.7476 4.12069 1.76626 -0.443327 -0.216332 0.869863
1 6.59148 6.50997 1.60708 0.415543 0.363431 -0.833812
1 8.7943 19.5618 1.61015 0.50791 0.0942934 -0.856234
1 5.89053 13.7835 1.61416 -0.195939 0.466683 -0.862447
1 26.0278 20.6432 1.60951 0.288924 0.124945 -0.949164
1 25.9604 8.83 1.60809 -0.0822029 0.0444949 -0.995622
1 16.8868 12.4856 1.75991 -0.0690727 -0.0763665 0.994684
1 3.46066 26.0058 1.76445 0.374111 -0.597228 0.709478
1 23.7897 31.1053 1.75537 -0.687833 -0.167266 0.706334
1 0.415131 6.76325 1.60984 0.342884 -0.120733 -0.931587
1 1.87824 24.7859 1.5848 0.717072 -0.128383 -0.685074
1 0.919145 29.1948 1.62502 0.191437 -0.597058 -0.779021
1 33.4018 19.3665 1.75234 0.210462 -0.527208 0.82326
1 9.97157 16.8956 1.60956 0.13378 -0.126882 -0.982855
1 3.55051 9.20372 1.7556 0.345484 0.589836 0.729887
1 16.5206 1.69686 1.75105 -0.417836 -0.0650602 0.90619
1 27.6497 9.77642 1.60829 0.087157 -0.212244 -0.973322
1 12.9039 31.6441 1.75419 0.150027 -0.512251 0.84563
1 7.40842 11.9855 1.60489 -0.374478 0.182156 -0.909167
1 33.0225 3.73171 1.60834 -0.155167 0.212568 -0.964748
1 20.7642 28.8714 1.74937 0.533125 0.584206 0.611949
1 19.6364 22.6219 1.60871 -0.0107239 -0.514392 -0.857488
1 9.33548 20.4758 1.60826 0.642414 -0.0128198 -0.76625
1 33.9451 34.3463 1.6054 -0.682156 0.19173 -0.705622
1 32.5557 26.1051 1.60857 -0.263941 -0.107787 -0.958497
1 27.3157 18.7997 1.60737 0.023619 -0.0565579 -0.99812
1 9.30305 9.50263 1.6203 -0.742697 -0.0706215 -0.665893
1 20.6689 9.99279 1.74456 0.0742094 0.580908 0.81058
1 21.9663 11.4875 1.62715 0.188154 0.759139 -0.623142
1 22.4121 31.5575 1.7395 0.104272 0.76777 0.632184
1 28.2915 23.3639 1.62132 0.764539 -0.10126 -0.636574
1 3.28019 14.373 1.75318 -0.315724 0.613383 0.723934
1 1.33266 10.7242 1.75772 0.288572 0.173932 0.941528
1 5.12786 20.752 1.76188 0.0821658 0.546332 0.833529
1 21.755 7.5554 1.58787 -0.202198 0.816117 -0.541358
1 10.9266 28.7882 1.76601 -0.226168 0.555705 0.800025
1 33.3547 27.9516 1.60637 0.0354412 -0.225928 -0.973499
1 7.36174 27.7281 1.76007 0.0289855 0.000202701 0.99958
1 2.98432 3.10269 1.74401 0.483553 0.664079 -0.570242
1 16.9333 8.59281 1.75573 0.278999 -0.0927003 0.955806
1 29.7938 17.5688 1.61095 -0.157549 -0.41475 -0.896192
1 6.1168 22.4366 1.76748 -0.406909 0.648906 0.64292
1 17.3419 32.887 1.75866 -0.015348 0.0628603 0.997904
1 23.4809 25.5493 1.75651 0.339132 -0.253455 0.905952
1 24.592 25.3334 1.76023 0.364621 -0.0802123 0.927695
1 11.7446 11.9354 1.61062 -0.370101 -0.584491 -0.722077
1 8.49864 4.22742 1.60863 0.0871036 0.0267043 -0.995841
1 0.612063 20.9686 1.76062 -0.0388042 -0.201794 0.978659
1 12.3314 24.5265 1.62091 0.204422 0.671267 -0.712469
1 24.8445 6.1804 1.61233 -0.543118 0.20919 -0.813181
1 14.2707 12.7341 1.75094 -0.16446 -0.527892 0.833236
1 29.9481 19.4335 1.61244 0.142554 -0.426578 -0.893146
1 3.52039 23.3901 1.75756 -0.43365 0.290766 0.852879
1 21.0477 23.0212 1.59783 0.0406113 -0.786895 -0.615749
1 11.457 22.5338 1.77471 0.281575 -0.73997 0.610868
1 19.7989 1.64091 1.73891 -0.47238 0.456952 0.753692
1 4.58278 19.6401 1.75533 0.314516 0.428727 0.84692
1 8.73718 1.17517 1.60665 -0.27438 -0.131065 -0.952648
1 31.2094 3.78692 1.61239 -0.175411 0.531297 -0.828827
1 12.357 30.8133 1.74264 0.309464 -0.554807 0.772283
1 6.78042 15.8598 1.61101 0.0615493 0.362046 -0.930126
1 29.962 16.4462 1.605 -0.338745 -0.439594 -0.831871
1 6.61959 9.81642 1.60314 -0.583512 0.382086 -0.716606
1 11.7892 3.82037 1.60725 -0.106448 -0.372632 -0.921854
1 30.9312 31.191 1.61732 0.465669 0.405478 -0.7866
1 19.0302 33.3697 1.7559 -0.103839 0.298147 0.948855
1 27.1868 20.7762 1.60645 0.33534 -0.0153685 -0.941972
1 7.20178 10.6443 1.61367 -0.530729 0.223719 -0.817482
1 4.05149 16.6301 1.60854 0.290692 0.751258 -0.592545
1 33.1701 32.7537 1.74889 -0.799729 -0.189256 0.569751
1 34.0598 6.35609 1.61015 0.271241 0.0422698 -0.961583
1 29.5698 22.7184 1.62847 0.614693 -0.355102 -0.704311
1 15.5122 3.91345 1.77582 -0.667966 -0.463886 0.58192
1 26.8035 27.3126 1.76035 0.0407364 0.285609 0.95748
1 3.98061 1.20998 1.61729 -0.1009 0.504569 -0.857455
1 33.423 25.5795 1.60845 -0.368151 -0.269765 -0.88977
1 8.32232 7.73444 1.62226 0.612248 0.137418 -0.778633
1 23.726 19.8321 1.61047 0.124477 0.399844 -0.908091
1 32.4516 29.8559 1.60901 0.331764 0.011583 -0.943291
1 28.1595 11.9061 1.61004 0.406668 -0.321344 -0.855195
1 29.8632 11.2453 1.60454 0.394336 -0.570286 -0.720606
1 8.8981 14.1187 1.60788 -0.114597 -0.00456889 -0.993402
1 24.7227 14.4033 1.60482 0.807546 0.0621541 -0.58652
1 34.5898 16.4002 1.72973 -0.751834 0.0695252 0.655676
1 7.72692 8.55355 1.61595 0.780382 0.137892 -0.609909
1 19.114 7.49941 1.7607 0.335162 0.289773 0.896492
1 22.6538 33.0052 1.73782 -0.246837 0.807973 0.535024
1 2.50577 23.9887 1.76789 -0.543729 0.155898 0.824654
1 6.95316 26.8873 1.75832 0.159395 -0.0788987 0.984057
1 14.9748 28.3687 1.75884 0.607712 -0.21868 0.763456
1 9.68601 21.3981 1.61312 0.759437 -0.131514 -0.63715
1 20.0212 11.6666 1.75231 0.063358 0.49974 0.863855
1 0.666044 30.4988 1.6208 0.40069 -0.49275 -0.772428
1 25.2376 24.5393 1.74879 0.530411 -0.0131978 0.847638
1 6.09981 30.1892 1.75853 -0.390966 -0.152206 0.907733
1 33.2324 22.8234 1.75614 -0.386255 -0.468959 0.794282
1 6.07375 33.1738 1.6111 -0.682255 0.187334 -0.706706
1 28.1312 2.08543 1.75793 -0.262817 0.293889 0.918998
1 8.65505 10.3517 1.60451 -0.596118 -0.0246479 -0.802518
1 28.2745 14.8245 1.61684 -0.646464 -0.105644 -0.755595
1 13.7609 33.203 1.75727 -0.105323 -0.418266 0.902198
1 5.73596 12.6641 1.64388 -0.338166 0.520998 -0.783712
1 33.7224 1.77509 1.61194 -0.394086 0.0730129 -0.916169
1 17.0537 15.9275 1.75744 -0.427754 -0.0775195 0.900565
1 16.3704 10.414 1.75976 0.114398 -0.181879 0.976644
1 7.52817 34.418 1.60909 -0.465891 -0.0100391 -0.884785
1 9.5941 1.77208 1.60774 -0.193642 -0.190072 -0.962484
1 17.5574 2.88155 1.76412 -0.606262 0.0889733 0.790272
1 22.4012 17.9052 1.61036 -0.30691 0.590574 -0.746343
1 30.8275 28.5918 1.60782 0.120496 0.267096 -0.956107
1 13.3302 7.25866 1.60432 0.479468 -0.553742 -0.680794
1 12.4064 0.113243 1.74454 -0.357212 -0.650775 0.669993
1 24.5342 3.48338 1.75315 -0.332491 -0.15439 0.930384
1 15.9613 23.2487 1.60719 0.0484004 0.0519322 -0.997477
1 26.7854 19.9034 1.60556 0.184156 0.0154277 -0.982776
1 25.6184 19.6922 1.60786 0.128201 0.159989 -0.978758
1 16.0322 20.7274 1.61076 -0.402136 0.0125825 -0.915493
1 18.2632 19.1789 1.61242 -0.660323 -0.276755 -0.698126
1 9.26319 30.6661 1.75688 -0.475714 0.302626 0.825902
1 14.8619 5.25881 1.60297 0.164964 -0.779311 -0.604533
1 2.42581 21.9248 1.75815 -0.180207 0.116599 0.976693
1 14.3789 1.74498 1.7622 -0.437806 -0.406126 0.802114
1 15.1521 2.73462 1.75443 -0.557172 -0.31099 0.769964
1 17.8451 12.8128 1.76143 -0.0724973 0.0726703 0.994718
1 2.34974 17.7621 1.75099 0.574727 0.0909122 0.81328
1 28.7506 2.86691 1.75326 -0.419949 0.390711 0.819138
1 18.1079 7.27388 1.75936 0.391424 0.100772 0.914676
1 24.1799 26.2421 1.75868 0.190661 -0.154091 0.969487
1 1.82457 3.15943 1.62039 -0.371911 -0.521445 -0.76797
1 4.56781 25.375 1.76505 0.509778 -0.427195 0.746747
1 23.3305 8.09236 1.60821 -0.219663 0.488162 -0.844657
1 1.99031 13.247 1.75293 -0.126115 0.351916 0.927497
1 34.3578 19.5214 1.75523 0.199325 -0.360059 0.911387
1 15.2332 21.3585 1.60868 -0.295267 0.136708 -0.945584
1 24.4773 17.2445 1.61156 -0.340532 0.271195 -0.900273
1 18.0504 15.5735 1.76466 -0.356536 0.0946976 0.92947
1 33.9232 14.8463 1.75808 -0.42444 -0.0910887 0.900863
1 20.973 11.2521 1.7248 -0.064374 0.723671 0.687136
1 24.5664 23.7364 1.7667 0.736468 -0.0125317 0.676356
1 22.379 8.40051 1.68488 -0.1944 0.645417 -0.738678
1 28.6774 5.03795 1.61037 -0.690796 -0.348651 -0.633438
1 7.26081 29.6881 1.76026 -0.314723 -0.00186996 0.949182
1 2.34423 19.8563 1.76091 0.169053 0.0688919 0.983196
1 11.4588 13.0275 1.60832 -0.22715 -0.507304 -0.831292
1 8.68403 18.4896 1.60856 0.352773 0.098484 -0.930512
1 15.644 26.7381 1.60013 0.719109 0.09212 -0.688764
1 34.3456 17.4055 1.76006 0.659725 -0.285776 0.69505
1 7.44193 2.62483 1.60765 -0.0618564 0.106914 -0.992342
1 12.8181 4.19082 1.60939 -0.0728412 -0.50006 -0.862922
1 15.5111 31.9596 1.75957 0.0932105 -0.158365 0.982971
1 16.2307 9.38346 1.75784 0.222285 -0.216913 0.950546
1 22.8615 9.45897 1.61774 -0.0444008 0.565405 -0.823618
1 30.6729 14.1038 1.74757 -0.336479 -0.66213 0.669601
1 28.4372 1.01351 1.75808 -0.0915457 0.331835 0.938885
1 4.28024 22.5351 1.75154 -0.296593 0.415346 0.859954
1 31.3913 6.24882 1.6029 0.303959 0.479568 -0.823179
1 28.5987 33.2221 1.75692 0.304444 0.321556 0.896613
1 34.5034 8.97065 1.74561 0.630153 -0.0870276 0.771578
1 5.49788 6.07557 1.60992 0.363902 0.535277 -0.762269
1 17.9366 17.4811 1.71247 -0.669197 0.0622003 0.740478
1 17.4415 6.47797 1.76302 0.524302 -0.0402004 0.850583
1 9.95903 28.7333 1.75378 -0.156619 0.413785 0.896801
1 19.7952 10.3828 1.75222 0.0858814 0.42266 0.90221
1 5.13201 33.9808 1.60587 -0.441571 0.238655 -0.864904
1 0.410972 13.4099 1.75876 -0.170722 0.0683812 0.982944
1 34.1719 18.4855 1.75014 0.408896 -0.364939 0.836435
1 15.592 30.9729 1.76047 0.221541 -0.145575 0.964224
1 11.1484 6.56121 1.61041 0.35924 -0.240158 -0.901815
1 0.56348 27.0714 1.61188 -0.118597 -0.559549 -0.820268
1 28.3731 16.0027 1.61246 -0.429087 -0.149006 -0.890888
1 15.4603 1.77441 1.75796 -0.428229 -0.231241 0.873583
1 21.8475 5.34062 1.76454 -0.328587 0.533293 0.779505
1 6.25993 26.2466 1.75666 0.265786 -0.19916 0.943235
1 12.9498 25.8072 1.64164 0.466123 0.59656 -0.653334
1 30.2045 24.5962 1.60782 -0.43391 0.3611 -0.825426
1 4.81656 15.9295 1.60349 0.0718603 0.680835 -0.728904
1 6.08425 5.21696 1.62245 0.280514 0.382999 -0.880127
1 3.03606 1.03825 1.77699 0.0510107 -0.644044 0.763286
1 26.0608 12.1344 1.61587 0.436134 -0.00220403 -0.899879
1 19.2588 0.767093 1.75059 -0.341508 0.361727 0.867482
1 32.8507 11.3953 1.75626 0.183711 -0.348351 0.919185
1 28.5289 7.87789 1.6153 -0.182718 -0.365844 -0.912564
1 5.15819 29.5841 1.75774 -0.284927 -0.289364 0.91383
1 17.3784 14.8059 1.75744 -0.288819 -0.00735208 0.957355
1 24.4331 9.89176 1.60454 0.0641832 0.28561 -0.956194
1 1.50685 21.4667 1.75951 -0.116037 -0.045449 0.992205
1 11.0675 4.44797 1.6046 0.0360667 -0.279611 -0.959436
1 4.51735 18.5498 1.76033 0.53746 0.483804 0.690703
1 34.3642 26.2695 1.60968 -0.25464 -0.425071 -0.868604
1 10.7779 16.257 1.61133 0.0704115 -0.27457 -0.958986
1 2.18404 32.7886 1.59971 0.580828 -0.264792 -0.769756
1 33.7904 0.764949 1.60702 -0.531713 0.109428 -0.839825
1 16.7491 30.3142 1.75539 0.306089 -0.0302259 0.951523
1 22.4977 27.2863 1.75847 -0.0352688 -0.422608 0.905626
1 1.79132 29.7627 1.60909 0.0536204 -0.807223 -0.587806
1 2.23827 1.84455 1.61181 0.231041 0.756467 -0.611864
1 13.1069 22.5666 1.60815 -0.139347 0.484759 -0.863476
1 18.4257 31.5224 1.75836 0.140376 0.193499 0.971006
1 29.5297 14.5476 1.63993 -0.646197 -0.369582 -0.667712
1 18.0228 16.5446 1.75973 -0.514004 0.0735763 0.854626
1 11.5579 15.5507 1.61297 -0.0154522 -0.415413 -0.909502
1 14.8649 11.8693 1.7558 -0.0564365 -0.416082 0.907574
1 27.7564 21.5915 1.61556 0.489076 -0.0553008 -0.870486
1 5.6377 19.7795 1.76506 0.326923 0.598459 0.731415
1 28.4232 29.6744 1.59013 0.261683 -0.644601 -0.718339
1 3.35003 21.3176 1.75931 -0.0638639 0.253128 0.965323
1 30.1088 8.97127 1.60829 0.00481885 -0.612852 -0.790183
1 12.4077 3.12066 1.61621 -0.264611 -0.457134 -0.849123
1 19.9114 17.834 1.75976 -0.641951 0.361931 0.675947
1 19.5272 12.6329 1.75406 -0.0167409 0.351031 0.936214
1 19.1299 17.1139 1.75109 -0.549389 0.252694 0.79644
1 14.4339 20.7461 1.61313 -0.426805 0.261178 -0.865808
1 10.2346 3.82401 1.61153 0.0101789 -0.204992 -0.978711
1 1.48373 19.3887 1.76115 0.243742 -0.0707974 0.967253
1 9.80945 14.5276 1.60785 -0.0809228 -0.137149 -0.987239
1 2.49645 22.9764 1.75724 -0.358148 0.139889 0.923126
1 1.22014 12.7093 1.76092 -0.0554123 0.199838 0.978261
1 10.7774 17.4385 1.61098 0.19773 -0.25469 -0.946592
1 26.1308 4.71805 1.60632 -0.837267 -0.0236105 -0.546285
1 7.89263 13.9357 1.60789 -0.149639 0.150252 -0.977258
1 13.4142 24.8656 1.61214 0.312502 0.488751 -0.814533
1 18.6777 22.8783 1.60931 0.0421218 -0.355734 -0.933638
1 16.7079 22.5643 1.6076 -0.066495 -0.0627309 -0.995813
1 19.0686 5.5208 1.75992 0.606803 0.278572 0.744438
1 30.4373 5.52074 1.61425 0.232914 0.64346 -0.729185
1 12.9254 5.32759 1.60751 0.118682 -0.514223 -0.849405
1 27.1104 2.28637 1.75883 -0.260659 0.14391 0.954645
1 6.14369 20.8299 1.58539 -0.0766081 -0.701116 -0.70892
1 9.5965 23.2943 1.74204 0.74178 0.245917 0.623928
1 29.5928 10.0788 1.60535 0.163809 -0.533316 -0.829904
1 26.1378 28.1039 1.75891 -0.118654 0.188493 0.97488
1 32.172 31.681 1.62294 0.595358 0.19048 -0.780555
1 27.8225 33.8644 1.75537 0.232341 0.201905 0.951447
1 32.5829 12.4293 1.75942 0.00424027 -0.3883 0.921523
1 12.7593 32.8005 1.75113 -0.0359007 -0.550268 0.834216
1 1.55028 18.4166 1.75739 0.41825 -0.0365272 0.907597
1 9.5404 7.5438 1.61432 0.560162 -0.0129456 -0.828282
1 9.81786 33.0943 1.6127 -0.656592 -0.32089 -0.68258
1 19.6804 34.1476 1.76047 -0.238642 0.417018 0.87701
1 0.362517 0.328162 1.60648 -0.620162 -0.0826837 -0.780104
1 18.3758 24.6984 1.60827 0.348847 -0.317261 -0.881846
1 1.50135 20.428 1.76039 0.0619528 -0.0654769 0.995929
1 14.7265 30.3984 1.75867 0.300038 -0.267737 0.915584
1 1.62469 11.7474 1.76014 0.101916 0.239089 0.965634
1 5.53879 0.312709 1.61084 -0.308398 0.236598 -0.921364
1 27.1411 16.3904 1.62178 -0.392769 -0.0142874 -0.919526
1 0.2378 5.75424 1.60929 0.160423 -0.084399 -0.983433
1 17.5282 21.7468 1.60988 -0.181427 -0.186968 -0.965467
1 20.8595 5.23404 1.60586 0.404372 0.696452 -0.592822
1 5.03784 27.7297 1.75603 0.0288922 -0.336451 0.941258
1 2.69476 29.3954 1.75225 -0.296037 -0.660368 0.690128
1 24.9902 16.311 1.6141 -0.511201 0.21262 -0.832746
1 3.19411 27.2434 1.75175 0.0986792 -0.622321 0.776517
1 30.9388 33.732 1.76569 0.116936 0.707315 0.697159
1 14.1039 34.2978 1.75777 -0.27134 -0.380762 0.883965
1 30.521 25.5832 1.6112 -0.296779 0.303652 -0.905382
1 3.36749 0.0431769 1.59764 -0.26002 0.531802 -0.805963
1 9.96216 2.77326 1.60916 -0.093685 -0.195925 -0.976134
1 19.0265 9.69166 1.76154 0.130655 0.265442 0.955233
1 18.2538 20.8716 1.6116 -0.311521 -0.311556 -0.897713
1 18.9724 20.2036 1.6123 -0.441227 -0.408766 -0.798893
1 8.11041 28.2963 1.75919 -0.071663 0.11606 0.990654
1 33.9604 5.25772 1.60861 0.0885744 0.0594912 -0.994291
1 19.0797 11.11 1.75498 0.0396095 0.284399 0.957887
1 10.8342 34.0656 1.61656 -0.491711 -0.549958 -0.675105
1 26.9425 7.1059 1.60839 -0.341334 -0.116537 -0.93269
1 6.97261 7.58858 1.61182 0.598182 0.319832 -0.734769
1 13.7158 28.8126 1.74213 0.557795 -0.387772 0.733824
1 31.7324 29.1014 1.60953 0.199169 0.113014 -0.973427
1 13.4373 3.33391 1.62951 -0.206988 -0.623255 -0.754128
1 0.0170069 3.63314 1.60842 -0.178918 -0.0921696 -0.979537
1 17.6278 30.8508 1.758 0.229242 0.0831918 0.969808
1 33.038 14.2203 1.75484 -0.314379 -0.254364 0.914584
1 7.40234 16.8192 1.61317 0.151461 0.286292 -0.946095
1 6.84031 4.56004 1.61915 0.172078 0.256382 -0.951135
1 33.0239 4.77017 1.60851 0.013327 0.207637 -0.978115
1 9.84601 17.9541 1.61462 0.271201 -0.09627 -0.957696
1 23.8268 5.89309 1.78005 0.549976 -0.397403 0.734573
1 8.45179 12.1432 1.60825 -0.346321 0.00995518 -0.938063
1 25.2583 30.931 1.75568 -0.695163 0.114122 0.709735
1 2.92273 13.2654 1.74352 -0.122535 0.532007 0.837827
1 34.0159 28.7503 1.60661 0.16114 -0.329484 -0.930309
1 30.2296 34.5034 1.6978 0.0132346 0.603422 0.797312
1 26.3452 2.98388 1.75637 -0.399669 0.0803 0.913136
1 26.396 32.6097 1.75637 0.536835 -0.0513849 0.842121
1 29.8363 2.43707 1.7481 -0.395044 0.618288 0.679456
1 20.0284 16.3176 1.75393 -0.394975 0.415353 0.819437
1 25.8752 34.5453 1.76078 0.2091 -0.0664148 0.975636
1 20.8488 15.4412 1.75106 -0.230296 0.557086 0.797884
1 4.25434 26.5358 1.75882 0.278895 -0.482459 0.830331
1 16.5936 31.2737 1.75834 0.179264 -0.0380117 0.983066
1 1.34299 14.9669 1.75621 -0.432072 0.246497 0.867498
1 0.882311 4.09517 1.61373 -0.109663 -0.225554 -0.968039
1 21.0464 0.755152 1.64525 -0.485437 0.638848 0.596845
1 11.4871 27.6889 1.76449 -0.0437177 0.651316 0.757546
1 31.691 12.1231 1.75026 0.0912878 -0.552718 0.828353
1 22.2716 21.6392 1.59656 0.402273 0.580181 -0.708213
1 5.03146 17.8179 1.63674 0.490228 0.609505 -0.623041
1 23.6484 3.01233 1.7541 -0.197904 -0.280769 0.93915
1 21.141 25.1988 1.59677 -0.347877 0.689708 -0.635047
1 13.4573 29.976 1.75324 0.375232 -0.475899 0.795437
1 25.8775 27.0598 1.76024 0.0582388 0.126727 0.990226
1 12.0904 19.8413 1.61791 0.504958 -0.45997 -0.730374
1 4.12013 20.49 1.7562 0.112732 0.37326 0.920852
1 7.92869 22.9892 1.74532 0.749175 -0.0244069 0.661923
1 9.25089 3.50026 1.60835 -0.0128268 -0.0827136 -0.996491
1 13.312 12.9046 1.7396 -0.279236 -0.697006 0.660462
1 14.7678 33.5873 1.75866 -0.141335 -0.278123 0.95009
1 16.4348 5.76048 1.75546 0.662196 -0.222211 0.715625
1 25.1204 32.8552 1.76014 0.541557 -0.225228 0.809931
1 15.5123 32.9553 1.7597 -0.0349681 -0.171182 0.984619
1 32.3076 22.0213 1.76176 -0.232229 -0.633091 0.738421
1 3.3344 28.4748 1.75652 -0.120734 -0.563317 0.817373
1 5.22531 4.41942 1.61631 0.25443 0.54239 -0.800674
1 29.4696 8.06168 1.60322 -0.162659 -0.510337 -0.844451
1 0.618237 17.9321 1.741 0.513977 -0.183574 0.837931
1 19.6959 27.7999 1.75111 0.727327 0.316446 0.608981
1 28.251 3.90717 1.76002 -0.642415 0.261423 0.720389
1 25.0107 13.5286 1.64488 0.663402 0.113227 -0.739647
1 29.394 18.5664 1.61044 0.0053929 -0.342641 -0.939451
1 5.24854 14.778 1.61105 -0.0740626 0.572236 -0.816738
1 26.6235 8.11931 1.60507 -0.18346 -0.0494436 -0.981783
1 31.2939 13.2067 1.75575 -0.1347 -0.580482 0.803054
1 13.1565 17.903 1.5995 0.212834 -0.666828 -0.714172
1 12.5607 29.5623 1.73943 0.490972 -0.609658 0.622305
1 24.0458 20.8661 1.6159 0.323391 0.347773 -0.880041
1 32.3674 25.0649 1.60916 -0.435317 -0.075973 -0.897066
1 14.1499 25.8717 1.61204 0.531642 0.358519 -0.767346
1 3.26144 17.1929 1.75849 0.600737 0.402941 0.690474
1 4.52804 31.4384 1.7473 -0.63039 -0.333815 0.70084
1 7.30485 24.103 1.75691 0.616672 -0.157898 0.771222
1 27.1209 12.3584 1.60994 0.480556 -0.177247 -0.858865
1 22.5014 6.07206 1.60356 -0.531363 0.638292 -0.556989
1 17.4607 31.8667 1.75924 0.103169 0.0728298 0.991994
1 6.49317 11.6246 1.6245 -0.392469 0.339577 -0.854784
1 24.8404 33.8869 1.75541 0.345902 -0.237794 0.907638
1 22.771 19.079 1.60986 -0.0547487 0.565207 -0.82313
1 11.1494 26.5146 1.75802 0.18568 0.582346 0.791452
1 19.3647 31.1654 1.75638 0.182334 0.313693 0.931854
1 27.6104 32.7445 1.75111 0.457845 0.157248 0.875015
1 25.4957 1.911 1.75933 -0.126694 -0.0684525 0.989577
1 15.7888 17.0348 1.76072 -0.599055 -0.366446 0.711935
1 21.9706 0.915044 1.72703 0.314034 -0.643688 0.697888
1 6.08273 17.902 1.77968 -0.397116 -0.460602 0.793817
1 18.8495 2.88717 1.75923 -0.585195 0.346831 0.732977
1 9.73398 34.2469 1.61272 -0.491476 -0.359127 -0.793397
1 15.5034 14.0976 1.7625 -0.261559 -0.307031 0.915051
1 25.4092 25.9635 1.759 0.241704 0.0391915 0.969558
1 5.86896 24.5693 1.74081 0.544994 -0.267814 0.794517
1 10.4774 12.6178 1.61164 -0.265645 -0.328532 -0.906366
1 32.1823 24.027 1.61 -0.590926 -0.00962726 -0.806668
1 3.75705 5.46722 1.60236 -0.210352 -0.68911 -0.693454
1 26.0445 25.2224 1.75524 0.399626 0.120539 0.908719
1 14.7036 0.806941 1.75446 -0.349903 -0.295958 0.888806
1 28.8994 11.024 1.60757 0.287135 -0.426512 -0.857695
1 14.5684 22.126 1.60679 -0.172513 0.249566 -0.952867
1 10.7044 14.9856 1.60834 -0.0373849 -0.270931 -0.961873
1 10.5806 1.83258 1.61552 -0.203133 -0.314387 -0.927307
1 26.4257 1.63837 1.75862 -0.114903 0.0552389 0.99184
1 16.4746 19.8709 1.60728 -0.545287 -0.077341 -0.834674
1 28.4343 26.9824 1.76521 0.108834 0.590208 0.799881
1 4.53735 2.24884 1.61832 0.00472604 0.46964 -0.882846
1 26.4405 26.2306 1.75839 0.21768 0.212797 0.95254
1 25.291 2.82334 1.75664 -0.293149 -0.0449598 0.955009
1 27.7402 17.9099 1.60749 -0.11533 -0.0985101 -0.98843
1 26.8211 14.7653 1.67687 -0.687381 0.191307 -0.700649
1 10.1706 29.8356 1.75638 -0.342312 0.440026 0.830181
1 26.2979 29.1935 1.75996 -0.313494 0.243999 0.917707
1 19.9006 3.21195 1.76355 0.353536 -0.820423 0.449353
1 17.3393 10.7248 1.76003 0.0870335 -0.0203107 0.995998
1 16.1184 7.9541 1.75839 0.34041 -0.27473 0.899246
1 34.3436 11.6262 1.75846 0.134567 -0.0880809 0.986982
1 31.8867 33.7586 1.7767 -0.0445025 0.851713 0.522115
1 29.4818 32.7383 1.75268 0.350868 0.466805 0.811779
1 26.2302 15.7783 1.61637 -0.495441 0.131371 -0.85865
1 5.15751 3.2039 1.6092 0.0876463 0.401565 -0.911627
1 30.1874 4.27376 1.60764 -0.0496706 0.65523 -0.753795
1 8.11371 17.6335 1.60968 0.241706 0.173249 -0.954758
1 33.0308 7.89616 1.77575 -0.590587 -0.162045 0.790537
1 18.2908 10.4073 1.75842 0.0673843 0.127865 0.9895
1 16.4881 32.2408 1.75918 0.0590174 -0.0482991 0.997088
1 34.1891 22.4612 1.75955 -0.316185 -0.32695 0.890579
1 13.2983 20.7567 1.61884 -0.447216 0.466284 -0.763267
1 23.7643 15.4459 1.77478 0.724694 -0.340264 0.599199
1 2.45041 15.4 1.75276 -0.470061 0.435301 0.767825
1 15.6687 22.2693 1.60792 -0.128939 0.088155 -0.987726
1 8.13299 11.2048 1.61459 -0.474419 0.0436319 -0.879217
1 27.4384 5.25276 1.61045 -0.638379 -0.157278 -0.753483
1 9.21262 16.2824 1.60718 0.0742128 0.00111055 -0.997242
1 9.6445 0.717657 1.61136 -0.330849 -0.320929 -0.887436
1 24.9591 26.8045 1.76084 0.0836939 -0.0299422 0.996042
1 18.4324 18.3016 1.78152 -0.829885 0.0792998 0.552271
1 22.7068 10.7187 1.61554 0.130054 0.597122 -0.791537
1 6.79122 31.5001 1.74626 -0.619527 -0.0196656 0.784729
1 11.6605 0.683791 1.60441 -0.326068 -0.68722 -0.64916
1 23.8642 24.5831 1.75776 0.546212 -0.15195 0.82375
1 5.66502 7.33896 1.63782 0.552028 0.578131 -0.600857
1 17.7725 5.55014 1.74633 0.668222 0.0203691 0.743683
1 16.9123 16.8803 1.75668 -0.569268 -0.136115 0.810806
1 22.6792 24.8888 1.75698 0.456839 -0.365861 0.810829
1 20.6593 30.0248 1.7612 0.356016 0.5312 0.768817
1 34.5768 2.36239 1.61085 -0.326691 -0.120294 -0.937445
1 1.43536 17.0723 1.74646 0.729774 -0.111402 0.674551
1 7.81737 32.0977 1.73452 -0.762358 0.110437 0.637663
1 21.7956 19.104 1.60948 -0.0966688 0.704602 -0.702987
1 23.3133 22.5244 1.61502 0.614969 0.390175 -0.685257
1 0.186582 31.7164 1.61724 0.603453 -0.357115 -0.712962
1 3.16344 25.0047 1.73507 0.576585 -0.62729 0.523504
1 13.7732 30.9568 1.75824 0.238403 -0.392748 0.888208
1 29.4409 33.886 1.76059 0.148138 0.468697 0.870849
1 17.1903 9.69091 1.75962 0.182926 -0.0520526 0.981748
1 20.1082 20.6181 1.60443 -0.335711 -0.591882 -0.732785
1 27.2708 22.4822 1.61202 0.647317 0.0680871 -0.759174
1 2.50426 18.8871 1.75686 0.343248 0.110738 0.932694
1 31.6104 18.1542 1.61128 -0.0118626 -0.749542 -0.661851
1 32.1963 3.27667 1.61757 -0.239804 0.352485 -0.904571
1 28.3486 18.7035 1.60839 0.0230321 -0.191979 -0.981129
1 31.2869 24.7384 1.60848 -0.452923 0.146684 -0.8794
1 2.76594 10.1165 1.75955 0.309513 0.41199 0.85701
1 20.1578 23.7584 1.61434 0.14328 -0.620969 -0.770628
1 30.823 22.1416 1.60897 0.464138 -0.590096 -0.660577
1 16.4411 33.2041 1.75993 -0.0570739 -0.0552168 0.996842
1 6.25295 14.8256 1.61106 -0.0546375 0.418781 -0.906442
1 34.5675 29.6593 1.6065 0.291829 -0.405333 -0.866337
1 34.0661 13.8755 1.75856 -0.250948 -0.0874742 0.96404
1 32.9787 20.5009 1.74987 -0.000586393 -0.620197 0.784446
1 30.4657 15.5937 1.61443 -0.477793 -0.53898 -0.693696
1 8.56401 23.8867 1.75165 0.620798 0.0911517 0.778653
1 17.1411 20.7818 1.61218 -0.36132 -0.153458 -0.919728
1 4.82889 13.6875 1.60847 -0.233428 0.659064 -0.714945
1 8.3409 16.6548 1.60902 0.110834 0.130118 -0.985284
1 16.6023 11.4489 1.75954 0.0129838 -0.132639 0.991079
1 13.2927 19.2052 1.62291 0.450393 -0.681445 -0.576869
1 12.1419 28.4995 1.7401 -0.262325 0.728529 0.632797
1 26.8798 3.82994 1.7611 -0.621962 0.0868396 0.778217
1 0.978349 5.10986 1.61187 0.0342131 -0.208503 -0.977423
1 32.9453 30.8201 1.61059 0.496299 -0.017874 -0.867968
1 13.885 6.02073 1.61531 0.230798 -0.623548 -0.746941
1 31.6445 2.54732 1.61004 -0.36847 0.456204 -0.810005
1 29.3589 0.522199 1.75271 -0.0460192 0.460376 0.886531
1 32.6198 1.70849 1.61252 -0.44191 0.29682 -0.84653
1 8.11068 5.94228 1.61206 0.327368 0.0963654 -0.93997
1 22.0379 2.07041 1.74296 0.12415 -0.487372 0.864324
1 31.2467 4.97751 1.60587 0.0743889 0.522477 -0.849402
1 11.3392 14.1794 1.61644 -0.0916958 -0.420145 -0.902812
1 33.339 21.6598 1.75859 -0.181614 -0.486776 0.854439
1 2.38218 20.915 1.75969 -0.0106241 0.0866522 0.996182
1 13.9743 22.9788 1.60877 -0.0328402 0.358314 -0.933023
1 18.1755 14.1114 1.75682 -0.191419 0.116506 0.974569
1 0.261811 15.4359 1.75654 -0.54941 0.0704961 0.832574
1 22.4027 16.6487 1.61224 -0.544242 0.57907 -0.607025
1 27.7176 0.326852 1.75904 0.0548822 0.205053 0.977211
1 8.21788 29.2437 1.75897 -0.23789 0.137981 0.961441
1 21.4081 31.4108 1.75538 0.181477 0.633332 0.752301
1 13.7445 32.0972 1.75787 0.0688048 -0.408105 0.910338
1 30.571 10.0526 1.60468 0.218908 -0.688882 -0.691029
1 2.44928 12.2731 1.75112 0.0279698 0.403061 0.914746
1 16.5634 0.0968267 1.7575 -0.232516 -0.0490814 0.971353
1 32.193 5.30806 1.61054 0.107033 0.338928 -0.934704
1 3.18152 20.3322 1.76172 0.100188 0.209729 0.972613
1 13.5542 0.476735 1.75564 -0.417171 -0.471299 0.777075
1 28.884 21.3669 1.61349 0.439992 -0.235054 -0.866693
1 8.38992 32.9261 1.61359 -0.765407 -0.0575746 -0.640966
1 9.06446 17.3595 1.60895 0.202546 0.0210437 -0.979047
1 32.0669 20.615 1.76332 -0.00879925 -0.779819 0.625943
1 31.0781 0.513292 1.77295 -0.212917 0.74057 0.637356
1 24.9935 7.14486 1.612 -0.374058 0.197361 -0.906162
1 27.4567 30.8873 1.75887 -0.878169 0.123264 0.462196
1 30.1162 1.15884 1.73802 -0.181462 0.572331 0.799693
1 25.2242 21.3206 1.61377 0.402773 0.209447 -0.891014
1 8.01854 1.82853 1.60873 -0.162987 -0.0202763 -0.98642
1 8.44497 25.8321 1.75877 0.33434 0.135584 0.932649
1 0.323917 28.2579 1.61508 0.0781444 -0.509712 -0.856789
1 7.2726 33.4803 1.61749 -0.601447 0.0264013 -0.798476
1 12.8313 6.45761 1.61811 0.335209 -0.477246 -0.812325
1 21.2965 17.9909 1.61861 -0.371735 0.73378 -0.568665
1 15.3052 25.7946 1.61107 0.519292 0.160384 -0.839412
1 6.66666 12.8392 1.60495 -0.293018 0.353484 -0.888364
1 16.3143 2.62017 1.75944 -0.551316 -0.104894 0.827676
1 17.6274 11.7582 1.76056 0.028523 0.0446715 0.998594
1 28.2394 28.6006 1.76062 -0.111171 0.551573 0.826685
1 15.6314 29.0736 1.74458 0.477618 -0.1707 0.861825
1 0.614746 9.77343 1.75681 0.464355 0.0351111 0.884953
1 20.8977 8.78114 1.76253 0.191086 0.684932 0.703103
1 20.954 3.77689 1.74814 -0.127353 -0.700135 0.702561
1 18.7472 28.3509 1.74967 0.584699 0.235743 0.776243
1 14.1665 19.7507 1.60762 -0.604724 0.339471 -0.720464
1 11.6158 16.7455 1.61527 0.120128 -0.411667 -0.903382
1 20.3146 0.228277 1.74539 -0.357613 0.541185 0.761073
1 30.3109 20.4251 1.61922 0.283247 -0.517526 -0.807427
1 24.0296 32.4371 1.58839 -0.62047 0.433991 -0.653198
1 15.9432 16.0742 1.74505 -0.478013 -0.280016 0.832523
1 26.6635 23.3023 1.61754 0.80327 0.153897 -0.57539
1 16.6586 3.59884 1.76869 -0.700764 -0.1508 0.697273
1 30.5684 2.96766 1.61301 -0.350338 0.657471 -0.667079
1 19.6128 19.4289 1.62085 -0.571002 -0.480771 -0.665445
1 10.7753 9.57716 1.60466 -0.747627 -0.306604 -0.589108
1 9.74333 24.4191 1.75767 0.549646 0.341917 0.762222
1 29.1348 9.08427 1.60554 -0.00727066 -0.448029 -0.89399
1 31.505 16.685 1.60813 -0.353672 -0.707061 -0.612357
1 9.48948 12.2585 1.60825 -0.319281 -0.160201 -0.934021
1 20.8744 32.4297 1.75443 0.00706429 0.559972 0.828482
1 17.6162 26.5697 1.6046 0.678146 -0.0925261 -0.729079
1 33.8526 4.22099 1.60811 -0.0832648 0.0652351 -0.99439
1 24.3126 7.99708 1.60743 -0.227662 0.314117 -0.921684
