1 17.6873 31.4035 1.75911 0.162474 0.0656138 0.984529
1 26.0757 22.8022 1.6146 0.756048 0.144502 -0.638366
1 13.6511 11.7627 1.75536 -0.16044 -0.615925 0.771295
1 29.5167 18.1278 1.60639 -0.0554236 -0.366016 -0.928957
1 8.18089 25.0768 1.75488 0.465363 0.0755456 0.88189
1 14.2932 17.0576 1.77548 -0.362426 -0.752444 0.549978
1 14.7497 25.9239 1.60711 0.522148 0.214034 -0.825561
1 24.715 17.8305 1.60905 -0.169374 0.260126 -0.950604
1 9.62007 1.64386 1.6113 -0.109912 -0.395725 -0.911768
1 0.673778 16.6083 1.74035 -0.712341 0.0578984 0.699441
1 15.3459 7.86568 1.74883 0.459108 -0.439775 0.771892
1 31.9142 13.7209 1.7574 -0.18723 -0.484765 0.85437
1 25.6446 33.5635 1.75767 0.35881 -0.111579 0.926718
1 33.5765 8.9651 1.75809 0.70352 -0.273201 0.656064
1 14.5415 23.5958 1.60698 0.072191 0.235575 -0.969171
1 26.6705 20.2986 1.61051 0.26884 0.0147793 -0.963071
1 14.5848 31.2937 1.75465 0.187476 -0.286697 0.939499
1 25.0629 16.0516 1.61157 -0.442516 0.228638 -0.867124
1 23.0679 16.9954 1.60985 -0.309659 0.512745 -0.800752
1 14.0588 26.6717 1.61026 0.639149 0.352697 -0.683442
1 18.7045 31.3947 1.76104 0.152926 0.184738 0.970817
1 12.4511 22.2682 1.60789 -0.145244 0.554175 -0.819631
1 19.1472 34.0406 1.75708 -0.223316 0.299657 0.927543
1 31.1825 22.055 1.77948 -0.251474 0.750962 0.610588
1 22.0687 0.724095 1.74777 0.44802 -0.584016 0.676907
1 29.8881 9.87369 1.60927 0.205589 -0.582957 -0.786062
1 8.32146 20.3794 1.61116 0.546977 0.221921 -0.807197
1 10.2159 13.0791 1.60899 -0.221403 -0.313953 -0.923263
1 10.2472 6.6072 1.60566 0.318611 0.122611 -0.939922
1 17.6784 9.10344 1.75828 0.303306 0.0213783 0.952653
1 6.31181 14.8104 1.60881 -0.0367228 0.408812 -0.911879
1 8.21875 28.4426 1.7595 -0.0810821 0.122281 0.989178
1 7.53346 1.27345 1.60782 -0.21924 -0.0878873 -0.971704
1 18.5882 23.6421 1.61332 0.0866161 -0.361465 -0.928354
1 13.7785 14.5976 1.7565 -0.305362 -0.711054 0.633368
1 27.1547 27.5912 1.75583 -0.0668808 0.29265 0.953878
1 4.01541 9.07627 1.6101 0.828056 0.232201 -0.5103
1 13.6492 7.14813 1.61606 0.41589 -0.502641 -0.757884
1 19.4937 33.0193 1.75685 -0.0932609 0.334952 0.937608
1 12.3123 15.6737 1.6261 -0.0134923 -0.618345 -0.785791
1 32.5248 14.6878 1.75729 -0.370853 -0.398149 0.839015
1 3.34653 20.6124 1.75731 0.0713201 0.210815 0.974921
1 17.7183 20.734 1.61907 -0.380497 -0.284731 -0.879858
1 15.7039 9.81133 1.75935 0.22545 -0.307592 0.924424
1 12.0766 19.8642 1.61816 0.514068 -0.501711 -0.695715
1 23.3175 23.4272 1.77744 0.797636 -0.234027 0.555885
1 14.1119 13.4786 1.73968 -0.214115 -0.547087 0.809228
1 0.459054 8.85537 1.74922 0.726347 -0.00346353 0.68732
1 21.5518 8.77716 1.59867 -0.0748769 0.736977 -0.671758
1 31.1499 5.68443 1.6005 0.340797 0.589221 -0.732582
1 24.6885 30.6956 1.74661 -0.725921 -0.0838917 0.682642
1 4.3203 20.8266 1.75864 0.0022145 0.363195 0.931711
1 8.7263 34.2561 1.61427 -0.466255 -0.288046 -0.836442
1 18.6676 25.5497 1.61168 0.394915 -0.346671 -0.850801
1 28.2553 21.9559 1.60851 0.564081 -0.185803 -0.804543
1 4.94565 29.6787 1.75723 -0.260996 -0.332531 0.906258
1 32.7548 27.8802 1.60656 -0.0457055 -0.150247 -0.987591
1 26.5755 30.6797 1.75445 -0.715011 0.146826 0.683521
1 16.4663 7.44107 1.75507 0.509876 -0.205221 0.835411
1 31.2302 2.32008 1.61207 -0.231071 0.513834 -0.826184
1 9.64987 3.57295 1.60583 -0.197192 0.0598531 -0.978536
1 28.0926 28.0951 1.75592 -0.156842 0.445079 0.881649
1 15.3673 17.0177 1.74589 -0.519848 -0.465004 0.71661
1 0.0657644 13.2652 1.76009 -0.111497 -0.00450953 0.993755
1 31.0414 28.1385 1.60997 -0.0354347 0.215237 -0.975919
1 11.1745 24.9428 1.75271 0.535733 0.531133 0.65642
1 21.4173 6.8659 1.59874 -0.186542 0.713409 -0.675463
1 11.6336 32.9364 1.75151 0.024904 -0.689758 0.723612
1 13.6749 24.0474 1.6116 0.163016 0.365202 -0.916544
1 32.5316 26.8351 1.60696 -0.213704 -0.160978 -0.963544
1 32.9624 5.12253 1.61147 0.200468 0.23473 -0.951165
1 12.2671 6.1287 1.60913 0.27338 -0.273192 -0.922296
1 6.52239 1.23752 1.60702 -0.229405 0.0659238 -0.971096
1 15.4728 10.8775 1.75646 0.0870496 -0.326961 0.94102
1 17.3555 30.4773 1.75791 0.298821 0.0121535 0.954232
1 28.1007 25.9565 1.77346 0.256001 0.446973 0.857134
1 19.9788 17.8357 1.74034 -0.648697 0.301907 0.698602
1 26.4005 26.9239 1.75864 0.0539281 0.166033 0.984644
1 0.544177 12.4215 1.76118 0.047678 0.0661071 0.996673
1 8.02805 29.4982 1.75937 -0.260768 0.103293 0.95986
1 26.6276 3.23982 1.75458 -0.439354 0.104201 0.89225
1 30.2211 24.5442 1.60764 -0.51815 0.113414 -0.847737
1 31.9347 28.539 1.607 0.0605043 0.0543387 -0.996688
1 30.4212 10.8033 1.60321 0.394295 -0.686022 -0.611478
1 20.7253 32.5331 1.75512 -0.054994 0.504615 0.861591
1 30.105 8.63631 1.61075 -0.0321236 -0.600667 -0.798853
1 9.10916 16.4737 1.6067 0.113245 -0.0258328 -0.993231
1 25.4077 11.24 1.60839 0.320702 0.0656241 -0.944904
1 1.77601 9.12815 1.75227 0.602372 0.223761 0.76621
1 1.94002 15.588 1.75959 -0.522868 0.309644 0.794185
1 24.0373 7.59113 1.6088 -0.207919 0.236724 -0.949069
1 9.23584 6.40047 1.61979 0.235508 0.319989 -0.917684
1 23.5082 13.3673 1.61217 0.636535 0.229096 -0.736436
1 19.0186 26.612 1.78346 -0.531733 0.458222 0.712245
1 19.186 11.6726 1.75659 0.129746 0.32657 0.936226
1 5.66063 5.9429 1.62057 0.341527 0.0676572 -0.937434
1 22.298 26.1122 1.75208 0.211752 -0.522541 0.825901
1 2.74055 22.2684 1.75736 -0.225371 0.103805 0.968727
1 12.0054 30.6445 1.72912 0.457943 -0.60038 0.655616
1 25.7577 19.7533 1.60962 0.166821 0.11358 -0.979423
1 8.57714 33.2317 1.60931 -0.655711 -0.250356 -0.712296
1 27.1642 25.2369 1.76543 0.376398 0.305523 0.874632
1 26.5202 17.1534 1.60867 -0.229894 0.0354203 -0.972571
1 20.589 8.93809 1.72762 0.144496 0.731121 0.66677
1 34.2087 12.373 1.76082 0.0502383 -0.0944445 0.994262
1 28.2875 11.3445 1.60966 0.36668 -0.345555 -0.863793
1 7.19503 33.2082 1.60424 -0.665891 -0.0752554 -0.742244
1 28.1514 14.8296 1.62056 -0.59013 -0.0941305 -0.801802
1 24.2625 21.4518 1.61467 0.459351 0.235516 -0.856463
1 32.1116 1.44978 1.61674 -0.377959 0.375698 -0.846167
1 22.1333 18.5314 1.60579 -0.136551 0.599825 -0.788393
1 15.1045 13.741 1.75767 -0.14492 -0.363749 0.920155
1 31.9851 6.66823 1.613 0.463268 0.410651 -0.785333
1 16.9235 6.45004 1.75487 0.637181 -0.0931986 0.765059
1 14.4507 21.7951 1.61016 -0.238477 0.240107 -0.940998
1 4.63914 13.7793 1.6167 -0.1263 0.789067 -0.601184
1 7.25824 18.4746 1.61195 0.287719 0.391206 -0.874171
1 5.78717 12.9578 1.61427 -0.261095 0.487771 -0.833012
1 3.02839 30.5788 1.75874 -0.317132 -0.606991 0.72869
1 20.5423 21.5369 1.62771 -0.320368 -0.710389 -0.626667
1 15.2446 27.7154 1.74221 0.811465 -0.0903324 0.577378
1 4.63936 27.7879 1.75783 0.0707858 -0.402816 0.91254
1 15.6628 16.065 1.75044 -0.390875 -0.350479 0.851106
1 30.3787 15.1506 1.62487 -0.529739 -0.482326 -0.697666
1 25.2759 28.3243 1.75981 -0.223091 -0.0249798 0.974477
1 26.8204 18.1239 1.60766 -0.0676984 -0.00401991 -0.997698
1 18.8751 32.3288 1.76052 0.0194842 0.227121 0.973672
1 13.2101 16.0349 1.60506 -0.0050734 -0.767573 -0.640941
1 23.1023 7.33364 1.60892 -0.244257 0.369243 -0.896659
1 25.4697 2.00724 1.7562 -0.14399 -0.0710419 0.987026
1 8.24936 27.1351 1.76083 0.117807 0.111435 0.986764
1 7.86384 2.24834 1.60771 -0.081806 -0.14347 -0.986268
1 18.7466 7.42384 1.75606 0.447708 0.296848 0.843468
1 19.6024 2.20956 1.75121 -0.454746 0.566203 0.687474
1 6.29421 11.8443 1.6176 -0.422873 0.401941 -0.812171
1 32.9436 9.99523 1.76106 0.479684 -0.366908 0.797045
1 9.60345 15.5344 1.60531 0.0384576 -0.141946 -0.989127
1 33.5214 27.2451 1.60782 -0.165505 -0.332496 -0.928469
1 33.0506 15.7177 1.7508 -0.547119 -0.326496 0.770753
1 6.29048 18.6262 1.62081 0.313688 0.554899 -0.770511
1 17.845 4.40895 1.76395 -0.761335 0.18258 0.622121
1 2.73674 5.33156 1.61644 0.129013 -0.590733 -0.796486
1 22.48 6.39124 1.61738 -0.353839 0.470092 -0.808586
1 27.5131 0.771774 1.75863 -0.00569614 0.207066 0.97831
1 16.4894 16.991 1.75811 -0.523362 -0.245355 0.816022
1 9.14791 26.6489 1.75726 0.193506 0.240216 0.951237
1 10.1041 26.2798 1.75371 0.261683 0.382554 0.886101
1 24.5606 6.68363 1.61216 -0.348118 0.124748 -0.929114
1 19.6063 15.8169 1.7583 -0.312579 0.339657 0.887089
1 23.3117 25.9767 1.75679 0.237981 -0.342528 0.908867
1 28.7661 12.3343 1.6158 0.531165 -0.43734 -0.72567
1 6.46495 13.68 1.61091 -0.175898 0.377148 -0.909296
1 16.069 18.9497 1.6101 -0.728721 -0.115365 -0.675024
1 28.3356 32.9006 1.75583 0.370651 0.302552 0.878112
1 10.3587 19.662 1.61285 0.508403 -0.206694 -0.835945
1 8.56956 1.38303 1.60815 -0.185374 -0.240652 -0.952745
1 12.5723 17.1279 1.61508 0.127747 -0.60825 -0.783398
1 14.9678 14.8376 1.75159 -0.26234 -0.440001 0.858823
1 26.2661 28.0424 1.75885 -0.16036 0.143987 0.9765
1 12.2766 26.0696 1.76369 0.334831 0.698507 0.632437
1 14.0565 9.26506 1.75532 0.306332 -0.586213 0.75001
1 12.3849 28.9139 1.68326 -0.464448 0.658607 0.592051
1 4.24244 8.15326 1.60007 0.70848 0.197139 -0.677637
1 33.9051 16.714 1.74069 -0.705157 -0.185836 0.684265
1 24.6055 8.51425 1.60714 -0.0657992 0.179601 -0.981537
1 29.2715 0.115514 1.75336 0.07511 0.503545 0.860698
1 4.24773 16.4489 1.62093 0.138071 0.83297 -0.535814
1 6.69701 10.0143 1.60096 -0.631989 0.347354 -0.692774
1 31.7272 15.1809 1.74525 -0.444831 -0.572497 0.688747
1 17.7321 15.7974 1.75904 -0.334018 0.0232377 0.94228
1 26.9886 22.117 1.60926 0.596937 0.029073 -0.801761
1 8.11468 0.440729 1.60787 -0.343993 -0.182365 -0.921093
1 25.5621 8.42513 1.60865 -0.0751271 0.039947 -0.996374
1 9.02923 14.6159 1.60688 -0.0680409 -0.0626642 -0.995713
1 9.53857 20.6831 1.61424 0.599881 -0.0381501 -0.799179
1 12.2157 31.774 1.74837 0.2165 -0.595131 0.773917
1 33.0561 7.25802 1.61928 0.565846 0.204214 -0.798821
1 11.6905 7.80988 1.60709 0.534107 -0.128713 -0.835561
1 27.0546 5.50672 1.60407 -0.600026 -0.0955076 -0.794258
1 2.64238 18.3905 1.75558 0.499605 0.112777 0.858881
1 4.87751 2.39911 1.60733 -0.0849626 0.332357 -0.939319
1 22.1238 7.58222 1.62021 -0.187568 0.538835 -0.821264
1 30.9573 23.6706 1.60128 -0.678812 -0.0559781 -0.732176
1 28.027 29.1935 1.75847 -0.385798 0.404582 0.82914
1 10.6883 28.2934 1.75198 -0.0979274 0.49576 0.862921
1 7.29708 17.2601 1.60896 0.165095 0.295999 -0.940813
1 13.9988 32.3479 1.76 0.0659348 -0.361218 0.930148
1 4.51842 21.8062 1.76159 -0.194625 0.376801 0.905617
1 11.5946 11.5525 1.61678 -0.408506 -0.588996 -0.697285
1 8.8505 12.7327 1.60813 -0.285554 -0.0589497 -0.956548
1 33.6349 29.464 1.60877 0.237295 -0.212943 -0.947811
1 27.1408 28.6368 1.75654 -0.279 0.281894 0.917984
1 20.9495 27.1523 1.62481 -0.0244497 0.748799 -0.662346
1 7.30265 25.7243 1.75644 0.350275 -0.0470307 0.935465
1 26.3607 10.848 1.60515 0.279267 -0.0679574 -0.957806
1 23.3176 30.333 1.75572 -0.585183 -0.390771 0.710534
1 24.555 14.1341 1.60335 0.818486 0.073459 -0.569811
1 22.7731 2.94007 1.73496 -0.161834 -0.496022 0.853096
1 15.1003 24.3977 1.60708 0.21641 0.162519 -0.962681
1 18.5972 9.63068 1.75705 0.28643 0.186633 0.939748
1 16.6576 25.1689 1.60581 0.357879 -0.054436 -0.93218
1 11.3928 3.34808 1.60808 -0.211124 -0.281525 -0.93604
1 33.1781 4.10172 1.61097 0.0283587 0.170439 -0.98496
1 6.85048 2.20815 1.60669 -0.101606 0.00814627 -0.994791
1 33.8383 5.725 1.6087 0.286226 0.0668548 -0.955827
1 2.42639 29.3436 1.75027 -0.134012 -0.766248 0.628414
1 12.2105 2.84203 1.61584 -0.288198 -0.470459 -0.834033
1 24.2565 9.51416 1.60836 0.0684469 0.249804 -0.965874
1 4.67432 22.7549 1.71755 -0.386101 0.394774 0.833714
1 23.8636 10.5406 1.60896 0.202929 0.303245 -0.931055
1 11.4396 15.2103 1.62319 0.00614705 -0.44837 -0.893827
1 33.1831 26.1206 1.60967 -0.338476 -0.306418 -0.889687
1 34.5622 22.154 1.75837 -0.193311 -0.34965 0.91672
1 6.04111 9.43852 1.791 0.686113 -0.47796 0.548455
1 33.0935 13.9394 1.75503 -0.251848 -0.280804 0.926133
1 31.8091 26.0443 1.60935 -0.327389 -0.0640347 -0.942717
1 18.6807 15.4622 1.75699 -0.272927 0.17972 0.945099
1 29.7241 19.1997 1.60936 0.122851 -0.411144 -0.903254
1 17.6505 0.594613 1.75731 -0.296944 0.104255 0.949187
1 26.1187 29.0401 1.75662 -0.351547 0.116925 0.92884
1 13.5303 33.3742 1.75778 -0.0892457 -0.442429 0.892352
1 3.79796 11.7774 1.75982 0.152322 0.648857 0.745508
1 32.5862 12.9867 1.75462 -0.0807202 -0.359074 0.929812
1 28.2605 5.97056 1.60754 -0.556945 -0.287465 -0.779215
1 27.5262 21.2396 1.60689 0.443927 -0.0785275 -0.892615
1 26.9834 19.3393 1.60659 0.115195 -0.0179232 -0.993181
1 19.1389 28.8999 1.75845 0.540572 0.223824 0.810978
1 10.3391 0.860547 1.61193 -0.209613 -0.521259 -0.827256
1 3.59431 18.9051 1.76682 0.376435 0.291139 0.879508
1 27.4764 13.1345 1.64997 0.704382 -0.298634 -0.643944
1 10.5081 15.1519 1.60787 0.0156662 -0.289157 -0.957153
1 15.6558 0.253698 1.75983 -0.255546 -0.15445 0.95438
1 25.0706 29.2584 1.75784 -0.394276 -0.0569557 0.917226
1 11.2878 23.7408 1.75599 -0.478313 -0.649473 0.591102
1 33.9984 2.03013 1.60938 -0.265191 -0.00050893 -0.964196
1 29.2605 15.3482 1.61179 -0.485079 -0.305767 -0.819271
1 6.2798 5.15576 1.61284 0.221279 0.00493709 -0.975198
1 6.29135 3.40323 1.6082 0.000406134 0.0746803 -0.997207
1 2.9202 32.4279 1.76938 0.565183 0.00859755 0.824921
1 26.3804 2.33441 1.75855 -0.255842 0.0658452 0.964474
1 17.0228 15.0535 1.75832 -0.255163 -0.080829 0.963514
1 6.29256 26.5166 1.7596 0.233624 -0.159491 0.959157
1 20.5138 7.47043 1.76392 0.331032 0.712111 0.619125
1 5.27215 34.0517 1.61368 -0.500116 0.208096 -0.840583
1 23.6616 8.572 1.61096 -0.0679402 0.316157 -0.946271
1 8.8778 2.35901 1.60787 -0.0256848 -0.292678 -0.955866
1 28.2466 15.8037 1.61091 -0.424977 -0.167058 -0.889655
1 6.24374 19.9683 1.61407 0.435797 0.699597 -0.566255
1 2.45468 14.5762 1.75547 -0.315738 0.411463 0.85499
1 16.4342 21.7145 1.60543 -0.241645 -0.0753661 -0.967433
1 13.5827 31.4363 1.75924 0.194149 -0.412811 0.889884
1 18.0455 26.5163 1.60365 0.562726 -0.256625 -0.785801
1 17.0244 14.0636 1.75786 -0.146923 -0.051412 0.987811
1 9.86402 30.5261 1.7506 -0.418119 0.42242 0.8042
1 24.1464 29.7323 1.75795 -0.518295 -0.204901 0.830293
1 16.4103 3.51255 1.74056 -0.658115 -0.0951189 0.746885
1 21.4578 31.5877 1.74737 0.0490357 0.604423 0.795153
1 28.394 24.0952 1.61663 -0.542898 0.442045 -0.714044
1 23.4077 33.6578 1.75371 0.394888 -0.534925 0.74694
1 7.65271 6.27146 1.62967 0.281906 -0.32342 -0.903288
1 0.276916 25.9027 1.6207 -0.486841 -0.570226 -0.661686
1 23.0785 18.733 1.61292 -0.030486 0.466718 -0.883881
1 4.86739 15.2844 1.61479 0.0383783 0.693311 -0.719616
1 28.5786 17.7702 1.60804 -0.107275 -0.233191 -0.966496
1 32.0422 5.41483 1.61886 0.267251 0.422415 -0.866107
1 1.3428 14.7764 1.75999 -0.373303 0.216371 0.902125
1 7.44665 8.93994 1.62162 -0.781907 0.244821 -0.57331
1 26.6695 0.374813 1.7575 0.0790505 0.0696259 0.994436
1 23.3142 20.6749 1.60857 0.315575 0.396755 -0.861973
1 24.6494 3.65995 1.75408 -0.390219 -0.204829 0.897649
1 6.75219 23.759 1.73646 0.720823 -0.243879 0.648797
1 29.9956 17.2506 1.61411 -0.190875 -0.434365 -0.880281
1 1.56508 31.3288 1.61424 0.341071 -0.651127 -0.678015
1 15.8001 29.4818 1.75172 0.47324 -0.15336 0.867482
1 16.2307 18.0077 1.75402 -0.727889 -0.23195 0.645272
1 13.2841 19.0295 1.66117 0.478572 -0.695674 -0.53573
1 4.40373 24.781 1.64257 0.693027 -0.364549 0.621947
1 4.76828 0.357423 1.59855 -0.347388 0.327965 -0.878499
1 15.6128 31.2456 1.75757 0.184918 -0.170446 0.96786
1 7.37079 20.9436 1.62311 0.598822 0.411766 -0.686921
1 17.6234 23.4252 1.60796 0.0608999 -0.21896 -0.973831
1 9.99539 23.8411 1.75784 0.638683 0.396095 0.659691
1 5.0151 19.8471 1.74649 0.211237 0.535718 0.817548
1 6.75844 32.1994 1.7476 -0.786023 -0.0450318 0.616555
1 7.7927 4.15204 1.60589 0.158407 -0.201116 -0.966674
1 3.52036 21.5957 1.75886 -0.109987 0.220954 0.969063
1 11.8269 27.1178 1.75835 0.113479 0.639635 0.760256
1 26.9164 9.99815 1.60684 0.151738 -0.132211 -0.979539
1 9.82105 31.6967 1.7552 -0.618302 0.416833 0.666298
1 0.0106098 4.25293 1.60469 0.0418493 -0.0991811 -0.994189
1 29.3774 14.3058 1.616 -0.646557 -0.205096 -0.734779
1 27.547 17.4213 1.60839 -0.169422 -0.0974508 -0.980714
1 27.3123 16.4357 1.60907 -0.334867 -0.0590549 -0.940413
1 33.8565 6.6678 1.61754 0.438203 0.0704521 -0.896111
1 8.15476 19.2288 1.60871 0.41046 0.250197 -0.876883
1 5.77092 4.27013 1.61013 0.119294 0.138507 -0.98315
1 15.7976 19.8961 1.61215 -0.55119 -0.0214438 -0.834104
1 3.61674 27.8226 1.75454 0.0760075 -0.555601 0.827968
1 32.0793 32.0055 1.62292 0.650156 0.28766 -0.703242
1 33.6779 28.3443 1.60779 0.0354967 -0.290818 -0.95612
1 30.5592 20.8487 1.6119 0.323107 -0.530768 -0.78351
1 1.38047 1.66519 1.60213 -0.349081 -0.419666 -0.837868
1 14.0242 22.7601 1.60476 -0.065593 0.320289 -0.945046
1 26.9278 29.6837 1.75817 -0.506556 0.221012 0.8334
1 13.93 20.9816 1.61149 -0.374324 0.327711 -0.86746
1 22.6411 22.5447 1.77633 -0.720014 -0.213635 0.660257
1 28.1296 7.5079 1.61343 -0.24014 -0.293525 -0.925298
1 18.1008 34.2379 1.75798 -0.201391 0.148801 0.968142
1 19.79 32.0126 1.7555 0.0650437 0.354216 0.932899
1 1.00464 6.85169 1.61511 0.495949 -0.223865 -0.838999
1 4.23768 28.8231 1.75529 -0.109448 -0.46753 0.877176
1 15.0649 3.60732 1.77493 -0.683943 -0.465117 0.562039
1 21.0184 3.23682 1.72287 0.0460896 -0.769254 0.637279
1 8.26817 26.1038 1.75738 0.286697 0.101181 0.952663
1 28.3177 16.7972 1.61172 -0.258453 -0.203576 -0.94433
1 24.3868 0.668918 1.76048 0.137111 -0.253563 0.957552
1 28.3528 8.50891 1.60843 -0.0665791 -0.324693 -0.943473
1 2.03386 10.2415 1.75648 0.417498 0.290655 0.860938
1 23.8918 16.0524 1.61268 -0.497648 0.380211 -0.779606
1 19.4577 21.2848 1.6113 -0.313091 -0.533207 -0.785916
1 34.324 0.0557445 1.60937 -0.583212 -0.0327246 -0.811661
1 15.5707 23.5179 1.60719 0.0630949 0.0836152 -0.994499
1 13.13 23.1101 1.60936 0.0147589 0.473782 -0.880519
1 9.18256 19.7167 1.60846 0.475382 0.0400017 -0.87887
1 19.2819 12.792 1.75757 0.0304852 0.326195 0.944811
1 20.1616 26.4332 1.76523 -0.378834 0.717845 0.584109
1 21.7276 32.8413 1.75207 -0.197269 0.64605 0.737363
1 2.18706 11.4036 1.75795 0.226602 0.340947 0.912363
1 1.57641 29.8064 1.61182 0.0596118 -0.755068 -0.652931
1 23.6968 1.44122 1.75568 0.0382572 -0.350572 0.935754
1 21.9561 34.0714 1.72933 -0.469573 0.642429 0.605628
1 33.1216 33.2273 1.60754 -0.810314 0.102069 -0.577038
1 21.8329 21.6992 1.61488 0.550289 0.488731 -0.676996
1 34.3592 7.53677 1.60809 0.586331 -0.0094832 -0.810016
1 14.5413 11.3199 1.7566 -0.0066727 -0.484756 0.874624
1 0.251306 32.0393 1.62532 0.628887 -0.272899 -0.72803
1 21.8384 2.05253 1.76244 0.155516 -0.657226 0.737474
1 22.7357 8.40975 1.61141 -0.0856677 0.448117 -0.889861
1 27.9498 30.2915 1.75954 -0.603916 0.376382 0.702582
1 11.1486 31.851 1.7596 0.288057 -0.726316 0.62409
1 4.24574 26.8302 1.75951 0.267907 -0.446541 0.853714
1 17.7344 13.413 1.75819 -0.0771595 0.0690007 0.994628
1 9.34604 13.5706 1.60739 -0.179773 -0.13094 -0.974955
1 2.7921 13.4539 1.75397 -0.106164 0.480175 0.870724
1 10.9333 29.3948 1.76626 -0.322507 0.514959 0.794233
1 2.00687 6.24509 1.61067 0.305811 -0.411825 -0.858417
1 20.9389 10.9233 1.75278 0.336152 0.736664 0.586795
1 28.8381 19.8534 1.60898 0.224439 -0.265981 -0.937487
1 18.3204 12.6252 1.76039 0.00614207 0.175268 0.984502
1 6.92557 8.06408 1.6046 0.651428 -0.248581 -0.716832
1 19.2499 10.5537 1.75478 0.212129 0.297704 0.930792
1 26.1895 1.27977 1.75657 -0.0535266 0.0293507 0.998135
1 32.9172 11.2446 1.75537 0.231777 -0.324814 0.916938
1 5.72816 7.78438 1.62816 0.617189 -0.0312242 -0.786195
1 21.1523 29.2557 1.76358 0.458691 0.549555 0.698278
1 15.0079 34.0975 1.76003 -0.161954 -0.239155 0.95738
1 6.4425 34.065 1.61533 -0.507399 0.052822 -0.860091
1 17.3104 2.44746 1.75729 -0.525324 0.107742 0.844054
1 19.7459 8.0214 1.74771 0.338774 0.532795 0.775475
1 13.505 25.5714 1.61329 0.445154 0.410848 -0.795639
1 10.8078 20.4569 1.61144 0.619147 -0.315461 -0.719125
1 19.1741 8.8383 1.74797 0.339025 0.326816 0.882187
1 5.80474 24.7224 1.7404 0.522811 -0.264584 0.810348
1 25.7344 3.97495 1.75262 -0.524477 -0.0564488 0.849551
1 8.61049 11.723 1.60721 -0.431371 -0.034375 -0.901519
1 4.72522 4.20254 1.61486 0.135155 0.343554 -0.929357
1 14.3088 6.0778 1.61284 0.182617 -0.620423 -0.76271
1 26.4431 8.08811 1.60846 -0.132692 -0.0733532 -0.988439
1 24.6833 15.0665 1.61552 -0.678352 0.231357 -0.697361
1 26.9382 4.11585 1.75739 -0.621976 0.104396 0.776046
1 12.2529 4.02401 1.61433 -0.0875731 -0.389245 -0.916962
1 8.82448 31.1532 1.75443 -0.550697 0.236215 0.800584
1 17.2614 5.47979 1.75529 0.777448 -0.0438038 0.62742
1 3.14743 15.5486 1.74664 -0.482574 0.508033 0.71346
1 21.9076 15.6177 1.74976 -0.312959 0.740205 0.595108
1 26.2935 9.12851 1.6077 0.0241407 -0.0500988 -0.998452
1 13.7737 5.03225 1.61033 -0.00833098 -0.570187 -0.821473
1 25.21 9.33507 1.60695 0.0546857 0.0990249 -0.993581
1 5.25613 31.9501 1.7451 -0.682128 -0.268863 0.68001
1 10.8953 17.3297 1.60887 0.191125 -0.30885 -0.93171
1 17.8252 19.3222 1.59686 -0.710877 -0.332812 -0.619589
1 8.94469 9.05108 1.60909 -0.783187 -0.102619 -0.613259
1 7.26342 3.17893 1.60664 0.0243847 -0.0778255 -0.996669
1 29.6107 23.6997 1.59504 -0.642165 0.199298 -0.740206
1 30.5997 3.3473 1.60843 -0.0416972 0.644057 -0.76384
1 17.9976 14.5342 1.75882 -0.212474 0.105111 0.971497
1 24.8772 10.3607 1.60752 0.194762 0.151867 -0.969022
1 26.2847 31.7799 1.75306 0.679814 -0.00363771 0.733375
1 16.1201 24.3554 1.60638 0.211498 0.0137624 -0.977281
1 34.1499 14.0767 1.75729 -0.264837 -0.0919207 0.959902
1 25.5307 27.3823 1.7594 -0.0397606 0.0187893 0.999033
1 28.8587 10.2666 1.61187 0.212349 -0.407824 -0.888024
1 25.4024 20.7011 1.61071 0.321279 0.143373 -0.936068
1 15.1389 30.3391 1.75704 0.323568 -0.215042 0.921445
1 29.6064 5.23358 1.60692 -0.63434 -0.500427 -0.589224
1 27.8279 10.4371 1.61254 0.226129 -0.241389 -0.943714
1 15.4341 20.8562 1.60627 -0.390291 0.0725687 -0.917827
1 29.1027 24.7394 1.62489 -0.455343 0.328105 -0.827653
1 24.5953 1.66078 1.75345 -0.0400795 -0.208186 0.977268
1 3.48591 14.3315 1.75542 -0.248042 0.599122 0.761268
1 6.37058 28.4017 1.75847 -0.0693982 -0.138417 0.98794
1 29.6663 2.11604 1.76004 -0.279662 0.5625 0.778064
1 5.22437 5.08437 1.61656 0.237384 0.19791 -0.951042
1 32.5553 16.5134 1.75893 -0.604578 -0.52043 0.603024
1 32.4361 25.2197 1.61066 -0.442817 -0.214222 -0.870645
1 29.1952 8.01883 1.6088 -0.159786 -0.452359 -0.877405
1 24.9147 24.4597 1.75728 0.541785 -0.0388318 0.83962
1 30.2869 4.55768 1.59893 0.227846 0.702656 -0.674063
1 7.33577 26.7178 1.75991 0.193486 -0.0179081 0.98094
1 14.5835 15.8368 1.75358 -0.356123 -0.530781 0.769057
1 22.8353 10.5384 1.60837 0.191154 0.459246 -0.867498
1 34.1942 24.2824 1.75718 -0.626189 -0.402032 0.668026
1 30.342 12.8305 1.7443 0.0515542 -0.720741 0.691284
1 25.3794 6.01767 1.61152 -0.480568 0.017946 -0.876774
1 22.2383 11.3607 1.62302 0.296984 0.545253 -0.7839
1 18.7418 17.5629 1.75075 -0.597767 0.120249 0.7926
1 14.062 30.4112 1.75809 0.328598 -0.335078 0.883032
1 32.8733 6.17113 1.61663 0.372459 0.250738 -0.893535
1 8.97274 29.0515 1.75647 -0.179239 0.23145 0.956193
1 1.98097 0.683332 1.77487 0.2499 0.8367 0.487322
1 31.4653 18.5762 1.61083 0.0191117 -0.668385 -0.74357
1 7.28076 28.7909 1.76038 -0.142708 -0.0130646 0.989679
1 3.56779 17.7765 1.753 0.584427 0.292781 0.756786
1 27.8462 3.32373 1.75278 -0.510404 0.275039 0.814765
1 0.299841 18.6064 1.75894 0.483309 -0.237803 0.842533
1 20.986 22.9921 1.61803 -0.0505003 -0.74632 -0.663669
1 6.00577 29.3125 1.75831 -0.21666 -0.177976 0.959887
1 29.9649 7.39947 1.61436 -0.274261 -0.568911 -0.77532
1 17.0192 29.5702 1.75235 0.442022 -0.0275234 0.896582
1 31.0762 11.5441 1.75698 0.241482 -0.663709 0.707938
1 15.4439 21.8144 1.60664 -0.226312 0.0797137 -0.970788
1 0.617749 30.8577 1.6162 0.449172 -0.408073 -0.794809
1 30.173 26.484 1.61509 -0.249848 0.284564 -0.925527
1 2.97551 1.60139 1.60666 -0.101426 0.725364 -0.680852
1 13.999 2.16935 1.75221 -0.574433 -0.497982 0.649646
1 29.3333 11.1763 1.60691 0.334807 -0.512479 -0.79074
1 29.7137 20.3338 1.61013 0.291708 -0.398853 -0.86938
1 4.28123 32.5824 1.77343 0.710166 0.305044 0.634518
1 33.1617 30.3889 1.6073 0.398698 -0.0492629 -0.915758
1 6.89528 30.6619 1.75554 -0.447907 -0.0403929 0.893167
1 0.983528 22.0083 1.75847 -0.165717 -0.1756 0.970414
1 1.83371 4.99452 1.61371 0.0991212 -0.444921 -0.890068
1 1.22809 10.8691 1.75783 0.328224 0.156251 0.931587
1 25.5609 3.0125 1.75665 -0.335113 -0.054311 0.940611
1 15.5998 6.70014 1.74568 0.637109 -0.389557 0.665085
1 19.7435 18.8782 1.76249 -0.807559 0.15068 0.570214
1 10.508 4.8794 1.60569 0.0438413 -0.0419969 -0.998155
1 30.2677 28.8078 1.60887 0.0729746 0.379442 -0.922333
1 25.8149 34.6113 1.75357 0.168181 -0.0669023 0.983483
1 24.394 11.4893 1.60885 0.340603 0.20179 -0.918298
1 26.8892 7.24578 1.61288 -0.269386 -0.151268 -0.951078
1 26.0592 24.7263 1.75969 0.48598 0.148047 0.861339
1 23.7558 24.228 1.73114 0.614901 -0.247684 0.748699
1 20.5064 31.3542 1.75084 0.144142 0.457504 0.877447
1 32.2344 2.45724 1.60948 -0.219943 0.328822 -0.918423
1 6.31136 17.3723 1.61304 0.187563 0.469582 -0.862736
1 1.77603 22.7056 1.75797 -0.302987 -0.0543071 0.951446
1 18.2379 18.5213 1.76867 -0.761597 -0.0291464 0.647396
1 5.64725 22.0783 1.74762 -0.25648 0.554441 0.791716
1 16.6607 9.35554 1.75776 0.278934 -0.1544 0.947817
1 13.081 12.7165 1.75196 -0.266027 -0.764587 0.587058
1 11.4294 21.135 1.62484 0.69645 -0.462816 -0.548415
1 6.70789 16.3209 1.61285 0.0688654 0.360686 -0.930141
1 14.4954 29.4168 1.76017 0.484665 -0.277563 0.829493
1 34.5064 27.7575 1.60813 -0.07861 -0.468222 -0.880107
1 6.66705 6.10671 1.61437 0.340021 -0.120242 -0.932699
1 23.6303 2.50167 1.7542 -0.137378 -0.351729 0.925967
1 0.677493 14.0461 1.75875 -0.24587 0.106665 0.963416
1 34.334 9.6729 1.754 0.565701 -0.129021 0.814455
1 6.26535 25.5499 1.75494 0.379554 -0.190134 0.905421
1 7.90014 7.29245 1.62813 0.421222 -0.417441 -0.80518
1 24.1204 18.7389 1.60949 -0.0208707 0.325751 -0.945225
1 33.1896 23.3131 1.74761 -0.417728 -0.550744 0.722623
1 7.98975 30.4915 1.75587 -0.426328 0.104528 0.898509
1 10.8141 18.4377 1.60928 0.329052 -0.288127 -0.899282
1 27.1612 26.3065 1.75898 0.171285 0.291115 0.94123
1 15.0015 22.6946 1.60733 -0.0804521 0.160178 -0.983804
1 24.0002 25.121 1.75903 0.428169 -0.213262 0.878175
1 24.1441 32.6028 1.75865 0.569884 -0.3621 0.737642
1 19.747 16.8734 1.75811 -0.485649 0.324589 0.811657
1 6.58838 27.4299 1.75931 0.0846619 -0.113716 0.989899
1 16.0039 15.1472 1.75243 -0.271597 -0.254297 0.928207
1 5.72591 6.86457 1.61835 0.480627 0.0106961 -0.87686
1 18.6903 27.8726 1.70834 0.736663 0.15618 0.657978
1 0.979186 7.84508 1.61237 0.707153 -0.140664 -0.692928
1 5.48926 8.71344 1.6047 0.762076 -0.0996044 -0.639781
1 33.6266 20.1205 1.75701 0.18626 -0.476957 0.858964
1 14.5087 33.2158 1.75949 -0.0536144 -0.301514 0.951953
1 0.622414 3.54492 1.6092 -0.0501047 -0.248107 -0.967436
1 10.8557 27.1634 1.75571 0.110006 0.505587 0.855734
1 18.1947 29.5288 1.75457 0.445274 0.0943279 0.890412
1 22.8168 25.039 1.75208 0.419708 -0.405321 0.812133
1 32.1324 12.0025 1.75172 0.0898639 -0.447375 0.88982
1 34.227 26.5707 1.60858 -0.310851 -0.485032 -0.817383
1 6.83739 12.6253 1.6119 -0.320029 0.293564 -0.900778
1 29.1366 3.21823 1.75807 -0.485952 0.434067 0.758576
1 4.23783 3.22907 1.61282 0.0247267 0.466142 -0.884364
1 5.81094 15.7553 1.61283 0.0909309 0.54027 -0.836564
1 8.29911 10.7765 1.60911 -0.564421 0.0308562 -0.82491
1 25.157 18.7254 1.6074 -0.00758148 0.19886 -0.979999
1 27.31 9.08709 1.60676 0.0147849 -0.177426 -0.984023
1 16.7701 13.0093 1.76036 -0.0546547 -0.0902279 0.99442
1 4.95743 30.7639 1.75621 -0.450712 -0.317866 0.834158
1 29.2398 29.2533 1.73754 -0.124335 0.987253 0.0993553
1 31.2451 4.47784 1.61399 0.132597 0.54727 -0.826386
1 1.17478 25.3988 1.6055 0.71766 0.315402 -0.620875
1 32.9312 31.3591 1.60743 0.550831 0.0940543 -0.8293
1 0.622102 23.969 1.76078 -0.505359 -0.268165 0.820182
1 8.25976 16.9913 1.60665 0.152011 0.118034 -0.981306
1 32.0124 9.60564 1.74966 0.442366 -0.613114 0.654526
1 21.0155 33.9299 1.66525 -0.327067 0.546168 0.771186
1 25.8604 10.044 1.60734 0.159912 0.00784621 -0.9871
1 14.9478 1.67745 1.73716 -0.478267 -0.293895 0.827578
1 9.63883 12.1471 1.6091 -0.354076 -0.220339 -0.90889
1 0.0176682 2.76279 1.6096 -0.160246 -0.135594 -0.97772
1 14.0879 28.4714 1.75915 0.637769 -0.349164 0.686538
1 16.2104 26.0503 1.60281 0.529555 0.0121969 -0.848188
1 5.30238 16.7293 1.61045 0.236413 0.664922 -0.708511
1 2.01522 2.75013 1.61491 -0.204588 -0.572688 -0.793833
1 34.5273 28.9166 1.61321 0.146039 -0.402818 -0.903554
1 27.7936 18.3974 1.60745 -0.00646759 -0.119189 -0.992851
1 12.2019 12.9353 1.61728 -0.253882 -0.681547 -0.686322
1 18.1905 6.39184 1.75758 0.60725 0.173541 0.775327
1 21.8807 5.50773 1.61101 -0.43148 0.558609 -0.708365
1 17.0815 27.7798 1.7207 0.781911 -0.0345062 0.622435
1 22.2431 20.7664 1.60447 0.342265 0.53467 -0.772646
1 2.90232 9.68515 1.75334 0.481928 0.443113 0.755907
1 33.2226 12.2035 1.75796 0.0654975 -0.259808 0.963437
1 2.25364 17.4748 1.7546 0.697838 0.0313145 0.715571
1 23.0789 5.31721 1.61306 -0.550126 0.324255 -0.769559
1 9.15375 24.4744 1.75358 0.554375 0.228979 0.800148
1 32.8363 28.9026 1.6066 0.131935 -0.0999295 -0.986209
1 7.48459 27.7938 1.75921 0.0171253 0.00950251 0.999808
1 2.96006 0.168293 1.60727 -0.37462 0.670888 -0.639976
1 15.4309 11.9648 1.75605 -0.0222194 -0.29315 0.955808
1 28.636 20.8924 1.60776 0.391452 -0.243607 -0.887368
1 6.44689 22.7003 1.7734 -0.472345 0.589484 0.655285
1 17.939 32.374 1.75807 0.0291261 0.111518 0.993336
1 23.3112 28.9404 1.75776 -0.356884 -0.386923 0.850249
1 23.4747 27.8716 1.75948 -0.140492 -0.33186 0.932808
1 13.4551 17.527 1.6062 0.175302 -0.748344 -0.639727
1 6.79282 4.27395 1.60897 0.103519 -0.0379438 -0.993904
1 1.94668 21.7402 1.75676 -0.120595 -0.0123838 0.992625
1 14.6934 19.1509 1.61005 -0.668699 0.181081 -0.721146
1 29.4461 6.23398 1.60919 -0.479632 -0.469192 -0.741493
1 17.6028 16.7559 1.75513 -0.479828 -0.0278995 0.876919
1 26.3621 21.2396 1.61141 0.411508 0.0403586 -0.910512
1 5.30901 21.0037 1.75138 -0.028094 0.529658 0.847746
1 16.8469 26.8452 1.60433 0.681821 -0.0481645 -0.729931
1 11.4741 22.3217 1.77807 0.348 -0.678998 0.646419
1 20.9557 30.4294 1.76524 0.268525 0.528428 0.805393
1 34.0028 17.9092 1.75605 0.629916 -0.352807 0.691905
1 10.5635 3.89071 1.60656 -0.123478 -0.0952632 -0.987764
1 34.2053 1.06646 1.60618 -0.418286 -0.0198271 -0.908099
1 12.6326 0.876782 1.76791 -0.530974 -0.563218 0.633128
1 7.89144 12.4869 1.60535 -0.324318 0.0978072 -0.940878
1 29.4394 21.4811 1.61208 0.469875 -0.373801 -0.799681
1 10.4617 9.57615 1.60635 -0.727233 -0.385664 -0.567799
1 10.8573 5.83729 1.60867 0.215694 -0.0414356 -0.975581
1 29.7135 25.5395 1.61216 -0.367885 0.270403 -0.889687
1 18.4209 30.4753 1.76072 0.292744 0.136592 0.946385
1 24.7206 19.6075 1.60861 0.139341 0.236208 -0.96166
1 10.5595 11.7632 1.60861 -0.395711 -0.395983 -0.82862
1 4.80459 10.8115 1.60206 -0.279849 0.831028 -0.480705
1 0.812258 33.1186 1.75534 -0.531889 0.567558 0.628468
1 31.5701 3.39136 1.61041 -0.0564885 0.463956 -0.884055
1 23.1699 21.6959 1.61637 0.501582 0.367739 -0.783061
1 18.9064 3.46834 1.75419 -0.602378 0.413291 0.682884
1 25.2348 25.3889 1.75586 0.363571 -0.0146366 0.931451
1 7.60154 34.1378 1.61127 -0.49387 -0.109582 -0.862603
1 0.614024 29.6267 1.61126 0.252671 -0.523182 -0.813903
1 4.27506 5.31431 1.61601 0.291559 0.373574 -0.880588
1 25.4212 16.9761 1.60984 -0.286581 0.176667 -0.941626
1 31.0906 26.8451 1.60722 -0.21232 0.128377 -0.968731
1 23.3353 11.5578 1.6089 0.341427 0.352667 -0.871237
1 24.9228 13.1935 1.61354 0.661717 0.049546 -0.748115
1 10.8214 16.1946 1.60865 0.0871243 -0.297937 -0.950601
1 21.649 10.2395 1.60609 0.132758 0.704993 -0.696678
1 3.73402 13.0734 1.76049 -0.0437998 0.645977 0.7621
1 4.71877 6.32225 1.60901 0.411858 0.224966 -0.883042
1 15.098 9.02679 1.75169 0.301499 -0.424945 0.853534
1 20.0872 28.3524 1.75276 0.605195 0.369833 0.704956
1 5.29692 23.43 1.71604 -0.632941 0.371055 0.679487
1 5.63949 27.7315 1.75873 0.0544709 -0.246433 0.967628
1 12.5445 33.4093 1.75786 -0.110666 -0.577132 0.809117
1 5.12337 17.9932 1.62546 0.420956 0.745845 -0.516247
1 17.6212 7.28999 1.75447 0.510669 0.0456085 0.858567
1 30.993 31.0378 1.6155 0.528508 0.440758 -0.725543
1 21.8558 27.227 1.74734 -0.000931207 -0.601404 0.798945
1 9.91184 29.4172 1.75187 -0.240551 0.378685 0.893719
1 3.83211 23.6313 1.75497 -0.499582 0.233742 0.834136
1 9.91136 33.2459 1.61287 -0.608816 -0.464274 -0.643267
1 28.4458 33.9932 1.75757 0.203349 0.345057 0.916289
1 11.1789 12.8191 1.61267 -0.232055 -0.507885 -0.829581
1 32.0806 17.5189 1.60074 -0.170821 -0.770795 -0.613755
1 16.187 2.17829 1.76478 -0.533358 -0.111379 0.838525
1 9.31074 10.0759 1.60976 -0.65501 -0.156632 -0.739208
1 0.931814 4.62017 1.61027 0.0895969 -0.27344 -0.957707
1 20.2238 14.8255 1.75612 -0.175927 0.48499 0.856641
1 16.0492 14.1238 1.75451 -0.152753 -0.200387 0.967735
1 11.2099 2.25701 1.61003 -0.395387 -0.301356 -0.867671
1 11.3883 4.4107 1.60645 -0.0262436 -0.218791 -0.975419
1 22.8376 32.7647 1.75972 -0.284705 0.794864 0.535848
1 27.1341 15.4752 1.6148 -0.498524 -0.00448968 -0.866864
1 31.3625 24.6904 1.60609 -0.525147 -0.0933917 -0.845871
1 10.3733 8.47252 1.60957 0.649971 0.244011 -0.719719
1 16.3366 4.51835 1.7589 -0.781088 -0.115193 0.613704
1 28.5837 2.40508 1.75674 -0.320565 0.38851 0.863885
1 16.0264 22.6327 1.60703 -0.085257 0.00186143 -0.996357
1 26.1357 18.8393 1.60689 0.0261277 0.078771 -0.99655
1 25.7841 17.899 1.60841 -0.131794 0.124763 -0.983394
1 19.0532 22.6476 1.61086 -0.0726281 -0.473141 -0.877988
1 19.8382 23.6308 1.6073 0.0700577 -0.552309 -0.83069
1 11.1272 26.0772 1.75274 0.320087 0.528367 0.786367
1 12.7665 8.09772 1.60372 0.597665 -0.344318 -0.724045
1 2.98202 19.6828 1.75667 0.242831 0.163082 0.956262
1 19.1766 1.29328 1.76102 -0.415249 0.373337 0.829571
1 18.4519 2.50157 1.75501 -0.489582 0.333306 0.80574
1 17.363 12.1887 1.75934 0.00975157 0.0166467 0.999814
1 33.1095 21.1526 1.76829 0.0166128 -0.602308 0.798091
1 29.283 33.4426 1.75916 0.26412 0.479421 0.836897
1 14.6567 10.1575 1.75463 0.159213 -0.484451 0.860208
1 24.2383 28.6422 1.76211 -0.288336 -0.211241 0.933938
1 3.04346 6.46075 1.6129 0.329052 -0.569028 -0.753613
1 3.97329 30.0433 1.75561 -0.29697 -0.478178 0.826532
1 27.5832 6.60062 1.63025 -0.402394 -0.241599 -0.883012
1 0.186664 10.5527 1.75673 0.387701 -0.035265 0.92111
1 0.73012 22.9704 1.75709 -0.34203 -0.224986 0.912358
1 18.0708 22.5198 1.60867 -0.0842643 -0.316059 -0.94499
1 29.2172 16.4073 1.61099 -0.312218 -0.330608 -0.890628
1 19.238 14.5959 1.75715 -0.170186 0.307634 0.936161
1 2.05077 12.7033 1.7563 0.0158953 0.342606 0.939345
1 20.084 6.04468 1.77186 0.56903 0.579636 0.583289
1 22.1195 24.3272 1.76697 0.553771 -0.488859 0.674058
1 26.4927 6.2999 1.62106 -0.420927 -0.0971104 -0.901881
1 30.9194 9.41518 1.61876 0.133151 -0.72429 -0.676517
1 9.74842 28.3919 1.75285 -0.076278 0.340953 0.936981
1 0.711082 20.2586 1.75684 0.156123 -0.201817 0.9669
1 12.5042 18.4524 1.61052 0.340389 -0.596657 -0.726729
1 7.14717 15.3554 1.60944 -0.0162545 0.248211 -0.96857
1 12.2485 23.4371 1.63045 0.0991763 0.627102 -0.772598
1 32.4282 22.2017 1.75106 -0.192126 -0.672101 0.7151
1 8.25269 3.21267 1.61316 0.0545966 -0.231588 -0.971281
1 11.3793 6.76536 1.6096 0.383454 -0.0868012 -0.919472
1 16.0753 33.9976 1.75811 -0.154392 -0.0997482 0.982962
1 15.7827 13.0112 1.7569 -0.0730715 -0.223606 0.971937
1 25.8345 7.02833 1.6115 -0.288997 -0.0148323 -0.957215
1 2.17969 16.5031 1.7431 -0.730744 0.248405 0.635852
1 27.5434 34.4011 1.75964 0.160428 0.198119 0.96696
1 4.5338 18.6772 1.73703 0.435804 0.483903 0.758889
1 31.175 1.14125 1.61281 -0.413244 0.592383 -0.691601
1 24.5785 33.4391 1.75979 0.421959 -0.297445 0.856433
1 30.9782 13.9565 1.74897 -0.225084 -0.648927 0.726795
1 3.8542 2.05652 1.61826 -0.0767313 0.546569 -0.833892
1 20.8779 13.7297 1.75715 -0.0027552 0.573506 0.819197
1 13.6087 10.4845 1.75354 0.0772658 -0.649975 0.756018
1 9.19335 25.5784 1.75607 0.374242 0.239122 0.895971
1 19.4086 6.72164 1.75536 0.511639 0.449565 0.7322
1 9.82474 34.3448 1.61282 -0.417879 -0.48552 -0.767885
1 1.36458 11.9186 1.75993 0.141615 0.202261 0.969039
1 34.2773 23.1754 1.75918 -0.385809 -0.398051 0.83229
1 15.5137 33.1301 1.75929 -0.048653 -0.174951 0.983374
1 6.82832 7.08306 1.61287 0.485661 -0.20338 -0.850159
1 34.1119 31.2947 1.60862 0.529415 -0.149646 -0.83506
1 30.6458 19.5343 1.61004 0.18184 -0.570688 -0.800781
1 18.6981 0.444959 1.7585 -0.321418 0.251404 0.912955
1 25.535 4.87743 1.617 -0.920627 -0.070335 -0.384055
1 5.21841 28.6641 1.75825 -0.0935499 -0.303547 0.948213
1 13.6247 20.0047 1.62038 -0.544769 0.408221 -0.732518
1 32.266 24.0812 1.60979 -0.616153 -0.340032 -0.710447
1 5.79015 11.0279 1.61696 -0.476427 0.554284 -0.682486
1 5.56618 1.53487 1.60615 -0.213689 0.22266 -0.951188
1 3.84244 0.565747 1.77485 0.282721 -0.528679 0.800354
1 23.3014 9.57169 1.6106 0.0606895 0.402729 -0.913305
1 19.5609 30.9325 1.7568 0.223448 0.307442 0.92496
1 33.6271 14.911 1.75522 -0.412106 -0.195951 0.889816
1 27.2347 11.2706 1.61552 0.368378 -0.184223 -0.911241
1 8.98987 30.0663 1.75532 -0.352268 0.255741 0.90028
1 18.7073 13.6841 1.75969 -0.0978255 0.225557 0.969306
1 25.03 7.59188 1.61004 -0.196623 0.0902628 -0.976316
1 2.40207 20.8729 1.7595 0.0307857 0.0664528 0.997315
1 9.8433 5.60816 1.60803 0.138746 0.133305 -0.981315
1 33.8152 18.9964 1.75561 0.39988 -0.425668 0.811728
1 34.2891 30.2347 1.60501 0.352351 -0.297516 -0.887318
1 9.08145 17.5392 1.60752 0.225428 -0.00569808 -0.974243
1 2.86061 33.4242 1.60239 0.645344 -0.340787 -0.683663
1 1.53973 3.75368 1.61912 -0.044463 -0.437546 -0.898096
1 15.0055 32.2224 1.75949 0.0670639 -0.236542 0.969304
1 25.6802 30.0436 1.75694 -0.549424 0.043543 0.834408
1 33.4827 32.2725 1.62574 0.709699 0.00190937 -0.704503
1 4.11175 34.0638 1.61958 -0.484364 0.428951 -0.762491
1 16.9621 19.8582 1.62443 -0.556142 -0.233657 -0.797565
1 16.6514 31.2786 1.75888 0.179318 -0.0568906 0.982145
1 31.5298 19.9344 1.60406 0.260148 -0.73315 -0.628343
1 19.8624 13.7442 1.75633 -0.0363927 0.415466 0.90888
1 9.85338 18.8865 1.6064 0.384699 -0.115735 -0.915758
1 16.7206 16.0287 1.75605 -0.384192 -0.159886 0.909303
1 23.6307 19.6689 1.61139 0.136234 0.372953 -0.917794
1 0.779391 17.6484 1.75059 0.688772 -0.140973 0.71114
1 30.8516 32.2276 1.5908 -0.51975 -0.650442 -0.553882
1 2.08518 19.1999 1.75957 0.350507 0.026526 0.936184
1 26.2516 12.7806 1.62725 0.608648 -0.0921993 -0.788066
1 13.2904 6.09643 1.60911 0.226024 -0.459577 -0.858896
1 21.2647 12.5556 1.74886 0.187257 0.663092 0.724737
1 18.227 8.2603 1.75663 0.384955 0.13675 0.912748
1 20.271 12.7332 1.75275 0.14628 0.480411 0.864759
1 18.5157 21.5779 1.61526 -0.243183 -0.402906 -0.882343
1 8.88307 5.3217 1.61952 0.0415806 0.297752 -0.953737
1 0.375603 21.2031 1.75997 -0.0150957 -0.274272 0.961534
1 10.0133 16.8489 1.60886 0.132689 -0.158972 -0.978326
1 4.02335 19.8509 1.75901 0.194337 0.3425 0.919199
1 0.391808 11.4859 1.75897 0.2173 0.0214597 0.975869
1 8.08367 17.9713 1.60673 0.272977 0.18826 -0.94342
1 30.6231 6.61285 1.62381 -0.44285 -0.670413 -0.59534
1 9.9729 14.3168 1.60715 -0.0813805 -0.221158 -0.971837
1 14.6995 20.1615 1.61117 -0.498111 0.194136 -0.845102
1 15.5387 25.2728 1.60955 0.377796 0.107049 -0.91968
1 16.6009 23.4729 1.60727 0.0610223 -0.0661595 -0.995941
1 14.1794 7.97589 1.74805 0.536672 -0.645415 0.543528
1 32.2515 0.37732 1.6309 -0.530866 0.360936 -0.766751
1 10.6155 7.53204 1.60592 0.494337 0.0956259 -0.863995
1 28.3975 0.479446 1.75788 0.0305009 0.357034 0.933593
1 8.97543 22.4659 1.59985 -0.830976 -0.252693 -0.495605
1 4.08833 25.8072 1.75935 0.47583 -0.457953 0.750909
1 25.2087 12.2407 1.61197 0.490906 0.0758726 -0.867902
1 25.5779 26.3344 1.75935 0.168711 0.0301081 0.985206
1 30.2027 27.6476 1.60594 -0.108923 0.390612 -0.914089
1 24.9078 34.3559 1.75601 0.253748 -0.203689 0.945581
1 0.130602 14.9041 1.75406 -0.403795 0.0110512 0.914783
1 15.3472 2.72156 1.71626 -0.613502 -0.275254 0.740169
1 34.0506 21.1524 1.75779 -0.00271845 -0.439411 0.898282
1 4.63206 7.28741 1.61449 0.559241 0.198501 -0.804889
1 13.1832 2.67502 1.60535 -0.422056 -0.61203 -0.668796
1 19.2659 29.9287 1.76164 0.372818 0.256997 0.891605
1 2.4537 4.07538 1.61708 -0.0738533 -0.629114 -0.773797
1 14.2862 24.9483 1.60959 0.337196 0.281438 -0.898383
1 1.33992 21.0062 1.75794 0.0185582 -0.104427 0.994359
1 14.0507 34.3852 1.75757 -0.215241 -0.382395 0.89858
1 33.9763 11.4487 1.76049 0.222242 -0.149079 0.963527
1 9.25305 0.618875 1.6104 -0.294518 -0.351314 -0.888728
1 30.4786 18.3551 1.60872 -0.0158815 -0.5194 -0.854384
1 32.2011 4.36208 1.61073 0.0911486 0.36484 -0.926598
1 17.1759 24.3152 1.60673 0.206238 -0.135531 -0.96907
1 20.7243 5.2229 1.59967 0.0459001 0.839134 -0.541984
1 6.97199 29.7154 1.75879 -0.297993 -0.0414534 0.953667
1 8.38189 32.1743 1.76521 -0.755596 0.174675 0.631318
1 30.2027 16.2011 1.61156 -0.356661 -0.489201 -0.795911
1 6.06854 31.294 1.75421 -0.583634 -0.139163 0.800003
1 28.0242 31.4738 1.7338 0.747006 0.0925895 0.658338
1 16.962 1.45456 1.7588 -0.414738 0.0205271 0.909709
1 33.6289 25.2185 1.61793 -0.529976 -0.396502 -0.749608
1 5.86157 33.1746 1.59797 -0.672524 0.112101 -0.731536
1 9.53367 4.56189 1.60622 -0.0404198 0.114757 -0.992571
1 16.0995 8.5266 1.75597 0.371258 -0.269262 0.888631
1 17.4955 25.7237 1.61425 0.450556 -0.174805 -0.875467
1 19.1421 24.5086 1.60984 0.218218 -0.424969 -0.878511
1 8.98682 27.7892 1.76236 0.0191799 0.224607 0.974261
1 32.5295 3.3953 1.60873 -0.0695836 0.281463 -0.957046
1 17.1445 8.22479 1.75778 0.401131 -0.0762233 0.912844
1 14.1578 3.90494 1.59927 -0.263264 -0.683105 -0.681219
1 29.171 9.14268 1.60975 0.0480657 -0.462553 -0.885288
1 3.76353 4.23461 1.62116 0.191113 0.536826 -0.821762
1 13.0476 34.5268 1.75345 -0.309099 -0.52181 0.795093
1 30.8155 25.5891 1.6107 -0.389084 0.0827498 -0.917478
1 12.5861 7.0618 1.60446 0.422175 -0.313579 -0.850551
1 0.148973 5.26745 1.60864 0.19986 -0.109982 -0.973632
1 16.0083 32.1868 1.75941 0.0628149 -0.119298 0.990869
1 1.82135 13.822 1.75836 -0.189247 0.303972 0.933695
1 7.46157 13.371 1.61026 -0.218071 0.178587 -0.959454
1 5.87641 2.49849 1.60803 -0.104102 0.15909 -0.98176
1 33.2765 2.7309 1.60667 -0.163173 0.136823 -0.977064
1 7.73202 16.157 1.609 0.0575382 0.173457 -0.983159
1 28.3904 5.10234 1.77505 0.745073 0.208846 0.633442
1 10.8762 13.979 1.61296 -0.0888397 -0.404937 -0.910018
1 27.9365 27.0027 1.76048 0.0496218 0.424202 0.904207
1 0.94353 9.82407 1.7553 0.521389 0.0804908 0.849514
1 32.2571 29.7174 1.60639 0.264617 0.0657205 -0.962111
1 27.3744 32.3121 1.75364 0.522876 0.154068 0.83837
1 29.0635 1.29061 1.762 -0.124798 0.475359 0.870896
1 23.123 0.672112 1.71262 0.191194 -0.454008 0.870242
1 30.1233 32.9052 1.74339 0.366808 0.59186 0.717741
1 20.2313 11.5947 1.75251 0.333345 0.517186 0.788289
1 25.316 0.908347 1.75606 0.0464149 -0.106538 0.993225
1 19.8837 9.79345 1.74642 0.23681 0.46717 0.851865
1 5.86602 30.2766 1.75779 -0.379969 -0.185187 0.906272
1 16.5331 33.1112 1.75883 -0.0517534 -0.049705 0.997422
1 3.00321 10.8801 1.75885 0.292751 0.483961 0.824669
1 0.186999 6.25946 1.61017 0.359966 -0.105455 -0.926986
1 21.9022 30.3477 1.7166 0.255888 0.678531 0.688562
1 7.97925 24.1049 1.76356 0.628762 0.0250363 0.777194
1 34.2456 15.8194 1.75829 -0.56029 -0.103139 0.82185
1 21.9568 17.311 1.61603 -0.388623 0.687127 -0.613863
1 5.08079 12.2752 1.61096 -0.280115 0.639319 -0.716105
1 28.2529 4.17014 1.78021 -0.720866 0.279689 0.634134
1 21.4202 25.7828 1.60284 -0.269286 0.683021 -0.678946
1 13.8327 0.976922 1.74923 -0.403311 -0.418369 0.813823
1 24.7611 26.8176 1.75975 0.0701307 -0.107294 0.991751
1 7.25071 19.6874 1.60851 0.452141 0.460798 -0.763697
1 1.49773 18.3794 1.75289 0.508879 -0.0761287 0.857465
1 3.13921 25.4739 1.76995 0.515088 -0.622459 0.589262
1 7.29727 5.2234 1.61005 0.201344 -0.181019 -0.962649
1 17.4713 17.7002 1.74453 -0.609244 -0.0696394 0.789919
1 16.6341 0.498107 1.75886 -0.279163 -0.029961 0.959776
1 12.62 10.9417 1.75351 -0.0762248 -0.788509 0.610281
1 22.7988 1.79425 1.74231 0.0249194 -0.496634 0.867602
1 17.0786 34.2017 1.75881 -0.177474 0.0175885 0.983968
1 2.78932 24.2302 1.7559 -0.589439 0.0805455 0.803787
1 7.58857 31.4332 1.75628 -0.611783 0.0421363 0.789902
1 4.61804 1.36946 1.61111 -0.193662 0.380736 -0.904177
1 27.4419 12.1757 1.62292 0.54341 -0.228333 -0.807818
1 33.5344 22.2476 1.75845 -0.19767 -0.511608 0.836172
1 13.2704 29.5236 1.7579 0.484865 -0.461773 0.742746
1 30.0927 34.2065 1.73996 0.121082 0.63833 0.760181
1 22.3587 9.48234 1.60182 0.0398203 0.56694 -0.822796
1 27.7759 20.2988 1.6107 0.290914 -0.111234 -0.950261
1 7.07087 10.8426 1.61958 -0.550985 0.267242 -0.790568
1 28.2081 9.5042 1.60943 0.0866582 -0.29495 -0.951575
1 0.780938 15.6699 1.7603 -0.535579 0.105534 0.837865
1 10.0207 21.6288 1.61061 0.722478 -0.123806 -0.680219
1 11.8876 34.2657 1.75641 -0.268807 -0.679315 0.682842
1 24.313 16.9211 1.61174 -0.330214 0.325018 -0.886184
1 0.849636 28.4121 1.60945 0.0497052 -0.56985 -0.820244
1 12.852 21.0927 1.62187 -0.365031 0.526313 -0.76795
1 32.7738 19.5349 1.73648 0.269059 -0.624054 0.733597
1 11 30.4696 1.6619 -0.499163 0.601443 0.623781
1 2.60647 27.9094 1.75315 0.0815193 -0.709079 0.700401
1 22.789 12.4298 1.61671 0.473459 0.393996 -0.787784
1 24.2401 5.50225 1.60796 -0.56985 0.0980591 -0.815877
1 16.9938 32.2139 1.75973 0.0529325 -0.00204307 0.998596
1 10.5409 10.6705 1.61545 -0.56704 -0.376867 -0.732419
1 24.6018 2.65722 1.75707 -0.212433 -0.197453 0.957019
1 26.2284 16.207 1.61092 -0.381001 0.0829001 -0.920851
1 7.03435 24.7612 1.75972 0.524976 -0.0945842 0.845845
1 16.2587 30.3613 1.75713 0.317852 -0.108436 0.941919
1 23.9138 34.4504 1.76268 0.29046 -0.362681 0.885492
1 27.4497 2.48277 1.75884 -0.325007 0.230055 0.917303
1 21.0593 16.922 1.73682 -0.49754 0.549999 0.670787
1 20.9273 1.77108 1.75254 0.369434 -0.736739 0.566334
1 5.54417 14.052 1.77591 0.113687 -0.585368 0.802758
1 22.4107 31.5988 1.75461 -0.0439992 0.723158 0.68928
1 13.1909 3.92147 1.61844 -0.183078 -0.53746 -0.823176
1 18.6994 16.5204 1.75879 -0.429132 0.164631 0.888112
1 23.7947 26.8723 1.75972 0.0569513 -0.271895 0.96064
1 3.30405 29.0092 1.74371 -0.129998 -0.620612 0.773266
1 11.731 17.8621 1.61043 0.248649 -0.459828 -0.852486
1 1.68225 27.4823 1.61659 0.0594578 -0.789811 -0.610462
1 2.20148 7.38212 1.61602 0.501664 -0.358385 -0.787333
1 22.8281 27.0193 1.75878 0.0343825 -0.436938 0.898834
1 18.0611 1.53164 1.75575 -0.406054 0.198002 0.892141
1 24.0072 12.463 1.6111 0.498626 0.209223 -0.841189
1 17.4443 21.6561 1.60314 -0.23663 -0.231105 -0.943714
1 9.99782 17.8896 1.6123 0.258776 -0.148613 -0.954437
1 11.7242 5.33476 1.60903 0.139266 -0.211276 -0.967454
1 27.0723 1.62453 1.75976 -0.149142 0.159591 0.975852
1 19.993 22.4487 1.60585 -0.145923 -0.607504 -0.780798
1 25.6234 23.6806 1.75706 0.705716 0.0874797 0.703073
1 6.97888 0.339742 1.60756 -0.365972 -0.0163684 -0.930482
1 24.3707 25.9743 1.75866 0.245415 -0.16409 0.95543
1 28.0802 1.56814 1.75933 -0.155535 0.316872 0.935629
1 28.7902 18.8 1.60815 0.0534979 -0.260003 -0.964125
1 31.2574 16.2512 1.60604 -0.365027 -0.668544 -0.647923
1 10.1625 25.1934 1.75763 0.439705 0.394437 0.806895
1 26.2962 25.7097 1.75706 0.288824 0.153602 0.94498
1 20.0366 3.51972 1.77348 0.192341 -0.88848 0.416662
1 17.3777 10.0786 1.76205 0.206371 -0.0250838 0.978152
1 14.6115 12.53 1.75339 -0.126884 -0.40803 0.904108
1 33.6428 13.1564 1.75851 -0.107012 -0.182163 0.977428
1 31.0201 33.9324 1.78534 -0.0728092 0.81637 0.572921
1 25.3954 32.5544 1.75976 0.546415 -0.151337 0.823728
1 31.0001 17.3772 1.60391 -0.193649 -0.593762 -0.780991
1 5.83773 0.444058 1.60352 -0.361875 0.158929 -0.918579
1 31.8732 34.1413 1.57997 -0.603714 0.526774 -0.598363
1 7.19974 14.3289 1.61182 -0.113292 0.233635 -0.965702
1 32.6483 8.14351 1.72923 -0.773953 -0.0817267 0.627947
1 16.4449 10.5287 1.75949 0.142694 -0.178221 0.973589
1 17.518 33.2877 1.7581 -0.0772519 0.062787 0.995033
1 3.65849 22.6166 1.75416 -0.302789 0.245431 0.920914
1 18.6369 20.3402 1.60496 -0.472836 -0.398827 -0.785725
1 23.4263 15.2219 1.77551 0.645638 -0.433476 0.62869
1 3.91467 10.4855 1.76843 0.323804 0.662407 0.67555
1 17.0414 22.5678 1.60676 -0.0880576 -0.152346 -0.984397
1 11.8363 14.0982 1.61929 -0.115099 -0.568056 -0.814902
1 30.9715 8.00896 1.60428 -0.153013 -0.719764 -0.677147
1 8.59608 15.6112 1.6072 0.0257964 0.0280539 -0.999273
1 12.7386 5.07837 1.60991 0.0793011 -0.403655 -0.911468
1 24.4599 27.7091 1.75998 -0.107085 -0.158293 0.981568
1 22.0676 14.0525 1.7511 0.060549 0.769326 0.635981
1 23.5506 6.34497 1.60883 -0.412925 0.261355 -0.87246
1 11.6273 28.3464 1.7608 -0.157114 0.640488 0.751725
1 14.9641 5.0713 1.60662 -0.0684201 -0.729492 -0.680559
1 22.5143 28.1078 1.757 -0.179239 -0.490682 0.852704
1 3.25835 2.98744 1.63491 0.0995515 0.680664 -0.7258
1 12.9974 9.4261 1.76362 0.301096 -0.744058 0.596422
1 21.2072 14.8881 1.76482 -0.171594 0.644935 0.744724
1 22.4073 29.2709 1.74643 -0.404565 -0.597689 0.692167
1 15.3671 28.6208 1.75383 0.636803 -0.173822 0.751177
1 1.09292 5.73852 1.60971 0.25499 -0.278858 -0.925861
1 32.2461 20.792 1.74824 0.0570165 -0.75924 0.648308
1 12.7967 27.4995 1.74322 -0.0203247 0.774889 0.63177
1 25.9355 15.2815 1.61784 -0.52081 0.131625 -0.843464
1 21.0502 20.5086 1.6105 0.331339 0.701601 -0.630848
1 30.4358 29.918 1.60842 0.276901 0.383923 -0.880868
1 4.09199 31.2671 1.73865 -0.501974 -0.443499 0.742517
1 14.7707 0.632956 1.75164 -0.320047 -0.283897 0.903865
1 26.4828 32.9003 1.75709 0.446269 0.0188727 0.8947
1 16.4056 11.6753 1.75865 0.00969659 -0.153553 0.988093
1 19.7626 25.3015 1.61924 0.324328 -0.528253 -0.784704
1 22.604 19.7236 1.61288 0.13864 0.519277 -0.843285
1 34.5869 19.6389 1.7556 0.27669 -0.315909 0.907548
1 27.6138 22.9915 1.60976 0.732235 -0.0610278 -0.678312
1 0.365348 1.77186 1.61062 -0.311123 -0.204268 -0.928158
1 27.9766 19.3553 1.60799 0.139354 -0.138987 -0.98044
1 0.685885 27.1435 1.60937 -0.187411 -0.625253 -0.757585
1 32.0359 10.8388 1.75205 0.279833 -0.480427 0.831194
1 15.4362 26.8254 1.61359 0.691207 0.128194 -0.711196
1 24.479 22.4653 1.61019 0.655661 0.238172 -0.716507
1 18.5095 33.2798 1.75856 -0.0990199 0.191743 0.976437
1 7.47223 11.6637 1.61213 -0.448128 0.179149 -0.875835
1 31.2535 29.2905 1.60794 0.171821 0.225453 -0.958983
1 1.14723 13.1455 1.75908 -0.0749277 0.181132 0.9806
1 1.69987 23.6673 1.75678 -0.478101 -0.0840771 0.874271
1 30.1817 22.1067 1.61545 0.49667 -0.53219 -0.685632
1 3.1778 26.7282 1.75452 0.28636 -0.592182 0.753205
1 18.0909 24.7165 1.61114 0.269674 -0.263685 -0.926146
1 8.0102 9.82877 1.61151 -0.678587 0.0953004 -0.728311
1 8.36354 13.7821 1.6072 -0.178929 0.035919 -0.983206
1 17.2888 11.1214 1.76132 0.103905 -0.0215138 0.994354
1 8.66401 21.4309 1.61337 0.684647 0.140191 -0.715266
1 8.54353 23.285 1.74632 0.741623 0.153072 0.653119
1 30.068 0.90068 1.76119 -0.0912272 0.644264 0.759343
1 33.8634 4.77692 1.60799 0.127065 0.0524819 -0.990505
1 31.8228 27.5091 1.60664 -0.109412 0.0113126 -0.993932
1 11.6673 8.85299 1.61745 0.696999 -0.0402131 -0.715944
1 0.637435 0.73856 1.60344 -0.473949 -0.223963 -0.851594
1 27.4704 33.3902 1.76095 0.328378 0.173557 0.928464
1 1.0214 2.63258 1.61137 -0.188335 -0.355717 -0.915421
1 5.28175 3.36359 1.60752 0.0180573 0.251637 -0.967653
1 23.5942 3.66694 1.75523 -0.338707 -0.372883 0.863849
1 33.2483 0.657142 1.60461 -0.483304 0.176274 -0.857522
1 11.4575 19.1375 1.61237 0.426672 -0.398659 -0.811802
1 2.74287 23.2542 1.75751 -0.41053 0.0871899 0.907669
1 1.75387 20.1078 1.7602 0.185016 -0.0218658 0.982492
1 16.5647 20.7522 1.61213 -0.408612 -0.120155 -0.904765
1 18.1929 11.6043 1.76183 0.0930089 0.149006 0.984452
1 2.93267 12.2415 1.75225 0.0977661 0.499214 0.860945
1 28.2107 13.8643 1.65204 -0.746682 0.0747 -0.660974
1 26.6102 33.9509 1.75837 0.259726 0.0439913 0.96468
1 9.91082 27.3535 1.75652 0.0842726 0.364651 0.927323
1 16.6215 28.687 1.75752 0.593215 -0.0325525 0.804386
1 15.8571 1.217 1.75868 -0.396154 -0.143459 0.906908
1 25.9877 13.7579 1.64947 0.757406 -0.167276 -0.631154
1 33.7281 10.5403 1.75393 0.384218 -0.212952 0.898347
1 20.1946 33.5727 1.71198 -0.197589 0.447995 0.871929
1 33.0751 1.69609 1.60993 -0.324483 0.18568 -0.927488
1 1.02536 19.3066 1.75724 0.330049 -0.143187 0.933041
1 17.6576 3.41734 1.75893 -0.628423 0.162403 0.76073
1 24.3328 20.4871 1.61086 0.287379 0.262701 -0.921087
1 10.8967 34.3838 1.60968 -0.340559 -0.697195 -0.630823
1 8.04508 14.7914 1.60818 -0.0664837 0.101797 -0.992581
1 1.67588 24.6388 1.76056 -0.645939 -0.128235 0.752542
1 29.7516 31.534 1.77251 0.630326 0.406516 0.661388
1 28.8688 6.95125 1.60694 -0.359073 -0.38634 -0.849593
1 28.8565 27.3014 1.7608 0.0150758 0.598749 0.800795
1 29.0759 32.2487 1.75864 0.506719 0.350989 0.787428
1 23.6511 17.8097 1.61216 -0.182456 0.400295 -0.898039
1 10.4354 2.89506 1.6063 -0.297141 -0.117614 -0.947562
1 5.27164 26.8164 1.75498 0.2061 -0.298166 0.931998
1 31.9824 30.6924 1.61096 0.411784 0.264656 -0.872004
1 11.9749 1.60505 1.61328 -0.50871 -0.483337 -0.712461
1 9.49574 7.5493 1.60711 0.418062 0.333849 -0.844848
1 26.911 14.5278 1.6293 -0.663888 0.117426 -0.738555
1 13.4162 21.9813 1.60325 -0.200445 0.409571 -0.889985
1 9.49859 11.1039 1.6094 -0.511888 -0.198314 -0.835849
1 19.8188 0.112024 1.7423 -0.351429 0.423308 0.83505
1 18.2527 10.5885 1.7631 0.184441 0.131379 0.974023
1 26.871 24.1354 1.75092 0.570202 0.322423 0.755588
1 12.9955 32.3802 1.75896 0.0611939 -0.507304 0.859592
1 31.3266 12.7436 1.75504 0.00311822 -0.579601 0.814894
1 18.7371 5.52923 1.75812 0.696817 0.270201 0.664408
1 21.9481 3.4003 1.7752 -0.133001 -0.650771 0.747534
1 12.9921 30.7282 1.70213 0.311522 -0.49037 0.813935
1 19.7181 20.1664 1.6213 -0.517603 -0.570949 -0.637263
1 8.9088 18.5605 1.60671 0.345355 0.0483135 -0.937228
1 20.1707 29.5112 1.7589 0.410865 0.396647 0.82089
1 25.4463 21.8357 1.60981 0.543747 0.113167 -0.831585
1 24.6579 31.6968 1.5883 -0.735785 0.186823 -0.650936
1 20.6131 16.0039 1.7602 -0.343263 0.501346 0.794244
1 21.6016 19.5867 1.60406 0.124114 0.653393 -0.746775
1 20.7048 0.566896 1.70947 -0.558498 0.496081 0.664818
1 33.2388 34.197 1.61464 -0.659157 0.169682 -0.732612
1 20.6436 24.3654 1.61603 0.187287 -0.681125 -0.707808
1 12.8186 14.5457 1.625 -0.177622 -0.74217 -0.646246
1 5.19038 25.7879 1.74576 0.361391 -0.336858 0.869438
1 26.2934 11.8324 1.61327 0.44822 -0.0572785 -0.892086
1 28.9616 22.6666 1.61667 0.654651 -0.304443 -0.691916
1 11.7081 16.637 1.61174 0.0906654 -0.458556 -0.884028
1 17.9258 28.5943 1.76206 0.599772 0.0638575 0.797619
1 12.8186 24.543 1.61493 0.262036 0.491089 -0.830764
1 33.9591 3.49078 1.60744 -0.061456 0.0129319 -0.998026
1 27.4189 8.122 1.60838 -0.12429 -0.198921 -0.972102
