1 17.0703 32.638 1.75962 0.0879366 -0.00223002 0.996124
1 22.0585 19.9406 1.61258 0.0848137 0.716665 -0.692242
1 16.1348 16.9137 1.74355 -0.712408 -0.2251 0.664683
1 28.0832 18.1124 1.60938 -0.144301 -0.200016 -0.969108
1 10.094 24.8081 1.75819 0.415521 0.30381 0.857346
1 21.214 14.048 1.76302 -0.137275 0.612485 0.778471
1 15.815 25.9049 1.62249 0.534589 0.174374 -0.826927
1 26.8872 16.5145 1.61015 -0.419027 -0.0564241 -0.906219
1 12.1691 4.60997 1.61169 -0.0257355 -0.379247 -0.924937
1 34.4401 15.4937 1.74777 -0.489444 0.112562 0.86474
1 13.7657 13.3229 1.74353 -0.3928 -0.560249 0.729266
1 31.1793 12.5574 1.75582 -0.00960184 -0.464668 0.885433
1 27.22 32.2059 1.7514 0.560271 -0.157878 0.813124
1 32.3236 9.50402 1.77076 0.620443 -0.290387 0.728509
1 16.4043 24.4115 1.6106 0.284207 0.0859552 -0.954902
1 26.4129 20.2062 1.60763 0.16339 0.0577429 -0.98487
1 14.3973 33.3365 1.7589 -0.0205101 -0.357734 0.933598
1 26.5385 14.5979 1.63477 -0.743067 0.0733041 -0.665191
1 25.3075 15.6333 1.61657 -0.589975 0.200697 -0.782081
1 12.6147 23.6643 1.62754 0.243443 0.718102 -0.65197
1 19.1396 29.8767 1.75963 0.454815 0.327288 0.828267
1 14.8132 22.0193 1.61089 -0.121926 0.360734 -0.924665
1 19.7189 33.4618 1.75654 0.06476 0.357977 0.931482
1 30.2879 5.16112 1.72735 -0.670996 0.203986 0.712849
1 28.2411 3.8755 1.7607 -0.516214 -0.0806928 0.85265
1 28.0547 9.6657 1.60857 0.184861 -0.464604 -0.866008
1 5.72619 14.8161 1.6063 0.00243208 0.478899 -0.877867
1 9.53083 14.7333 1.61301 -0.0683265 -0.130455 -0.989097
1 3.07234 33.7875 1.61079 -0.399373 0.0566543 -0.915036
1 14.4114 10.249 1.75472 0.0243865 -0.418053 0.908095
1 7.30531 9.75335 1.61193 -0.658781 0.178693 -0.730805
1 9.08607 27.9821 1.7582 -0.130755 0.136267 0.982005
1 10.3649 3.72796 1.6086 -0.144187 -0.0436283 -0.988588
1 20.2423 24.8434 1.6087 0.323942 -0.590522 -0.739152
1 19.9603 16.0749 1.74711 -0.506456 0.390914 0.768563
1 25.6614 28.6055 1.76023 -0.147715 0.113556 0.982489
1 13.0914 5.02694 1.60653 -0.0294044 -0.562596 -0.826209
1 34.5181 1.56204 1.61836 -0.225709 0.520191 -0.823685
1 17.9059 33.2201 1.76088 0.0315351 0.114323 0.992943
1 10.8511 20.6482 1.61596 0.586648 -0.165383 -0.792775
1 31.3586 15.3481 1.75216 -0.518274 -0.394257 0.758916
1 2.33714 21.8881 1.7623 -0.235987 0.0813106 0.968348
1 17.3762 18.8971 1.61296 -0.62068 -0.0773872 -0.780236
1 15.1152 12.0847 1.76148 -0.17651 -0.302982 0.936508
1 4.44991 16.6026 1.59682 0.284631 0.753304 -0.59289
1 22.7374 24.2922 1.75665 0.603796 -0.386168 0.697355
1 20.8484 16.5377 1.75736 -0.515175 0.539126 0.666287
1 33.7192 9.4281 1.76917 0.700801 -0.111981 0.704513
1 22.6201 3.83697 1.60955 -0.548216 0.274207 -0.790107
1 2.76308 3.22119 1.61302 0.00816267 -0.0425976 -0.999059
1 25.663 30.5021 1.75408 -0.504747 0.0798506 0.859566
1 4.9234 21.9269 1.76489 -0.173776 0.437955 0.882041
1 13.6099 4.07942 1.62069 -0.215665 -0.687391 -0.693529
1 13.5069 24.7741 1.60619 0.338276 0.560011 -0.756278
1 25.1754 22.6894 1.61301 0.584662 0.203132 -0.785435
1 5.23136 27.7499 1.75742 -0.126171 -0.394889 0.910024
1 32.7899 28.1949 1.60718 0.0117823 0.0403484 -0.999116
1 26.9524 30.5313 1.74008 -0.607546 0.239136 0.757431
1 13.3398 11.7086 1.74982 -0.242574 -0.591101 0.769257
1 4.74735 1.0072 1.60991 -0.310369 -0.318389 -0.895712
1 9.92882 7.48875 1.61242 0.431524 -0.00342577 -0.902095
1 26.4867 29.7325 1.74578 -0.379368 0.254647 0.889514
1 18.8801 16.8177 1.75089 -0.640216 0.197736 0.74231
1 33.8178 12.6578 1.76079 0.0431793 -0.0527114 0.997676
1 30.1279 29.8407 1.60602 0.350413 0.53152 -0.771166
1 7.69856 22.97 1.75725 0.653679 -0.192776 0.731807
1 22.3535 4.92665 1.60785 -0.369182 0.375405 -0.850162
1 15.672 4.31763 1.71915 -0.690178 -0.325854 0.646122
1 14.3705 24.3307 1.6111 0.269504 0.420774 -0.866208
1 31.9323 27.7101 1.60847 -0.0561455 0.19346 -0.9795
1 32.1844 7.54119 1.61548 0.542881 0.412883 -0.731305
1 5.08728 34.1665 1.60805 -0.17306 -0.202782 -0.96381
1 9.9063 2.78359 1.60915 -0.268582 0.0484673 -0.962037
1 17.1232 14.1788 1.76078 -0.337039 -0.00262744 0.941487
1 16.9039 31.6575 1.76025 0.217724 -0.0226891 0.975747
1 27.9572 28.3321 1.74636 -0.0369939 0.542894 0.838986
1 21.0632 10.1556 1.74897 0.272404 0.726084 0.631346
1 26.1879 27.771 1.76106 0.0111784 0.212197 0.977163
1 32.9146 13.1848 1.7597 -0.0661175 -0.183811 0.980735
1 8.91619 28.9142 1.7579 -0.298735 0.095586 0.949537
1 29.3925 2.59826 1.75901 -0.254794 0.162785 0.953195
1 31.0336 29.4534 1.61061 0.239515 0.378469 -0.894088
1 31.9858 29.9 1.60836 0.295399 0.209381 -0.932147
1 22.735 11.892 1.61653 0.430361 0.579805 -0.69182
1 18.7552 32.738 1.76113 0.125921 0.235366 0.963715
1 27.897 11.001 1.62326 0.352979 -0.417004 -0.837564
1 7.96114 16.6108 1.61215 0.165008 0.183574 -0.969058
1 26.0183 12.1382 1.61028 0.500813 -0.0826475 -0.861601
1 0.469743 9.52476 1.75904 0.679405 0.0924454 0.727917
1 0.522597 14.6755 1.75498 -0.31383 0.193487 0.929555
1 23.27 5.86541 1.60983 -0.268575 0.261303 -0.92714
1 3.66665 31.6249 1.61329 -0.664935 -0.0786883 -0.742745
1 21.4445 6.55816 1.63922 -0.113399 0.625701 -0.771776
1 20.2298 26.3374 1.76996 -0.495264 0.685975 0.533059
1 16.2139 6.36098 1.75876 0.609245 -0.172842 0.773916
1 2.54396 32.1885 1.61313 -0.606735 0.152222 -0.780193
1 21.6521 28.9498 1.76084 -0.311599 -0.570805 0.759663
1 0.813666 22.8292 1.7568 -0.391392 -0.154757 0.907118
1 11.494 34.4839 1.73579 -0.650656 -0.630248 0.423597
1 25.4453 20.1666 1.60762 0.148865 0.196234 -0.969191
1 34.2362 4.98292 1.6108 0.131625 0.32785 -0.935516
1 27.7616 27.1029 1.75186 0.181029 0.505461 0.843645
1 27.8753 16.1305 1.60923 -0.497182 -0.212947 -0.841109
1 15.0424 5.86735 1.7589 0.593532 -0.381975 0.708389
1 32.9595 12.1614 1.75983 0.122354 -0.193909 0.973359
1 27.5576 13.1554 1.62077 0.628072 -0.392304 -0.67203
1 0.878971 4.53325 1.61175 0.114165 0.166923 -0.979338
1 28.8977 15.7539 1.61483 -0.565312 -0.373033 -0.73571
1 21.7874 21.2674 1.62378 0.30994 0.756196 -0.576286
1 3.59569 4.75994 1.61048 0.164619 -0.234552 -0.958064
1 24.6696 16.6039 1.60973 -0.406947 0.291585 -0.865663
1 17.5185 17.0052 1.74596 -0.684625 -0.00167689 0.728894
1 3.40658 1.67116 1.61511 -0.152172 -0.105628 -0.982693
1 14.2496 11.3558 1.75631 -0.136396 -0.447372 0.883886
1 14.4803 23.1618 1.60889 0.0682591 0.416777 -0.906442
1 10.7317 11.1714 1.60555 -0.529531 -0.370257 -0.763222
1 5.31391 13.7176 1.60363 -0.0864754 0.575624 -0.813129
1 8.6927 9.76944 1.61259 -0.705085 -0.036928 -0.708161
1 4.80705 29.936 1.75323 -0.585527 -0.405193 0.702123
1 21.1933 22.6842 1.60593 -0.026541 -0.7736 -0.633118
1 13.3427 30.7626 1.73728 0.355228 -0.557132 0.750611
1 6.30533 25.8731 1.75444 0.176508 -0.265637 0.947778
1 19.0366 14.7352 1.75406 -0.358608 0.257065 0.897395
1 24.0279 22.1228 1.64659 0.497978 0.390995 -0.774042
1 25.2172 27.7583 1.76055 0.000544172 0.039865 0.999205
1 28.0306 20.8008 1.60531 0.281508 -0.180059 -0.942514
1 17.7268 31.134 1.75874 0.299281 0.0871497 0.950177
1 9.6199 20.7777 1.6102 0.635623 0.0949365 -0.76614
1 23.4437 4.73373 1.61088 -0.462178 0.158652 -0.87248
1 28.3633 2.91798 1.76125 -0.363085 0.00219962 0.931754
1 7.85262 26.4984 1.75938 0.096631 -0.0359321 0.994671
1 9.40585 3.96855 1.61094 -0.104165 0.146165 -0.983761
1 13.3529 8.30415 1.75147 0.324499 -0.651425 0.685818
1 20.0485 28.4353 1.76332 0.600069 0.562273 0.569004
1 8.57061 11.5621 1.61098 -0.406094 -0.0507571 -0.912421
1 34.1904 10.2651 1.75347 0.534151 -0.0482429 0.844012
1 8.30194 15.5478 1.60978 0.048027 0.0820178 -0.995473
1 32.1999 26.314 1.60735 -0.268006 0.123575 -0.955459
1 29.6273 13.2981 1.76712 -0.0954497 -0.739763 0.666063
1 4.97503 10.7936 1.62778 -0.315346 0.634461 -0.705703
1 21.4375 33.9065 1.74847 0.0528043 0.647187 0.7605
1 31.5602 8.26466 1.6111 0.6376 0.491137 -0.593507
1 23.8511 3.71856 1.6155 -0.627853 0.024658 -0.777942
1 28.6957 0.639646 1.76094 0.0510112 0.06906 0.996307
1 20.1013 14.9555 1.75683 -0.352296 0.412013 0.840317
1 8.86166 26.3442 1.75929 0.137101 0.114753 0.983888
1 10.1571 26.4517 1.75976 0.149972 0.304466 0.940643
1 24.2286 5.52472 1.60894 -0.374636 0.0717363 -0.924392
1 19.2639 10.9289 1.75596 0.129943 0.360781 0.923554
1 25.533 25.2701 1.75222 0.488435 0.0589251 0.870608
1 26.3479 13.0601 1.61342 0.623771 -0.156345 -0.765811
1 7.99166 12.4496 1.60675 -0.273481 0.0738243 -0.95904
1 18.6388 18.8575 1.611 -0.627397 -0.28151 -0.726034
1 28.0988 31.3454 1.74152 0.772566 -0.10395 0.626368
1 5.5471 17.8423 1.61456 0.404455 0.627209 -0.665601
1 10.9654 4.51472 1.60945 -0.0253839 -0.156644 -0.987329
1 10.1263 18.8426 1.61367 0.359983 -0.0997335 -0.927613
1 17.6946 16.0262 1.75606 -0.556842 0.0281571 0.830141
1 24.6897 28.876 1.76028 -0.207777 -0.0542945 0.976668
1 11.7699 23.9551 1.74195 0.514763 0.614511 0.597825
1 14.4395 14.8299 1.74561 -0.419891 -0.481085 0.769577
1 12.816 28.7301 1.75895 -0.284911 0.703602 0.650976
1 6.26875 31.5953 1.60206 -0.646082 -0.457295 -0.611113
1 3.10073 16.8391 1.59097 -0.734164 -0.170464 -0.657225
1 23.6992 7.79662 1.60747 -0.0327547 0.237893 -0.970739
1 30.6929 33.442 1.74992 0.421838 0.376966 0.824591
1 11.6741 12.4346 1.60673 -0.30788 -0.650608 -0.694204
1 12.9923 15.589 1.60388 -0.209785 -0.733589 -0.646403
1 3.56798 12.853 1.7599 0.144768 0.708274 0.690935
1 18.5456 12.9546 1.76104 -0.143958 0.218345 0.965195
1 21.1132 19.3952 1.59727 0.0615465 0.871069 -0.48729
1 11.5636 3.70752 1.60959 -0.151306 -0.282372 -0.947298
1 25.5991 6.71037 1.60856 -0.206052 -0.111942 -0.972117
1 8.60325 14.4681 1.60959 -0.0681262 0.0119838 -0.997605
1 4.35365 14.2868 1.60763 -0.159648 0.80542 -0.570799
1 14.491 0.64843 1.76383 -0.244429 -0.373487 0.894853
1 30.9354 6.99695 1.59993 0.386086 0.645156 -0.659326
1 33.6521 1.20293 1.61204 -0.169325 0.708658 -0.684933
1 29.2071 7.52577 1.61219 -0.172283 -0.675064 -0.717361
1 3.766 19.2991 1.76007 0.277438 0.208301 0.937891
1 8.42917 4.17041 1.61198 -0.0628847 0.342364 -0.937461
1 22.8681 6.93654 1.60865 -0.0744816 0.361925 -0.929227
1 32.519 24.2568 1.61321 -0.633112 -0.00304999 -0.774055
1 28.7043 29.0436 1.74974 -0.189598 0.635435 0.748515
1 12.256 27.7006 1.75162 -0.0466778 0.63624 0.770077
1 6.33026 13.8909 1.61615 -0.117609 0.357892 -0.926327
1 13.8408 34.2739 1.75852 -0.133435 -0.446211 0.884924
1 1.89744 22.7692 1.7591 -0.394309 0.0218185 0.918719
1 10.931 21.6721 1.61479 0.689163 -0.305177 -0.657207
1 10.305 13.9455 1.60761 -0.187416 -0.270114 -0.944412
1 33.7514 26.7913 1.60899 -0.223378 -0.165203 -0.96063
1 25.4935 29.5409 1.75311 -0.319019 0.0827402 0.94413
1 20.8521 28.0598 1.6024 0.188036 0.715989 -0.672311
1 7.81656 24.6671 1.75792 0.377736 -0.0539388 0.924341
1 26.2477 10.3947 1.60823 0.253266 -0.141727 -0.956959
1 24.5743 30.89 1.7355 -0.588756 -0.0841556 0.803918
1 21.1981 7.90046 1.60519 0.103765 0.734945 -0.670141
1 31.3165 3.43547 1.75714 -0.337771 0.478095 0.810763
1 16.745 25.358 1.61357 0.448292 0.0226404 -0.8936
1 16.0748 12.3575 1.76224 -0.133024 -0.151202 0.979511
1 18.4856 24.3085 1.611 0.28786 -0.283995 -0.914595
1 12.0862 6.88599 1.61479 0.375282 -0.431226 -0.820492
1 34.5859 6.15773 1.60953 0.306502 0.243596 -0.920173
1 8.63383 5.92532 1.61015 0.20856 0.289655 -0.934132
1 33.6726 7.76416 1.64389 0.594924 0.273807 -0.755708
1 3.90287 28.9936 1.73188 -0.344537 -0.561064 0.752663
1 5.97401 0.0960484 1.60659 0.0573859 -0.262698 -0.96317
1 23.6801 8.93001 1.60818 0.0984713 0.271119 -0.957496
1 5.97168 21.6174 1.73386 -0.0157762 0.535329 0.844496
1 24.6638 10.8046 1.60958 0.294893 0.143604 -0.944678
1 11.1802 19.5762 1.60097 0.449671 -0.247747 -0.858148
1 31.3175 25.7418 1.60832 -0.342724 0.274968 -0.898295
1 0.00967431 19.341 1.76074 0.23342 -0.334766 0.912933
1 6.76122 7.93598 1.72523 0.481342 -0.545246 0.686306
1 32.1026 12.6596 1.75952 0.00930333 -0.319758 0.947454
1 31.357 26.8715 1.60497 -0.162093 0.302005 -0.939425
1 18.2703 11.1463 1.75413 0.0585996 0.182206 0.981513
1 28.3498 21.7446 1.6134 0.429933 -0.203172 -0.879704
1 19.5235 34.5387 1.75694 -0.0811842 0.330369 0.940354
1 23.727 29.1636 1.76072 -0.271181 -0.217999 0.937517
1 15.7337 2.45892 1.75622 -0.452455 -0.291962 0.842641
1 2.65718 12.7888 1.7723 0.0769351 0.52858 0.84539
1 32.0922 11.603 1.75412 0.198401 -0.337443 0.920201
1 27.4009 6.74133 1.61003 -0.279115 -0.377115 -0.883108
1 24.9456 21.6228 1.61576 0.400023 0.2752 -0.874212
1 25.6168 19.2039 1.6068 0.00519897 0.156677 -0.987636
1 15.2961 27.5776 1.75868 0.812099 -0.264516 0.520122
1 13.2304 6.2321 1.616 0.21708 -0.613894 -0.758954
1 4.58021 20.0076 1.76137 0.185504 0.325984 0.926997
1 23.8775 12.5255 1.61391 0.515413 0.319057 -0.795331
1 10.1842 15.9711 1.6073 0.00948237 -0.187895 -0.982143
1 18.6044 1.84693 1.75813 -0.348745 0.167115 0.922198
1 23.3572 28.1707 1.7582 -0.104973 -0.278487 0.954686
1 6.18034 22.528 1.58192 -0.937139 0.237888 0.255302
1 1.2002 6.23033 1.61023 0.339742 0.0910372 -0.936102
1 30.1084 17.6326 1.6156 -0.230501 -0.50799 -0.829949
1 8.46947 7.38141 1.6056 0.360726 0.31217 -0.878878
1 7.93938 5.14331 1.61318 0.0923032 0.416809 -0.904295
1 32.3687 3.46569 1.74258 -0.277643 0.686416 0.672122
1 28.6461 1.93158 1.76042 -0.170389 0.0520022 0.984004
1 18.1915 14.0244 1.76079 -0.2832 0.153126 0.946758
1 8.32361 23.7683 1.75523 0.546124 -0.0180656 0.837509
1 12.7335 9.57624 1.74045 0.106576 -0.684267 0.721402
1 1.12879 3.5712 1.61208 0.0198934 0.169244 -0.985373
1 23.7952 6.76709 1.61169 -0.162815 0.188559 -0.968471
1 9.99846 4.75988 1.60858 0.0141088 0.0252264 -0.999582
1 29.1038 17.8825 1.61225 -0.188691 -0.355275 -0.915519
1 10.1508 10.1666 1.65098 -0.701907 -0.259859 -0.663175
1 2.26737 14.9746 1.75588 -0.356854 0.44656 0.820512
1 16.8773 21.6155 1.60747 -0.169734 0.000290699 -0.98549
1 13.3824 33.2003 1.75556 0.0287533 -0.493693 0.869161
1 19.5281 24.1119 1.60502 0.221258 -0.466411 -0.856449
1 18.8816 15.7681 1.75069 -0.49863 0.220832 0.838213
1 10.7374 28.9547 1.76014 -0.250719 0.378624 0.890946
1 22.4266 28.3493 1.75702 -0.158078 -0.433651 0.887107
1 21.8782 1.75659 1.74793 -0.302566 0.683462 0.664329
1 20.0273 29.5371 1.6961 0.467867 0.479012 0.74273
1 2.0267 27.8273 1.62876 -0.109418 -0.706899 -0.6988
1 29.2027 4.57935 1.75894 -0.626777 0.0112939 0.779117
1 6.34078 32.7702 1.61564 -0.353777 -0.369168 -0.859393
1 1.63417 28.9923 1.61064 0.108163 -0.569937 -0.814538
1 23.5946 16.8566 1.61138 -0.357783 0.461906 -0.811563
1 6.8327 10.774 1.61052 -0.484447 0.247637 -0.83904
1 28.3358 19.815 1.60625 0.125529 -0.245831 -0.96115
1 33.1838 4.95437 1.6026 0.040395 0.474778 -0.879178
1 33.2788 15.4183 1.75338 -0.479567 -0.0806101 0.873795
1 12.0397 15.4112 1.63937 -0.0768423 -0.563722 -0.822383
1 27.7446 0.260126 1.7584 0.0939299 -0.0527363 0.994181
1 22.869 19.2412 1.60741 0.0099882 0.584329 -0.811455
1 29.3131 3.60308 1.7573 -0.437002 0.112378 0.892412
1 9.03303 22.757 1.74279 0.711564 0.0560097 0.700385
1 29.7642 18.7637 1.61333 -0.0466823 -0.471935 -0.880396
1 33.9758 28.7164 1.60902 0.100216 -0.156035 -0.982655
1 14.2602 31.0748 1.75354 0.285557 -0.428224 0.857369
1 21.9331 13.0592 1.76459 0.069885 0.735009 0.674446
1 8.33096 20.8591 1.62393 0.667056 0.374191 -0.644219
1 2.70969 24.9147 1.76913 0.58131 -0.678763 0.448731
1 9.96999 1.28041 1.61238 -0.492071 0.000946203 -0.870554
1 15.1257 32.5615 1.76159 0.0791126 -0.255679 0.963519
1 5.25568 9.46076 1.61113 -0.549655 0.578296 -0.602871
1 18.3331 22.5173 1.60782 -0.00968923 -0.239155 -0.970933
1 10.5162 22.9378 1.7265 0.729994 0.299442 0.614364
1 2.98962 17.7874 1.75737 0.557557 0.14793 0.816852
1 9.35988 31.6698 1.75331 -0.719582 0.121141 0.683759
1 9.62234 5.78637 1.60879 0.168316 0.0881878 -0.98178
1 1.25139 21.9188 1.75998 -0.238891 -0.100115 0.965872
1 12.5358 25.5013 1.66392 0.327896 0.745154 0.580715
1 26.1671 9.39603 1.6084 0.127728 -0.149884 -0.980418
1 10.7024 30.0085 1.75096 -0.417468 0.381314 0.824815
1 5.76642 5.75714 1.61048 0.234015 -0.658405 -0.71536
1 30.9171 21.3323 1.61718 0.291012 -0.690258 -0.662461
1 28.2852 17.1184 1.61199 -0.313314 -0.236553 -0.919715
1 26.5773 15.5818 1.61896 -0.581822 -0.00278153 -0.813312
1 1.26139 7.9183 1.652 0.615951 0.0944339 -0.782104
1 6.18106 15.8584 1.60684 0.11904 0.43448 -0.89278
1 7.76865 6.40437 1.61083 0.213123 0.545796 -0.810361
1 15.4059 22.795 1.60899 0.000892038 0.251468 -0.967865
1 6.77373 24.9426 1.74724 0.317775 -0.207549 0.925172
1 31.6463 31.65 1.61584 0.623448 0.26841 -0.734349
1 32.7953 27.1487 1.60807 -0.158061 0.0218868 -0.987187
1 27.7885 23.7903 1.61725 0.773153 -0.0350119 -0.633252
1 6.03044 7.17585 1.60994 0.387294 -0.675106 -0.627882
1 15.2311 23.9153 1.607 0.191237 0.278415 -0.94123
1 24.5388 29.8967 1.75674 -0.400257 -0.0902632 0.911947
1 15.8392 21.7656 1.60982 -0.158347 0.181709 -0.970519
1 22.1456 22.6701 1.77951 -0.550089 -0.661606 0.509588
1 24.6781 7.38884 1.60755 -0.10525 0.0586008 -0.992718
1 19.1266 0.921541 1.75744 -0.217554 0.257601 0.941441
1 17.9119 32.1311 1.75993 0.170705 0.110135 0.979148
1 33.0821 8.51728 1.6012 0.7869 0.211641 -0.579652
1 4.46977 25.7409 1.76042 0.221449 -0.538984 0.812685
1 19.8152 3.87876 1.74903 -0.638689 0.390904 0.662774
1 31.9852 2.34048 1.75114 -0.0826764 0.610329 0.787822
1 8.37789 25.4906 1.75791 0.261859 0.0364368 0.964418
1 28.7715 18.8758 1.60908 -0.0234114 -0.307551 -0.951243
1 26.7465 0.451382 1.7612 0.00206185 -0.171814 0.985127
1 26.4908 7.15622 1.60942 -0.146821 -0.239921 -0.959626
1 1.93568 12.015 1.75998 0.19891 0.365783 0.909196
1 29.5224 15.0405 1.62655 -0.647715 -0.52434 -0.55275
1 19.5833 20.9994 1.61358 -0.234432 -0.462876 -0.854861
1 2.09298 8.8151 1.62401 0.790008 0.0501238 -0.611045
1 17.0212 23.4692 1.60791 0.131401 -0.0238076 -0.991043
1 14.2728 21.1861 1.60257 -0.237234 0.469461 -0.850486
1 5.42148 16.5268 1.61776 0.173886 0.601231 -0.779926
1 18.5353 6.61516 1.74998 0.560869 0.279171 0.779416
1 21.004 2.8964 1.74171 -0.517557 0.538102 0.665267
1 19.6153 32.3594 1.75886 0.204909 0.357993 0.910963
1 2.53508 13.893 1.75902 -0.13564 0.493819 0.858921
1 0.626211 31.1701 1.62695 0.463266 -0.472343 -0.749851
1 24.9538 0.809129 1.75868 -0.0993296 -0.42412 0.900142
1 17.6481 28.356 1.75018 0.693818 0.0658268 0.717136
1 6.69328 5.8894 1.69056 0.083538 -0.83549 -0.543119
1 23.9788 15.7084 1.62698 -0.553543 0.39276 -0.734391
1 1.84294 4.28543 1.60798 0.0759735 0.0283167 -0.996708
1 15.6016 15.0708 1.75121 -0.459062 -0.284758 0.841532
1 34.0941 31.6184 1.62954 0.567141 -0.235393 -0.789266
1 30.3458 4.15212 1.75841 -0.499523 0.261694 0.825829
1 22.848 8.30887 1.61415 0.0258437 0.402952 -0.914856
1 28.159 30.1852 1.75507 -0.473677 0.458607 0.751871
1 13.4988 1.98866 1.7431 -0.461435 -0.663967 0.58841
1 4.8614 24.6039 1.74742 0.442694 -0.483592 0.75509
1 18.2764 7.67649 1.75733 0.428638 0.201195 0.880789
1 8.9954 12.5816 1.60997 -0.27934 -0.0885699 -0.956099
1 3.06128 15.4899 1.75209 -0.379271 0.605589 0.699582
1 11.7674 28.8681 1.75501 -0.267488 0.540485 0.797701
1 4.16421 6.38226 1.61267 0.38096 -0.327183 -0.864767
1 16.3724 5.38462 1.7618 0.771264 -0.115422 0.625963
1 27.6802 19.034 1.60738 0.000239438 -0.14217 -0.989842
1 15.8912 9.19744 1.75792 0.189431 -0.18802 0.963724
1 2.17813 33.244 1.60909 -0.486989 0.210529 -0.847655
1 15.4354 8.22719 1.75264 0.309076 -0.299753 0.902563
1 27.9008 1.21099 1.75969 -0.0805232 -0.0501765 0.995489
1 0.0750763 11.0786 1.75609 0.365497 0.0250119 0.930476
1 8.67499 32.7527 1.60824 -0.557562 -0.517842 -0.648818
1 16.1941 28.3134 1.75587 0.68847 -0.15309 0.708923
1 18.0053 2.68641 1.75752 -0.470425 0.0773785 0.879041
1 12.7994 2.53 1.6018 -0.32175 -0.613871 -0.720861
1 20.7634 1.79621 1.75207 -0.328039 0.517549 0.790274
1 14.1888 6.92899 1.77144 0.409454 -0.60866 0.679618
1 12.8331 22.3865 1.62517 -0.0130063 0.684957 -0.728468
1 6.38535 19.2089 1.73643 0.634382 0.611273 -0.473185
1 14.425 8.11421 1.75645 0.28561 -0.48232 0.828127
1 5.62007 23.583 1.72431 0.594542 -0.263356 0.759712
1 32.5993 34.4967 1.7501 0.23206 0.715644 0.658788
1 10.4573 14.9961 1.60875 -0.088657 -0.274162 -0.957588
1 7.18019 2.76186 1.60257 -0.179001 0.676178 -0.714662
1 33.6146 2.73096 1.62071 -0.131473 0.640111 -0.75695
1 25.2891 5.68394 1.60521 -0.370506 -0.119183 -0.921152
1 31.164 19.8647 1.61667 0.119199 -0.732668 -0.670067
1 31.525 34.3056 1.75119 0.273135 0.520228 0.809172
1 6.96352 0.124052 1.60438 0.0857097 -0.442837 -0.892496
1 9.70526 30.6344 1.7619 -0.537259 0.186741 0.822484
1 13.2194 14.1358 1.76159 -0.448855 -0.703577 0.550916
1 1.16574 15.3521 1.76002 -0.465628 0.278083 0.840155
1 18.9268 5.60594 1.76254 0.696048 0.311681 0.646817
1 25.4256 8.7575 1.60877 0.0656475 -0.0299293 -0.997394
1 34.5775 2.75012 1.61261 -0.0938119 0.454582 -0.885751
1 24.5215 8.38003 1.60786 0.0230134 0.108157 -0.993867
1 7.86423 31.4411 1.72369 -0.769458 -0.178478 0.613253
1 10.4078 17.8462 1.60868 0.221624 -0.1693 -0.960323
1 19.928 19.0856 1.62278 -0.525535 -0.530661 -0.66499
1 12.1874 18.9266 1.60888 0.34565 -0.462655 -0.81638
1 9.25492 6.7414 1.61162 0.314141 0.132355 -0.940105
1 30.466 26.4306 1.61648 -0.218405 0.464559 -0.858186
1 3.58344 2.65515 1.61236 -0.0608228 -0.169422 -0.983665
1 18.3954 10.1684 1.75512 0.17793 0.214592 0.96036
1 24.5646 9.41818 1.60807 0.151409 0.126566 -0.980335
1 24.5621 34.3933 1.7599 0.0989334 -0.465779 0.879353
1 17.4349 24.3956 1.60973 0.295719 -0.0962968 -0.950409
1 32.9907 14.2734 1.75812 -0.264547 -0.157738 0.951385
1 24.2826 27.9569 1.75961 -0.0493792 -0.120139 0.991528
1 28.8664 12.7124 1.60402 0.517114 -0.676002 -0.52499
1 24.6101 20.5891 1.60857 0.224183 0.315014 -0.92223
1 15.1439 31.518 1.75869 0.224162 -0.276908 0.934384
1 28.919 8.76892 1.60864 0.0458529 -0.61347 -0.788386
1 26.7515 11.292 1.61015 0.383052 -0.212014 -0.899067
1 15.3156 20.9494 1.61013 -0.283074 0.286167 -0.915411
1 29.5753 26.0796 1.62122 -0.174642 0.636947 -0.750865
1 26.9502 3.66434 1.75406 -0.671406 -0.268783 0.69063
1 1.80534 16.0733 1.76248 -0.615259 0.384502 0.688197
1 7.03762 28.3284 1.75866 -0.208848 -0.145518 0.967061
1 30.5814 34.544 1.7618 0.214936 0.375166 0.901694
1 4.58259 30.913 1.61363 -0.762217 -0.252403 -0.596086
1 33.6955 16.3583 1.74949 -0.655938 0.00103002 0.754814
1 31.3746 24.6639 1.60845 -0.517275 0.241771 -0.820959
1 27.9613 8.58807 1.60771 0.017283 -0.450124 -0.892799
1 27.2643 25.9526 1.75477 0.370765 0.391919 0.841982
1 1.86127 2.86578 1.60849 -0.0207978 0.107687 -0.993967
1 7.0741 23.9238 1.76079 0.478475 -0.172895 0.860912
1 19.8201 17.5311 1.7482 -0.683531 0.347567 0.641859
1 22.089 7.55688 1.61557 -0.0134332 0.555146 -0.831644
1 33.7858 23.2623 1.75338 -0.45078 -0.426996 0.783883
1 31.1368 11.457 1.7701 0.19987 -0.490234 0.848364
1 28.2508 5.27579 1.60261 -0.602739 -0.513458 -0.610792
1 21.3039 5.15643 1.62025 -0.295933 0.581819 -0.757569
1 19.7617 12.7949 1.75478 -0.0718709 0.378219 0.922922
1 14.2111 32.225 1.75722 0.12949 -0.396972 0.90865
1 31.7223 6.41558 1.60107 0.307105 0.556289 -0.772158
1 9.89643 28.507 1.75633 -0.194808 0.255752 0.946911
1 2.32037 29.6976 1.75121 0.525201 -0.793627 0.307115
1 30.0206 21.0564 1.6108 0.307868 -0.525568 -0.793093
1 8.09393 28.2112 1.75959 -0.180918 -0.00390202 0.98349
1 1.93347 18.1721 1.7554 0.460623 -0.0290023 0.887122
1 30.197 1.95173 1.76119 -0.123255 0.293127 0.948095
1 2.78375 19.656 1.75996 0.199295 0.0756095 0.977018
1 21.3624 24.1731 1.60987 0.292014 -0.77572 -0.559451
1 6.29261 27.5752 1.75889 -0.0921806 -0.247114 0.964592
1 28.2396 7.55129 1.61592 -0.164676 -0.512602 -0.842687
1 16.1068 31.0509 1.76197 0.291505 -0.136783 0.946739
1 30.2272 12.1867 1.75502 0.0435894 -0.629598 0.775698
1 16.3712 20.7574 1.60808 -0.305097 0.0941725 -0.947654
1 0.276501 29.217 1.60944 0.174776 -0.317781 -0.931916
1 30.6166 27.5938 1.61453 -0.0549714 0.487492 -0.871395
1 10.9469 0.733937 1.62021 -0.585669 -0.202412 -0.78487
1 22.1602 0.273146 1.74832 -0.103881 0.760259 0.64126
1 25.3289 13.7818 1.61604 0.773541 -0.00521036 -0.633725
1 26.9947 21.0288 1.60572 0.31766 -0.0168226 -0.948055
1 33.0091 32.7108 1.75003 -0.732291 -0.0695042 0.677436
1 33.6506 27.7624 1.60724 -0.0596383 -0.115469 -0.991519
1 7.45422 30.1379 1.75742 -0.512687 -0.154269 0.844602
1 33.837 20.0441 1.7537 0.0798699 -0.461845 0.883357
1 3.94903 7.4195 1.61778 0.542356 -0.277685 -0.792932
1 0.919342 13.5552 1.75983 -0.0885161 0.241449 0.966368
1 32.7511 1.51304 1.75986 0.0331916 0.794308 0.606608
1 14.0681 15.8181 1.74991 -0.478625 -0.634599 0.606796
1 20.0589 9.31899 1.73142 0.355724 0.521097 0.775834
1 2.84968 0.15803 1.61052 -0.294174 0.0683275 -0.953306
1 30.2059 28.668 1.61157 0.139895 0.52756 -0.83792
1 25.9273 1.00521 1.7574 -0.134111 -0.281061 0.950273
1 25.6549 11.1974 1.60742 0.358407 -0.0161842 -0.933425
1 25.7722 4.89473 1.62118 -0.48762 -0.278371 -0.827488
1 27.1231 27.8855 1.7661 0.00810483 0.379079 0.925329
1 22.5034 30.3617 1.75781 -0.468044 -0.508301 0.722886
1 18.7693 31.5988 1.75841 0.258408 0.233245 0.937455
1 2.81377 4.1983 1.61057 0.0972789 -0.0961863 -0.990598
1 5.78432 11.2602 1.61546 -0.360953 0.444743 -0.819705
1 0.297654 21.4893 1.75815 -0.157147 -0.257745 0.953348
1 21.1555 11.616 1.74776 0.11953 0.639975 0.759042
1 6.37445 20.6388 1.77416 0.199586 0.575843 0.792824
1 17.5321 13.2124 1.76207 -0.191548 0.0740746 0.978684
1 21.1541 15.2873 1.75639 -0.336225 0.559984 0.757213
1 4.35632 12.0509 1.61807 -0.0167742 0.79803 -0.602385
1 6.05494 12.8746 1.61767 -0.207484 0.410062 -0.888144
1 12.3327 33.3137 1.75772 0.0809154 -0.609791 0.788421
1 34.2377 25.9289 1.60898 -0.394282 -0.273898 -0.877224
1 7.40713 4.08926 1.64849 0.0173309 0.580188 -0.814298
1 31.4642 4.50157 1.72446 -0.519199 0.468513 0.714792
1 33.7437 13.6424 1.75995 -0.132725 -0.0409651 0.990306
1 0.899237 10.4648 1.75485 0.501299 0.154595 0.851351
1 4.23492 23.9001 1.73768 0.657089 -0.500306 0.563851
1 5.27596 31.9612 1.61092 -0.564428 -0.32049 -0.760728
1 23.8397 18.7916 1.61123 -0.0714711 0.434205 -0.897974
1 32.6846 22.7046 1.76126 -0.316749 -0.62644 0.71221
1 7.84249 29.1528 1.75599 -0.336191 -0.0492139 0.940507
1 9.41216 17.8714 1.61096 0.241385 -0.0109235 -0.970368
1 27.536 29.3893 1.75025 -0.266403 0.434121 0.860563
1 16.0732 23.495 1.60761 0.1224 0.134507 -0.983324
1 26.2204 26.0306 1.75851 0.338959 0.18873 0.921677
1 23.883 2.03191 1.76203 -0.340031 -0.599147 0.724846
1 20.8146 12.802 1.7512 -0.0322921 0.543319 0.838905
1 7.34423 25.6962 1.75715 0.211836 -0.114374 0.97059
1 17.9253 15.0336 1.75886 -0.425025 0.0882276 0.900872
1 3.08922 30.676 1.62294 -0.763784 0.0759832 -0.640984
1 15.5922 29.3207 1.75492 0.532508 -0.243464 0.810654
1 2.63661 2.24067 1.61325 -0.0993405 0.0101063 -0.995002
1 7.52545 1.43475 1.60295 -0.470306 0.525159 -0.709239
1 1.87392 19.1427 1.75858 0.279905 -0.0541171 0.958501
1 15.7029 0.515868 1.75399 -0.225453 -0.197253 0.954077
1 5.26349 4.81112 1.62636 0.143871 -0.52659 -0.837857
1 11.9887 26.4752 1.75647 0.204993 0.600345 0.773023
1 17.3975 30.1576 1.7581 0.418891 0.0334008 0.907422
1 21.9356 25.3406 1.75383 0.381724 -0.539191 0.750706
1 32.9205 10.2561 1.7533 0.490326 -0.193862 0.849704
1 32.3188 25.2654 1.61061 -0.453724 0.0732333 -0.888128
1 8.00664 10.6248 1.61156 -0.543004 0.0394317 -0.838804
1 30.7172 32.395 1.74684 0.614231 0.377661 0.692886
1 8.19615 2.1169 1.60944 -0.354765 0.411841 -0.839362
1 7.50715 11.5572 1.60926 -0.38426 0.131264 -0.913846
1 9.98842 12.9055 1.60656 -0.287613 -0.254355 -0.923354
1 26.2981 17.357 1.60863 -0.282409 0.0486112 -0.958062
1 25.6331 7.74468 1.60789 -0.0671088 -0.080677 -0.994479
1 18.3379 9.16345 1.76157 0.278078 0.178131 0.943897
1 6.43128 30.6216 1.75206 -0.669196 -0.279847 0.688376
1 28.7394 27.6695 1.76545 0.111224 0.715784 0.689407
1 33.5142 6.02396 1.60478 0.219964 0.371699 -0.901918
1 1.46649 24.565 1.59875 0.718264 0.0499551 -0.693975
1 34.5847 30.45 1.61094 0.379717 -0.296749 -0.876216
1 33.4519 22.1148 1.75274 -0.249869 -0.486008 0.837473
1 7.33953 15.6558 1.60712 0.0866013 0.228868 -0.969598
1 30.4126 10.8531 1.75231 0.245232 -0.656554 0.713301
1 20.6337 33.0951 1.75712 0.133623 0.493955 0.859159
1 25.333 10.0443 1.60931 0.206273 0.0020316 -0.978492
1 17.5828 3.59458 1.75578 -0.606329 -0.00908263 0.795162
1 11.1637 15.7422 1.60586 -0.0250964 -0.382096 -0.923782
1 3.35638 5.8006 1.60956 0.301997 -0.206167 -0.930749
1 11.267 32.8787 1.76735 -0.0243654 -0.751807 0.658933
1 18.9847 25.1482 1.61739 0.425684 -0.380393 -0.821032
1 6.04319 10.07 1.61416 -0.524802 0.421748 -0.739399
1 0.245894 8.52843 1.63086 0.794739 0.141168 -0.590306
1 33.1536 25.9481 1.6095 -0.347153 -0.063852 -0.935632
1 26.9544 18.291 1.60809 -0.125166 -0.0405213 -0.991308
1 9.47762 21.759 1.60415 0.786795 0.0354314 -0.616197
1 13.4198 10.489 1.75694 -0.0347735 -0.572071 0.819467
1 25.1719 3.8405 1.60846 -0.68009 -0.252746 -0.688184
1 12.1873 30.9075 1.68812 0.490321 -0.673934 0.552628
1 22.5307 17.1098 1.60532 -0.338963 0.63503 -0.694148
1 2.95577 10.511 1.75904 0.466523 0.562868 0.682302
1 33.0587 11.1698 1.76203 0.320532 -0.184026 0.92919
1 34.4522 17.3674 1.71938 0.675763 -0.238622 0.697427
1 30.2098 7.86016 1.60943 -0.148985 -0.831306 -0.535476
1 10.6924 24.0597 1.75867 0.523026 0.410456 0.746974
1 33.0655 29.1367 1.60938 0.166958 0.00495528 -0.985952
1 7.44422 27.4357 1.76009 -0.0592467 -0.0940935 0.993799
1 11.9362 1.5237 1.61455 -0.470033 -0.430359 -0.770623
1 14.8974 13.956 1.74823 -0.345007 -0.354777 0.868967
1 26.9663 22.9233 1.61461 0.644769 0.0990267 -0.757936
1 1.97498 17.1515 1.75477 0.679762 -0.0381449 0.73244
1 17.13 33.8214 1.75943 -0.0358308 0.00891582 0.999318
1 22.6957 27.3063 1.75768 0.0295176 -0.401435 0.915412
1 24.0736 26.1585 1.75833 0.270883 -0.170118 0.947461
1 8.96486 19.8294 1.61132 0.492268 0.181223 -0.85137
1 10.3032 6.55406 1.60866 0.287733 -0.0624698 -0.955671
1 0.0909754 20.4203 1.76071 0.0348136 -0.314551 0.948602
1 14.7889 20.1341 1.59888 -0.402879 0.39794 -0.824216
1 27.2768 7.81414 1.61098 -0.0789554 -0.353986 -0.931912
1 19.2104 13.7082 1.75707 -0.215088 0.299229 0.929623
1 27.3729 20.0187 1.60693 0.148546 -0.0883365 -0.984952
1 4.70583 18.954 1.75716 0.395494 0.330795 0.856831
1 14.6839 25.4429 1.61607 0.470444 0.393536 -0.789817
1 13.7977 25.9197 1.77505 -0.514867 -0.569871 0.640437
1 18.9438 28.7728 1.74134 0.614362 0.305049 0.72767
1 0.931978 17.7458 1.75146 0.512725 -0.160864 0.843348
1 11.0278 7.35393 1.60773 0.425279 -0.207632 -0.880924
1 4.48772 3.07323 1.61184 -0.0579592 -0.35447 -0.933269
1 17.0559 4.45461 1.74998 -0.739577 -0.0880165 0.667292
1 9.29153 13.6678 1.60871 -0.181834 -0.112665 -0.976854
1 27.2422 21.9821 1.6153 0.48118 -0.0244297 -0.876281
1 12.2518 21.1988 1.62581 0.492451 -0.699655 -0.517662
1 3.94158 34.3793 1.61117 -0.298721 -0.0837181 -0.950661
1 30.2826 25.0617 1.61675 -0.391873 0.469771 -0.791044
1 16.8492 29.1525 1.75392 0.563925 -0.0458499 0.824552
1 24.8657 18.4675 1.60894 -0.117958 0.269385 -0.955781
1 11.9046 16.6176 1.61038 0.0501914 -0.42935 -0.901743
1 12.9089 16.889 1.60306 -0.0217464 -0.571788 -0.820113
1 25.6792 2.90156 1.7534 -0.541956 -0.37406 0.752571
1 2.59787 5.15752 1.60904 0.208985 -0.0845891 -0.974254
1 22.0076 18.4576 1.61377 -0.117818 0.718524 -0.685451
1 20.7214 30.9607 1.74741 0.437657 0.532967 0.724156
1 26.7574 26.9066 1.76 0.183105 0.303771 0.934984
1 11.8329 2.66107 1.61628 -0.303479 -0.397206 -0.8661
1 0.892762 28.3055 1.61523 0.0328079 -0.435018 -0.899824
1 8.33628 33.7966 1.60143 -0.249841 -0.623009 -0.741242
1 25.7844 16.4932 1.60855 -0.434978 0.122282 -0.8921
1 31.2346 30.5569 1.61228 0.440538 0.358233 -0.823162
1 23.8186 10.121 1.60945 0.230344 0.287908 -0.929543
1 23.029 10.7884 1.61391 0.265859 0.49165 -0.829216
1 8.92915 16.7694 1.61116 0.13191 0.0403415 -0.99044
1 21.4342 3.85585 1.61516 -0.567813 0.484032 -0.665809
1 3.44291 14.1922 1.74608 -0.115618 0.671742 0.731707
1 10.2769 32.8608 1.59138 0.476074 -0.766736 -0.430662
1 15.4365 13.147 1.7584 -0.266479 -0.233876 0.935035
1 13.4748 29.4478 1.74097 0.537093 -0.585305 0.607411
1 5.5629 19.7667 1.76444 0.301492 0.461093 0.834563
1 6.81793 26.6869 1.75976 0.0577519 -0.182965 0.981422
1 14.3744 3.70546 1.72242 -0.49593 -0.646162 0.58011
1 10.574 9.2498 1.62336 -0.907316 -0.0371616 -0.418803
1 14.8319 9.18755 1.75402 0.170003 -0.36733 0.914422
1 32.3655 30.8851 1.60676 0.461193 0.137547 -0.876574
1 23.2045 25.195 1.75634 0.440184 -0.334185 0.833402
1 11.2615 27.9527 1.75764 -0.0949971 0.475079 0.8748
1 2.96495 22.5954 1.75562 -0.376953 0.204903 0.903284
1 8.04498 8.68515 1.60342 0.758288 0.162015 -0.631466
1 29.7402 33.7982 1.759 0.327444 0.234716 0.915253
1 11.9603 20.1228 1.65123 0.502758 -0.411274 -0.760321
1 29.3508 22.1304 1.61256 0.480265 -0.359935 -0.79987
1 19.9078 2.7617 1.7486 -0.472344 0.375748 0.797311
1 12.1757 14.1383 1.61933 -0.264889 -0.622048 -0.736811
1 4.88523 8.0455 1.60613 0.582871 -0.45506 -0.673188
1 19.2829 9.82421 1.75605 0.270298 0.372598 0.887755
1 17.0455 12.3033 1.76042 -0.0981325 -0.0156631 0.99505
1 12.3368 5.78103 1.60942 0.158973 -0.439655 -0.883986
1 7.33372 33.728 1.61729 -0.152558 -0.473623 -0.867414
1 19.5835 30.9914 1.75605 0.334337 0.365057 0.86888
1 31.192 17.6789 1.61695 -0.336565 -0.657554 -0.674052
1 31.2154 28.4254 1.61369 0.0538725 0.342379 -0.938016
1 0.12621 33.4615 1.61894 -0.51403 0.53366 -0.671551
1 22.2849 33.3303 1.75472 0.115404 0.789586 0.60269
1 31.9169 0.82391 1.76681 0.0674807 0.602554 0.79522
1 16.3989 22.5647 1.60763 -0.0252697 0.0782361 -0.996615
1 25.9114 18.2676 1.60835 -0.138292 0.106479 -0.984651
1 27.3343 17.4016 1.6092 -0.260589 -0.0977968 -0.960484
1 18.9682 21.7753 1.61053 -0.124952 -0.347263 -0.929406
1 19.3822 26.0154 1.59755 0.537333 -0.495148 -0.682717
1 11.4975 25.0866 1.75964 0.350929 0.553411 0.755371
1 33.6742 34.3435 1.61934 -0.316159 0.710931 -0.628189
1 3.91377 21.9968 1.76198 -0.252024 0.294115 0.921944
1 22.1835 31.7058 1.74579 0.3295 0.748243 0.575815
1 21.2695 30.1661 1.74846 0.482679 0.692121 0.536647
1 16.4002 10.2761 1.7596 0.085638 -0.097605 0.991534
1 34.5199 18.3443 1.75545 0.437939 -0.329586 0.836411
1 29.5002 31.6661 1.75152 0.709317 0.185787 0.679965
1 14.2865 12.5145 1.74711 -0.312208 -0.418733 0.852754
1 23.0833 26.2659 1.75739 0.225055 -0.34137 0.912588
1 0.649752 7.05392 1.60612 0.460237 0.149185 -0.875172
1 5.81647 29.5949 1.75451 -0.456734 -0.297907 0.838239
1 28.4033 6.45469 1.61062 -0.378294 -0.526256 -0.761544
1 1.06029 12.5064 1.75916 0.102014 0.233931 0.966887
1 33.9215 21.1685 1.75399 -0.107756 -0.421624 0.900345
1 18.5308 20.755 1.60909 -0.296392 -0.281147 -0.912748
1 29.2306 16.8365 1.61176 -0.370993 -0.378383 -0.848051
1 16.1827 7.37229 1.75465 0.449442 -0.193584 0.872082
1 1.55048 14.299 1.75624 -0.232299 0.342048 0.910517
1 12.3473 10.8815 1.75042 -0.10703 -0.737048 0.667311
1 22.1078 26.434 1.75558 0.173041 -0.507681 0.843988
1 29.474 6.30517 1.60519 -0.416303 -0.689117 -0.593136
1 23.8926 13.5946 1.60651 0.677536 0.302331 -0.670478
1 10.3519 27.5559 1.75851 -0.036875 0.33839 0.940283
1 2.6643 20.5998 1.76207 0.0145773 0.0833982 0.99641
1 9.05263 18.806 1.6133 0.368787 0.067896 -0.927031
1 6.50232 11.8726 1.6101 -0.32783 0.302532 -0.894987
1 13.8872 19.8836 1.64858 -0.41908 0.582828 -0.696192
1 32.9221 19.9913 1.74384 0.0696845 -0.614464 0.785861
1 10.5726 5.5664 1.60735 0.135324 -0.0961388 -0.986126
1 1.94654 34.2998 1.61048 -0.370681 0.226603 -0.900692
1 17.4304 1.82553 1.75903 -0.346796 -0.00235955 0.937938
1 16.4612 16.0183 1.75402 -0.588519 -0.176417 0.789001
1 26.8107 4.55419 1.61427 -0.691066 -0.363245 -0.624885
1 0.485606 16.2381 1.7248 -0.665197 0.169295 0.727222
1 28.7802 33.2866 1.75766 0.399771 0.0895363 0.912232
1 4.1988 17.8793 1.75725 0.590495 0.385138 0.709214
1 3.66694 3.68524 1.61137 0.0388018 -0.223258 -0.973987
1 27.7311 33.0134 1.75442 0.421885 -0.0553548 0.904958
1 30.3173 14.4785 1.7575 -0.385277 -0.57655 0.720522
1 9.74579 0.292467 1.61488 -0.648435 0.0514617 -0.759529
1 19.7802 6.77518 1.77889 0.522661 0.581266 0.623663
1 15.2295 15.9748 1.7524 -0.550462 -0.398626 0.733546
1 9.50253 25.592 1.75973 0.280715 0.209471 0.936654
1 13.8048 9.32419 1.75708 0.164476 -0.535729 0.828216
1 12.7552 7.52918 1.6188 0.458067 -0.598922 -0.656862
1 0.131476 12.9633 1.76143 0.00295926 0.0946802 0.995503
1 32.6695 21.2698 1.75157 -0.106384 -0.622289 0.775525
1 16.7611 0.817657 1.75903 -0.227759 -0.0617732 0.971756
1 1.32547 32.696 1.62123 -0.557864 0.361905 -0.746869
1 34.6169 27.9321 1.61189 -0.0262697 -0.282935 -0.958779
1 28.2341 22.7562 1.61114 0.600086 -0.137156 -0.788089
1 21.4244 32.4002 1.75698 0.226014 0.633057 0.740376
1 20.3456 4.85608 1.61165 -0.39675 0.679483 -0.617165
1 5.67599 26.7227 1.7569 0.0429246 -0.34332 0.938237
1 16.1237 18.9214 1.61636 -0.598793 0.12655 -0.790842
1 0.0107197 25.052 1.61021 -0.565821 -0.372736 -0.735469
1 9.63614 11.7466 1.6111 -0.388505 -0.22902 -0.892532
1 8.95668 3.08965 1.60473 -0.218353 0.262826 -0.939811
1 1.81581 1.75713 1.75776 0.13528 -0.183198 0.973724
1 22.8898 9.52668 1.61241 0.168673 0.434158 -0.884905
1 18.4736 30.5333 1.75741 0.384054 0.208196 0.899531
1 30.5861 13.3783 1.7617 -0.165114 -0.561009 0.811176
1 28.8536 10.1223 1.63109 0.268606 -0.599325 -0.754096
1 9.7593 29.5683 1.7577 -0.373873 0.223006 0.900271
1 17.5247 8.53411 1.75909 0.31197 0.0493518 0.948809
1 24.668 6.40028 1.60729 -0.243102 0.0287292 -0.969575
1 1.84453 21.103 1.76065 -0.0919976 -0.0210898 0.995536
1 4.43218 32.4946 1.61983 -0.507592 -0.174851 -0.843669
1 33.2532 17.8306 1.75569 0.471504 -0.446485 0.760484
1 0.153856 26.8942 1.61276 -0.198059 -0.340417 -0.919178
1 7.39055 17.5755 1.61242 0.335 0.311107 -0.889375
1 29.2516 24.889 1.6032 -0.333629 0.679416 -0.653518
1 3.48935 8.41263 1.61576 0.702678 -0.210848 -0.679549
1 14.8955 34.3574 1.75533 -0.14858 -0.284484 0.947097
1 22.7564 29.3861 1.74777 -0.330544 -0.374047 0.866504
1 32.9036 31.7742 1.61617 0.584656 0.0149751 -0.811143
1 9.20552 8.22237 1.61482 0.526811 0.134416 -0.839287
1 15.8454 19.9197 1.60649 -0.427588 0.192166 -0.883312
1 16.0559 32.1875 1.75883 0.13735 -0.140596 0.980494
1 29.1742 23.3546 1.611 0.664345 -0.301813 -0.683779
1 19.0799 8.5786 1.74018 0.351853 0.314603 0.881603
1 6.7974 18.3419 1.60604 0.508167 0.434402 -0.743681
1 18.0053 12.1029 1.75803 -0.0643877 0.126385 0.989889
1 24.6195 19.5083 1.60884 0.0429021 0.315414 -0.947984
1 32.4669 18.8583 1.74741 0.271117 -0.640188 0.718787
1 34.4014 32.4903 1.76338 -0.702306 0.324346 0.633693
1 4.30963 21.0355 1.75989 -0.0345357 0.308618 0.950559
1 25.0903 12.8466 1.6108 0.619595 0.0784315 -0.780993
1 0.796686 0.479473 1.60547 -0.322395 0.379985 -0.866991
1 17.3524 6.68143 1.75448 0.546683 0.0378559 0.836483
1 15.3995 10.0799 1.75652 0.066941 -0.250386 0.965829
1 19.3482 7.62894 1.74669 0.453925 0.418821 0.786474
1 18.0813 19.7709 1.61043 -0.465304 -0.202682 -0.861633
1 5.38965 33.1918 1.61315 -0.324587 -0.254792 -0.910892
1 0.918377 19.7234 1.76016 0.163635 -0.193521 0.967354
1 8.42092 17.676 1.61305 0.261849 0.146382 -0.953943
1 5.28995 20.8262 1.76559 0.0793598 0.430984 0.898863
1 0.195816 12.0192 1.76066 0.179527 0.078509 0.980615
1 6.97767 16.5657 1.60815 0.200506 0.328597 -0.922941
1 29.3975 11.029 1.6166 0.322595 -0.760712 -0.563249
1 9.88144 16.9611 1.60867 0.120011 -0.101013 -0.98762
1 14.8815 18.9936 1.61542 -0.583373 0.353137 -0.731417
1 17.8635 25.2814 1.61337 0.445457 -0.177297 -0.877573
1 17.3692 22.5092 1.60732 -0.0187458 -0.0847439 -0.996226
1 14.902 17.1693 1.7559 -0.684038 -0.496449 0.534443
1 4.32514 1.92468 1.61579 -0.161126 -0.287559 -0.944112
1 0.951542 33.981 1.60519 -0.464271 0.380561 -0.799766
1 28.6184 34.2527 1.75929 0.233292 0.0687317 0.969975
1 7.1307 21.3226 1.5868 -0.0620384 -0.699571 -0.711865
1 3.71653 26.6407 1.76177 0.0350353 -0.637684 0.7695
1 23.9016 11.4704 1.61112 0.351631 0.30788 -0.884062
1 25.7098 26.8926 1.75883 0.168235 0.117498 0.978719
1 30.3163 23.883 1.60191 -0.608456 0.476974 -0.634254
1 26.5258 34.1188 1.76008 0.17444 -0.184649 0.9672
1 32.2721 14.9267 1.75718 -0.39744 -0.261066 0.879708
1 18.4891 4.39585 1.7488 -0.71435 0.142817 0.68506
1 0.923488 18.7198 1.75997 0.345616 -0.188202 0.91931
1 2.03018 31.416 1.71821 -0.655728 0.329944 -0.679086
1 2.61291 1.14531 1.61576 -0.195367 0.0619992 -0.978769
1 16.3009 30.053 1.75676 0.423327 -0.124072 0.897441
1 2.59934 7.78971 1.60584 0.609266 -0.0989696 -0.786765
1 15.5439 24.9152 1.60581 0.372738 0.23868 -0.896715
1 0.980235 20.7431 1.75902 -0.0220696 -0.165417 0.985977
1 16.366 1.71333 1.76041 -0.339599 -0.15857 0.927107
1 33.8763 11.6803 1.75976 0.216315 -0.0677639 0.973969
1 12.5953 3.66859 1.61904 -0.170157 -0.483896 -0.858424
1 29.2936 19.8002 1.61237 0.119794 -0.408956 -0.904657
1 32.8896 6.84837 1.61062 0.37725 0.401562 -0.834524
1 17.9844 23.4693 1.61025 0.145194 -0.184501 -0.972048
1 20.5516 6.28489 1.59234 -0.0145507 0.795282 -0.606064
1 5.95356 28.553 1.759 -0.257252 -0.291154 0.921439
1 10.6732 31.1145 1.75462 -0.586787 0.390231 0.709508
1 30.102 16.4111 1.622 -0.423515 -0.532635 -0.732759
1 8.51753 30.7264 1.76926 -0.625821 -0.0501047 0.778356
1 25.6155 33.6755 1.74802 0.263031 -0.30757 0.914448
1 20.1792 0.774087 1.75185 -0.18589 0.434201 0.881427
1 33.4323 24.9912 1.61346 -0.506732 -0.147018 -0.849475
1 0.159779 3.84107 1.61099 0.0294216 0.311096 -0.949923
1 4.25745 33.4479 1.60596 -0.384835 -0.1216 -0.91494
1 16.4972 13.309 1.76151 -0.234697 -0.0731045 0.969316
1 18.9774 23.2726 1.61116 0.111071 -0.350235 -0.930053
1 20.3979 23.4749 1.60514 0.0899367 -0.628782 -0.772363
1 8.44522 27.2614 1.7595 -0.0189885 0.049303 0.998603
1 1.5868 5.29675 1.60879 0.20929 0.0457867 -0.976781
1 15.2297 11.0778 1.755 -0.0554184 -0.275333 0.95975
1 0.92299 2.57471 1.60973 -0.0728398 0.279991 -0.957235
1 27.1386 9.21521 1.60991 0.0923858 -0.310394 -0.946108
1 8.00969 3.21336 1.61615 -0.172518 0.462053 -0.86991
1 14.5682 1.99011 1.74858 -0.350695 -0.499514 0.792148
1 32.0841 28.9009 1.6092 0.125173 0.182537 -0.975198
1 0.867286 1.52951 1.60574 -0.186617 0.347995 -0.918735
1 4.36886 5.33534 1.60957 0.226747 -0.367922 -0.901787
1 15.4085 33.5347 1.76004 -0.0493446 -0.209015 0.976667
1 33.968 14.6434 1.75648 -0.326872 0.0140666 0.944964
1 8.28782 13.4632 1.60779 -0.176439 0.0482052 -0.983131
1 9.02002 4.97582 1.6101 0.0504995 0.211997 -0.975965
1 0.557513 5.42923 1.6129 0.214336 0.185789 -0.958928
1 6.69537 14.8721 1.61244 -0.0073668 0.313752 -0.949476
1 27.1651 10.3818 1.76506 -0.244482 0.293433 0.924189
1 11.3546 17.5491 1.61029 0.179241 -0.323392 -0.929134
1 28.3625 26.3154 1.77136 0.33997 0.6068 0.718481
1 1.9825 10.953 1.75584 0.410177 0.347812 0.843078
1 32.9832 30.0856 1.60603 0.32134 0.0222815 -0.946702
1 26.6134 33.1337 1.7538 0.35396 -0.180565 0.917665
1 29.5484 0.152047 1.75958 0.161557 0.196069 0.96719
1 24.9164 1.90599 1.75323 -0.304627 -0.448063 0.840501
1 29.6698 32.736 1.7563 0.521345 0.218569 0.82488
1 17.2077 7.61405 1.76046 0.421166 -0.00175539 0.906982
1 27.6753 2.14147 1.76677 -0.267103 -0.0965251 0.958822
1 15.1931 7.08235 1.75641 0.449494 -0.395709 0.800856
1 6.79039 29.2684 1.75906 -0.353866 -0.185157 0.916786
1 16.2331 34.2946 1.75832 -0.130331 -0.10448 0.98595
1 1.75167 9.86483 1.73452 0.602621 0.323448 0.72954
1 1.85921 7.04213 1.60826 0.478589 -0.00302172 -0.878034
1 14.7519 28.6849 1.74851 0.63777 -0.350217 0.686001
1 8.96152 24.6413 1.75745 0.417507 0.113289 0.901584
1 31.319 14.2715 1.75836 -0.309564 -0.421178 0.852514
1 28.0571 14.2234 1.61192 -0.822606 -0.162163 -0.544998
1 13.1127 18.1169 1.60797 0.170915 -0.634533 -0.753761
1 31.1067 1.32897 1.7449 0.021005 0.44498 0.895294
1 21.088 26.7239 1.60736 -0.143786 0.687472 -0.711835
1 15.1079 3.14612 1.74314 -0.518807 -0.4409 0.732425
1 24.641 26.9826 1.75996 0.135636 -0.0624627 0.988788
1 4.12225 10.4507 1.65364 -0.310967 0.780216 -0.542737
1 2.88437 18.7138 1.75841 0.383379 0.0953131 0.91866
1 3.12046 27.6927 1.75595 -0.205002 -0.690008 0.694164
1 11.3142 6.32011 1.60817 0.270412 -0.26009 -0.926947
1 20.2176 13.8178 1.75948 -0.195263 0.447837 0.872534
1 19.6699 1.78667 1.75861 -0.340705 0.334621 0.878606
1 18.2824 17.8255 1.75522 -0.806546 0.104449 0.58187
1 26.8836 2.70545 1.731 -0.491707 -0.160953 0.855756
1 18.0318 1.01787 1.75885 -0.236013 0.0858216 0.967953
1 3.85226 23.0182 1.74785 -0.478648 0.37704 0.792929
1 8.65498 29.8226 1.7553 -0.471555 0.0369032 0.881064
1 9.2447 2.05316 1.60795 -0.38016 0.190585 -0.905072
1 28.3138 11.9225 1.62799 0.451054 -0.537862 -0.712218
1 33.5236 18.9312 1.75683 0.263153 -0.483882 0.834631
1 12.828 34.3879 1.75257 -0.122975 -0.583443 0.80279
1 23.8046 33.0636 1.77534 0.280715 -0.579699 0.76495
1 22.3021 6.03216 1.60396 -0.1817 0.445984 -0.876404
1 26.0674 22.0975 1.61833 0.454896 0.126126 -0.881568
1 10.635 12.2014 1.60491 -0.349656 -0.420939 -0.83699
1 26.446 8.3762 1.60731 -0.00676804 -0.207741 -0.978161
1 32.417 16.113 1.75417 -0.607436 -0.21699 0.764158
1 4.87671 15.4021 1.62106 -0.0012506 0.666675 -0.745347
1 16.3128 3.52584 1.75059 -0.589208 -0.21453 0.778981
1 25.2346 17.456 1.60909 -0.274914 0.207694 -0.938768
1 1.12754 27.1852 1.61532 -0.133456 -0.507788 -0.851082
1 13.8103 22.2906 1.60852 -0.0590594 0.533802 -0.843545
1 31.771 21.862 1.75609 -0.0838262 -0.797215 0.597848
1 11.7769 30.0177 1.74243 -0.467789 0.557588 0.685761
1 4.6878 26.8247 1.76045 0.0409828 -0.479841 0.876398
1 22.0005 8.87362 1.6121 0.109515 0.563868 -0.818571
1 29.8143 9.319 1.61493 0.119592 -0.755663 -0.64395
1 16.313 33.2312 1.76051 0.0137758 -0.105728 0.9943
1 11.2867 14.5435 1.61425 -0.159639 -0.437669 -0.884851
1 26.0237 1.99429 1.74948 -0.343492 -0.282992 0.895505
1 27.7342 15.1315 1.62724 -0.666876 -0.164172 -0.726859
1 5.98685 24.4336 1.76045 0.407177 -0.315069 0.857286
1 13.2607 32.011 1.7486 0.191156 -0.522986 0.830629
1 23.998 0.804924 1.75626 -0.118028 -0.581554 0.8049
1 29.4058 1.33541 1.76066 -0.0455797 0.165347 0.985182
1 20.4859 8.39987 1.77052 0.431871 0.681421 0.590891
1 30.2741 3.1357 1.75909 -0.311884 0.290378 0.904659
1 13.9813 17.6916 1.76362 0.0990854 0.747931 0.656339
1 17.1102 27.4218 1.76108 0.830648 -0.0531557 0.554254
1 1.74217 0.736283 1.61179 -0.254199 0.222584 -0.94119
1 19.0368 11.9781 1.75743 -0.00787034 0.288795 0.957359
1 25.098 26.1102 1.76163 0.311857 0.00878933 0.950088
1 4.16554 27.8252 1.75637 -0.152192 -0.538729 0.828619
1 11.1869 18.5741 1.61768 0.31944 -0.277536 -0.906053
1 0.993017 29.9761 1.61112 0.263697 -0.456719 -0.849631
1 32.4766 5.75155 1.60263 0.160228 0.52189 -0.837829
1 24.394 25.1916 1.75669 0.467434 -0.135077 0.873647
1 20.5036 34.2788 1.75466 -0.0207455 0.489301 0.871868
1 24.909 11.8883 1.60568 0.455072 0.12381 -0.881805
1 17.4443 20.6677 1.6073 -0.316966 -0.0936827 -0.943799
1 7.9744 18.6204 1.61501 0.402315 0.233079 -0.885334
1 6.34652 33.8052 1.61204 -0.128779 -0.331036 -0.93479
1 26.8954 1.44748 1.75994 -0.177986 -0.178696 0.967672
1 20.4567 21.7023 1.6189 -0.0997471 -0.605437 -0.789618
1 25.3779 24.3639 1.76784 0.675322 0.0600175 0.735077
1 10.9388 1.87032 1.61599 -0.430402 -0.221728 -0.874981
1 24.0339 24.2834 1.76106 0.635311 -0.169105 0.753514
1 30.252 0.88685 1.76271 0.0534306 0.296391 0.953571
1 29.0597 20.8793 1.60685 0.289442 -0.356127 -0.88848
1 26.0839 23.6076 1.62182 0.808656 0.2007 -0.552987
1 10.8083 25.7418 1.75577 0.278661 0.412389 0.867343
1 26.6335 28.7609 1.76245 -0.175036 0.281035 0.9436
1 23.0531 1.00764 1.75672 -0.0722331 -0.765163 0.639772
1 17.2606 11.2928 1.75929 0.0218742 0.0220566 0.999517
1 16.0134 14.1848 1.7566 -0.355724 -0.173904 0.918269
1 32.0857 13.7144 1.75792 -0.182883 -0.3202 0.92953
1 24.7208 33.2972 1.74929 0.315773 -0.42806 0.846789
1 25.6315 0.0487327 1.75793 0.0599864 -0.308984 0.949174
1 30.2324 19.8329 1.61477 0.115516 -0.572831 -0.811493
1 10.8858 2.89357 1.60747 -0.274937 -0.17089 -0.946153
1 5.82112 1.59071 1.63111 -0.341905 -0.536286 -0.771685
1 7.03225 12.7512 1.60666 -0.230565 0.235237 -0.944194
1 3.80205 9.25124 1.73433 -0.807434 0.274975 0.521957
1 16.2412 11.3265 1.75969 -0.0232776 -0.125164 0.991863
1 17.491 0.148909 1.75996 -0.121694 0.0307013 0.992093
1 2.6991 23.621 1.74964 -0.574275 0.200292 0.793783
1 19.2432 19.8893 1.61081 -0.42965 -0.401288 -0.80893
1 21.6179 16.9997 1.77444 0.345684 -0.769834 0.536525
1 2.92883 11.6867 1.75836 0.289553 0.518306 0.804685
1 17.9121 21.583 1.60728 -0.165425 -0.172645 -0.970993
1 12.2391 17.7928 1.62088 0.173596 -0.476029 -0.862126
1 22.3106 14.2498 1.59948 0.190829 -0.757059 -0.624857
1 9.24499 15.765 1.61064 0.0274049 -0.0515193 -0.998296
1 3.70732 0.74881 1.6133 -0.240096 -0.111532 -0.964321
1 23.6599 27.1387 1.75857 0.0825302 -0.234602 0.968582
1 17.641 5.7549 1.74905 0.667632 0.0776456 0.740431
1 24.5892 4.63068 1.60914 -0.52899 -0.084106 -0.84445
1 11.1142 26.8492 1.75765 0.0979673 0.463975 0.880415
1 33.8097 3.93883 1.61452 -0.0123016 0.453592 -0.891124
1 21.7192 27.5506 1.7487 -0.0383174 -0.580246 0.81354
1 8.77579 1.09234 1.60547 -0.529977 0.253948 -0.809095
1 16.4567 17.9022 1.75326 -0.866168 -0.0880949 0.491927
1 20.1274 11.7738 1.75258 0.072505 0.462834 0.883475
1 23.5686 30.2454 1.7512 -0.464842 -0.272366 0.84246
1 12.2223 32.0993 1.76122 0.286543 -0.641281 0.711795
1 5.05739 6.83638 1.60673 0.398386 -0.487024 -0.777236
1 32.009 20.1776 1.77001 0.0456203 -0.774137 0.631372
1 13.2147 27.2434 1.74462 0.0770038 0.776275 0.625673
1 31.3248 16.4964 1.62369 -0.611768 -0.624299 -0.485789
1 24.9487 14.7504 1.65049 -0.746757 0.225431 -0.625728
1 29.6804 27.463 1.61876 0.0263864 0.703577 -0.710129
1 4.91063 28.7804 1.75808 -0.32697 -0.427394 0.842867
1 16.8629 2.69272 1.76021 -0.473339 -0.105051 0.874594
1 28.5258 32.2821 1.75683 0.598755 0.0297823 0.800379
1 16.769 15.1016 1.75641 -0.467986 -0.0915472 0.878982
1 16.9049 26.425 1.61082 0.642777 -0.0166126 -0.765873
1 23.0984 18.0218 1.61542 -0.192154 0.547112 -0.814705
1 1.8174 20.114 1.76028 0.0968708 -0.0523975 0.993917
1 22.7955 20.9724 1.59861 0.252108 0.587001 -0.769332
1 4.49461 4.19508 1.61396 0.0827977 -0.380719 -0.920976
1 26.6465 19.2309 1.60763 0.0175597 0.0140215 -0.999747
1 0.83295 26.0417 1.61605 -0.34454 -0.463086 -0.816605
1 31.0629 9.69838 1.74405 0.463898 -0.518288 0.718454
1 15.1839 26.6689 1.59676 0.703228 0.191105 -0.684799
1 23.6919 19.9437 1.61261 0.114282 0.453861 -0.883714
1 18.504 0.124937 1.75802 -0.109818 0.163543 0.980405
1 9.22972 10.7587 1.61938 -0.551133 -0.169296 -0.817062
1 33.5268 30.8673 1.60978 0.447386 -0.103709 -0.888308
1 0.0219435 13.9092 1.76105 -0.170383 0.103923 0.979882
1 34.4537 22.3983 1.75837 -0.301827 -0.321355 0.89757
1 24.0361 23.1931 1.61126 0.744312 0.292173 -0.600529
1 3.66606 25.253 1.73218 0.339055 -0.656565 0.673769
1 19.7404 22.5345 1.61297 -0.00379292 -0.475824 -0.879532
1 13.1085 19.3839 1.61227 0.40584 -0.65012 -0.642369
1 7.66571 14.6901 1.61008 -0.0381838 0.15515 -0.987153
1 17.4212 10.2845 1.76133 0.134726 0.0657292 0.9887
1 5.2671 12.3757 1.6299 -0.209369 0.586183 -0.782658
1 9.51202 23.7505 1.75643 0.557671 0.187989 0.808494
1 24.7683 32.1552 1.75643 0.556354 -0.434168 0.708497
1 34.1216 6.96876 1.61164 0.429725 0.292192 -0.854377
1 30.3211 31.0238 1.60958 0.593946 0.493989 -0.634983
1 34.5087 0.180296 1.61695 -0.333155 0.549284 -0.766351
1 5.22045 2.37837 1.61057 -0.16572 -0.490438 -0.855574
1 26.2113 31.674 1.73111 0.74836 -0.213488 0.627997
1 6.19536 4.40117 1.62903 0.0141557 -0.692024 -0.721736
1 7.39279 32.6225 1.6111 -0.378231 -0.476133 -0.793875
1 31.0421 2.41483 1.75749 -0.164703 0.432843 0.886296
1 5.37433 3.60904 1.61456 -0.0308821 -0.528239 -0.848534
1 7.81735 19.6759 1.61804 0.500632 0.386663 -0.774506
1 1.5037 23.6481 1.74569 -0.55318 -0.0245348 0.8327
1 3.22944 21.3533 1.76055 -0.120928 0.189106 0.974482
1 16.9292 19.7862 1.61004 -0.460542 -0.00730786 -0.887608
1 16.4763 8.35658 1.75697 0.313332 -0.118634 0.942204
1 1.80282 13.1839 1.75694 -0.00465303 0.38171 0.924271
1 30.3205 22.5725 1.61015 0.509904 -0.509982 -0.692759
1 27.5643 33.9448 1.76125 0.258786 -0.0590619 0.964127
1 9.46988 27.1094 1.75925 0.0199636 0.200121 0.979568
1 14.4206 29.8579 1.75591 0.464367 -0.435089 0.771402
1 18.81 3.36101 1.75576 -0.559808 0.208617 0.801932
1 22.0456 10.2819 1.60845 0.232485 0.699904 -0.67534
1 1.05789 11.4626 1.7592 0.301842 0.201143 0.931898
1 18.7799 33.7739 1.75891 -0.00262095 0.216612 0.976254
1 2.2935 6.1165 1.60879 0.338853 -0.051711 -0.939417
1 3.60967 20.3048 1.75996 0.0904727 0.203677 0.974849
1 21.1829 0.599547 1.75122 -0.134565 0.602828 0.786442
1 23.8028 21.0664 1.61311 0.305067 0.429521 -0.849968
1 10.4204 8.343 1.61528 0.583198 -0.0923413 -0.807065
1 7.31253 13.7416 1.60881 -0.134373 0.197538 -0.971042
1 0.303217 23.7153 1.76128 -0.539718 -0.237637 0.807609
1 23.4859 34.3128 1.75731 0.0836324 -0.625506 0.775724
1 26.3383 6.03975 1.61111 -0.316365 -0.271839 -0.908855
1 26.5968 24.9248 1.75447 0.547984 0.245465 0.799663
1 25.6983 32.6491 1.7567 0.500009 -0.266637 0.823951
1 24.1754 17.6897 1.61273 -0.239857 0.373368 -0.896139
1 11.5006 5.32688 1.60996 0.0983299 -0.264392 -0.959389
1 5.47052 25.4366 1.75796 0.243696 -0.397733 0.884546
1 33.9479 29.7205 1.6087 0.270846 -0.155479 -0.949983
1 11.6247 8.14945 1.61298 0.539549 -0.330363 -0.774434
1 3.35402 32.8254 1.60387 -0.505895 0.0174773 -0.862418
1 30.7269 18.699 1.61853 -0.0846667 -0.623596 -0.777148
1 13.554 23.4789 1.61575 0.140567 0.577256 -0.804374
1 11.1379 13.3942 1.61229 -0.279593 -0.4197 -0.863528
1 20.4302 31.932 1.75118 0.286761 0.466615 0.836683
1 16.9262 9.35992 1.76184 0.207658 -0.0243022 0.977899
1 27.8393 25.0803 1.76012 0.561159 0.451172 0.693934
1 15.3313 1.42198 1.75471 -0.320489 -0.302581 0.897625
1 31.7931 10.536 1.75909 0.388439 -0.369061 0.844339
1 12.6693 12.4746 1.7492 -0.295915 -0.746847 0.595528
1 31.8226 33.278 1.73585 0.47335 0.557617 0.681912
1 13.5156 0.763773 1.74238 -0.306686 -0.506138 0.806082
1 20.3658 20.3833 1.61769 -0.31032 -0.617569 -0.722711
1 6.31376 17.2323 1.61694 0.298173 0.469002 -0.831342
1 18.0503 29.3693 1.75556 0.534536 0.146185 0.832407
1 25.8927 21.1048 1.60627 0.305283 0.146908 -0.940862
1 23.1947 32.3044 1.58087 -0.24321 0.782011 -0.573854
1 20.2161 10.6219 1.75225 0.226276 0.538721 0.811529
1 22.7133 15.7247 1.63097 -0.582517 0.590901 -0.558131
1 18.6457 27.6794 1.72939 0.757781 0.248742 0.603238
1 6.1608 2.88275 1.61955 -0.122733 -0.704183 -0.699331
1 18.1565 26.2123 1.61319 0.587228 -0.248039 -0.77048
1 10.0956 19.859 1.60679 0.490916 -0.028658 -0.870735
1 2.7971 26.3479 1.73034 0.0622129 -0.765384 0.640559
1 27.1844 12.1717 1.60884 0.490342 -0.317322 -0.811709
1 22.9477 22.1866 1.61694 0.478538 0.560022 -0.676297
1 10.834 16.7352 1.61162 0.0948895 -0.25526 -0.962205
1 15.2411 30.426 1.75579 0.376108 -0.291303 0.879594
1 13.3217 21.1578 1.64517 -0.226473 0.633643 -0.739734
1 3.06005 6.8235 1.61212 0.452928 -0.158451 -0.877354
1 27.2888 5.66476 1.61588 -0.4848 -0.380146 -0.787691
