1 17.1388 32.6761 1.76001 0.0972588 0.00333588 0.995254
1 22.0274 20.2262 1.61285 0.161429 0.669951 -0.724642
1 15.7553 16.7144 1.75965 -0.642821 -0.316862 0.697409
1 27.8072 17.9592 1.60955 -0.173375 -0.189678 -0.966418
1 10.4306 25.1127 1.75598 0.357026 0.362746 0.860783
1 21.2397 14.4651 1.76054 -0.217438 0.597837 0.771564
1 16.2191 25.989 1.61308 0.536298 0.10534 -0.837429
1 26.5601 16.4741 1.61151 -0.433143 -0.0198702 -0.901106
1 12.2627 4.22124 1.61212 -0.0508759 -0.429934 -0.901426
1 33.9951 15.4809 1.75279 -0.51303 0.0444836 0.857217
1 13.4663 12.6404 1.73822 -0.359764 -0.591762 0.721379
1 31.263 12.3448 1.7522 0.050245 -0.442866 0.895179
1 27.8565 32.1937 1.75086 0.575064 -0.101349 0.811807
1 32.7759 9.37117 1.77004 0.673987 -0.205301 0.709643
1 16.6647 24.4824 1.61071 0.285525 0.043934 -0.957364
1 26.5146 20.2562 1.6074 0.167552 0.0338555 -0.985282
1 14.3792 33.0665 1.75968 0.00629457 -0.354951 0.934864
1 25.6101 14.7236 1.63935 -0.748374 0.148559 -0.646426
1 24.7002 15.6873 1.61728 -0.571022 0.269562 -0.775416
1 12.9822 24.3012 1.61819 0.282522 0.663432 -0.692849
1 19.5034 30.1317 1.75435 0.420319 0.358326 0.833627
1 14.7603 22.3157 1.61034 -0.0814439 0.361821 -0.928683
1 19.7115 33.8366 1.75746 0.030954 0.348887 0.936654
1 29.8369 5.24373 1.76074 -0.727491 -0.00332322 0.686109
1 27.7618 3.72965 1.75587 -0.502145 -0.160796 0.849703
1 28.2147 9.31489 1.61014 0.131523 -0.492248 -0.860461
1 5.78636 15.0022 1.59759 0.0309042 0.500292 -0.865305
1 9.34405 14.5723 1.61081 -0.0708846 -0.0995474 -0.992505
1 2.69462 33.9206 1.61375 -0.42883 0.0726414 -0.90046
1 14.4688 9.82305 1.75767 0.0811763 -0.42121 0.903323
1 6.93368 9.70482 1.61092 -0.611094 0.23387 -0.75622
1 8.90272 28.1247 1.75913 -0.153437 0.126598 0.980015
1 10.2157 3.63704 1.60738 -0.131002 -0.0190922 -0.991198
1 20.4879 24.5501 1.61134 0.270448 -0.608738 -0.745852
1 19.5617 16.3927 1.75114 -0.558055 0.343251 0.755483
1 25.6197 28.7484 1.75864 -0.139373 0.109486 0.984169
1 13.2461 4.58431 1.6116 0.00429375 -0.568724 -0.822517
1 34.5273 2.1237 1.64383 -0.106321 0.474131 -0.874011
1 17.9306 33.364 1.76134 0.0197071 0.11211 0.9935
1 11.2985 20.4762 1.61747 0.572267 -0.257638 -0.778546
1 30.9696 14.9501 1.75046 -0.416864 -0.463582 0.781867
1 2.35795 21.879 1.76379 -0.231919 0.0811982 0.96934
1 16.8632 18.8742 1.6123 -0.613852 0.0506895 -0.787792
1 15.0781 11.7214 1.76288 -0.148841 -0.332507 0.931282
1 4.61634 16.9074 1.58894 0.390529 0.752996 -0.529608
1 23.1446 24.0766 1.76543 0.715833 -0.244132 0.654204
1 20.4204 16.9287 1.75844 -0.581622 0.506432 0.636587
1 34.1363 9.44465 1.76411 0.686423 -0.0202185 0.726922
1 22.207 3.55188 1.60694 -0.580983 0.382137 -0.718631
1 2.73315 3.2365 1.60975 0.0180392 -0.0465846 -0.998751
1 25.1864 30.5345 1.75748 -0.469457 0.0153675 0.882822
1 4.96131 21.9649 1.7528 -0.200824 0.41788 0.886028
1 13.058 3.33987 1.61854 -0.224763 -0.647161 -0.728467
1 13.9256 25.1396 1.60813 0.390536 0.479215 -0.786025
1 25.9858 22.7836 1.61316 0.603213 0.117432 -0.788887
1 5.24621 27.4016 1.75721 -0.0694773 -0.361331 0.929846
1 32.7396 28.1243 1.60671 0.0115566 0.043313 -0.998995
1 26.4944 30.6429 1.73673 -0.599904 0.174075 0.780905
1 13.2493 11.2625 1.75447 -0.16227 -0.62221 0.765848
1 4.6089 0.568924 1.61317 -0.302561 -0.25957 -0.917104
1 10.3234 7.56272 1.61302 0.462471 -0.0597716 -0.884617
1 26.0277 29.8165 1.75161 -0.361582 0.178421 0.915109
1 18.378 17.0029 1.7512 -0.676662 0.153198 0.72018
1 33.7883 12.7141 1.76197 0.0293628 -0.052166 0.998207
1 30.2156 30.2401 1.60815 0.355906 0.51747 -0.778175
1 8.37337 22.7899 1.7638 0.694572 -0.12707 0.708112
1 22.0196 4.74717 1.60851 -0.389279 0.452086 -0.802546
1 15.0348 4.05754 1.75181 -0.607825 -0.425246 0.670608
1 14.7218 24.6032 1.61185 0.312093 0.359642 -0.87935
1 31.8142 27.8841 1.61035 -0.0291404 0.213324 -0.976547
1 32.5331 7.59913 1.61293 0.595236 0.437167 -0.674225
1 4.93496 33.9328 1.61003 -0.284098 -0.210796 -0.935336
1 9.78424 2.63325 1.60649 -0.25746 0.0728618 -0.963538
1 16.921 14.0907 1.75769 -0.319035 -0.0682073 0.945285
1 17.11 31.6887 1.75991 0.221016 0.0051933 0.975256
1 27.8929 28.9076 1.74871 -0.136766 0.492425 0.859542
1 21.273 10.8671 1.75286 0.30718 0.699338 0.64542
1 26.2497 27.9615 1.75987 0.00686234 0.215973 0.976375
1 32.7897 12.872 1.75799 -0.0163637 -0.204351 0.978761
1 8.61206 29.0454 1.75965 -0.312812 0.076686 0.946714
1 29.1123 2.59266 1.7593 -0.277853 0.134864 0.951109
1 31.1019 29.7797 1.60836 0.275096 0.353531 -0.894057
1 32.153 29.969 1.60805 0.314457 0.183706 -0.931327
1 23.0945 12.2028 1.61337 0.484822 0.471883 -0.736393
1 18.8216 32.9648 1.76098 0.0975378 0.243881 0.964888
1 28.0333 10.4585 1.61987 0.320457 -0.453459 -0.831675
1 8.09854 16.8674 1.61168 0.191628 0.179832 -0.964852
1 26.4214 12.0313 1.61279 0.475759 -0.153262 -0.86612
1 0.859499 9.66632 1.75846 0.641122 0.181878 0.745576
1 0.18733 14.7464 1.75563 -0.33115 0.119501 0.93598
1 23.1058 6.0884 1.60605 -0.266193 0.254946 -0.929593
1 3.26732 31.5836 1.61031 -0.649673 0.0403263 -0.759144
1 21.6489 7.06514 1.61671 -0.0834672 0.594089 -0.800057
1 20.2017 26.4655 1.7366 -0.49898 0.658937 0.562868
1 16.5671 6.24647 1.76357 0.622975 -0.0505033 0.78061
1 2.08778 32.2763 1.61825 -0.629554 0.258606 -0.732656
1 21.7152 28.7163 1.76754 -0.174496 -0.563512 0.807469
1 0.369471 22.6473 1.7567 -0.402867 -0.203244 0.892407
1 11.2392 34.0919 1.74965 -0.506155 -0.684851 0.5242
1 25.5262 20.2632 1.60766 0.155 0.174434 -0.972393
1 34.3602 5.36014 1.61012 0.179343 0.335874 -0.924675
1 27.8755 27.4917 1.75735 0.125918 0.527546 0.840143
1 27.5092 15.9479 1.6084 -0.524499 -0.166774 -0.834918
1 15.4308 5.61698 1.7602 0.662486 -0.243458 0.708407
1 33.1573 11.8966 1.75929 0.165616 -0.162023 0.97279
1 27.8595 13.0898 1.60885 0.620247 -0.404819 -0.671875
1 1.28491 4.58825 1.6086 0.146245 0.12264 -0.981617
1 28.314 15.2687 1.62734 -0.637552 -0.30879 -0.705816
1 22.0921 21.5365 1.60519 0.39671 0.635551 -0.662341
1 3.79858 4.62495 1.61015 0.167954 -0.244725 -0.954935
1 24.2949 16.7936 1.61055 -0.386583 0.343147 -0.85604
1 17.0577 16.8386 1.7554 -0.673896 -0.0728686 0.735224
1 3.29543 1.63857 1.61192 -0.147891 -0.0898258 -0.984916
1 14.1889 10.9089 1.75675 -0.0882026 -0.466776 0.879966
1 14.6339 23.4009 1.60794 0.113733 0.38882 -0.914267
1 10.8297 10.6682 1.61776 -0.497368 -0.531678 -0.685524
1 5.06451 14.1449 1.60988 -0.0465219 0.63076 -0.774582
1 8.28558 9.65988 1.60989 -0.690136 -0.0334464 -0.722906
1 4.27339 29.5449 1.75233 -0.546731 -0.457971 0.700963
1 21.2321 22.2217 1.61347 -0.111899 -0.781172 -0.614206
1 13.874 30.2676 1.73283 0.380029 -0.511903 0.770411
1 6.6314 25.5409 1.75577 0.193304 -0.20141 0.960243
1 18.6468 15.0384 1.75515 -0.397264 0.171357 0.901564
1 24.7109 22.3999 1.61277 0.600804 0.297238 -0.742081
1 25.2704 27.8375 1.75983 0.0214071 0.0450842 0.998754
1 28.1402 20.826 1.60812 0.27636 -0.217358 -0.936152
1 17.9815 31.2495 1.75662 0.287096 0.121958 0.950106
1 10.151 20.9751 1.61489 0.648436 -0.00814142 -0.761226
1 23.0445 4.93205 1.61265 -0.435854 0.248033 -0.865165
1 28.0917 2.84294 1.75882 -0.356307 -0.0354728 0.933695
1 7.91954 26.4952 1.7602 0.0822769 -0.0101677 0.996558
1 9.35712 4.12732 1.60949 -0.0642002 0.168994 -0.983524
1 13.7095 7.76728 1.75837 0.397738 -0.61013 0.685234
1 20.51 28.9998 1.72482 0.555664 0.640191 0.530465
1 8.2058 11.5028 1.61055 -0.402758 -0.0206609 -0.915073
1 34.5681 10.3174 1.75207 0.519825 0.023973 0.853936
1 8.31786 15.6787 1.61222 0.0669897 0.0874814 -0.993911
1 32.0029 26.2811 1.60641 -0.257542 0.139019 -0.956214
1 29.6089 12.8483 1.76114 0.0741238 -0.715988 0.694166
1 4.83219 11.2214 1.64009 -0.261254 0.695178 -0.669682
1 21.3538 34.5309 1.74699 -0.0119967 0.621037 0.78369
1 31.9552 8.34199 1.5906 0.78539 0.372085 -0.494687
1 23.3719 3.78955 1.6237 -0.604731 0.154616 -0.781277
1 28.618 0.846272 1.76004 0.0114317 0.0800368 0.996726
1 19.6984 15.3141 1.75458 -0.399457 0.337452 0.852385
1 8.96208 26.4442 1.7598 0.116354 0.136069 0.983843
1 10.2136 26.7238 1.75847 0.0968023 0.314574 0.944284
1 23.928 5.47238 1.60909 -0.383034 0.0969183 -0.918636
1 19.332 11.3595 1.75793 0.113954 0.340269 0.933398
1 25.8319 25.3341 1.75187 0.499315 0.138597 0.855263
1 26.6972 12.9613 1.6097 0.582057 -0.230917 -0.779671
1 7.69558 12.3824 1.60909 -0.28559 0.105209 -0.952559
1 18.1293 18.7499 1.60741 -0.666137 -0.1506 -0.730466
1 28.7637 31.3879 1.75264 0.726939 0.0332449 0.685896
1 5.97362 18.4373 1.62102 0.46315 0.604232 -0.648379
1 10.8192 4.45876 1.60579 -0.0158156 -0.138986 -0.990168
1 10.5588 18.7783 1.60882 0.343628 -0.146645 -0.927586
1 17.2478 15.9072 1.7551 -0.544006 -0.0557162 0.837229
1 24.6409 28.6886 1.76008 -0.130268 -0.0652306 0.989331
1 12.1663 24.5668 1.72772 0.410291 0.692843 0.592984
1 14.1357 14.2232 1.73416 -0.386016 -0.531377 0.754075
1 12.51 29.1806 1.7394 -0.390131 0.667746 0.633966
1 5.57225 31.2832 1.60081 -0.67927 -0.422878 -0.599806
1 3.35236 17.016 1.59308 -0.679462 -0.258312 -0.686736
1 23.6369 8.09003 1.60909 -0.0317349 0.234659 -0.97156
1 31.0107 33.9415 1.74695 0.340998 0.456429 0.821823
1 11.4268 11.9302 1.60386 -0.281381 -0.651375 -0.704653
1 12.7417 15.1525 1.6048 -0.175377 -0.703862 -0.688347
1 3.45699 13.5429 1.75345 -0.00918822 0.675253 0.737529
1 18.6301 13.2883 1.75983 -0.166143 0.193476 0.966935
1 21.0384 19.5959 1.59884 0.167576 0.84348 -0.510352
1 11.3394 3.65065 1.60287 -0.138674 -0.268227 -0.953323
1 25.2513 6.72861 1.61002 -0.240595 -0.0818785 -0.967166
1 8.38639 14.3107 1.60838 -0.0570142 0.0359951 -0.997724
1 4.21208 15.1131 1.65784 -0.0684262 0.859573 -0.506411
1 14.2019 0.398774 1.76303 -0.217147 -0.39465 0.892804
1 31.0036 7.10505 1.6047 0.476526 0.639363 -0.603439
1 33.6942 1.50012 1.62704 -0.00224407 0.712613 -0.701553
1 28.9815 7.15187 1.61512 -0.287517 -0.607927 -0.740107
1 3.83948 19.5827 1.76082 0.212614 0.217118 0.952709
1 8.43571 4.45454 1.61595 -0.0120592 0.365416 -0.930766
1 22.5912 7.01558 1.6059 -0.111994 0.399194 -0.910001
1 32.1025 24.1034 1.61364 -0.605336 0.0994011 -0.789739
1 28.7188 29.5279 1.75978 -0.27811 0.575017 0.769422
1 12.1729 28.1023 1.75889 -0.171574 0.619518 0.766002
1 6.50399 14.2388 1.61316 -0.069047 0.330596 -0.941243
1 13.5817 33.8384 1.75251 -0.121413 -0.47574 0.871166
1 1.5137 22.5273 1.76164 -0.351647 -0.0131565 0.93604
1 11.1535 21.6544 1.61399 0.691978 -0.242934 -0.679816
1 10.0873 13.6688 1.6116 -0.166681 -0.24775 -0.954378
1 33.581 26.6261 1.6082 -0.220602 -0.16596 -0.961141
1 25.0745 29.5576 1.75534 -0.281442 0.0133144 0.959486
1 20.9855 27.9934 1.58357 0.0863587 0.713514 -0.695298
1 8.32245 24.5182 1.76064 0.385018 0.028153 0.922479
1 26.4307 10.3226 1.60754 0.235456 -0.175515 -0.955905
1 24.1281 30.8986 1.75219 -0.51752 -0.156692 0.841202
1 21.3786 8.35834 1.60402 0.138355 0.694675 -0.705893
1 30.9984 3.78641 1.75546 -0.408628 0.389531 0.825402
1 17.1129 25.3828 1.61149 0.439836 -0.030851 -0.897548
1 16.0561 12.0563 1.76177 -0.11361 -0.173252 0.978303
1 18.7161 24.0433 1.6122 0.2282 -0.306406 -0.924143
1 12.3587 6.52497 1.61544 0.35636 -0.469266 -0.807959
1 0.376676 6.25043 1.61713 0.341722 0.238508 -0.909032
1 8.83163 6.17841 1.61169 0.25395 0.250628 -0.934181
1 34.5832 7.88766 1.74414 0.615279 0.206307 -0.760835
1 3.6611 28.4012 1.74968 -0.277016 -0.565032 0.777175
1 5.94114 34.4773 1.60805 -0.113365 -0.322017 -0.939922
1 23.8536 9.21451 1.61138 0.0902955 0.226292 -0.969865
1 6.07638 21.7951 1.74969 -0.062287 0.535938 0.841956
1 24.8521 10.9939 1.6079 0.319922 0.101806 -0.941958
1 11.4498 19.2907 1.6057 0.41659 -0.284421 -0.863457
1 31.0609 25.9108 1.60893 -0.297563 0.328596 -0.896371
1 0.145299 19.2165 1.76407 0.258423 -0.284103 0.923311
1 6.92964 7.95532 1.75352 0.425932 -0.629643 0.649717
1 32.1855 12.0713 1.75439 0.116796 -0.306302 0.944742
1 31.3159 27.0272 1.60696 -0.153321 0.312977 -0.937304
1 18.3205 11.5737 1.75599 0.041963 0.159408 0.98632
1 28.9959 21.4912 1.6124 0.397916 -0.345168 -0.850013
1 19.4317 0.246894 1.75711 -0.112056 0.313441 0.942973
1 23.6949 28.8735 1.75993 -0.168173 -0.237134 0.95681
1 15.4999 2.17553 1.75998 -0.415328 -0.314517 0.85357
1 2.58217 13.2201 1.76687 -0.0257811 0.489794 0.871457
1 32.5607 11.0781 1.75523 0.317818 -0.247289 0.915336
1 27.0458 6.48811 1.61177 -0.300283 -0.344179 -0.88959
1 25.4567 21.7939 1.62187 0.446093 0.226563 -0.865835
1 25.6029 19.2854 1.60699 0.00489717 0.14619 -0.989244
1 15.8513 27.5207 1.75266 0.831746 -0.199115 0.51822
1 13.5003 5.73309 1.61807 0.215548 -0.603961 -0.767314
1 4.64943 20.2533 1.7612 0.136148 0.329634 0.934241
1 24.2429 12.8509 1.61187 0.58589 0.226743 -0.778023
1 10.165 15.8111 1.61114 0.0264875 -0.170304 -0.985036
1 18.23 1.90014 1.7582 -0.340488 0.114101 0.9333
1 23.36 27.8735 1.75756 -0.00485047 -0.291676 0.956505
1 5.88284 22.7263 1.57467 -0.972393 0.137249 0.188718
1 1.48745 6.31084 1.61039 0.363154 0.0846929 -0.927872
1 29.7634 17.1409 1.61305 -0.306859 -0.485419 -0.818661
1 8.70415 7.57467 1.61129 0.467042 0.22921 -0.854011
1 8.02975 5.48427 1.61308 0.150873 0.407625 -0.900599
1 32.1406 3.9244 1.74057 -0.419259 0.612715 0.669927
1 28.3329 1.88814 1.75943 -0.17823 0.0359956 0.98333
1 18.0707 14.1433 1.76058 -0.29449 0.0994034 0.950471
1 8.85178 23.6711 1.74969 0.563856 0.0468168 0.824545
1 12.8917 9.00935 1.74813 0.236401 -0.669222 0.704455
1 0.976977 3.63448 1.61091 0.0400609 0.21036 -0.976803
1 23.5366 7.07023 1.60883 -0.156329 0.222825 -0.962242
1 9.97188 4.89015 1.60789 0.0446653 0.0280648 -0.998608
1 28.7652 17.5061 1.61275 -0.242283 -0.337366 -0.909661
1 9.60596 10.1336 1.61529 -0.614144 -0.290418 -0.733815
1 1.9873 15.3023 1.7532 -0.45621 0.349008 0.818576
1 16.8492 21.6519 1.60708 -0.169127 0.0194016 -0.985403
1 13.4651 32.6781 1.74695 0.0567612 -0.476325 0.877435
1 19.7453 23.8365 1.60731 0.160528 -0.485363 -0.859449
1 18.4519 16.0195 1.75664 -0.541975 0.14612 0.827594
1 10.4458 29.2119 1.75717 -0.296846 0.356805 0.885761
1 22.4385 28.0274 1.76167 -0.0408279 -0.445903 0.89415
1 21.5696 2.28746 1.74974 -0.375064 0.629769 0.680234
1 20.5652 30.2614 1.72013 0.413779 0.512972 0.752095
1 1.95759 26.9985 1.63171 -0.134025 -0.727401 -0.672997
1 28.7504 4.51006 1.75254 -0.635021 -0.118715 0.763318
1 5.93038 32.4235 1.61385 -0.479585 -0.37938 -0.791246
1 1.67415 28.2747 1.61375 0.0697384 -0.582179 -0.810065
1 23.2882 17.3541 1.60696 -0.305486 0.504488 -0.807571
1 6.53736 10.79 1.60597 -0.445712 0.304657 -0.841739
1 28.3745 19.684 1.60903 0.0963643 -0.275248 -0.956531
1 33.126 5.07657 1.60611 0.0769844 0.514781 -0.853858
1 32.8618 15.3137 1.75728 -0.462458 -0.147103 0.874353
1 11.811 14.8051 1.64194 -0.0752619 -0.528649 -0.845498
1 27.8609 0.231765 1.76123 0.092353 -0.0362497 0.995066
1 22.8864 19.7553 1.60807 0.0824408 0.555396 -0.827489
1 28.8958 3.56132 1.75463 -0.466014 0.0528834 0.883196
1 9.78033 22.874 1.75151 0.71403 0.141682 0.685629
1 29.5388 18.2768 1.61868 -0.120751 -0.469813 -0.874469
1 34.2688 28.4441 1.60969 0.0881298 -0.234369 -0.968145
1 14.6216 30.824 1.7559 0.318864 -0.387003 0.86519
1 21.8446 13.2563 1.76205 -0.0375602 0.707335 0.70588
1 8.78503 21.0138 1.61081 0.647024 0.238153 -0.724322
1 2.63002 24.7624 1.7689 0.738419 -0.561265 0.373791
1 9.53926 1.04843 1.60977 -0.488895 0.0994133 -0.86666
1 15.2206 32.4363 1.75951 0.0947511 -0.245578 0.964735
1 4.9932 9.70658 1.62088 -0.520978 0.629802 -0.576136
1 18.4487 22.2981 1.60785 -0.0542008 -0.241604 -0.96886
1 11.1719 23.3439 1.74884 0.635482 0.430158 0.641192
1 3.29596 18.056 1.76398 0.479194 0.24016 0.844213
1 8.77115 31.7734 1.76821 -0.771284 -0.0142241 0.636333
1 9.80165 5.92604 1.60868 0.204045 0.0585624 -0.977208
1 0.876753 21.7732 1.75824 -0.223776 -0.13977 0.964566
1 12.907 26.4003 1.75057 0.233648 0.744833 0.625006
1 26.3347 9.31959 1.60925 0.11026 -0.179966 -0.977474
1 10.4605 30.2624 1.75237 -0.469423 0.372846 0.800392
1 5.51642 5.53855 1.60123 0.23404 -0.555543 -0.797871
1 30.9232 20.8287 1.62288 0.208181 -0.709558 -0.673193
1 27.8312 16.9262 1.60855 -0.353447 -0.200879 -0.913632
1 25.9642 15.6452 1.62037 -0.575716 0.0728369 -0.814399
1 1.87786 7.97677 1.60501 0.646678 0.079665 -0.758592
1 6.22728 16.2128 1.60212 0.164489 0.478482 -0.862553
1 7.99168 6.6316 1.59717 0.326577 0.436298 -0.838446
1 15.5253 22.9545 1.60849 0.0293111 0.238591 -0.970678
1 7.29801 24.6854 1.75598 0.322703 -0.111692 0.939887
1 32.1999 31.6878 1.60389 0.587005 0.180972 -0.789097
1 32.6248 27.0972 1.60741 -0.152883 0.0324072 -0.987713
1 28.3737 23.7068 1.61824 0.73607 -0.151331 -0.659772
1 6.50755 6.86907 1.64539 0.373817 -0.704265 -0.603549
1 15.479 24.0406 1.60827 0.214279 0.239862 -0.946864
1 24.1413 29.8447 1.757 -0.323988 -0.158255 0.932731
1 15.8209 21.9527 1.60816 -0.137148 0.194462 -0.971275
1 22.489 22.6993 1.78776 -0.608178 -0.565918 0.556648
1 24.4737 7.41995 1.60828 -0.12989 0.0705099 -0.989018
1 18.978 1.18822 1.75823 -0.246415 0.233477 0.940621
1 18.0509 32.2652 1.7591 0.157291 0.127905 0.979234
1 33.7075 8.48047 1.61096 0.805741 0.209572 -0.55395
1 4.67388 25.3571 1.7537 0.251201 -0.468827 0.846817
1 19.3276 4.25923 1.74946 -0.694515 0.287412 0.659579
1 31.7796 2.87066 1.75371 -0.219949 0.59788 0.770819
1 8.69306 25.4673 1.75833 0.253872 0.089109 0.963124
1 28.5889 18.6035 1.60942 -0.0647804 -0.313485 -0.947381
1 26.9134 0.463052 1.76243 0.00932768 -0.175545 0.984427
1 26.2322 7.11428 1.60887 -0.189411 -0.212308 -0.95867
1 2.00605 12.3677 1.7598 0.12432 0.381767 0.91586
1 29.1814 14.6639 1.62223 -0.690971 -0.477906 -0.542369
1 19.4599 20.6497 1.61268 -0.310641 -0.420016 -0.852695
1 2.73424 8.74361 1.61268 0.737404 -0.0786892 -0.670853
1 17.2219 23.3985 1.6082 0.113217 -0.0424133 -0.992665
1 14.0839 21.5858 1.61146 -0.201244 0.478246 -0.854858
1 5.67276 17.0831 1.63129 0.258846 0.606012 -0.752162
1 18.8104 6.8541 1.76233 0.474494 0.391148 0.78858
1 20.6053 3.40165 1.74086 -0.58014 0.500073 0.642934
1 19.742 32.7437 1.75716 0.16988 0.374852 0.911387
1 2.44669 14.3003 1.75672 -0.23847 0.441873 0.8648
1 1.05735 30.6866 1.63247 0.457798 -0.519694 -0.721346
1 24.9265 0.567845 1.75924 -0.0512412 -0.459547 0.886674
1 18.1791 28.4189 1.75706 0.680495 0.1639 0.714188
1 6.47249 5.45714 1.64979 0.0970264 -0.73634 -0.669619
1 23.4397 16.1775 1.6114 -0.515781 0.469977 -0.716304
1 1.99195 3.92779 1.60722 0.0922896 0.0453144 -0.994701
1 15.262 14.709 1.74984 -0.413434 -0.353578 0.83908
1 34.6143 31.3776 1.60929 0.526008 -0.294241 -0.797959
1 29.9358 4.2682 1.75253 -0.548285 0.144334 0.823742
1 22.962 8.83624 1.6226 0.0552652 0.374472 -0.92559
1 27.7796 30.3482 1.75331 -0.543226 0.3795 0.748923
1 13.0773 1.40977 1.7416 -0.462339 -0.658022 0.594348
1 5.30932 24.3848 1.74421 0.407223 -0.387993 0.82682
1 18.6331 7.87865 1.75188 0.364931 0.274231 0.889732
1 8.76071 12.4728 1.60961 -0.29157 -0.0781958 -0.953348
1 2.6857 15.9661 1.76259 -0.580286 0.450381 0.678547
1 11.4192 29.423 1.74536 -0.317492 0.51405 0.796838
1 4.58199 6.21405 1.60745 0.357255 -0.374936 -0.855449
1 16.7989 5.33245 1.75215 0.770942 0.0253241 0.636402
1 27.6181 18.984 1.60782 -0.0162946 -0.155561 -0.987692
1 16.0964 8.96057 1.75862 0.221513 -0.163515 0.961351
1 1.70472 33.3857 1.60723 -0.485653 0.261221 -0.834209
1 15.7958 7.96304 1.75714 0.356498 -0.234754 0.904322
1 27.6211 1.18926 1.75973 -0.0833726 -0.0675137 0.994229
1 0.291496 11.211 1.75746 0.344457 0.0844125 0.935
1 8.53357 32.7672 1.60643 -0.533604 -0.581945 -0.613683
1 16.7894 28.2401 1.75682 0.699359 -0.0799245 0.710288
1 17.7004 2.75523 1.7514 -0.470095 0.040115 0.881704
1 12.3789 1.98416 1.60554 -0.381474 -0.560959 -0.734713
1 20.4404 2.26383 1.7517 -0.386648 0.466458 0.795563
1 14.6126 6.61921 1.76637 0.506833 -0.474231 0.719879
1 12.6279 22.9997 1.61206 0.070489 0.665902 -0.742702
1 6.93933 19.7721 1.73971 0.661956 0.57663 -0.478866
1 14.7587 7.78052 1.7546 0.360947 -0.42908 0.828014
1 6.25254 23.5913 1.73664 0.504524 -0.234153 0.83104
1 32.6418 0.679163 1.74392 0.137485 0.770562 0.62236
1 10.3078 14.7728 1.60775 -0.0823512 -0.238465 -0.967653
1 7.17882 3.0465 1.60839 -0.0924405 0.702078 -0.706075
1 33.5736 3.30825 1.61017 -0.154443 0.637099 -0.755151
1 24.9694 5.69034 1.60806 -0.393258 -0.07743 -0.916162
1 31.1628 19.2509 1.63195 0.03845 -0.774318 -0.631627
1 31.6818 0.333604 1.75521 0.160882 0.592645 0.789233
1 6.95577 34.4399 1.60467 -0.0565532 -0.501789 -0.863139
1 9.3716 30.7654 1.75219 -0.566087 0.163293 0.80801
1 12.8911 13.4567 1.75718 -0.40806 -0.734688 0.54196
1 0.737042 15.519 1.74556 -0.492201 0.176306 0.852441
1 19.299 5.93279 1.76446 0.571785 0.540555 0.61714
1 25.4954 8.80165 1.60789 0.0512211 -0.0582776 -0.996986
1 0.00538208 3.28326 1.61409 0.0278707 0.416319 -0.908791
1 24.5694 8.44751 1.60798 -0.000609197 0.082366 -0.996602
1 6.99371 31.0776 1.75597 -0.705993 -0.25543 0.660553
1 10.6647 17.7313 1.60925 0.201277 -0.194458 -0.960038
1 19.4596 18.7704 1.60708 -0.645698 -0.372568 -0.666534
1 12.4209 18.6009 1.6152 0.300536 -0.459434 -0.835822
1 9.51383 6.93875 1.61444 0.359216 0.0898117 -0.928923
1 30.3834 26.8433 1.6187 -0.151133 0.513985 -0.84438
1 3.49739 2.58334 1.61197 -0.0534834 -0.154992 -0.986467
1 18.4436 10.6106 1.76222 0.149998 0.202768 0.96767
1 24.7739 9.49483 1.60845 0.129551 0.0784942 -0.988461
1 24.5697 34.0406 1.75908 0.149861 -0.488163 0.85979
1 17.6854 24.267 1.61012 0.255997 -0.125877 -0.958447
1 32.579 14.0054 1.75657 -0.227896 -0.221786 0.94809
1 24.2991 27.784 1.75887 0.0231463 -0.125906 0.991772
1 29.0328 12.0755 1.60159 0.511879 -0.67822 -0.527255
1 24.794 20.8755 1.61131 0.266394 0.276433 -0.923374
1 15.4051 31.3797 1.75831 0.246899 -0.25257 0.935547
1 29.0319 8.39752 1.60673 -0.0300908 -0.607367 -0.793852
1 27.0713 11.093 1.60697 0.356089 -0.266095 -0.895765
1 15.1541 21.2704 1.61293 -0.255143 0.312044 -0.915167
1 29.4753 26.497 1.61058 -0.0623792 0.732477 -0.677928
1 26.4749 3.34897 1.75147 -0.625626 -0.340585 0.701851
1 1.39258 16.2472 1.7316 -0.658378 0.208026 0.72337
1 6.85034 28.2994 1.75955 -0.216654 -0.151723 0.964386
1 30.7295 0.382184 1.76236 0.145157 0.426841 0.892601
1 4.18236 30.7543 1.6236 -0.754997 -0.121395 -0.644394
1 33.0783 16.3138 1.75518 -0.643133 -0.0982728 0.759422
1 31.088 24.7394 1.61139 -0.4585 0.328806 -0.82563
1 28.0487 8.24787 1.61169 -0.0480251 -0.451055 -0.891203
1 27.5369 26.293 1.75549 0.304386 0.470842 0.828044
1 1.75524 2.94922 1.60935 -0.0181005 0.112938 -0.993437
1 7.52912 23.6922 1.74883 0.489056 -0.116922 0.86438
1 19.1163 17.7553 1.76205 -0.809694 0.222454 0.543057
1 22.2654 8.08166 1.60528 0.0262473 0.527243 -0.849309
1 33.4976 22.9053 1.75481 -0.453593 -0.393929 0.799421
1 31.4699 11.2764 1.75829 0.259539 -0.411908 0.873482
1 27.6173 4.95129 1.60778 -0.658898 -0.485338 -0.574717
1 21.2026 5.65816 1.61414 -0.18445 0.618691 -0.763675
1 19.7557 13.2408 1.75523 -0.108949 0.363906 0.925042
1 14.327 31.9348 1.75773 0.166198 -0.377684 0.910897
1 31.7684 6.52179 1.5959 0.348559 0.586215 -0.73134
1 9.63491 28.7249 1.75671 -0.232113 0.236979 0.943379
1 2.41803 29.0857 1.77926 0.285564 -0.897857 0.335122
1 29.9827 20.6793 1.60815 0.247846 -0.538501 -0.805351
1 7.89856 28.2521 1.75981 -0.195316 -0.01431 0.980636
1 2.20053 18.2951 1.75759 0.425896 0.0388601 0.903937
1 30.0572 2.19415 1.75982 -0.172311 0.297727 0.938972
1 2.83066 19.9025 1.75973 0.144177 0.0907164 0.985385
1 21.5021 23.7261 1.61258 0.204121 -0.794273 -0.572246
1 6.30021 27.4004 1.76 -0.0766419 -0.222142 0.971997
1 27.9887 7.18262 1.61866 -0.237454 -0.45535 -0.858063
1 16.4099 30.9681 1.76253 0.307758 -0.0953118 0.946679
1 30.4065 11.7541 1.75929 0.171165 -0.586411 0.791723
1 16.1946 20.9181 1.60879 -0.283215 0.131404 -0.950012
1 0.509933 28.9402 1.61002 0.184807 -0.377431 -0.90741
1 30.7808 27.9652 1.61111 -0.00408573 0.433896 -0.900954
1 10.3992 0.34179 1.62551 -0.611259 -0.106731 -0.784201
1 22.0638 0.928129 1.75118 -0.148829 0.734655 0.661915
1 25.5923 13.7479 1.63506 0.749632 -0.12171 -0.650568
1 27.1448 21.0921 1.60902 0.308478 -0.0495634 -0.949939
1 32.492 32.6063 1.77115 -0.732512 -0.210265 0.647468
1 33.5672 27.6521 1.60712 -0.0476685 -0.119453 -0.991695
1 7.06907 30.0992 1.75484 -0.542986 -0.160515 0.824258
1 33.8179 19.7254 1.76301 0.123549 -0.436283 0.891287
1 4.3732 7.28914 1.6146 0.514834 -0.319814 -0.795403
1 0.727197 13.8195 1.75803 -0.147826 0.195336 0.969531
1 32.7459 2.48772 1.75976 -0.0915223 0.798056 0.595593
1 13.6936 15.1747 1.74898 -0.42542 -0.6887 0.587121
1 20.2242 9.93841 1.73496 0.390837 0.494238 0.776515
1 2.57921 0.27948 1.612 -0.312125 0.0619209 -0.948021
1 30.2976 29.0292 1.61208 0.159485 0.495307 -0.853953
1 25.9338 0.601606 1.75908 -0.045775 -0.310356 0.949518
1 25.933 11.1681 1.60564 0.350572 -0.0652053 -0.934263
1 25.31 4.79693 1.61718 -0.532051 -0.234755 -0.813518
1 27.1921 28.1885 1.75821 -0.0112879 0.380105 0.924875
1 22.1849 29.8743 1.74749 -0.396087 -0.518528 0.757789
1 19.0078 31.8572 1.75715 0.233123 0.259012 0.937319
1 2.91966 4.20294 1.61056 0.129832 -0.0877735 -0.987643
1 5.68924 11.5874 1.60881 -0.336076 0.491263 -0.803563
1 0.0279377 21.2635 1.75861 -0.126471 -0.280834 0.951387
1 21.2076 12.1755 1.7558 0.124708 0.593335 0.795237
1 6.47555 20.7538 1.76155 0.171389 0.600447 0.781082
1 17.4818 13.2886 1.75967 -0.199514 0.0268882 0.979526
1 20.742 15.677 1.75153 -0.398374 0.511203 0.761557
1 4.29027 12.5742 1.64996 0.0465639 0.816649 -0.575253
1 5.94976 13.407 1.62803 -0.148886 0.448284 -0.881405
1 12.4948 32.7149 1.75478 0.0546922 -0.591587 0.804384
1 33.901 25.5742 1.60886 -0.412147 -0.239443 -0.879092
1 7.45218 4.45556 1.62096 0.061613 0.606987 -0.79232
1 31.1083 4.82364 1.73958 -0.59351 0.316048 0.740175
1 33.4451 13.6013 1.76018 -0.137364 -0.0911734 0.986316
1 1.15694 10.669 1.75975 0.455418 0.234944 0.858717
1 4.57599 23.7808 1.76073 0.612087 -0.401035 0.681557
1 4.64145 31.7834 1.60854 -0.618866 -0.251198 -0.744247
1 23.7591 19.1912 1.60897 -0.0191073 0.43078 -0.902255
1 32.3047 22.5609 1.76049 -0.435858 -0.593692 0.67643
1 7.51303 29.17 1.7578 -0.355882 -0.0745875 0.93155
1 9.71485 18.0984 1.6122 0.25808 -0.0379614 -0.965377
1 27.1164 29.6879 1.74436 -0.352263 0.347241 0.8691
1 16.2917 23.5757 1.60829 0.134252 0.108984 -0.984936
1 26.4887 26.1808 1.75856 0.331238 0.258636 0.907408
1 23.4357 1.80673 1.76107 -0.273804 -0.663077 0.696678
1 20.8118 13.2961 1.75546 -0.0592172 0.536226 0.841995
1 7.66199 25.5751 1.75896 0.205521 -0.0526984 0.977233
1 17.5359 14.9912 1.75638 -0.41929 0.00333679 0.907846
1 2.80987 30.7129 1.65034 -0.700553 0.222421 -0.678052
1 16.1034 29.2043 1.75352 0.542661 -0.166438 0.823296
1 2.53461 2.27407 1.61299 -0.0835273 0.0127147 -0.996424
1 7.30287 1.66098 1.60553 -0.346392 0.605568 -0.716449
1 2.01727 19.2684 1.75925 0.246918 -0.018237 0.968865
1 15.5096 0.238039 1.75352 -0.196454 -0.21732 0.956126
1 5.41478 4.37801 1.60454 0.0680628 -0.545726 -0.835195
1 12.0218 26.8854 1.75802 0.0782016 0.608491 0.789698
1 17.8013 30.2463 1.75854 0.416025 0.0962139 0.904249
1 22.0885 24.9525 1.75885 0.506138 -0.490064 0.709691
1 33.221 10.1977 1.75263 0.515832 -0.155742 0.842414
1 31.9724 25.2513 1.6076 -0.423163 0.131014 -0.896531
1 7.628 10.5399 1.61081 -0.51471 0.0818712 -0.853446
1 31.1542 32.8869 1.73403 0.530992 0.495153 0.687656
1 8.05957 2.28561 1.61272 -0.26704 0.469588 -0.841533
1 7.13628 11.5506 1.60985 -0.372499 0.185657 -0.909272
1 9.82384 12.61 1.61132 -0.280671 -0.247755 -0.927276
1 25.9421 17.3345 1.60819 -0.289934 0.0839875 -0.953354
1 25.425 7.76345 1.6081 -0.0918281 -0.0692332 -0.993365
1 18.1772 9.61712 1.7636 0.227147 0.147945 0.962557
1 5.82802 30.2758 1.74468 -0.580838 -0.347995 0.735885
1 28.7067 28.2228 1.7621 0.00877941 0.67666 0.736243
1 33.6885 6.09067 1.60771 0.278389 0.39587 -0.875092
1 1.41954 24.4011 1.58302 0.683288 0.0270553 -0.729648
1 0.30847 30.1009 1.61343 0.375667 -0.356335 -0.855512
1 33.0032 21.767 1.75221 -0.251593 -0.540215 0.803037
1 7.42704 15.9895 1.60688 0.124347 0.232385 -0.964642
1 30.8128 10.5269 1.75693 0.37063 -0.545594 0.751638
1 20.6471 33.5848 1.7544 0.0816164 0.489777 0.868019
1 25.4597 10.184 1.60874 0.208357 -0.0251213 -0.97773
1 17.1017 3.59579 1.75686 -0.597108 -0.071347 0.798982
1 11.0942 15.4606 1.60022 -0.0301642 -0.353063 -0.935113
1 3.71276 5.71281 1.61004 0.303214 -0.236006 -0.923234
1 11.5006 32.6418 1.77303 -0.00741094 -0.739976 0.672592
1 19.2284 24.8563 1.62228 0.359918 -0.393423 -0.845977
1 5.7472 10.2594 1.61601 -0.479315 0.487974 -0.729478
1 1.09639 8.77034 1.63611 0.819454 0.143848 -0.5548
1 32.8941 25.8165 1.60873 -0.338188 -0.0460375 -0.939952
1 26.7889 18.3346 1.60735 -0.128635 -0.0312175 -0.991201
1 9.70942 21.9064 1.60825 0.797626 0.07926 -0.597922
1 13.445 10.0176 1.75616 0.0519984 -0.582552 0.811128
1 24.7021 3.70443 1.61728 -0.690742 -0.11649 -0.713657
1 12.814 30.28 1.69956 0.470122 -0.640078 0.607689
1 22.2749 17.4402 1.61311 -0.289427 0.664956 -0.688524
1 3.08626 10.9621 1.7667 0.33843 0.629319 0.699588
1 33.7131 11.003 1.7533 0.356171 -0.0900737 0.930069
1 0.0769991 17.3197 1.67493 0.692034 -0.134623 0.709201
1 30.0182 7.26132 1.60283 -0.226712 -0.757521 -0.612179
1 11.1156 24.4797 1.75833 0.437386 0.490374 0.753808
1 33.3676 28.8984 1.60852 0.142114 -0.0660274 -0.987646
1 7.35699 27.3963 1.7597 -0.0664014 -0.0841477 0.994238
1 11.4058 1.07328 1.61984 -0.521711 -0.341092 -0.781968
1 14.6699 13.4036 1.7449 -0.318292 -0.398916 0.859974
1 27.5472 22.8551 1.61075 0.643764 -0.00888868 -0.765172
1 2.34877 17.3331 1.76105 0.611707 0.0822494 0.786797
1 17.0092 33.6714 1.76091 -0.0311877 -0.010157 0.999462
1 22.8222 26.9503 1.75785 0.14996 -0.393519 0.907003
1 24.3714 26.0593 1.7607 0.332767 -0.1103 0.936536
1 9.40917 20.1587 1.61249 0.508871 0.131048 -0.85081
1 10.5662 6.58304 1.61133 0.309163 -0.102734 -0.945444
1 0.0284469 20.2353 1.76149 0.062902 -0.296644 0.952914
1 14.6203 20.4842 1.60409 -0.371151 0.433761 -0.821035
1 27.1412 7.6523 1.60892 -0.127737 -0.335498 -0.93334
1 19.1851 14.1417 1.75757 -0.262378 0.272351 0.925734
1 27.4616 20.0416 1.60738 0.140877 -0.120217 -0.982701
1 4.7502 19.2103 1.75458 0.351235 0.322013 0.879171
1 15.0157 25.6771 1.6074 0.510947 0.292229 -0.808416
1 13.9318 26.1777 1.77899 -0.548779 -0.526965 0.648961
1 19.3904 29.0398 1.75845 0.570033 0.414864 0.709191
1 1.27026 17.728 1.75264 0.504453 -0.0709656 0.860518
1 11.4091 7.24183 1.61012 0.425983 -0.261419 -0.86614
1 4.44081 2.76894 1.60856 -0.0660582 -0.320181 -0.945051
1 16.4209 4.37368 1.73633 -0.726108 -0.16888 0.666519
1 9.10595 13.5082 1.61071 -0.17051 -0.0964214 -0.980627
1 27.8881 21.8687 1.61314 0.468024 -0.143823 -0.871934
1 12.4075 20.8398 1.60462 0.540745 -0.626658 -0.561154
1 3.72572 34.3642 1.61175 -0.350037 -0.0804414 -0.933275
1 30.1753 25.4715 1.61271 -0.278175 0.531476 -0.800095
1 17.3264 29.1445 1.7547 0.563938 0.0303075 0.825261
1 24.7498 18.7001 1.6089 -0.097786 0.278545 -0.955432
1 12.0361 16.1696 1.61101 -0.0106764 -0.490188 -0.871551
1 13.0622 16.513 1.6044 -0.0121295 -0.633096 -0.773978
1 25.2011 2.54371 1.7545 -0.464614 -0.417614 0.780854
1 2.88854 5.17609 1.60895 0.234357 -0.100327 -0.96696
1 21.8806 18.8012 1.61309 -0.0341573 0.724076 -0.688874
1 21.2309 31.655 1.75827 0.359515 0.590215 0.722769
1 26.9035 27.1538 1.75774 0.161185 0.333637 0.92882
1 11.3927 2.123 1.61773 -0.353235 -0.32939 -0.87563
1 0.790191 27.8381 1.6109 0.00853641 -0.435173 -0.900307
1 7.90026 33.6696 1.60085 -0.156011 -0.671469 -0.724424
1 25.38 16.5351 1.61434 -0.425399 0.164336 -0.889961
1 31.5941 30.7498 1.6107 0.454615 0.302175 -0.837864
1 24.0765 10.2896 1.60858 0.235487 0.21773 -0.947174
1 23.316 11.1004 1.61209 0.314891 0.434601 -0.843781
1 9.06018 16.6727 1.60825 0.123586 0.0407191 -0.991498
1 21.1156 4.34576 1.61728 -0.418933 0.601248 -0.680438
1 3.27535 14.81 1.74723 -0.297818 0.584501 0.75476
1 10.4653 32.5447 1.58944 0.608839 -0.716833 -0.339802
1 15.4013 12.797 1.75991 -0.234522 -0.276514 0.931954
1 13.9785 28.9696 1.7502 0.57594 -0.510164 0.638769
1 5.64256 19.9251 1.76499 0.264993 0.466852 0.843699
1 6.89801 26.5046 1.7602 0.0644125 -0.148313 0.986841
1 13.9528 3.17662 1.69278 -0.418842 -0.69197 0.588004
1 10.4519 9.30206 1.61116 -0.911313 -0.0581639 -0.407586
1 15.0326 8.80752 1.75776 0.228419 -0.342667 0.911265
1 32.7712 30.8404 1.609 0.457252 0.0728169 -0.886351
1 23.5148 24.9607 1.7513 0.539208 -0.266405 0.798926
1 11.1738 28.3487 1.75169 -0.150695 0.4597 0.875196
1 2.52049 22.814 1.75155 -0.397819 0.180561 0.899521
1 8.2842 8.47648 1.60888 0.651563 0.222111 -0.72535
1 30.0219 34.1508 1.75879 0.264443 0.299033 0.916869
1 12.3106 19.7297 1.63346 0.455844 -0.441367 -0.772917
1 29.9426 21.8913 1.61195 0.442893 -0.507462 -0.73914
1 19.535 3.14945 1.75238 -0.524035 0.32858 0.785763
1 11.9061 13.5556 1.61827 -0.246 -0.614923 -0.749235
1 5.50695 8.00238 1.62117 0.600516 -0.501671 -0.622661
1 19.3426 10.2846 1.76203 0.258324 0.35496 0.898483
1 17.0354 12.3023 1.76171 -0.0930432 -0.03213 0.995144
1 12.5028 5.39848 1.61402 0.14978 -0.442798 -0.884023
1 6.88882 33.2796 1.61204 -0.297077 -0.516021 -0.80341
1 19.9223 31.2781 1.75784 0.298757 0.394771 0.86885
1 31.0836 17.3645 1.60559 -0.385616 -0.632655 -0.671601
1 31.3909 28.8189 1.60834 0.12237 0.292955 -0.948263
1 34.3685 33.6761 1.61501 -0.377317 0.603741 -0.702231
1 22.2238 33.9319 1.7449 -0.00345137 0.780882 0.624669
1 31.9692 1.60791 1.74627 -0.0103261 0.630833 0.77585
1 16.52 22.6259 1.60758 -0.0194056 0.0742763 -0.997049
1 25.7401 18.3053 1.60865 -0.144701 0.117082 -0.982524
1 26.9585 17.3842 1.60939 -0.2719 -0.0653113 -0.960107
1 18.9232 21.4552 1.60944 -0.187559 -0.323235 -0.927546
1 19.6767 25.6716 1.63273 0.485297 -0.478609 -0.731724
1 11.8323 25.652 1.74915 0.291807 0.55788 0.776929
1 33.4961 0.0548759 1.6054 -0.146083 0.760215 -0.633035
1 3.91829 22.2769 1.76502 -0.291883 0.277881 0.915198
1 22.2803 32.3769 1.75524 0.215189 0.746017 0.6302
1 21.8264 30.8583 1.7502 0.494767 0.688808 0.529858
1 16.437 10.032 1.75907 0.107316 -0.109706 0.988154
1 0.248536 18.237 1.74673 0.452745 -0.249166 0.856118
1 30.0553 31.9803 1.75366 0.658757 0.313872 0.683757
1 14.1974 12.0616 1.7545 -0.268536 -0.464874 0.843671
1 23.3435 25.9815 1.76184 0.337468 -0.288926 0.8959
1 0.995808 7.20502 1.6053 0.485482 0.136838 -0.863471
1 5.32626 29.2408 1.74618 -0.387254 -0.348616 0.853523
1 28.0306 6.12665 1.61497 -0.44596 -0.454597 -0.771013
1 1.13514 12.8331 1.75721 0.035131 0.243609 0.969237
1 33.7291 20.8725 1.76238 -0.0745577 -0.443912 0.892963
1 18.347 20.5312 1.60702 -0.344628 -0.225817 -0.911174
1 28.6813 16.4058 1.61824 -0.435384 -0.353232 -0.828051
1 16.6317 7.22837 1.7558 0.467807 -0.0834702 0.87988
1 1.31481 14.6077 1.7547 -0.302968 0.275302 0.91237
1 12.4015 10.32 1.74577 0.0155556 -0.722628 0.691062
1 22.2901 26.0008 1.76429 0.322942 -0.469214 0.821916
1 29.1171 5.97474 1.60108 -0.551446 -0.602181 -0.577308
1 24.1496 13.8363 1.60634 0.746467 0.173906 -0.642296
1 10.2826 27.8844 1.75888 -0.0870502 0.329325 0.940195
1 2.62292 20.861 1.7602 -0.0352211 0.0851652 0.995744
1 9.54203 19.1307 1.61211 0.388069 0.029114 -0.92117
1 6.33465 12.308 1.6177 -0.286912 0.36318 -0.886444
1 13.643 20.5759 1.6785 -0.344062 0.611131 -0.71284
1 32.9589 19.3143 1.73464 0.159959 -0.57425 0.802901
1 10.7215 5.52289 1.60866 0.153641 -0.128263 -0.979767
1 1.63181 34.4303 1.61022 -0.364698 0.233605 -0.901346
1 17.1543 1.85049 1.75795 -0.337549 -0.0489815 0.940033
1 16.0567 15.8054 1.75199 -0.534524 -0.261626 0.803639
1 26.1429 4.20988 1.62583 -0.693587 -0.334742 -0.637875
1 34.5001 16.3336 1.74329 -0.705553 0.078236 0.704325
1 29.1842 33.4778 1.75826 0.361421 0.168977 0.916963
1 4.44257 18.1118 1.75894 0.549527 0.445227 0.706961
1 3.68922 3.559 1.60979 0.0537615 -0.211535 -0.975891
1 28.205 33.0844 1.75724 0.415384 0.0121963 0.909564
1 30.0918 14.0535 1.74968 -0.25381 -0.618365 0.743778
1 9.13703 0.127456 1.61306 -0.626325 0.182764 -0.757835
1 19.9455 7.35845 1.76309 0.437592 0.637028 0.634593
1 14.8695 15.6361 1.75566 -0.497352 -0.480231 0.722509
1 9.71748 25.7707 1.75912 0.240383 0.252397 0.93729
1 13.9752 8.87194 1.75619 0.235227 -0.513039 0.825505
1 13.1131 7.04343 1.62757 0.447074 -0.621426 -0.643393
1 0.104894 13.0517 1.76114 -0.0126766 0.0878784 0.996051
1 32.8017 20.5357 1.74143 -0.044816 -0.600915 0.798056
1 16.6366 0.570097 1.75821 -0.199769 -0.0837301 0.976259
1 0.826912 32.8596 1.61758 -0.524305 0.434801 -0.732156
1 34.5075 27.4406 1.6103 -0.0790568 -0.287635 -0.954472
1 28.812 22.5953 1.61309 0.575175 -0.264579 -0.774062
1 21.4736 32.9953 1.75136 0.122382 0.6354 0.762423
1 20.2739 5.45167 1.60713 -0.146589 0.770996 -0.619739
1 5.87658 26.4534 1.76018 0.066293 -0.287719 0.955418
1 15.656 19.0869 1.60732 -0.543781 0.26858 -0.795089
1 34.1274 24.6267 1.60937 -0.593138 -0.312112 -0.742141
1 9.29104 11.6102 1.60829 -0.393415 -0.22151 -0.892277
1 8.95191 3.19998 1.6016 -0.182151 0.285166 -0.941011
1 1.65862 1.87551 1.75489 0.122279 -0.166115 0.978496
1 23.0949 9.93621 1.61004 0.197648 0.375103 -0.905667
1 18.8282 30.7796 1.75533 0.354913 0.248408 0.901294
1 30.5188 12.9861 1.76574 -0.0537071 -0.565005 0.823338
1 29.0863 9.68311 1.61319 0.229111 -0.638282 -0.734918
1 9.42277 29.7558 1.75891 -0.410869 0.199418 0.889618
1 17.9269 8.61562 1.75684 0.310349 0.110467 0.944182
1 24.2678 6.40404 1.60842 -0.26245 0.0698141 -0.962417
1 1.68683 21.2106 1.76045 -0.111271 -0.0337401 0.993217
1 3.85791 32.4368 1.60836 -0.550557 -0.0894628 -0.82999
1 33.4959 17.6212 1.75756 0.536303 -0.357738 0.764463
1 34.5903 26.4214 1.61233 -0.246028 -0.352116 -0.903042
1 7.72816 17.8836 1.61175 0.348023 0.272972 -0.896865
1 29.3159 25.0391 1.60673 -0.282202 0.698076 -0.658067
1 4.17106 8.3289 1.61047 0.66242 -0.265016 -0.70069
1 14.6329 34.1234 1.75258 -0.130648 -0.310855 0.941435
1 22.7575 29.0842 1.7578 -0.239176 -0.398021 0.885649
1 33.426 31.6664 1.60795 0.588311 -0.0586392 -0.806506
1 9.60045 8.34122 1.60829 0.603678 0.0469659 -0.795844
1 15.6371 20.1204 1.60988 -0.383112 0.243094 -0.89114
1 16.164 32.0173 1.7593 0.163032 -0.12409 0.978786
1 29.7343 23.1682 1.61361 0.631011 -0.426175 -0.648229
1 19.0159 9.1233 1.75544 0.316369 0.287798 0.903927
1 7.25496 18.7931 1.61327 0.5317 0.371901 -0.760911
1 18.0294 12.4871 1.75921 -0.0753291 0.105906 0.991519
1 24.6287 19.7682 1.60853 0.0721837 0.301506 -0.950728
1 32.4513 18.325 1.74971 0.35044 -0.598458 0.720444
1 33.8643 32.504 1.77384 -0.696088 0.188397 0.692797
1 4.31637 21.2447 1.76195 -0.0755671 0.320597 0.944196
1 25.4782 12.8255 1.62023 0.60717 -0.00838476 -0.794528
1 0.699912 0.490964 1.60858 -0.257717 0.38683 -0.885406
1 17.6573 6.69121 1.7592 0.529268 0.145482 0.835889
1 15.4629 9.73727 1.75849 0.102843 -0.253285 0.96191
1 19.621 8.3649 1.73248 0.346736 0.478032 0.807007
1 17.7509 19.6444 1.61325 -0.494887 -0.120666 -0.860538
1 4.95382 32.8707 1.6119 -0.433604 -0.235866 -0.869687
1 1.01103 19.7017 1.76028 0.163099 -0.161877 0.973239
1 8.74934 17.7489 1.61224 0.264344 0.106451 -0.958536
1 5.40739 20.9796 1.76411 0.0423968 0.437092 0.898417
1 0.436367 12.1663 1.76094 0.153745 0.124868 0.980189
1 7.09722 16.9093 1.604 0.239716 0.338473 -0.90993
1 29.8196 10.3698 1.62783 0.307677 -0.785394 -0.537113
1 9.9869 16.9968 1.608 0.131441 -0.0912013 -0.98712
1 14.4355 19.4364 1.60102 -0.557508 0.516079 -0.650267
1 18.1787 25.113 1.60982 0.385198 -0.208749 -0.898914
1 17.4865 22.4301 1.60755 -0.0388898 -0.0871296 -0.995438
1 14.4576 16.5648 1.76877 -0.624989 -0.552984 0.550998
1 4.23419 1.52508 1.61554 -0.15598 -0.247099 -0.956354
1 0.649821 34.045 1.6045 -0.385086 0.428296 -0.817479
1 28.7105 34.3284 1.76088 0.213301 0.0948451 0.972372
1 7.14804 21.5928 1.59347 0.0218196 -0.684981 -0.728235
1 3.877 26.1801 1.75292 0.126086 -0.585182 0.801039
1 24.1787 11.8227 1.61149 0.415111 0.255231 -0.873235
1 25.8863 27.0308 1.75867 0.174099 0.149362 0.973335
1 30.3365 24.1042 1.60653 -0.536374 0.484438 -0.691102
1 26.6717 34.1422 1.7562 0.176644 -0.198096 0.964134
1 31.9342 14.706 1.763 -0.352641 -0.3068 0.884035
1 17.8899 4.45467 1.7482 -0.742049 0.0307678 0.669639
1 1.16511 18.7121 1.75838 0.34033 -0.130619 0.93119
1 1.50904 31.5215 1.68766 -0.65968 0.481569 -0.576987
1 2.43463 1.25456 1.61388 -0.193363 0.0573586 -0.979449
1 16.7247 30.0039 1.75566 0.431348 -0.0594937 0.900222
1 3.17362 7.75504 1.61285 0.592732 -0.123139 -0.795931
1 15.8096 25.033 1.60816 0.383761 0.17823 -0.906069
1 0.876516 20.7014 1.75986 -0.020132 -0.16242 0.986516
1 16.156 1.44513 1.75659 -0.304484 -0.187667 0.933847
1 34.147 11.8385 1.7613 0.195671 -0.0169568 0.980523
1 12.0755 3.05257 1.62646 -0.21396 -0.448972 -0.867551
1 29.3017 19.3435 1.61217 0.049037 -0.43631 -0.898459
1 33.3185 7.04078 1.62162 0.443594 0.423188 -0.790023
1 18.1742 23.2543 1.61116 0.101956 -0.201464 -0.974175
1 20.7124 6.89578 1.60341 0.0676846 0.7706 -0.633714
1 5.78223 28.3214 1.75744 -0.223945 -0.288433 0.930943
1 10.1737 31.4232 1.76073 -0.645161 0.323732 0.692073
1 29.5389 15.9319 1.62408 -0.490018 -0.504121 -0.711157
1 8.18332 30.8729 1.75715 -0.602769 -0.0519552 0.796222
1 26.0421 33.4316 1.75372 0.321216 -0.269363 0.90789
1 19.9997 1.25791 1.75506 -0.244221 0.402825 0.882093
1 32.9858 24.8007 1.61259 -0.509618 -0.0843345 -0.856257
1 0.288855 4.4316 1.6114 0.110382 0.275302 -0.955
1 3.91262 33.4051 1.60691 -0.440082 -0.0805664 -0.894336
1 16.4297 13.1075 1.7603 -0.21671 -0.121078 0.968699
1 19.1892 22.9645 1.61018 0.0492906 -0.371783 -0.92701
1 20.4927 23.0433 1.60796 0.0114389 -0.641203 -0.767286
1 8.39568 27.3216 1.75959 -0.0365553 0.0548693 0.997824
1 1.88074 5.39169 1.60958 0.236441 0.0277853 -0.971248
1 15.1943 10.7068 1.75642 -0.0261036 -0.290529 0.95651
1 0.803812 2.61005 1.60964 -0.0526307 0.284424 -0.957253
1 27.2079 8.79157 1.60964 0.0343857 -0.325847 -0.944797
1 8.02602 3.47352 1.62671 -0.124211 0.484487 -0.865935
1 14.2171 1.57728 1.75051 -0.334415 -0.488926 0.805679
1 32.3717 29.0282 1.60792 0.159044 0.120341 -0.97991
1 0.745508 1.53908 1.61267 -0.148049 0.321506 -0.935262
1 4.62875 5.11003 1.60879 0.195625 -0.397394 -0.896554
1 15.3498 33.4751 1.75886 -0.0478942 -0.218549 0.97465
1 33.5517 14.5781 1.7586 -0.33162 -0.0520895 0.941974
1 8.1332 13.2785 1.60635 -0.185156 0.0517104 -0.981348
1 9.06869 5.21526 1.61098 0.0908458 0.207997 -0.973902
1 0.808432 5.41268 1.60848 0.240428 0.183109 -0.953239
1 6.70618 15.2844 1.61046 0.0506175 0.336366 -0.94037
1 27.2601 9.9212 1.76699 -0.19796 0.331398 0.92249
1 11.5178 17.159 1.61027 0.131792 -0.351906 -0.926711
1 28.575 26.7936 1.77132 0.243093 0.69643 0.675197
1 2.18052 11.3215 1.75774 0.327087 0.426677 0.843185
1 33.1915 29.9004 1.60781 0.302587 -0.00749018 -0.953092
1 27.1016 33.094 1.75557 0.37142 -0.138066 0.918142
1 29.5016 0.376425 1.75999 0.117671 0.213498 0.969831
1 24.4234 1.58123 1.7533 -0.244188 -0.520384 0.818274
1 30.1016 33.0657 1.75484 0.464096 0.321449 0.8254
1 17.607 7.63863 1.75022 0.405984 0.0871762 0.909713
1 27.3258 2.14522 1.75875 -0.256257 -0.111501 0.960156
1 15.5988 6.9206 1.75491 0.499505 -0.271579 0.822642
1 6.41263 29.2133 1.7556 -0.372216 -0.209408 0.904214
1 16.1692 34.1456 1.75855 -0.11067 -0.114169 0.987278
1 2.04022 10.185 1.73834 0.525014 0.407256 0.747331
1 2.2888 7.06965 1.60996 0.503967 -0.00135458 -0.863722
1 15.3112 28.531 1.75867 0.66058 -0.260655 0.704055
1 9.39571 24.6918 1.75849 0.395469 0.189431 0.898733
1 31.1599 13.8941 1.76106 -0.216219 -0.439887 0.871636
1 27.6375 14.1604 1.61063 -0.835815 0.0231257 -0.548524
1 13.25 17.7894 1.62323 0.174527 -0.614887 -0.769061
1 31.0239 1.54986 1.75845 -0.0364843 0.476305 0.878523
1 21.1446 26.6208 1.59133 -0.244116 0.683458 -0.687962
1 14.774 2.76361 1.74713 -0.464369 -0.47809 0.745514
1 24.8313 26.9529 1.75947 0.179102 -0.0298719 0.983377
1 3.96374 10.9232 1.60889 -0.184748 0.855765 -0.483255
1 3.02091 18.9572 1.75723 0.320906 0.131064 0.937999
1 3.21015 27.1898 1.75437 -0.0519688 -0.662915 0.746889
1 11.5158 6.08893 1.60974 0.259101 -0.29981 -0.91814
1 20.2125 14.2853 1.75769 -0.234887 0.438496 0.867496
1 19.269 2.18037 1.75803 -0.400503 0.273701 0.874463
1 17.3259 17.7952 1.75458 -0.825969 0.021651 0.5633
1 26.2719 2.31741 1.74885 -0.410315 -0.24223 0.879185
1 17.6682 1.00549 1.7569 -0.23135 0.0390116 0.972088
1 3.39998 23.2657 1.76212 -0.517872 0.32558 0.791079
1 8.27006 29.9429 1.75458 -0.468417 0.0179266 0.883326
1 9.06026 1.9929 1.60697 -0.333654 0.249342 -0.909122
1 28.673 11.1243 1.65343 0.416762 -0.571458 -0.706927
1 33.8205 18.5792 1.76076 0.318215 -0.41464 0.852533
1 12.3504 33.9436 1.74984 -0.152405 -0.633918 0.758235
1 24.253 32.5995 1.76052 0.378841 -0.564677 0.733225
1 22.1307 5.94336 1.60829 -0.247424 0.435065 -0.865737
1 26.7055 22.0206 1.61494 0.461241 0.0415946 -0.886299
1 10.3516 11.6186 1.61332 -0.384779 -0.431634 -0.815866
1 26.334 8.23212 1.60797 -0.0377046 -0.200717 -0.978923
1 31.9094 15.7998 1.75631 -0.545341 -0.309731 0.77889
1 5.12417 15.8368 1.61246 0.105074 0.701016 -0.705362
1 15.8599 3.36531 1.75424 -0.551638 -0.264589 0.791004
1 24.9233 17.6069 1.60938 -0.261178 0.245845 -0.933459
1 0.969379 26.6699 1.6126 -0.167821 -0.541471 -0.823799
1 13.7343 22.718 1.61226 -0.00387449 0.516239 -0.856436
1 31.9927 21.1593 1.76855 -0.16363 -0.736532 0.656312
1 11.3952 30.6551 1.75241 -0.496601 0.574833 0.650349
1 4.86089 26.4167 1.75652 0.0877301 -0.42756 0.89972
1 22.1352 9.42389 1.6131 0.168627 0.53396 -0.828524
1 30.012 8.75677 1.61145 0.0387521 -0.744357 -0.666657
1 16.21 33.026 1.76077 0.0321458 -0.117468 0.992556
1 11.0198 14.0677 1.61687 -0.143971 -0.407963 -0.901575
1 25.4819 1.52661 1.75631 -0.248209 -0.365436 0.897133
1 26.9808 15.0343 1.64437 -0.661686 -0.0723859 -0.746279
1 6.31019 24.5652 1.76291 0.341419 -0.249155 0.906286
1 13.37 31.4957 1.75514 0.231867 -0.523672 0.81976
1 23.9803 0.433611 1.75089 -0.0402575 -0.623072 0.781127
1 29.2679 1.58245 1.75925 -0.0899268 0.178672 0.979791
1 20.7341 9.05102 1.74939 0.399279 0.720234 0.567308
1 29.9515 3.26525 1.76062 -0.357688 0.24837 0.900206
1 14.1314 18.0994 1.76559 -0.0929752 0.758941 0.644487
1 17.7363 27.3981 1.75092 0.837328 0.0250405 0.546127
1 1.58392 0.842692 1.61378 -0.237827 0.211163 -0.948076
1 19.0913 12.3692 1.75708 -0.0259235 0.27 0.962511
1 25.4039 26.1629 1.7609 0.335006 0.0715653 0.939494
1 4.18489 27.3082 1.75602 -0.059362 -0.51518 0.855024
1 11.522 18.2292 1.60935 0.270178 -0.319609 -0.908215
1 1.33074 29.4672 1.61522 0.256309 -0.517375 -0.816473
1 32.6117 6.02742 1.61073 0.242024 0.533796 -0.810238
1 24.6996 25.1317 1.75459 0.514874 -0.0664987 0.854683
1 20.4069 0.162149 1.75416 -0.0737688 0.471116 0.878981
1 25.2714 11.9169 1.60464 0.464708 0.0515994 -0.883959
1 17.2507 20.6496 1.60731 -0.324535 -0.0433046 -0.944882
1 8.46476 18.8521 1.61122 0.391015 0.186603 -0.90127
1 5.92008 33.4688 1.61527 -0.290559 -0.359366 -0.88681
1 26.5858 1.39423 1.75911 -0.18479 -0.221358 0.957524
1 20.4468 21.1731 1.61329 -0.206362 -0.594639 -0.777058
1 25.9575 24.4275 1.76173 0.678175 0.16509 0.716118
1 10.3853 1.69563 1.61598 -0.410529 -0.10123 -0.906211
1 24.5525 24.1951 1.75775 0.688698 -0.0546692 0.722985
1 30.1347 1.16414 1.75963 0.0064242 0.317113 0.948366
1 29.0819 20.4031 1.60829 0.215642 -0.381507 -0.898861
1 26.8321 23.6957 1.61792 0.798485 0.148639 -0.583376
1 10.9945 26.1194 1.75487 0.205073 0.435653 0.876443
1 26.5497 28.9422 1.76064 -0.179169 0.269753 0.946114
1 23.0564 0.426202 1.74213 0.00736168 -0.785957 0.618237
1 17.2752 11.3137 1.75933 0.0144433 0.0111362 0.999834
1 15.796 13.8825 1.75633 -0.329733 -0.229218 0.915825
1 31.8703 13.2045 1.75612 -0.0921164 -0.341018 0.935533
1 25.1443 33.0339 1.75725 0.379187 -0.402506 0.83319
1 25.5079 34.3062 1.75736 0.128305 -0.340391 0.931489
1 30.2293 19.4406 1.60512 0.0457052 -0.606052 -0.794111
1 10.7509 2.80726 1.60501 -0.264579 -0.145738 -0.953288
1 5.65181 1.18894 1.62716 -0.328323 -0.463353 -0.823109
1 6.93563 13.0956 1.61241 -0.201623 0.259494 -0.944463
1 3.55695 9.41637 1.74725 -0.828618 0.198036 0.523616
1 16.2252 11.0448 1.75837 -0.00286077 -0.136641 0.990617
1 17.4733 34.5885 1.76005 -0.101705 0.0396125 0.994026
1 2.28716 23.8152 1.76039 -0.572494 0.131471 0.809299
1 18.9282 19.6319 1.60999 -0.494728 -0.31207 -0.811083
1 21.3892 17.1465 1.78044 0.268266 -0.803725 0.531093
1 3.02483 12.2141 1.76158 0.16837 0.572086 0.802726
1 17.87 21.455 1.6072 -0.193517 -0.147758 -0.969907
1 12.3896 17.4358 1.61593 0.135783 -0.487816 -0.862322
1 22.4074 14.1975 1.59703 0.250452 -0.754788 -0.606275
1 9.25154 15.6167 1.61116 0.0191251 -0.0423057 -0.998922
1 3.54524 0.702866 1.61111 -0.251842 -0.0926425 -0.963324
1 23.8085 26.9141 1.7583 0.170855 -0.214486 0.961667
1 18.0533 5.82324 1.74788 0.630744 0.258032 0.731834
1 24.1406 4.53871 1.61117 -0.5292 -0.0056184 -0.848479
1 11.112 27.2405 1.75412 0.0270562 0.458384 0.888342
1 33.9037 4.40136 1.60865 -0.00595184 0.418861 -0.908031
1 21.8603 27.1583 1.76757 0.11282 -0.56981 0.813995
1 8.39321 1.12472 1.60753 -0.456616 0.354459 -0.816003
1 15.6552 17.712 1.75058 -0.798367 -0.26142 0.542466
1 20.1775 12.2534 1.75461 0.0532149 0.435618 0.898557
1 23.2262 30.1872 1.76308 -0.380927 -0.317617 0.86834
1 12.2329 31.5413 1.7628 0.245142 -0.650004 0.719306
1 5.50017 6.74383 1.60662 0.41652 -0.532696 -0.736713
1 32.0277 19.6634 1.76592 0.0897486 -0.745888 0.659997
1 13.2426 27.8668 1.74807 -0.102614 0.769344 0.630539
1 30.8124 16.065 1.67127 -0.625278 -0.632078 -0.457718
1 23.8244 14.9776 1.64485 -0.748037 0.308117 -0.587797
1 29.8199 27.9004 1.61537 0.0334222 0.636902 -0.77022
1 4.687 28.3103 1.75515 -0.224687 -0.427636 0.875582
1 16.5545 2.63726 1.75862 -0.450057 -0.144234 0.881275
1 29.0421 32.4285 1.75617 0.555543 0.136637 0.820185
1 16.4071 14.9156 1.75173 -0.430672 -0.171076 0.886146
1 17.3485 26.4239 1.60976 0.646634 -0.0571613 -0.760656
1 22.8878 18.5211 1.61168 -0.116478 0.570585 -0.812937
1 1.84446 20.236 1.76061 0.0690782 -0.038347 0.996874
1 22.9606 21.0242 1.6061 0.289592 0.528825 -0.797797
1 4.58012 3.88922 1.61561 0.0673071 -0.37473 -0.924688
1 26.6358 19.2954 1.60723 0.0191225 0.000862139 -0.999817
1 0.470904 25.5254 1.61413 -0.397349 -0.45528 -0.796764
1 31.4745 9.38649 1.76898 0.594611 -0.425596 0.682133
1 15.413 26.6814 1.60083 0.6974 0.160816 -0.698407
1 23.7939 20.3513 1.61194 0.181576 0.416432 -0.89085
1 18.4231 0.347128 1.75795 -0.143151 0.155285 0.977443
1 8.76309 10.6796 1.62353 -0.525327 -0.140664 -0.839193
1 33.9012 30.6491 1.60999 0.429303 -0.141899 -0.891944
1 34.3454 13.9325 1.75956 -0.17911 0.0482315 0.982646
1 34.0421 22.0451 1.75491 -0.277641 -0.359322 0.890956
1 24.4428 23.2741 1.60036 0.804838 0.236854 -0.544183
1 3.86443 24.9021 1.75063 0.388474 -0.559559 0.732108
1 19.8094 22.063 1.61067 -0.0909533 -0.479389 -0.872877
1 13.4024 19.0526 1.59949 0.354414 -0.651253 -0.671014
1 7.61453 14.9522 1.60821 0.00265841 0.180769 -0.983522
1 17.4395 10.302 1.76107 0.115646 0.037364 0.992587
1 5.24084 12.7462 1.62219 -0.18086 0.609584 -0.771814
1 10.0359 23.9092 1.75373 0.532777 0.266172 0.803306
1 25.3757 31.9489 1.74629 0.605138 -0.342561 0.718652
1 34.4153 6.97479 1.60342 0.453017 0.281081 -0.846032
1 30.8721 31.4031 1.61369 0.60879 0.45422 -0.65043
1 34.3676 0.434652 1.62574 -0.185408 0.580683 -0.792737
1 5.11271 2.01289 1.60873 -0.169286 -0.435246 -0.884253
1 26.8829 31.5456 1.66446 0.7973 -0.147812 0.585204
1 6.25454 3.93373 1.67929 -0.0460655 -0.71512 -0.697482
1 7.00636 32.1792 1.60798 -0.535141 -0.52098 -0.664984
1 30.8676 2.68257 1.75596 -0.225985 0.432447 0.87288
1 5.37425 3.16597 1.61141 -0.0541408 -0.498915 -0.864958
1 8.29782 19.9373 1.6072 0.48488 0.348834 -0.802002
1 1.16483 23.4282 1.75568 -0.514837 -0.0402002 0.856345
1 3.32048 21.5338 1.76143 -0.150329 0.19735 0.968738
1 16.6649 19.8361 1.61414 -0.443029 0.0636048 -0.894248
1 16.8253 8.26312 1.75772 0.328208 -0.0521139 0.943167
1 1.7059 13.6296 1.75188 -0.103716 0.342124 0.933913
1 30.8761 22.2414 1.61948 0.423939 -0.675237 -0.603598
1 27.6868 33.9133 1.76076 0.24982 -0.0470732 0.967147
1 9.44958 27.3214 1.76005 -0.0136421 0.202377 0.979213
1 14.9137 29.5854 1.75629 0.486696 -0.342462 0.803646
1 18.3657 3.52868 1.7602 -0.587908 0.132136 0.798063
1 22.2562 10.7965 1.61589 0.318801 0.661644 -0.67867
1 1.25061 11.672 1.75907 0.259048 0.253973 0.931875
1 18.7392 34.0063 1.75853 -0.0302402 0.205457 0.978199
1 2.62424 6.13262 1.60918 0.366519 -0.0650572 -0.928133
1 3.61149 20.5481 1.75976 0.036132 0.206319 0.977817
1 21.0427 1.16633 1.75253 -0.200881 0.572413 0.794978
1 24.0168 21.4489 1.60815 0.387841 0.366502 -0.845728
1 10.8903 8.36665 1.61591 0.595915 -0.161898 -0.786558
1 7.4269 13.9613 1.60564 -0.104576 0.177327 -0.97858
1 34.5835 23.5949 1.7593 -0.614692 -0.234329 0.753155
1 23.6307 33.7692 1.75698 0.142068 -0.630669 0.762937
1 25.9915 6.05423 1.60818 -0.362954 -0.232126 -0.902431
1 26.9612 25.2119 1.75464 0.489473 0.347189 0.799922
1 26.2739 32.4649 1.74566 0.535276 -0.19787 0.821175
1 23.9506 18.0775 1.61502 -0.201162 0.403063 -0.89279
1 11.6082 5.02653 1.60996 0.0710785 -0.28956 -0.954517
1 5.64122 25.4429 1.75502 0.211267 -0.342646 0.915401
1 34.1689 29.5019 1.60887 0.268541 -0.206658 -0.940839
1 12.0928 7.98739 1.60926 0.53658 -0.394397 -0.746011
1 2.83869 32.9479 1.60571 -0.539173 0.0912589 -0.837236
1 30.4768 18.1955 1.60914 -0.154333 -0.618399 -0.770561
1 13.8152 23.8972 1.61472 0.201322 0.528443 -0.824753
1 10.8707 12.8991 1.61211 -0.26994 -0.418683 -0.867085
1 20.5745 32.3457 1.75535 0.231435 0.49678 0.836449
1 17.1345 9.27571 1.75956 0.218966 -0.0116882 0.975663
1 28.1202 25.4067 1.76242 0.453752 0.57259 0.682825
1 15.0964 1.13509 1.75526 -0.284692 -0.321293 0.903173
1 31.9701 10.2661 1.75749 0.463474 -0.332278 0.821452
1 12.3997 11.8103 1.74409 -0.220194 -0.768822 0.600356
1 32.194 33.8859 1.74648 0.367368 0.636634 0.67804
1 13.1748 0.236106 1.74195 -0.297371 -0.528411 0.795206
1 20.1304 19.9164 1.61776 -0.42676 -0.536416 -0.728103
1 6.64358 17.7492 1.61883 0.356252 0.449546 -0.819141
1 18.4644 29.5054 1.75576 0.516339 0.222487 0.826978
1 26.106 21.1191 1.61332 0.313808 0.125879 -0.941105
1 23.1661 32.6049 1.59598 -0.158262 0.809006 -0.566094
1 20.3076 11.1311 1.75422 0.2188 0.511861 0.830737
1 22.3243 16.0424 1.60479 -0.529561 0.63784 -0.559218
1 19.2717 27.9072 1.72634 0.745855 0.335339 0.575541
1 6.08818 2.38251 1.6276 -0.152256 -0.650338 -0.74423
1 18.5319 26.0439 1.61205 0.528074 -0.259411 -0.808606
1 10.4664 19.8413 1.60786 0.488033 -0.0858633 -0.868592
1 2.95528 25.9772 1.69122 0.188273 -0.721099 0.666761
1 27.6205 11.9765 1.61177 0.472134 -0.374818 -0.797873
1 23.4073 22.2273 1.61239 0.516551 0.470962 -0.715101
1 10.8509 16.4838 1.61053 0.0943149 -0.253098 -0.962832
1 15.6344 30.2725 1.75514 0.390728 -0.230672 0.891135
1 13.0523 21.818 1.62698 -0.142674 0.628666 -0.764476
1 3.47922 6.73856 1.60958 0.450105 -0.188169 -0.872925
1 26.6394 5.34583 1.62428 -0.498371 -0.377189 -0.780612
