1 16.6895 32.5637 1.76048 0.0460445 -0.0418433 0.998063
1 26.0542 15.32 1.61639 -0.699278 0.12371 -0.704064
1 20.3252 14.6709 1.75016 -0.284045 0.449956 0.846675
1 27.2305 20.3543 1.60826 0.186384 -0.0302362 -0.982012
1 5.17313 26.2485 1.75763 0.217812 -0.372333 0.902178
1 20.7317 7.35628 1.769 0.340355 0.730077 0.592576
1 13.6147 21.0973 1.62773 -0.30797 0.464438 -0.830332
1 29.4155 19.1061 1.61192 0.0364923 -0.390975 -0.919677
1 9.22453 6.85553 1.61673 0.439335 0.110618 -0.891487
1 2.88284 12.6636 1.75938 -0.00764316 0.514536 0.857435
1 18.6447 17.5701 1.74689 -0.691709 0.116102 0.712783
1 34.1074 15.3804 1.74532 -0.534524 -0.0263812 0.844742
1 24.1637 1.31861 1.74228 -0.0341349 -0.375539 0.926178
1 30.5408 14.0123 1.7564 -0.22665 -0.606371 0.762197
1 15.1662 21.7601 1.60789 -0.155752 0.194501 -0.968458
1 25.7612 18.1962 1.60892 -0.197988 0.119861 -0.972849
1 17.1093 0.940814 1.7593 -0.321009 0.0274922 0.946677
1 31.0679 19.2277 1.60322 0.0907526 -0.674261 -0.732896
1 31.0962 17.9076 1.61338 -0.143205 -0.662134 -0.735575
1 14.0328 19.6318 1.6028 -0.512089 0.381939 -0.769342
1 14.0013 30.6825 1.75391 0.298571 -0.410347 0.861667
1 18.3359 20.2236 1.6024 -0.404414 -0.337891 -0.84987
1 17.2901 29.9834 1.75698 0.39821 0.0202386 0.917071
1 34.2178 0.444951 1.75291 -0.0893303 0.792794 0.602908
1 32.5159 1.26664 1.71245 -0.167439 0.508736 0.844483
1 24.1512 13.7522 1.61296 0.621289 0.182914 -0.761933
1 8.0669 10.335 1.61373 -0.535349 0.0756439 -0.841237
1 8.57921 16.483 1.60937 0.0963602 0.0984586 -0.990465
1 6.30054 34.2501 1.61069 -0.189414 -0.0475592 -0.980745
1 16.3083 15.2519 1.75638 -0.390006 -0.188961 0.901216
1 12.2191 13.0299 1.59985 -0.0153526 -0.706495 -0.707551
1 8.46855 26.2459 1.75705 0.19082 0.126408 0.973452
1 10.9273 5.87445 1.60911 0.247236 -0.175459 -0.952937
1 14.3407 26.5017 1.61695 0.652239 0.316604 -0.688728
1 20.102 9.45588 1.74725 0.224615 0.546407 0.806838
1 25.8259 25.8881 1.75778 0.323844 0.194308 0.925942
1 9.25492 8.40016 1.66633 0.788123 -0.0338574 -0.614586
1 2.85139 34.0313 1.60512 -0.300651 0.374313 -0.877211
1 17.0797 31.7131 1.76031 0.157221 0.0110664 0.987501
1 6.44707 17.8346 1.61765 0.288654 0.523629 -0.801555
1 2.66229 15.761 1.76012 -0.567022 0.36285 0.739477
1 3.23254 19.2467 1.75683 0.239716 0.205262 0.948896
1 20.1524 23.6056 1.60796 0.171271 -0.607473 -0.775656
1 17.5793 15.4896 1.75521 -0.408445 -0.00370064 0.912776
1 4.7181 10.7034 1.63106 -0.270316 0.695484 -0.665756
1 22.208 29.6277 1.75681 -0.329256 -0.575261 0.748776
1 20.8841 10.464 1.74556 0.0648163 0.684993 0.72566
1 29.7957 13.0257 1.7678 -0.0501034 -0.752567 0.656607
1 29.1705 6.46475 1.61158 -0.406454 -0.618974 -0.672061
1 3.42882 4.3945 1.60738 -0.234003 -0.382534 -0.893818
1 28.1857 27.1887 1.76542 0.076506 0.685082 0.724438
1 2.9401 18.1145 1.75611 0.438245 0.161995 0.884137
1 11.2068 7.99872 1.61765 0.609831 -0.234342 -0.757093
1 12.3947 21.6535 1.60081 -0.182823 0.672898 -0.716787
1 21.8163 18.9278 1.61448 -0.155596 0.694218 -0.702745
1 9.39146 29.2431 1.76142 -0.348374 0.253938 0.902303
1 32.6362 27.9197 1.60658 -0.0487284 0.0189955 -0.998631
1 28.2301 25.7713 1.7641 0.251631 0.717184 0.649869
1 16.4373 17.0836 1.75539 -0.582292 -0.239669 0.776849
1 5.11912 5.62906 1.60452 -0.039658 -0.711717 -0.701346
1 7.60582 4.20859 1.60259 -0.005915 0.432131 -0.901792
1 26.6542 25.2937 1.75663 0.408807 0.337836 0.847788
1 19.9589 10.6428 1.74808 0.0928956 0.501564 0.860119
1 33.7755 12.6298 1.75852 -0.00585036 -0.0745347 0.997201
1 30.0369 24.6215 1.60612 -0.49927 0.467337 -0.729606
1 2.34782 26.9897 1.73016 0.0907276 -0.775171 0.625203
1 28.1473 6.55014 1.61445 -0.388862 -0.446068 -0.806108
1 21.9129 0.725849 1.60338 -0.430626 0.745036 0.509395
1 15.0382 19.9304 1.6096 -0.444519 0.221166 -0.868037
1 33.4174 27.332 1.60808 -0.138733 -0.158602 -0.977547
1 31.9262 3.9968 1.60946 -0.189329 0.364244 -0.911856
1 5.41154 1.12335 1.60995 0.0901833 0.027477 -0.995546
1 12.4426 4.77766 1.60743 0.037526 -0.458355 -0.887977
1 18.6818 13.736 1.75781 -0.200718 0.191346 0.96078
1 15.8399 32.9501 1.75999 -0.0113003 -0.156288 0.987647
1 24.3425 24.7158 1.76436 0.557626 -0.0718175 0.826979
1 17.5713 5.49586 1.75531 0.718108 0.0238666 0.695522
1 25.0227 26.479 1.76049 0.221672 0.0536676 0.973643
1 34.489 13.233 1.75684 -0.126823 0.0277767 0.991536
1 9.73902 26.5433 1.76104 0.145447 0.298504 0.94326
1 31.5205 33.9871 1.75518 0.284328 0.414884 0.864308
1 32.2239 25.9505 1.6091 -0.394426 0.0151053 -0.918803
1 31.4755 27.2575 1.6075 -0.174561 0.205517 -0.96296
1 21.5322 6.91252 1.5916 -0.148439 0.754658 -0.639107
1 16.4994 30.8914 1.75859 0.274513 -0.0806235 0.958197
1 24.4044 11.7964 1.61409 0.313596 0.198572 -0.928562
1 7.62814 13.6898 1.60778 -0.16928 0.18086 -0.968831
1 23.5433 9.20427 1.61524 -0.0295972 0.332219 -0.942738
1 30.1672 11.6746 1.76921 0.147303 -0.701861 0.696916
1 2.16927 11.936 1.7607 0.101963 0.352656 0.930181
1 27.943 7.66095 1.61192 -0.204637 -0.396109 -0.89511
1 8.1311 34.399 1.61154 -0.174367 -0.29146 -0.940557
1 25.214 4.39754 1.66327 -0.839237 -0.0587067 -0.540588
1 19.6048 26.3615 1.77849 -0.570201 0.550427 0.609837
1 14.0919 11.3961 1.75618 -0.0572129 -0.572193 0.818121
1 9.0608 32.9732 1.60705 -0.529635 -0.312998 -0.788365
1 26.3486 30.5494 1.74796 -0.498541 0.220815 0.83827
1 4.3759 20.6593 1.75736 -0.0273416 0.377077 0.925778
1 18.6911 4.48929 1.75846 -0.831004 0.177526 0.527178
1 25.94 17.2217 1.61372 -0.366841 0.0974938 -0.925161
1 0.496888 0.539865 1.60968 -0.0370613 0.694068 -0.718955
1 23.5491 25.4525 1.75693 0.400879 -0.209163 0.891934
1 29.2035 20.283 1.60909 0.191743 -0.340185 -0.920602
1 13.1661 13.1648 1.73288 -0.127922 -0.790209 0.599338
1 33.6382 13.7823 1.75674 -0.226107 -0.0961389 0.969347
1 22.2837 12.1991 1.61172 0.28301 0.568525 -0.772453
1 0.709123 1.82579 1.61738 0.239884 0.588377 -0.772184
1 30.4889 21.9555 1.61366 0.432052 -0.535657 -0.725536
1 23.82 16.7791 1.60807 -0.462189 0.4251 -0.778249
1 2.01539 5.12753 1.61185 -0.0672206 -0.168419 -0.983421
1 30.1892 17.1999 1.60957 -0.258665 -0.496817 -0.828411
1 20.1347 12.7467 1.74944 -0.0655681 0.470496 0.879963
1 4.77637 4.31951 1.60625 -0.239661 -0.605896 -0.758586
1 16.855 16.2039 1.7515 -0.490535 -0.123486 0.862628
1 16.672 20.7453 1.61193 -0.310804 -0.062167 -0.948439
1 13.3967 17.2532 1.58717 0.0692765 -0.753923 -0.6533
1 9.23665 10.2205 1.61339 -0.564337 -0.12356 -0.816245
1 12.1616 14.7437 1.62003 -0.117085 -0.534695 -0.836895
1 11.1933 30.1619 1.75369 -0.497831 0.544143 0.675331
1 17.2394 26.6252 1.6153 0.69346 -0.090142 -0.714834
1 15.0646 2.64668 1.74158 -0.584417 -0.344602 0.734647
1 6.95508 29.6963 1.7572 -0.396931 -0.0236419 0.917544
1 19.16 9.69745 1.75629 0.201081 0.358166 0.911748
1 22.6537 17.1359 1.61391 -0.387785 0.596804 -0.702459
1 25.6272 27.2231 1.76 0.0925466 0.176699 0.979904
1 25.8916 20.2929 1.60934 0.155895 0.151479 -0.97609
1 15.1175 32.2753 1.76027 0.0821251 -0.258961 0.96239
1 4.55968 16.4212 1.61983 0.181476 0.754864 -0.630276
1 28.9174 7.58582 1.60971 -0.223469 -0.5544 -0.801687
1 31.2372 0.37804 1.75815 0.0852746 0.372886 0.92395
1 6.21564 27.857 1.75917 -0.0675739 -0.183184 0.980754
1 11.4651 5.00185 1.60797 0.0922384 -0.278796 -0.955911
1 14.5513 15.6258 1.75959 -0.400426 -0.531667 0.746317
1 13.2871 30.0431 1.73827 0.391912 -0.483061 0.78298
1 11.2644 15.1734 1.61668 -0.0327282 -0.376456 -0.925856
1 30.9065 12.8526 1.75753 -0.0385913 -0.553794 0.831759
1 8.62157 13.9778 1.60809 -0.122269 0.0370358 -0.991806
1 34.1489 28.0644 1.60701 -0.00756624 -0.285889 -0.958233
1 0.696412 15.6001 1.61861 -0.596015 0.174369 0.783812
1 10.4482 10.1689 1.61392 -0.533441 -0.3112 -0.786509
1 17.9071 28.4005 1.75659 0.672308 0.0713301 0.736827
1 30.9422 3.79488 1.61008 -0.183513 0.50972 -0.84054
1 29.9733 7.77122 1.62191 -0.255119 -0.715152 -0.650747
1 27.9228 0.227561 1.76224 0.109578 0.0176969 0.993821
1 20.0624 8.05966 1.74147 0.329519 0.544957 0.770999
1 6.84801 27.046 1.75927 0.0793442 -0.105286 0.991272
1 7.09085 25.2326 1.75791 0.388253 -0.117681 0.914008
1 28.4844 8.67186 1.61179 -0.0421027 -0.483997 -0.874056
1 16.5428 8.31057 1.75715 0.329971 -0.136775 0.93403
1 21.4378 27.4058 1.76092 0.0316752 -0.581953 0.812605
1 22.6788 9.82936 1.6191 -0.0382358 0.543486 -0.838547
1 9.54078 12.9492 1.60728 -0.21518 -0.115077 -0.96977
1 21.1153 23.6194 1.60911 0.122605 -0.782947 -0.609887
1 23.4512 34.0338 1.76518 0.250697 -0.600861 0.759024
1 5.36126 11.6195 1.60843 -0.252422 0.535657 -0.805825
1 9.75471 5.951 1.60545 0.267187 0.0163457 -0.963506
1 6.62249 16.6922 1.61183 0.149186 0.436304 -0.887346
1 19.6252 11.723 1.75401 -0.00923157 0.384276 0.923172
1 26.5004 26.7299 1.75557 0.181951 0.352037 0.918131
1 4.17387 24.6339 1.76735 0.604943 -0.480849 0.634688
1 19.4735 16.6966 1.75759 -0.560329 0.277638 0.780351
1 8.7523 22.7196 1.74214 0.792723 0.0937983 0.602323
1 10.11 33.557 1.60972 -0.344896 -0.521752 -0.780271
1 3.15552 14.6529 1.74343 -0.355457 0.531004 0.769211
1 26.2695 7.19064 1.60956 -0.291762 -0.118382 -0.949137
1 25.7125 33.1117 1.75643 0.441406 -0.273958 0.854463
1 13.0116 18.6873 1.59042 0.371697 -0.661594 -0.651256
1 11.6396 19.2593 1.61764 0.462353 -0.437022 -0.771519
1 4.09306 9.80773 1.76253 -0.318386 0.784052 0.532817
1 18.1726 9.86067 1.75873 0.175774 0.172127 0.969266
1 24.6756 15.756 1.60818 -0.623034 0.269073 -0.734457
1 10.3268 6.69659 1.61764 0.395996 -0.0751533 -0.915172
1 26.9771 9.6605 1.6086 0.0829834 -0.212258 -0.973684
1 9.42746 15.9908 1.60778 0.0532153 -0.0420118 -0.997699
1 5.78697 10.3481 1.60996 -0.438539 0.487498 -0.755002
1 18.3031 2.47565 1.75656 -0.508828 0.198554 0.837658
1 31.7142 2.96918 1.59306 -0.385206 0.376236 -0.842652
1 3.24245 32.9849 1.59993 -0.516127 0.261042 -0.815764
1 26.4853 13.2984 1.61176 0.625001 -0.173906 -0.761006
1 34.077 18.4049 1.75524 0.394332 -0.388765 0.832685
1 11.02 3.23148 1.60809 -0.215857 -0.219164 -0.951511
1 27.1802 6.818 1.61133 -0.360049 -0.277792 -0.890616
1 1.23527 29.184 1.61417 0.18455 -0.551666 -0.813392
1 26.2755 24.1731 1.75248 0.618804 0.2458 0.7461
1 8.58962 23.7049 1.75518 0.620504 0.122296 0.774609
1 8.76527 11.0889 1.60952 -0.440693 -0.0493873 -0.896298
1 18.0833 1.35673 1.75773 -0.363519 0.174755 0.915049
1 4.2269 19.6068 1.75886 0.170326 0.362938 0.916114
1 6.36757 19.0203 1.60739 0.461681 0.552587 -0.693901
1 10.1415 16.7022 1.60999 0.128443 -0.166557 -0.97763
1 33.1234 29.6871 1.60842 0.260898 -0.0276971 -0.964969
1 27.3715 26.2615 1.75132 0.251766 0.52663 0.811957
1 20.5537 27.0947 1.6098 -0.0271788 0.739385 -0.672735
1 4.97326 27.4261 1.76192 0.00270253 -0.372679 0.927957
1 24.3979 9.74361 1.60891 0.0519392 0.196266 -0.979174
1 28.005 28.4627 1.75888 -0.14666 0.603443 0.783803
1 23.2973 4.53574 1.60673 -0.716184 0.329818 -0.615061
1 32.711 33.813 1.75482 0.222167 0.561428 0.797145
1 14.1737 21.9711 1.60865 -0.140042 0.366912 -0.919654
1 16.6414 13.5341 1.76131 -0.199427 -0.131334 0.971072
1 14.497 23.7767 1.60945 0.158535 0.31231 -0.936658
1 7.62695 5.59399 1.61639 0.229989 0.39853 -0.887851
1 33.2803 5.22207 1.61047 0.00122975 0.195544 -0.980694
1 10.1346 3.54938 1.61031 -0.144772 -0.0493868 -0.988232
1 31.2793 4.87371 1.61033 0.00774722 0.473693 -0.880656
1 9.99529 30.8996 1.75582 -0.637382 0.326803 0.697814
1 5.25463 2.09681 1.6072 0.266447 0.0492888 -0.962588
1 25.3197 6.87558 1.61056 -0.327378 0.0315018 -0.944368
1 3.94 17.5227 1.76201 0.552515 0.384966 0.739275
1 24.312 7.01135 1.61307 -0.314899 0.198416 -0.928154
1 7.34109 18.8218 1.61601 0.395469 0.386674 -0.833119
1 0.395847 27.5554 1.61049 -0.0774075 -0.4731 -0.877602
1 1.37804 22.4021 1.75589 -0.328154 -0.0720503 0.941873
1 5.52998 9.09377 1.76867 0.534731 -0.580371 0.614192
1 34.359 14.4738 1.76088 -0.367952 0.00140194 0.929844
1 34.256 26.8128 1.61021 -0.219261 -0.332219 -0.917363
1 17.6029 8.09003 1.76046 0.356761 0.0516555 0.932767
1 24.1771 21.1423 1.6024 0.300772 0.371099 -0.878534
1 18.3447 30.3142 1.76025 0.368414 0.19238 0.909539
1 26.3643 27.8491 1.75777 -0.0162789 0.319989 0.947281
1 19.8449 0.703222 1.75435 -0.289371 0.44223 0.848939
1 33.4995 9.07574 1.7703 0.705909 -0.0284629 0.707731
1 33.2572 14.7064 1.75449 -0.397007 -0.164333 0.902984
1 27.418 11.6189 1.60802 0.367253 -0.295518 -0.881927
1 22.8062 18.3503 1.60923 -0.203705 0.537071 -0.818571
1 26.8814 17.7091 1.60983 -0.242579 -0.0180456 -0.969964
1 12.417 33.8302 1.74909 -0.171262 -0.706301 0.686883
1 8.48347 7.58537 1.61941 0.635248 0.144984 -0.758578
1 0.603631 18.0856 1.7487 0.454063 -0.213443 0.865025
1 22.1649 7.84913 1.60451 -0.152689 0.570462 -0.807006
1 8.36776 17.4624 1.60552 0.228363 0.153087 -0.961465
1 20.0496 32.0936 1.75746 0.104751 0.418879 0.90198
1 25.8627 28.7545 1.75847 -0.172853 0.202753 0.963853
1 6.56774 22.2205 1.76473 -0.587309 0.54306 0.600128
1 34.6155 5.14918 1.60632 -0.0505321 0.0706382 -0.996221
1 28.1408 22.297 1.61023 0.505863 -0.120906 -0.854099
1 8.05298 3.22742 1.60329 -0.207239 0.350041 -0.913523
1 10.1767 2.60237 1.60859 -0.307751 -0.041477 -0.950562
1 1.52652 32.4117 1.74825 -0.310164 0.431514 0.847109
1 30.4647 34.2671 1.75654 0.254567 0.276593 0.926656
1 18.0916 10.8893 1.75832 0.0647062 0.147463 0.986949
1 4.21051 28.0999 1.74901 -0.1166 -0.463972 0.878143
1 14.1388 16.7085 1.75892 -0.429354 -0.723923 0.539991
1 1.74346 2.06279 1.68209 0.290633 0.401479 -0.868532
1 26.9964 7.87078 1.61023 -0.1822 -0.229536 -0.956094
1 10.2793 5.08699 1.60668 0.111656 -0.0706145 -0.991235
1 28.7639 21.3508 1.6085 0.355049 -0.246148 -0.90186
1 12.8719 15.7404 1.60484 -0.0857893 -0.693403 -0.715425
1 2.031 10.9175 1.75614 0.282906 0.323955 0.902783
1 17.6 22.9258 1.60802 0.0530782 -0.188904 -0.98056
1 17.2507 2.07205 1.75379 -0.458774 0.0339961 0.887902
1 14.3981 24.8628 1.61005 0.348588 0.316389 -0.882261
1 19.0203 10.7705 1.7532 0.087283 0.314256 0.945317
1 10.4392 24.6729 1.75932 0.458994 0.401227 0.79268
1 26.4384 29.5297 1.75007 -0.313041 0.276704 0.908537
1 20.1858 28.5057 1.76035 0.606148 0.499134 0.619234
1 14.3866 29.5135 1.7571 0.488003 -0.338465 0.804546
1 2.24717 30.5722 1.60311 -0.181723 -0.849176 -0.49586
1 33.4359 1.49185 1.72603 -0.323289 0.613562 0.720434
1 8.07368 0.863556 1.60921 0.0418145 -0.31399 -0.948505
1 32.3042 31.9474 1.6311 0.698675 0.243765 -0.672631
1 29.5432 16.2255 1.60888 -0.446931 -0.356157 -0.820612
1 11.3264 12.4073 1.60702 -0.129291 -0.519262 -0.844779
1 26.6115 21.0984 1.61239 0.29509 0.0834875 -0.951815
1 0.183723 3.20564 1.60836 -0.469018 -0.0799778 -0.87956
1 1.93765 12.9657 1.7595 -0.0678106 0.337896 0.938738
1 10.4896 19.7463 1.6172 0.490519 -0.24856 -0.83523
1 27.6462 1.17276 1.76224 -0.0879683 0.0398355 0.995326
1 27.219 15.8007 1.62591 -0.563929 -0.0450951 -0.824591
1 32.2409 0.223255 1.75609 0.0503408 0.496255 0.866716
1 3.2516 27.5581 1.75749 0.0102652 -0.624285 0.781129
1 26.9312 22.1081 1.61167 0.472064 0.0502636 -0.88013
1 31.3071 29.1798 1.60904 0.167528 0.308584 -0.936328
1 15.0451 1.65223 1.74055 -0.463792 -0.277064 0.841506
1 20.2433 5.85894 1.76495 0.554306 0.553991 0.62116
1 4.20907 14.9266 1.62302 -0.121252 0.8268 -0.549273
1 3.88374 30.91 1.73842 -0.634793 -0.378339 0.673719
1 13.0234 5.73845 1.6082 0.186291 -0.542513 -0.819131
1 16.2228 0.344595 1.76258 -0.259401 -0.114661 0.958939
1 10.9917 9.31126 1.62172 -0.702017 -0.269009 -0.659399
1 16.3559 24.1845 1.60888 0.248389 0.0141576 -0.968557
1 2.78063 25.4972 1.76685 0.523349 -0.642179 0.5601
1 33.0168 19.0641 1.74735 0.232949 -0.62705 0.743333
1 12.9519 27.2172 1.75489 0.0515754 0.77789 0.626281
1 9.56762 4.27731 1.60773 -0.0214817 0.0536855 -0.998327
1 3.47918 20.2286 1.75732 0.056406 0.231025 0.971311
1 5.9378 23.6692 1.73126 0.692584 -0.33463 0.639023
1 25.259 10.2122 1.6076 0.114887 0.0639723 -0.991317
1 11.362 24.2641 1.75095 0.528481 0.570374 0.628793
1 1.05774 7.68998 1.61639 0.494617 0.0743851 -0.865922
1 24.4702 22.9147 1.61889 0.716338 0.219456 -0.662343
1 28.2162 20.4306 1.6071 0.204229 -0.180398 -0.962157
1 30.1438 19.8432 1.61738 0.159965 -0.50612 -0.847498
1 30.8352 5.88146 1.61666 0.20987 0.558137 -0.802769
1 7.45421 11.2389 1.61282 -0.406374 0.169967 -0.897759
1 8.72826 2.35892 1.60712 -0.350517 0.220034 -0.910342
1 17.6797 20.8924 1.61042 -0.289083 -0.223217 -0.930916
1 5.78076 29.4744 1.75642 -0.381924 -0.182535 0.905989
1 29.1591 25.6922 1.6009 -0.255375 0.750989 -0.608933
1 33.3163 28.6309 1.60686 0.0776254 -0.0993152 -0.992024
1 22.079 20.2355 1.62498 0.0945027 0.671306 -0.735131
1 0.564655 8.51248 1.59865 0.721439 0.182047 -0.66812
1 15.6264 20.7577 1.60849 -0.309605 0.116141 -0.943746
1 27.283 27.491 1.75064 0.0451387 0.508304 0.859994
1 17.6919 21.8779 1.60398 -0.126523 -0.209457 -0.969598
1 21.8958 22.839 1.77553 -0.573263 -0.631637 0.521924
1 26.542 8.75197 1.6071 -0.0578628 -0.147184 -0.987415
1 18.5536 31.2751 1.75839 0.224904 0.201478 0.953323
1 16.0425 31.8359 1.75903 0.139725 -0.135283 0.980905
1 30.2884 4.70521 1.61763 0.0224468 0.636417 -0.771019
1 6.22808 30.4662 1.75496 -0.580535 -0.0489805 0.812761
1 21.4904 31.0448 1.73329 0.250257 0.621917 0.742018
1 30.574 32.1823 1.75001 0.657733 0.331515 0.676377
1 5.83387 26.9598 1.75515 0.0866564 -0.253128 0.963544
1 27.6738 21.3399 1.60889 0.347432 -0.0743705 -0.934751
1 27.5439 2.13644 1.76143 -0.272095 0.0604372 0.96037
1 27.2118 10.6326 1.60795 0.225852 -0.247278 -0.942255
1 32.8802 10.1618 1.75161 0.446165 -0.189609 0.874634
1 31.5823 21.1506 1.60714 0.300928 -0.756671 -0.580424
1 17.8393 25.637 1.60755 0.520534 -0.211376 -0.827263
1 30.6979 7.13311 1.61098 0.455415 0.603936 -0.654109
1 15.822 22.5322 1.6071 -0.0291518 0.0897531 -0.995537
1 18.4576 19.2625 1.62342 -0.609054 -0.327964 -0.722145
1 6.36638 11.1783 1.60709 -0.372849 0.360908 -0.854827
1 14.4981 9.30467 1.75814 0.205815 -0.468358 0.859233
1 21.1529 29.5782 1.66897 0.406141 0.700778 0.586481
1 16.1892 29.9716 1.75399 0.393459 -0.134983 0.909378
1 0.339867 10.4147 1.75313 0.414049 0.0906217 0.905733
1 29.8599 30.3212 1.61308 0.330692 0.575708 -0.747799
1 28.0748 2.95446 1.76091 -0.429366 0.169034 0.887171
1 12.5115 32.5012 1.75422 0.0485017 -0.626775 0.777689
1 1.88579 8.47258 1.61694 0.58542 -0.0543216 -0.808908
1 31.0436 16.5836 1.61872 -0.385443 -0.637114 -0.667473
1 1.63464 3.44939 1.63804 -0.429137 -0.102361 -0.897421
1 19.3959 15.6588 1.75797 -0.413953 0.295049 0.861156
1 29.2019 29.1604 1.61966 0.0804829 0.695772 -0.713739
1 33.2398 0.300432 1.75475 -0.0340147 0.645031 0.763399
1 26.1713 6.23484 1.613 -0.4665 -0.103708 -0.87842
1 27.4628 24.6568 1.75849 0.46213 0.478529 0.746623
1 19.8286 3.52482 1.74911 -0.649706 0.430913 0.626256
1 3.96925 29.8433 1.76347 -0.420344 -0.426627 0.800812
1 15.4426 9.79402 1.75708 0.130131 -0.310782 0.941531
1 10.4137 15.6896 1.61077 0.0117776 -0.215201 -0.976499
1 1.4338 10.0394 1.75132 0.458918 0.223192 0.859988
1 9.83687 23.6317 1.75876 0.646001 0.325863 0.690287
1 33.664 6.78594 1.61565 0.286692 0.17921 -0.941112
1 13.1059 11.3473 1.73648 -0.0504757 -0.761606 0.646071
1 26.5692 19.6246 1.60582 0.0608139 0.0410106 -0.997306
1 15.6769 13.1624 1.76371 -0.21744 -0.3022 0.928113
1 6.67091 33.0118 1.62097 -0.446908 -0.146509 -0.882501
1 14.8575 13.565 1.74923 -0.276302 -0.456152 0.845921
1 29.4949 0.0918527 1.75693 0.170247 0.167517 0.971058
1 31.9553 12.9598 1.75726 -0.0615617 -0.371931 0.926217
1 11.1548 33.4756 1.62799 -0.368185 -0.692238 -0.620683
1 13.3022 33.271 1.75318 -0.0702353 -0.540433 0.83845
1 20.492 33.1525 1.75824 -0.0401893 0.492967 0.869119
1 12.4672 7.95664 1.6102 0.584604 -0.464805 -0.664977
1 20.2059 29.7124 1.75602 0.42671 0.529145 0.733433
1 13.4195 14.7531 1.76922 -0.388764 -0.755306 0.527613
1 15.6828 18.9984 1.62371 -0.621363 0.117736 -0.774627
1 4.58983 12.8597 1.60979 -0.198208 0.828439 -0.523834
1 14.1078 14.1058 1.74145 -0.330545 -0.620219 0.711385
1 2.46303 28.4672 1.74238 -0.182656 -0.730625 0.657893
1 27.6609 31.4598 1.7351 0.810093 -0.129406 0.571842
1 9.28822 17.1451 1.60849 0.169032 -0.0120895 -0.985536
1 10.8363 1.82683 1.60912 -0.421216 -0.176405 -0.889639
1 2.0858 33.4866 1.60148 -0.449823 0.483934 -0.750644
1 27.9546 9.67742 1.61099 0.103896 -0.371228 -0.922711
1 28.6039 23.2954 1.61051 0.638121 -0.177285 -0.749247
1 26.4222 32.1828 1.75264 0.61004 -0.186648 0.770074
1 6.21686 2.71782 1.60064 0.369158 -0.0714904 -0.926613
1 11.2516 25.5964 1.76028 0.285581 0.545081 0.788245
1 19.1161 18.4877 1.76994 -0.867335 -0.0136354 0.497538
1 2.98401 11.3209 1.75004 0.191055 0.492222 0.849244
1 13.8805 7.76215 1.75411 0.472463 -0.627902 0.61848
1 25.3499 8.88525 1.60706 -0.0412479 0.0407768 -0.998317
1 2.26885 0.317818 1.60935 -0.075342 0.394722 -0.915706
1 25.8597 8.04745 1.60802 -0.164328 -0.0472954 -0.985271
1 12.3631 28.8245 1.63083 -0.428824 0.649017 0.6284
1 7.60918 16.661 1.60886 0.131412 0.269067 -0.954114
1 20.3233 24.8371 1.61064 0.369349 -0.625886 -0.686912
1 9.60604 20.7792 1.61772 0.62022 -0.149927 -0.769967
1 9.23132 3.18297 1.61032 -0.207595 0.124579 -0.97025
1 34.1624 25.7504 1.61869 -0.430884 -0.366608 -0.824583
1 4.16875 5.21844 1.61348 -0.0772349 -0.517705 -0.852066
1 17.3478 9.02552 1.76056 0.251994 0.0214945 0.96749
1 24.8957 7.82319 1.61017 -0.192315 0.10266 -0.975949
1 26.0718 3.54884 1.75919 -0.590727 -0.12321 0.797408
1 14.8106 22.7745 1.60838 -0.00294381 0.259141 -0.965835
1 0.952935 13.0062 1.76076 -0.0869478 0.168816 0.981805
1 25.1339 28.0808 1.75876 -0.0578813 0.0831587 0.994854
1 23.122 13.087 1.61042 0.45667 0.377961 -0.805356
1 24.8859 17.6728 1.61181 -0.293743 0.238116 -0.925751
1 15.4095 0.812677 1.74814 -0.337825 -0.223294 0.914338
1 25.2584 13.2166 1.60619 0.543171 0.0183417 -0.839422
1 24.4456 10.7985 1.60914 0.179312 0.208892 -0.961359
1 18.6272 21.3926 1.61045 -0.19287 -0.377761 -0.905592
1 0.524634 25.4146 1.60591 -0.515254 -0.532251 -0.671731
1 30.526 1.73073 1.74782 -0.18252 0.288413 0.939949
1 2.63979 10.1669 1.7456 0.435994 0.416113 0.797972
1 8.26029 27.8801 1.75913 -0.0799743 0.10054 0.991714
1 27.1383 32.9438 1.75455 0.459318 -0.138466 0.877413
1 9.00959 33.9718 1.609 -0.303965 -0.38343 -0.872116
1 3.55558 13.4553 1.74252 -0.131076 0.647314 0.750869
1 1.339 27.8827 1.6117 -0.0424136 -0.670693 -0.740522
1 25.4128 12.2277 1.60851 0.407167 0.033286 -0.912747
1 22.9571 26.3432 1.75569 0.228188 -0.310386 0.922817
1 2.82777 3.47194 1.68154 -0.414756 -0.257798 -0.87265
1 5.38278 28.4211 1.76179 -0.184597 -0.285475 0.94044
1 20.8723 11.9716 1.74946 0.0183766 0.63592 0.771536
1 25.9135 5.29458 1.62669 -0.641382 -0.0595469 -0.764907
1 5.10928 23.0896 1.7177 -0.633183 0.397094 0.664377
1 33.0292 15.7068 1.75488 -0.574397 -0.234485 0.784273
1 28.9928 12.5341 1.62746 0.354609 -0.717348 -0.59972
1 26.9567 4.74489 1.62142 -0.75893 -0.218202 -0.613525
1 19.0931 7.41349 1.7558 0.39016 0.325659 0.861233
1 16.2482 1.53053 1.75165 -0.400685 -0.102389 0.910477
1 32.7313 3.23582 1.59666 -0.373862 0.227406 -0.899174
1 9.21091 25.6202 1.76063 0.299759 0.216889 0.929034
1 4.17756 32.0118 1.77149 0.793691 -0.00536536 0.608297
1 24.8862 22.0604 1.60983 0.492164 0.300982 -0.816814
1 8.94414 27.1427 1.75668 0.0397684 0.198364 0.979321
1 33.5854 20.5382 1.75895 0.00276447 -0.528889 0.848687
1 29.5793 33.624 1.7574 0.390396 0.153754 0.907718
1 34.5067 20.2722 1.75752 0.040127 -0.361195 0.931627
1 15.7172 26.6096 1.6311 0.692546 0.0912444 -0.71558
1 8.56109 28.7677 1.75455 -0.224677 0.149352 0.96292
1 26.5238 12.3546 1.61625 0.48063 -0.140694 -0.865564
1 15.1577 34.412 1.75422 -0.215637 -0.266959 0.939273
1 34.1756 16.345 1.73346 -0.742696 -0.0253475 0.669149
1 18.5235 22.4624 1.60976 -0.0134647 -0.342149 -0.939549
1 30.9639 30.1617 1.61245 0.351611 0.391062 -0.850553
1 33.021 25.242 1.61482 -0.520077 -0.163473 -0.83833
1 14.0394 5.66559 1.61276 0.10653 -0.683215 -0.722404
1 18.8685 27.7441 1.73598 0.745722 0.23511 0.623396
1 21.911 10.9107 1.59894 0.0525055 0.73141 -0.679914
1 24.8417 19.7423 1.61137 0.0600986 0.272801 -0.960192
1 0.514449 32.965 1.75862 -0.305429 0.176865 0.935645
1 32.3771 28.9925 1.60773 0.139852 0.0959805 -0.98551
1 11.0676 27.7635 1.75147 -0.0905747 0.514762 0.852535
1 2.34726 22.0452 1.75679 -0.256225 0.0762515 0.963605
1 32.6904 7.08924 1.6093 0.404405 0.279004 -0.870984
1 33.7901 10.7817 1.75886 0.349085 -0.053082 0.935587
1 29.231 31.5395 1.74739 0.743229 0.138864 0.654467
1 20.0691 17.542 1.74276 -0.690392 0.324508 0.64657
1 16.183 6.52264 1.75557 0.563126 -0.197718 0.80237
1 4.39773 0.18653 1.60854 -0.0928104 0.162388 -0.982353
1 31.8438 25.0117 1.61295 -0.531834 0.0813393 -0.842933
1 28.535 1.87964 1.76287 -0.199847 0.174826 0.964104
1 23.8732 7.96343 1.61083 -0.173521 0.278001 -0.944778
1 28.9229 9.78213 1.60995 0.134538 -0.535966 -0.833451
1 24.0175 26.3211 1.75872 0.238148 -0.124611 0.963202
1 27.5782 30.5549 1.75855 -0.614486 0.382559 0.689968
1 15.3957 31.1102 1.76011 0.246161 -0.220798 0.943744
1 2.39683 4.28254 1.61556 -0.243898 -0.22697 -0.942867
1 11.008 11.2299 1.61042 -0.332126 -0.457649 -0.824773
1 3.50142 21.2082 1.76056 -0.115452 0.224453 0.967622
1 18.9346 5.48496 1.74958 0.667068 0.285108 0.688284
1 2.69526 17.1477 1.75835 0.626144 0.104508 0.772672
1 18.0911 12.7837 1.7603 -0.11184 0.11989 0.986468
1 20.9494 9.01044 1.76046 0.19363 0.740449 0.643617
1 6.59353 9.2993 1.61385 -0.662183 0.312262 -0.68118
1 9.91127 11.0988 1.61097 -0.410585 -0.252035 -0.876298
1 17.2923 3.10944 1.75508 -0.593534 0.0224592 0.804495
1 33.9399 30.305 1.60958 0.380204 -0.162203 -0.910569
1 9.66157 1.77658 1.60042 -0.454687 0.0504766 -0.88922
1 33.7368 33.7474 1.76454 0.194006 0.702724 0.684501
1 0.210486 12.3065 1.75911 0.0492834 0.054848 0.997278
1 31.0808 11.6726 1.74527 0.168448 -0.533865 0.828622
1 2.9232 29.8609 1.73514 -0.421446 -0.591449 0.687438
1 8.96097 0.431492 1.60692 -0.0608325 -0.41708 -0.906832
1 28.1654 16.3903 1.61162 -0.418685 -0.178293 -0.890458
1 3.57721 23.8117 1.75021 -0.626951 0.298243 0.719711
1 10.7939 26.6486 1.75887 0.113714 0.467051 0.876888
1 7.06146 15.6796 1.61185 0.0161073 0.347245 -0.937636
1 25.5345 24.8835 1.75715 0.511658 0.130557 0.849212
1 16.1596 21.5837 1.6085 -0.178629 0.0240247 -0.983623
1 22.4361 27.3076 1.75577 0.0527228 -0.398826 0.91551
1 28.6279 3.79555 1.75769 -0.539986 0.322733 0.77734
1 18.5185 6.35876 1.75709 0.544618 0.237973 0.804214
1 6.50276 28.7901 1.76044 -0.230366 -0.121543 0.965484
1 18.6249 11.801 1.75832 -0.0278759 0.219978 0.975106
1 10.166 32.3832 1.61257 -0.571078 -0.445555 -0.689457
1 13.3856 34.5181 1.75067 -0.261276 -0.548008 0.794621
1 3.90298 3.58122 1.65947 -0.389552 -0.43788 -0.810253
1 12.5734 2.25598 1.61603 -0.438787 -0.507438 -0.741601
1 34.2567 21.3532 1.75868 -0.138509 -0.39548 0.907971
1 18.8789 0.552609 1.75511 -0.254112 0.300982 0.91915
1 1.25874 6.79065 1.60403 0.291391 -0.0277892 -0.9562
1 6.55233 24.4148 1.74965 0.546801 -0.212277 0.809906
1 14.9984 33.3846 1.7568 -0.0724525 -0.28106 0.956951
1 22.8188 30.9008 1.75425 -0.50912 -0.484476 0.711393
1 31.5002 13.899 1.75846 -0.224976 -0.454018 0.862122
1 0.370806 28.6831 1.61013 0.112827 -0.413627 -0.903428
1 11.3861 13.9005 1.61308 -0.142853 -0.394772 -0.907605
1 24.5517 33.4468 1.75677 0.375515 -0.442945 0.814118
1 12.5217 3.49518 1.62656 -0.195975 -0.506387 -0.839742
1 10.5072 13.3044 1.61113 -0.17798 -0.255204 -0.950365
1 11.599 17.307 1.60095 0.184229 -0.427795 -0.884902
1 28.6261 18.326 1.60563 -0.0977746 -0.266204 -0.958945
1 26.007 9.56663 1.60694 0.0504989 -0.058383 -0.997016
1 16.3653 9.34586 1.75987 0.207061 -0.158747 0.965363
1 11.1985 28.9437 1.75394 -0.303197 0.510573 0.804603
1 24.9221 23.8689 1.7526 0.749503 -0.0191783 0.661723
1 33.7682 3.57428 1.60638 -0.37296 0.0834122 -0.92409
1 2.09618 24.8767 1.58046 0.762968 -0.122399 -0.634743
1 30.2563 29.2434 1.61239 0.139804 0.501418 -0.853836
1 4.06288 22.775 1.74707 -0.426272 0.318384 0.846714
1 8.51018 12.9272 1.60884 -0.220243 0.0235669 -0.97516
1 32.16 16.2506 1.7619 -0.665336 -0.407381 0.625595
1 16.9279 29.076 1.75447 0.531548 -0.0323914 0.846409
1 24.4188 8.73971 1.60967 -0.0723718 0.17819 -0.981331
1 21.4881 33.1292 1.75521 -0.0747553 0.634379 0.769399
1 9.64822 18.0384 1.60778 0.26895 -0.0668439 -0.960832
1 0.544098 5.98031 1.60834 0.121868 0.0318061 -0.992037
1 16.0129 4.54351 1.76488 -0.804826 -0.149057 0.574488
1 13.5544 24.1068 1.61286 0.231148 0.491757 -0.839491
1 12.0548 11.632 1.60625 -0.220014 -0.655519 -0.722419
1 29.8177 5.75244 1.61889 0.306517 0.706058 -0.63838
1 34.0877 29.2375 1.6082 0.195995 -0.229481 -0.953375
1 27.5119 19.3755 1.60682 0.0396554 -0.102568 -0.993935
1 5.39763 17.7416 1.61401 0.389676 0.682256 -0.618611
1 15.2717 16.9261 1.75236 -0.51499 -0.478391 0.711286
1 30.3299 9.18719 1.61504 0.186898 -0.751471 -0.63274
1 14.8444 3.5707 1.77206 -0.673025 -0.467154 0.573414
1 28.9893 14.583 1.62141 -0.720811 -0.221907 -0.65665
1 30.822 10.5448 1.75238 0.381315 -0.544198 0.747293
1 32.513 13.9381 1.75788 -0.246957 -0.277699 0.928383
1 32.3887 21.8965 1.77156 -0.146181 -0.761378 0.631613
1 26.6948 14.1838 1.63193 0.741008 -0.268871 -0.615318
1 4.41222 25.6651 1.74943 0.367077 -0.470633 0.802346
1 31.735 28.2395 1.60717 0.000957895 0.200954 -0.9796
1 7.24123 27.9444 1.75879 -0.0774427 -0.0396927 0.996206
1 13.4041 6.87268 1.63487 0.391108 -0.614472 -0.685171
1 18.3832 16.2188 1.76244 -0.483709 0.11557 0.867565
1 22.9019 19.5485 1.61012 0.0065876 0.541283 -0.840815
1 32.6773 20.4821 1.75487 0.0503831 -0.707279 0.705137
1 17.5804 32.8979 1.76012 0.0158282 0.0775565 0.996862
1 25.4505 29.9032 1.75726 -0.371903 0.0878207 0.924108
1 23.9027 29.1969 1.76119 -0.256676 -0.181678 0.949268
1 5.15865 15.3326 1.61035 -0.00462857 0.669745 -0.742577
1 8.63443 4.00948 1.60966 -0.0642041 0.23242 -0.970494
1 2.50257 21.0259 1.75843 -0.0822773 0.082522 0.993187
1 19.3359 20.6939 1.61583 -0.285894 -0.512096 -0.809952
1 26.3901 11.4253 1.61035 0.335847 -0.116079 -0.934736
1 19.2781 8.58126 1.74745 0.310675 0.368197 0.876306
1 25.6768 19.1938 1.60743 -0.0287974 0.15113 -0.988094
1 34.5397 17.3955 1.74341 0.614003 -0.267306 0.742662
1 13.0047 20.3964 1.6144 -0.39486 0.601075 -0.694834
1 11.7567 22.5749 1.77815 -0.0133047 -0.777808 0.628361
1 12.8166 31.2329 1.75515 0.251204 -0.581588 0.773726
1 33.2959 21.6483 1.75619 -0.184996 -0.580612 0.792885
1 6.82248 4.8166 1.61141 0.108433 0.591148 -0.799241
1 3.59457 6.09848 1.61045 0.0782586 -0.389572 -0.917665
1 22.5222 33.6543 1.7432 -0.146614 0.842917 0.517683
1 11.0723 16.4458 1.61191 0.0865895 -0.33603 -0.937863
1 23.9058 20.0702 1.60549 0.111965 0.400431 -0.909461
1 8.37323 20.7032 1.61146 0.61747 0.0931189 -0.781063
1 5.439 0.152921 1.6085 -0.083787 0.0459264 -0.995425
1 0.930562 26.6332 1.612 -0.265221 -0.541001 -0.798108
1 14.2002 32.7533 1.75545 0.0172477 -0.398809 0.916872
1 28.009 17.4172 1.61057 -0.256715 -0.167454 -0.95187
1 9.34056 19.8729 1.6135 0.501127 -0.0459357 -0.864154
1 10.8288 20.6413 1.61655 0.576311 -0.401458 -0.711826
1 30.2831 3.10103 1.6606 -0.691756 0.675626 0.254956
1 1.35153 4.31867 1.61212 -0.23559 -0.0986535 -0.966832
1 27.5926 14.8803 1.61623 -0.742508 0.0497977 -0.667984
1 14.8803 28.4931 1.755 0.664147 -0.259555 0.701099
1 23.5103 27.1762 1.75846 0.0704527 -0.205074 0.976207
1 11.3291 6.92844 1.61104 0.41668 -0.258435 -0.871544
1 31.8968 30.9196 1.61407 0.498065 0.248892 -0.830653
1 10.7877 0.0226649 1.61076 -0.123057 -0.675034 -0.727452
1 30.2978 18.597 1.6215 -0.016769 -0.540325 -0.841289
1 31.1809 26.2539 1.61319 -0.339157 0.226112 -0.913152
1 23.8366 6.19787 1.61077 -0.450563 0.257064 -0.854933
1 23.0773 5.58828 1.61262 -0.523901 0.357398 -0.773172
1 7.84963 14.6878 1.60634 -0.0709723 0.190494 -0.979119
1 28.2613 5.39688 1.61785 -0.574652 -0.435671 -0.692796
1 0.398596 9.39388 1.75365 0.685346 0.129711 0.716572
1 11.724 0.362696 1.59379 -0.0853328 -0.824833 -0.5589
1 18.106 14.6257 1.75824 -0.308321 0.0918337 0.946839
1 13.7039 2.15701 1.76287 -0.587065 -0.594998 0.548937
1 1.3346 17.1882 1.76149 0.663291 -0.103418 0.741181
1 7.54746 28.8722 1.75859 -0.22894 0.0172868 0.973287
1 20.7656 2.25809 1.7077 -0.505246 0.589541 0.630213
1 11.6749 10.3847 1.61307 -0.467799 -0.512882 -0.719803
1 15.1657 14.8498 1.75211 -0.352122 -0.3908 0.850462
1 29.9564 26.2768 1.61662 -0.300822 0.539738 -0.78625
1 23.3238 30.0697 1.75401 -0.416685 -0.323505 0.84954
1 9.28444 24.6274 1.7625 0.469673 0.20992 0.85752
1 3.91281 18.5768 1.76264 0.354681 0.354891 0.865016
1 6.98462 7.27563 1.61485 0.58294 0.350831 -0.732871
1 26.4012 33.8302 1.75609 0.287503 -0.192055 0.938327
1 7.28641 20.0381 1.6165 0.559874 0.339036 -0.756039
1 23.6252 21.9185 1.62532 0.448622 0.421702 -0.787975
1 20.4632 30.9353 1.7499 0.257112 0.480207 0.838627
1 11.2023 18.3756 1.61078 0.339794 -0.34886 -0.873405
1 33.3736 8.03671 1.59892 0.660367 0.255632 -0.706094
1 15.7918 7.56776 1.75477 0.420098 -0.280994 0.862879
1 17.6193 11.8337 1.75988 -0.0438632 0.0547783 0.997535
1 7.93855 6.64917 1.60838 0.439142 0.286351 -0.851562
1 7.12729 2.18405 1.61022 0.297308 -0.263349 -0.917745
1 15.0706 30.1898 1.7521 0.366581 -0.272806 0.889492
1 29.892 23.2232 1.61112 0.613127 -0.397986 -0.682409
1 33.2754 26.286 1.60996 -0.33503 -0.177613 -0.925315
1 7.38455 32.2884 1.60872 -0.670729 -0.105703 -0.734132
1 17.2696 27.5127 1.74469 0.827253 0.0013995 0.561828
1 28.2674 32.2843 1.75213 0.653347 -0.0720057 0.753627
1 16.8168 22.2935 1.6068 -0.0604489 -0.0708768 -0.995652
1 27.6483 18.3834 1.60914 -0.108201 -0.124791 -0.986265
1 28.4832 19.4014 1.6053 0.0572194 -0.243125 -0.968306
1 17.1048 24.9288 1.60772 0.382058 -0.104625 -0.918197
1 13.6232 25.4585 1.61533 0.450398 0.442349 -0.775545
1 5.29764 24.7288 1.74465 0.487088 -0.358217 0.796508
1 5.5341 32.4125 1.61084 -0.616444 -0.065933 -0.784634
1 2.29848 18.865 1.75895 0.305378 0.0443815 0.951197
1 15.2885 27.5122 1.74548 0.837795 -0.115343 0.533662
1 13.5588 28.8184 1.73927 0.565183 -0.532244 0.630305
1 16.4167 11.459 1.753 -0.0409594 -0.127867 0.990945
1 34.1353 22.462 1.75892 -0.333326 -0.405282 0.851258
1 24.2817 34.6073 1.75403 0.177898 -0.425099 0.887493
1 17.6387 16.9943 1.75006 -0.59646 -0.0160392 0.802482
1 24.4104 30.1208 1.75832 -0.414204 -0.109008 0.903633
1 31.8311 5.84391 1.60891 0.193922 0.399009 -0.896206
1 10.2683 28.5887 1.7594 -0.218866 0.383987 0.897024
1 27.5954 12.6445 1.61801 0.503879 -0.337225 -0.795226
1 32.8056 11.1681 1.7543 0.260213 -0.218569 0.940488
1 3.34536 22.1708 1.7544 -0.284626 0.221675 0.932656
1 18.1998 24.6243 1.61051 0.342974 -0.265586 -0.901018
1 29.8363 21.132 1.60778 0.326035 -0.424801 -0.844539
1 14.8998 12.1936 1.75705 -0.134401 -0.428033 0.893714
1 1.0732 11.1254 1.75849 0.248438 0.185939 0.950634
1 14.8721 18.2836 1.76716 -0.867165 0.246415 0.432787
1 24.0168 31.0669 1.75605 -0.572674 -0.212774 0.791689
1 27.9993 13.5495 1.63454 0.570308 -0.468253 -0.674898
1 21.8503 9.19285 1.60482 -0.0187688 0.753044 -0.657702
1 8.21599 25.2353 1.75871 0.359276 0.0543788 0.931646
1 0.788385 19.9331 1.7584 0.0964149 -0.20396 0.97422
1 6.11508 15.5522 1.61243 0.0236827 0.510401 -0.85961
1 10.3383 12.1133 1.60988 -0.249069 -0.328151 -0.911198
1 19.743 19.7051 1.61596 -0.484928 -0.540202 -0.687769
1 1.59027 23.3075 1.75334 -0.479525 -0.0184211 0.877335
1 9.24742 5.15119 1.60886 0.127416 0.111223 -0.985594
1 4.89269 33.9597 1.61069 -0.25902 0.0810416 -0.962466
1 19.5112 33.1469 1.75889 -0.0204986 0.35452 0.934824
1 19.7376 13.783 1.75391 -0.188148 0.363832 0.912265
1 29.4119 10.7741 1.61312 0.271489 -0.682728 -0.678363
1 3.76185 12.1778 1.76943 0.0954367 0.682361 0.724759
1 25.9164 0.293869 1.75516 0.0982024 -0.200689 0.974721
1 33.3276 17.7603 1.75841 0.456056 -0.528052 0.716362
1 2.98462 5.27109 1.60569 -0.0668379 -0.312785 -0.947469
1 25.6422 1.46146 1.75774 -0.121182 -0.208993 0.97038
1 1.35065 16.2971 1.74272 -0.806559 0.136484 0.575183
1 14.3418 4.37269 1.5917 -0.197346 -0.754207 -0.62628
1 14.9878 6.8147 1.75025 0.539412 -0.418067 0.730927
1 20.4289 15.8474 1.76329 -0.412532 0.470827 0.779833
1 6.45922 26.1622 1.75547 0.232258 -0.185091 0.954881
1 15.6966 16.0233 1.74976 -0.454376 -0.328808 0.827906
1 7.69077 8.30112 1.60301 0.787863 0.220336 -0.575086
1 33.727 11.7004 1.75713 0.166941 -0.0713639 0.983381
1 2.73958 23.046 1.75859 -0.446281 0.152953 0.881725
1 18.7123 34.1024 1.75724 -0.124442 0.269271 0.954991
1 8.02643 33.2719 1.61812 -0.420225 -0.215082 -0.881562
1 32.0852 29.9508 1.60866 0.317281 0.183492 -0.93041
1 23.1472 20.7331 1.60523 0.218199 0.515778 -0.82847
1 16.2734 28.2602 1.75855 0.669597 -0.0716031 0.739265
1 21.898 4.06769 1.78036 -0.633776 0.124832 0.763377
1 8.18903 29.6778 1.75645 -0.381518 0.103801 0.918515
1 20.5519 22.3785 1.60893 -0.0307072 -0.683574 -0.729235
1 1.02851 30.401 1.63067 0.425088 -0.480286 -0.767219
1 12.5223 16.9395 1.62426 0.116519 -0.588812 -0.799827
1 11.7273 3.98718 1.60576 -0.0955859 -0.348497 -0.932423
1 2.89454 2.08565 1.78267 -0.312418 -0.253269 0.91556
1 24.9898 5.95942 1.61593 -0.483851 0.0680107 -0.872503
1 14.4202 31.5942 1.75876 0.179654 -0.347923 0.920149
1 0.841446 14.7261 1.76866 -0.422872 0.167504 0.890574
1 23.3623 12.0519 1.61004 0.29644 0.364297 -0.882843
1 10.229 25.6604 1.75088 0.293088 0.376032 0.879033
1 15.4277 11.1767 1.76004 -0.00789496 -0.305759 0.952076
1 27.529 8.7358 1.6092 -0.0442599 -0.314935 -0.948081
1 2.54592 20.0105 1.75821 0.0931811 0.0860586 0.991923
1 7.23589 0.224849 1.61049 -0.0778006 -0.178724 -0.980818
1 33.2424 22.9093 1.75545 -0.392881 -0.556135 0.732365
1 32.9598 30.7217 1.6117 0.429037 0.0507199 -0.901862
1 6.64988 13.3887 1.61012 -0.201599 0.335552 -0.920197
1 32.5797 24.1915 1.61528 -0.675668 -0.0687387 -0.733994
1 31.8861 7.89326 1.6068 0.637227 0.340093 -0.691577
1 17.9411 0.280616 1.75822 -0.227741 0.155356 0.961248
1 27.0126 28.6015 1.74905 -0.162357 0.422064 0.891909
1 29.1492 27.3398 1.60833 -0.118819 0.766876 -0.630701
1 5.11007 3.27848 1.65513 0.845633 0.428732 -0.317953
1 19.6043 21.8819 1.61558 -0.0897973 -0.531464 -0.842308
1 15.9847 33.955 1.75964 -0.141874 -0.145492 0.979134
1 22.5045 21.4768 1.64528 0.329966 0.595974 -0.732078
1 15.5315 8.72132 1.75726 0.292877 -0.324543 0.899386
1 5.81592 12.8236 1.61729 -0.231604 0.484318 -0.84368
1 18.3529 8.85344 1.76182 0.290419 0.203843 0.934936
1 27.1042 16.767 1.61109 -0.397792 -0.0369411 -0.916731
1 34.3254 23.6331 1.75442 -0.564067 -0.359089 0.743561
1 0.93637 31.724 1.76857 0.693149 -0.386314 0.608527
1 1.21994 18.8047 1.75741 0.304912 -0.131508 0.943257
1 22.9537 8.36986 1.62974 -0.116238 0.442456 -0.889225
1 3.87687 33.879 1.60769 -0.296858 0.219725 -0.929299
1 13.6913 10.1951 1.75419 0.0916688 -0.591519 0.801063
1 15.9198 14.2298 1.75976 -0.299003 -0.245014 0.922261
1 14.7545 8.12901 1.74673 0.376503 -0.492563 0.784619
1 19.204 24.1641 1.61105 0.263691 -0.432737 -0.862094
1 7.14175 1.2013 1.61056 0.110898 -0.193723 -0.974768
1 1.51104 21.4713 1.76017 -0.165702 -0.0689665 0.983761
1 6.89513 14.5616 1.60922 -0.099923 0.353578 -0.930053
1 1.84606 17.994 1.74976 0.479241 -0.0449709 0.87653
1 32.8644 12.1498 1.75655 0.0786967 -0.217317 0.972923
1 7.50524 12.6793 1.60697 -0.262083 0.170028 -0.949949
1 24.0148 14.7025 1.60501 0.805766 0.106048 -0.582663
1 8.00837 15.6929 1.60744 0.0232322 0.185702 -0.982332
1 20.3267 20.9671 1.59836 -0.224951 -0.687776 -0.690189
1 13.7905 23.0286 1.61086 0.0312109 0.426969 -0.903728
1 16.5959 23.2432 1.60796 0.0953555 -0.0267637 -0.995083
1 21.0819 16.5766 1.76364 -0.496542 0.554059 0.66818
1 4.46717 6.59259 1.60375 0.112615 -0.546674 -0.829738
1 5.7043 33.3976 1.61111 -0.384248 -0.0217307 -0.922974
1 26.9351 0.0366063 1.76059 0.132983 -0.101456 0.985912
1 6.40658 20.5463 1.61028 -0.464381 -0.757867 -0.458244
1 6.70846 31.3557 1.76994 -0.761294 0.0757126 0.643971
1 22.5395 6.6484 1.60626 -0.327534 0.526269 -0.784705
1 24.5004 27.299 1.75993 0.0716966 -0.0283166 0.997024
1 33.908 24.6497 1.62077 -0.643332 -0.325222 -0.693077
1 26.5465 1.93651 1.75976 -0.227928 -0.0699519 0.971162
1 1.56127 13.946 1.75946 -0.24494 0.284579 0.926833
1 22.2132 32.1845 1.75475 0.0950848 0.735617 0.670691
1 0.440731 21.9968 1.75921 -0.250421 -0.23899 0.938175
1 8.80859 32.0066 1.62821 -0.738796 -0.174987 -0.650814
1 4.11033 2.05055 1.61438 0.292443 0.15792 -0.943153
1 14.1727 33.8931 1.75602 -0.157009 -0.410639 0.898178
1 31.6089 6.81395 1.61738 0.39396 0.439924 -0.807009
1 14.6132 20.9259 1.6067 -0.284631 0.289822 -0.913777
1 1.60816 20.5365 1.76021 -0.00280117 -0.0614794 0.998104
1 19.646 34.2418 1.75609 -0.145568 0.412835 0.899098
1 32.9367 13.0983 1.75813 -0.0948472 -0.203401 0.974491
1 10.1087 7.60498 1.62144 0.563308 -0.0315703 -0.825644
1 25.806 21.6525 1.62108 0.392487 0.197111 -0.898388
1 32.9302 4.20785 1.60984 -0.187612 0.227574 -0.955516
1 15.563 23.4841 1.60785 0.120421 0.136102 -0.983349
1 20.8231 4.91366 1.5899 0.102778 0.889554 -0.445118
1 9.33007 28.1049 1.75565 -0.121262 0.256314 0.958957
1 12.2826 25.6449 1.7272 0.353574 0.702642 0.617478
1 29.3245 22.2809 1.61036 0.488589 -0.325872 -0.809375
1 12.004 27.8962 1.76662 -0.187073 0.644892 0.741025
1 25.7755 2.55865 1.75609 -0.357893 -0.156281 0.920592
1 19.2791 30.002 1.75982 0.409166 0.359141 0.838809
1 0.286261 29.8014 1.61228 0.310362 -0.36445 -0.877981
1 1.40593 1.04739 1.60013 0.0656122 0.511863 -0.856558
1 6.31538 0.65482 1.60838 0.0039671 -0.0750945 -0.997169
1 17.6401 13.711 1.75926 -0.192429 0.0241906 0.981013
1 15.2778 24.4136 1.60889 0.267301 0.172955 -0.947964
1 15.138 25.7048 1.60686 0.523105 0.186908 -0.83152
1 7.84433 27.0248 1.75896 0.0687533 0.0383584 0.996896
1 0.291761 4.18647 1.60697 -0.258301 0.00765543 -0.966034
1 17.0202 14.54 1.75952 -0.304332 -0.0731538 0.949753
1 2.36142 1.3311 1.60446 0.12499 0.346916 -0.92953
1 25.3729 11.2261 1.6079 0.262016 0.0478351 -0.963877
1 11.689 2.59726 1.62162 -0.320371 -0.366776 -0.873406
1 19.5083 2.53518 1.74276 -0.503829 0.406315 0.762276
1 32.4456 26.9275 1.60613 -0.228299 0.010382 -0.973536
1 3.39807 0.248277 1.60813 -0.106564 0.298899 -0.948316
1 0.197696 6.83114 1.61394 0.294371 0.105834 -0.949813
1 17.0473 34.4854 1.7613 -0.189256 0.00610115 0.981909
1 1.22098 12.0871 1.76009 0.0795873 0.198824 0.976798
1 10.5389 14.4411 1.61215 -0.0863449 -0.241378 -0.966582
1 10.8004 4.25852 1.60925 -0.0320143 -0.170018 -0.984921
1 33.9177 4.49627 1.60542 -0.177551 0.125389 -0.976091
1 8.21627 11.9307 1.60718 -0.33435 0.0371713 -0.941716
1 24.1065 12.723 1.76915 -0.445574 -0.212593 0.869637
1 9.16119 18.9299 1.60986 0.372921 0.0219605 -0.927603
1 23.3339 24.2535 1.76935 0.63189 -0.269126 0.726833
1 31.872 10.8494 1.75969 0.340945 -0.368737 0.864748
1 30.4811 27.1588 1.61643 -0.210164 0.393123 -0.895146
1 24.7987 2.12515 1.75644 -0.223727 -0.300513 0.927167
1 27.5828 33.8383 1.75902 0.301673 -0.072001 0.950689
1 29.1548 2.66481 1.76091 -0.30651 0.349785 0.885269
1 25.2863 34.15 1.75566 0.248766 -0.30646 0.918802
1 14.6549 10.4503 1.75595 0.0405461 -0.43943 0.897361
1 30.2858 0.721261 1.75602 0.0362563 0.273787 0.961107
1 14.0243 12.6683 1.74914 -0.188053 -0.60402 0.774465
1 10.1397 27.5046 1.76094 -0.0213772 0.367463 0.929792
1 17.7964 33.8487 1.75955 -0.104301 0.122486 0.986974
1 32.1277 8.85893 1.77713 0.76317 -0.207546 0.611961
1 32.8305 6.07814 1.61501 0.183463 0.260808 -0.947798
1 12.7434 0.699799 1.75489 -0.365535 -0.675124 0.640774
1 4.17405 26.8484 1.75928 0.13704 -0.512078 0.847936
1 1.9539 14.9379 1.75758 -0.41654 0.347235 0.840192
1 31.9536 19.3864 1.62432 0.144282 -0.82005 -0.553805
1 11.1245 21.5677 1.60062 0.672849 -0.503443 -0.542051
1 29.5084 32.6014 1.7574 0.578876 0.145309 0.802364
1 21.144 25.8566 1.59918 -0.304618 0.645255 -0.700609
1 20.6917 1.09083 1.7561 -0.362729 0.559893 0.744948
1 24.1263 28.2214 1.75954 -0.0937007 -0.100957 0.990469
1 9.47665 9.31731 1.61501 -0.727078 -0.0817641 -0.681669
1 33.875 19.4702 1.75917 0.190809 -0.453774 0.870449
1 8.52832 31.1404 1.7523 -0.752652 0.131915 0.645069
1 8.31365 4.95126 1.60777 0.105107 0.28164 -0.953746
1 19.6591 6.61529 1.75403 0.455245 0.469222 0.756692
1 19.5037 31.1016 1.75553 0.244969 0.340731 0.907685
1 20.9128 13.4983 1.7462 -0.142936 0.61991 0.771544
1 31.5112 1.3725 1.74196 -0.119845 0.389066 0.913381
1 19.0759 32.1687 1.75934 0.106053 0.279198 0.954359
1 4.93401 18.6839 1.73847 0.401921 0.565454 0.720223
1 11.7892 26.7092 1.7596 0.0784321 0.620126 0.780572
1 13.3886 4.56544 1.61242 -0.0632666 -0.609735 -0.790076
1 22.864 11.0353 1.61397 0.148317 0.540183 -0.828375
1 0.507895 23.0351 1.76028 -0.439957 -0.224991 0.869378
1 17.3272 4.10892 1.75666 -0.708614 0.0302452 0.704948
1 22.5148 2.72198 1.76719 -0.15008 -0.534275 0.831881
1 27.1666 5.77642 1.61403 -0.558321 -0.260284 -0.787737
1 23.7848 18.9793 1.60799 -0.0819433 0.403953 -0.911102
1 12.2558 18.1268 1.61498 0.300785 -0.534424 -0.789886
1 26.2179 10.495 1.60787 0.190861 -0.0882647 -0.977641
1 2.5577 13.8368 1.76098 -0.205084 0.46351 0.862032
1 6.94974 10.1897 1.61384 -0.530726 0.264624 -0.805173
1 21.5128 34.4251 1.76705 -0.27399 0.67876 0.681332
1 29.5147 17.9629 1.61134 -0.12383 -0.397885 -0.90904
1 33.531 31.6434 1.6155 0.598053 0.00818188 -0.801415
1 17.2686 19.8975 1.60697 -0.47231 -0.152515 -0.868138
1 2.29261 24.0044 1.77206 -0.607698 0.0985641 0.788028
1 10.4583 22.922 1.70565 0.766776 0.398004 0.503635
1 7.56702 30.5174 1.74992 -0.553225 0.0794661 0.829233
1 24.261 5.18205 1.60901 -0.645323 0.115025 -0.7552
1 25.3301 14.2092 1.61005 0.680587 -0.0459097 -0.731228
1 16.8339 33.5237 1.7607 -0.075658 -0.0270229 0.996768
1 10.2143 18.8316 1.61258 0.370012 -0.168556 -0.913608
1 29.5314 1.46901 1.75936 -0.0851207 0.219342 0.971928
1 30.8458 20.5515 1.61482 0.282991 -0.607479 -0.742216
1 3.45757 28.7693 1.76503 -0.222367 -0.554454 0.801956
1 16.2209 2.52567 1.7558 -0.527389 -0.153319 0.835676
1 27.3454 3.79836 1.76309 -0.63849 0.0652432 0.76686
1 28.641 34.1566 1.7601 0.287558 0.0555957 0.956148
1 16.1168 5.52595 1.76006 0.719681 -0.243076 0.650364
1 31.7659 32.9831 1.76002 0.48363 0.453184 0.748817
1 11.9348 20.3407 1.77747 -0.509506 0.631361 0.584626
1 11.7309 31.7718 1.77184 0.141041 -0.729363 0.66943
1 3.38726 1.25784 1.61365 0.0990296 0.244895 -0.964479
1 18.0293 7.22656 1.75519 0.437898 0.138674 0.888265
1 23.1255 28.0686 1.75449 -0.0972845 -0.276648 0.956034
1 9.1115 30.2272 1.764 -0.546987 0.181437 0.817243
1 7.407 17.7017 1.61304 0.249973 0.349484 -0.902981
1 30.8888 31.2553 1.61159 0.582016 0.435378 -0.686807
1 33.8243 2.63371 1.5924 -0.587534 0.111489 -0.801483
1 22.9156 29.0252 1.75249 -0.258747 -0.368094 0.89306
1 18.1833 29.3518 1.75955 0.521969 0.148719 0.8399
1 23.2701 7.21931 1.61973 -0.285432 0.385255 -0.877558
1 18.4047 23.5496 1.61003 0.166214 -0.30893 -0.936448
1 5.9664 14.3643 1.61744 -0.135778 0.507298 -0.851007
1 6.23134 1.69898 1.60766 0.200566 -0.0919789 -0.975353
1 28.7346 0.833232 1.75979 0.0117238 0.125219 0.99206
1 16.5555 25.8723 1.62337 0.540724 -0.0273709 -0.840755
1 21.9554 26.3397 1.76026 0.228874 -0.490903 0.840614
1 12.3969 6.82093 1.60616 0.391097 -0.448077 -0.803909
1 22.0336 28.3707 1.75592 -0.121109 -0.484648 0.866285
1 28.5148 33.2006 1.75716 0.482556 -0.00747044 0.875833
1 25.0728 20.7889 1.6158 0.237424 0.263842 -0.934889
1 21.5505 21.5741 1.59054 0.331222 0.72992 -0.59792
1 5.94834 25.3917 1.75111 0.363569 -0.277907 0.889149
1 24.7376 25.5764 1.75533 0.391583 -0.00991814 0.920089
1 21.383 3.08946 1.75126 0.243243 -0.767352 0.593299
1 17.1596 10.9206 1.75991 0.0348249 -0.00795959 0.999362
1 19.1479 14.6947 1.76069 -0.310881 0.248458 0.9174
1 0.546446 13.8683 1.76065 -0.253258 0.121366 0.959755
1 24.9371 3.1712 1.75199 -0.433996 -0.275449 0.857773
1 26.8849 2.89438 1.76023 -0.443355 -0.0103817 0.896286
1 26.0133 22.7319 1.61025 0.591093 0.171168 -0.788233
1 11.9774 5.88282 1.61039 0.243393 -0.366486 -0.898025
1 4.05522 7.69999 1.60464 0.32099 -0.433413 -0.842092
1 9.2979 11.9589 1.6087 -0.318738 -0.133294 -0.938424
1 3.37744 8.86636 1.76056 -0.5567 0.32397 0.764937
1 16.9209 12.5475 1.75646 -0.113882 -0.0668992 0.991239
1 18.5344 33.0559 1.75846 -0.00222544 0.214364 0.976751
1 5.19368 19.886 1.75437 0.134487 0.512905 0.847845
1 19.16 25.2697 1.61013 0.445048 -0.414382 -0.793864
1 23.5036 15.7464 1.7835 0.671366 -0.431263 0.602727
1 31.8457 9.85441 1.75161 0.553091 -0.31234 0.772356
1 17.4023 23.9386 1.60887 0.218972 -0.147103 -0.964579
1 8.2556 19.564 1.6133 0.475758 0.174669 -0.862059
1 22.7257 14.0058 1.60961 0.612402 0.403559 -0.679782
1 8.76611 15.0564 1.60751 -0.021052 0.0436672 -0.998824
1 4.41526 1.14997 1.6111 0.0930455 0.143391 -0.985283
1 24.8875 29.0588 1.75929 -0.226139 0.00953148 0.974048
1 13.2926 9.09029 1.7611 0.25423 -0.65028 0.715893
1 29.43 8.74088 1.60858 -0.0389724 -0.641148 -0.766427
1 7.72722 24.3468 1.75668 0.51238 -0.00356328 0.858752
1 1.38173 34.5093 1.60216 -0.1679 0.531034 -0.83055
1 25.2007 30.903 1.75248 -0.558857 0.0200953 0.829021
1 13.4348 3.29721 1.60308 -0.297297 -0.643013 -0.705796
1 21.5151 15.2741 1.76107 -0.210212 0.647227 0.73274
1 16.893 7.32058 1.75876 0.451715 -0.0766704 0.888862
1 27.4671 29.546 1.76198 -0.377862 0.449191 0.809597
1 16.1474 3.52892 1.75374 -0.658118 -0.194615 0.727327
1 34.3547 7.62702 1.62543 0.472582 0.165725 -0.865564
1 0.936736 24.131 1.7596 -0.636864 -0.127327 0.76039
1 7.37624 23.2924 1.74748 0.678973 -0.101611 0.727098
1 31.1988 22.6621 1.59954 0.522219 -0.629531 -0.575307
1 32.0177 17.7214 1.63204 -0.171818 -0.805465 -0.567191
1 31.2543 24.1159 1.61205 -0.634651 0.222726 -0.740008
1 10.244 29.7679 1.75913 -0.441519 0.381713 0.812007
1 20.5832 34.3443 1.74424 -0.179994 0.558695 0.809606
1 24.9747 0.704945 1.75013 0.050264 -0.294747 0.954252
1 19.1294 12.7558 1.75789 -0.108727 0.295594 0.949106
1 12.7146 23.2413 1.61397 0.0793855 0.607091 -0.790657
1 28.6183 15.503 1.61117 -0.591794 -0.161886 -0.789666
1 0.627778 20.9772 1.75818 -0.0788603 -0.223714 0.971459
1 23.8199 17.8814 1.60909 -0.278168 0.387364 -0.87896
1 1.57419 5.93475 1.609 0.108362 -0.0948541 -0.989576
1 26.6637 18.6643 1.60713 -0.0872402 0.012876 -0.996104
1 34.5976 31.0468 1.61161 0.537455 -0.256214 -0.803428
1 31.2239 15.1416 1.75131 -0.463014 -0.527687 0.712155
1 13.1867 22.1892 1.61552 -0.114677 0.52566 -0.84293
1 26.0977 16.2617 1.61396 -0.529374 0.0955908 -0.842986
1 18.0423 32.0687 1.75852 0.123686 0.133278 0.983331
1 11.9409 15.981 1.61993 0.0299492 -0.509191 -0.860132
1 29.8477 28.1527 1.62521 -0.0794735 0.561338 -0.823762
1 0.0552121 11.3483 1.7567 0.224973 0.0632623 0.972309
1 4.4113 21.7362 1.75733 -0.226689 0.355293 0.906851
1 21.0842 20.0331 1.59724 0.0725618 0.814158 -0.576091
1 5.06956 30.1937 1.75325 -0.508412 -0.239083 0.827259
1 16.0035 25.0905 1.6039 0.397219 0.0593943 -0.9158
1 9.6585 21.726 1.6047 0.767449 -0.148409 -0.623696
1 9.7197 14.9951 1.60927 -0.04274 -0.0936358 -0.994689
1 17.1668 9.97024 1.76064 0.144409 -0.00400028 0.98951
1 7.94441 9.37925 1.61381 -0.694713 0.0725154 -0.715622
1 3.379 26.2876 1.75094 0.28072 -0.631238 0.723004
1 22.5145 1.46714 1.755 0.113032 -0.662506 0.74048
1 32.2995 4.98389 1.60867 0.00212547 0.326218 -0.945292
1 30.7265 25.3308 1.61091 -0.445759 0.313668 -0.838398
1 4.52512 33.0095 1.60343 -0.490591 0.106537 -0.864853
1 3.15896 7.03819 1.61253 0.255733 -0.289129 -0.9225
1 23.3787 0.682135 1.75138 0.0933584 -0.504809 0.858168
1 2.13184 7.38611 1.6132 0.366219 -0.119559 -0.922816
1 9.85888 0.0788542 1.61086 -0.133528 -0.529854 -0.837511
1 30.6169 33.2353 1.75529 0.463599 0.291885 0.836588
1 2.53525 6.21674 1.60855 0.122704 -0.23057 -0.965288
1 5.11783 13.9524 1.62547 -0.175755 0.640711 -0.747395
1 5.27306 21.0038 1.76242 -0.128271 0.509457 0.850882
1 1.69012 19.601 1.75903 0.161909 -0.0520831 0.98543
1 19.3552 23.0075 1.60994 0.0876439 -0.470114 -0.878243
1 15.881 12.2158 1.7491 -0.121473 -0.23899 0.963394
1 33.9836 9.89433 1.7283 0.524235 -0.0239398 0.851237
1 23.0378 22.6789 1.66847 0.559963 0.477739 -0.676909
1 26.6288 0.978793 1.76068 -0.0470368 -0.0928735 0.994566
1 7.46657 26.1246 1.7552 0.229282 -0.0314469 0.972852
1 13.8896 1.126 1.74719 -0.461101 -0.476134 0.748787
1 21.0166 32.0469 1.74783 0.0978241 0.552534 0.82773
1 21.9887 5.52089 1.61423 -0.432544 0.577234 -0.692609
1 31.9699 11.9022 1.75295 0.13449 -0.374971 0.917229
1 17.5751 30.9144 1.75759 0.267894 0.0728442 0.960691
1 0.978307 5.15218 1.60864 -0.0594658 -0.0453065 -0.997202
1 0.223879 19.108 1.75683 0.244904 -0.292277 0.924444
1 19.1588 28.8748 1.75634 0.577372 0.320791 0.750822
1 24.9838 16.669 1.61212 -0.458406 0.249744 -0.852931
1 5.97537 5.25908 1.61945 0.154987 0.761155 -0.62978
1 9.63343 13.9708 1.6079 -0.128319 -0.0956351 -0.987111
1 5.51089 22.005 1.73813 -0.399651 0.444624 0.801616
1 23.8637 2.90885 1.75948 -0.271644 -0.429039 0.861473
1 28.2074 10.6913 1.61745 0.251546 -0.406437 -0.87837
1 21.9687 24.4569 1.75881 0.588817 -0.507489 0.629086
1 23.368 1.92598 1.75294 -0.0629112 -0.511392 0.857042
1 29.0183 17.0408 1.60963 -0.28237 -0.3059 -0.909226
1 8.66959 5.95749 1.60888 0.279985 0.206789 -0.937468
1 4.68106 29.1402 1.75268 -0.311806 -0.35675 0.880629
1 30.7902 28.2155 1.61014 -0.0243924 0.383739 -0.923119
1 6.85335 6.15467 1.61484 0.334994 0.516274 -0.788188
1 7.23101 33.8694 1.61052 -0.257719 -0.15792 -0.953227
1 27.3256 23.0986 1.60992 0.64268 0.0302673 -0.765537
1 16.1572 19.864 1.6101 -0.466705 0.0315974 -0.883848
1 10.6012 17.584 1.60612 0.237128 -0.248588 -0.939135
1 15.6268 29.1838 1.7528 0.528352 -0.188442 0.827849
1 16.2311 10.4346 1.75965 0.0821936 -0.167066 0.982514
1 22.502 25.2676 1.75926 0.445669 -0.40822 0.796703
1 19.1067 1.62291 1.75909 -0.39534 0.324553 0.859285
1 32.1842 14.8655 1.75869 -0.405539 -0.359682 0.840338
1 17.2896 17.9767 1.7593 -0.770019 -0.128282 0.624992
1 25.0926 32.3145 1.75289 0.588058 -0.3724 0.717988
1 18.5102 3.46035 1.75291 -0.644672 0.235468 0.727292
1 18.5429 26.3381 1.60747 0.617817 -0.326641 -0.715268
1 6.7087 12.1278 1.62045 -0.289361 0.30076 -0.908743
1 13.4627 32.0487 1.7491 0.129759 -0.493532 0.859993
1 24.7731 18.691 1.60994 -0.122875 0.264794 -0.956444
1 23.715 32.8929 1.58975 -0.441689 0.596766 -0.669911
1 17.3567 6.41217 1.75985 0.566992 0.0190758 0.823502
1 30.0921 15.4537 1.61956 -0.557557 -0.482595 -0.67545
1 12.1152 30.5228 1.66653 0.430572 -0.647974 0.628281
1 2.94789 8.03103 1.61909 0.438303 -0.234228 -0.867772
1 12.6944 24.5034 1.61313 0.326782 0.651154 -0.684991
1 5.60876 16.556 1.61207 0.200208 0.597777 -0.77626
1 5.28205 31.1927 1.75061 -0.702964 -0.164584 0.691921
1 23.5724 10.3214 1.60453 0.108369 0.375364 -0.920521
1 21.4824 17.675 1.64041 -0.379498 0.760917 -0.526295
1 8.24262 18.4456 1.61245 0.34296 0.203749 -0.916987
1 14.4135 0.367358 1.74693 -0.326286 -0.386751 0.862532
1 17.0026 18.9188 1.61996 -0.671247 -0.142452 -0.727417
1 34.0573 5.92562 1.61041 0.121478 0.134318 -0.983464
1 28.431 11.7078 1.6398 0.377844 -0.486025 -0.788044
