1 16.7496 32.6311 1.76032 0.0505463 -0.0448627 0.997714
1 25.4653 15.4727 1.62506 -0.690594 0.217793 -0.689671
1 20.2594 15.104 1.75878 -0.290425 0.477589 0.829194
1 27.4732 20.2859 1.60759 0.155397 -0.0749596 -0.985004
1 5.56792 26.053 1.75328 0.286519 -0.322366 0.902212
1 20.8534 7.8902 1.76946 0.3462 0.725888 0.594334
1 13.3767 21.6534 1.6179 -0.191967 0.488343 -0.851276
1 29.3152 18.8068 1.6117 -0.0375481 -0.365422 -0.930084
1 9.57589 6.82589 1.61936 0.401092 0.0882236 -0.911779
1 2.79832 13.0262 1.75691 -0.0361716 0.496806 0.867108
1 18.1484 17.4973 1.72928 -0.70461 0.0412999 0.708392
1 33.5491 15.2456 1.7568 -0.452113 -0.124606 0.883214
1 24.3645 0.775561 1.7583 0.00767151 -0.422576 0.906295
1 30.1762 13.8798 1.76116 -0.243492 -0.643779 0.725438
1 15.0453 21.9125 1.60866 -0.154888 0.206543 -0.9661
1 25.5948 18.4491 1.6082 -0.164734 0.182462 -0.969314
1 16.8826 0.999915 1.75839 -0.312629 -0.0186807 0.949692
1 31.0596 18.7825 1.60955 -0.0576721 -0.660031 -0.749021
1 30.8683 17.5089 1.62121 -0.284724 -0.591991 -0.753975
1 13.7741 19.4529 1.61495 -0.528244 0.466852 -0.70923
1 14.2481 30.3517 1.74713 0.365833 -0.408884 0.836051
1 17.9107 20.1445 1.6076 -0.453533 -0.239541 -0.858445
1 17.5558 30.0909 1.7584 0.391299 0.0632848 0.918085
1 34.0675 0.936458 1.69448 -0.175052 0.77997 0.600835
1 32.0985 1.50331 1.72531 -0.219018 0.474135 0.852776
1 24.6091 13.7952 1.63041 0.649703 0.112802 -0.751773
1 7.52636 10.4269 1.62184 -0.496914 0.171658 -0.850653
1 8.7752 16.5191 1.60944 0.113835 0.0754787 -0.990628
1 5.9028 34.1461 1.60992 -0.190478 -0.0307025 -0.981211
1 16.0204 15.0336 1.75321 -0.351757 -0.238231 0.905269
1 12.0393 12.61 1.59755 -0.12022 -0.639314 -0.75949
1 8.82432 26.33 1.7594 0.189587 0.142017 0.971539
1 11.1015 5.75246 1.60829 0.187497 -0.176562 -0.966266
1 14.9912 26.5827 1.60942 0.665218 0.170373 -0.726951
1 20.2165 9.98488 1.74467 0.202379 0.567275 0.798274
1 26.2958 26.0219 1.75627 0.341343 0.260684 0.903066
1 9.95077 8.33564 1.66122 0.744931 -0.0632954 -0.664132
1 2.67235 33.9466 1.60383 -0.323573 0.350615 -0.878845
1 17.2691 31.8458 1.7586 0.148979 0.035858 0.98819
1 6.81356 18.2867 1.6144 0.33748 0.494364 -0.801069
1 2.31804 15.9885 1.73643 -0.635962 0.305342 0.708744
1 3.34976 19.5458 1.75645 0.233693 0.205041 0.950445
1 20.2909 23.2264 1.61045 0.0654499 -0.650178 -0.756958
1 17.2119 15.4824 1.75663 -0.401596 -0.062582 0.913676
1 4.7514 11.4608 1.64716 -0.2205 0.689679 -0.689726
1 21.9524 29.2583 1.75183 -0.293039 -0.618321 0.729251
1 21.0007 11.047 1.7442 0.00828174 0.707773 0.706391
1 29.9527 12.4896 1.7767 0.0427937 -0.769027 0.637782
1 28.811 5.91862 1.61553 -0.468041 -0.595327 -0.653088
1 3.29469 4.24861 1.60762 -0.180407 -0.33789 -0.923734
1 28.117 27.5486 1.76654 0.0323619 0.633592 0.77299
1 3.24136 18.0954 1.75726 0.490261 0.226047 0.841752
1 11.6163 7.94254 1.60566 0.534518 -0.297406 -0.791101
1 12.4063 21.7466 1.60544 -0.161323 0.664341 -0.729812
1 21.8749 19.4624 1.61171 -0.0145468 0.700334 -0.713667
1 9.18694 29.3484 1.76008 -0.348718 0.199239 0.915805
1 32.5357 27.8841 1.6068 -0.041121 0.0385031 -0.998412
1 28.1681 26.2304 1.76474 0.224241 0.653264 0.723162
1 16.1836 17.0079 1.76256 -0.579611 -0.279784 0.765357
1 5.051 5.30624 1.6059 0.0223062 -0.66117 -0.749904
1 7.56525 4.46341 1.61289 -0.037247 0.408962 -0.911791
1 27.1829 25.4993 1.75499 0.39611 0.422342 0.815306
1 20.0692 11.1621 1.74429 0.0760877 0.514784 0.853937
1 33.7784 12.7317 1.75921 -0.00462599 -0.0945468 0.99551
1 29.5173 24.7268 1.60603 -0.496799 0.559696 -0.663274
1 2.48774 26.5393 1.76426 0.233345 -0.656795 0.717057
1 27.7736 6.14297 1.61166 -0.464424 -0.409568 -0.785216
1 21.5582 1.36997 1.61158 -0.52331 0.650607 0.550325
1 14.4441 20.1586 1.61072 -0.44342 0.330637 -0.833101
1 33.2664 27.2015 1.60873 -0.141296 -0.130875 -0.981278
1 31.9036 4.22625 1.60845 -0.137913 0.361227 -0.922223
1 5.57673 1.29619 1.60869 0.148655 -0.0230071 -0.988621
1 12.2332 4.62878 1.59868 -0.0273029 -0.419788 -0.907211
1 18.5571 13.9636 1.75691 -0.207183 0.18049 0.961509
1 15.847 32.8872 1.76021 0.0100372 -0.170974 0.985224
1 24.8177 24.6475 1.76455 0.564459 -0.0341273 0.824755
1 17.9133 5.40584 1.75475 0.70844 0.0457481 0.704287
1 25.3886 26.4986 1.75849 0.239846 0.100393 0.965606
1 34.394 13.457 1.75868 -0.130605 0.00130482 0.991434
1 9.811 26.7123 1.75917 0.125411 0.28366 0.950689
1 31.5856 34.2633 1.75493 0.183022 0.413548 0.891898
1 31.8629 25.959 1.6069 -0.3592 0.100545 -0.927829
1 31.3801 27.4378 1.60747 -0.149057 0.233851 -0.960779
1 21.551 6.88426 1.60437 -0.108426 0.746774 -0.65618
1 16.8027 30.9221 1.75707 0.280073 -0.0371787 0.959259
1 24.5528 11.9092 1.61345 0.345235 0.171285 -0.922754
1 7.52948 13.8794 1.60677 -0.140907 0.226975 -0.963653
1 23.5446 9.5907 1.60999 0.00652348 0.328021 -0.944648
1 30.4819 11.1296 1.76171 0.245684 -0.680767 0.690069
1 2.15218 12.1978 1.75947 0.0903802 0.359154 0.928892
1 27.6464 7.29501 1.61348 -0.265954 -0.373806 -0.888559
1 7.88029 34.2051 1.61287 -0.187607 -0.282064 -0.940874
1 24.3574 4.32373 1.61941 -0.775948 0.0692638 -0.626983
1 19.883 26.2771 1.77444 -0.458698 0.669772 0.583954
1 13.7748 10.9048 1.75677 0.0231793 -0.642881 0.765616
1 8.82645 32.7844 1.61466 -0.520602 -0.280284 -0.806483
1 26.0293 30.8134 1.74822 -0.546644 0.154532 0.822982
1 4.49407 21.0325 1.7567 -0.0420979 0.377327 0.925123
1 18.0735 4.47259 1.75043 -0.817342 0.0734582 0.571451
1 25.5271 17.4364 1.61439 -0.346685 0.179919 -0.920564
1 0.358925 0.91872 1.61525 -0.00240387 0.694963 -0.719041
1 24.0048 25.3503 1.75644 0.411886 -0.149094 0.898955
1 29.3502 19.9649 1.61051 0.122617 -0.363727 -0.9234
1 13.0399 12.4783 1.71957 -0.0759538 -0.809697 0.581912
1 33.3563 13.631 1.7587 -0.172414 -0.161664 0.971668
1 22.4767 12.6499 1.61443 0.332839 0.555239 -0.762187
1 0.823744 1.98101 1.6895 0.191033 0.534753 -0.823132
1 30.738 21.4404 1.6194 0.334645 -0.593532 -0.731937
1 23.2505 17.0548 1.60605 -0.424125 0.481682 -0.766877
1 1.90203 4.96647 1.60976 -0.0457086 -0.144735 -0.988414
1 29.8318 17.0112 1.61379 -0.344335 -0.405269 -0.846871
1 20.225 13.2963 1.7527 -0.0710476 0.515108 0.854176
1 4.88306 4.06076 1.61408 -0.219934 -0.573533 -0.789107
1 16.4144 16.0752 1.74272 -0.465505 -0.198041 0.862603
1 16.2734 20.5813 1.61374 -0.365952 0.00780916 -0.930601
1 13.1238 16.8448 1.59639 0.0727887 -0.70561 -0.704852
1 8.70663 10.2259 1.62548 -0.590594 -0.0197945 -0.806726
1 12.2101 14.2265 1.61909 -0.207436 -0.569044 -0.795713
1 10.789 30.6094 1.74991 -0.558847 0.445513 0.699434
1 17.7435 26.5331 1.61617 0.652178 -0.198214 -0.731693
1 14.5867 2.24267 1.74029 -0.524743 -0.412725 0.744515
1 6.57543 29.5641 1.76083 -0.360693 -0.0843689 0.928861
1 19.2161 10.1361 1.75372 0.171815 0.353234 0.919622
1 22.1193 17.5585 1.62038 -0.342198 0.640014 -0.687956
1 25.5634 27.4415 1.75977 0.0708348 0.139565 0.987676
1 26.0022 20.4234 1.60883 0.174803 0.131731 -0.975751
1 15.2614 32.0179 1.75983 0.131968 -0.254527 0.958019
1 4.79271 16.9978 1.61069 0.312224 0.738885 -0.597131
1 28.6121 7.10566 1.61568 -0.291333 -0.536879 -0.791761
1 31.3222 0.714644 1.75387 -0.00764677 0.376263 0.926481
1 6.08979 27.6935 1.76184 -0.0217124 -0.194237 0.980714
1 11.3015 4.80448 1.60767 0.0200185 -0.242731 -0.969887
1 14.2865 15.2328 1.75102 -0.318445 -0.570188 0.757284
1 13.6535 29.2887 1.74998 0.534965 -0.470308 0.701871
1 11.1476 14.583 1.62278 -0.0610969 -0.359404 -0.93118
1 30.8635 12.319 1.73437 0.039509 -0.601132 0.798172
1 8.5011 14.1679 1.60718 -0.0975054 0.0711213 -0.992691
1 34.1115 27.8013 1.60872 -0.0367544 -0.280887 -0.959037
1 34.4723 15.8168 1.75162 -0.531973 0.0132688 0.846657
1 9.96823 10.0804 1.62234 -0.598547 -0.211439 -0.77268
1 18.3619 28.486 1.76031 0.666484 0.158756 0.72842
1 30.8831 4.10473 1.60795 -0.112019 0.509162 -0.85335
1 29.6903 7.33672 1.65352 -0.339589 -0.705979 -0.621508
1 28.1387 0.237613 1.76158 0.0917416 0.0267691 0.995423
1 20.171 8.54379 1.741 0.311341 0.561405 0.766741
1 7.13643 26.8581 1.75661 0.107877 -0.0900504 0.990077
1 7.44606 25.0782 1.75654 0.413833 -0.0699934 0.907658
1 28.3021 8.22115 1.62036 -0.110562 -0.477808 -0.871479
1 16.8289 8.19054 1.75994 0.335076 -0.103472 0.936492
1 21.6119 26.8661 1.7524 0.112833 -0.57824 0.808027
1 22.7759 10.3314 1.61693 0.0284155 0.516893 -0.855578
1 9.28582 12.7552 1.60541 -0.239748 -0.0763678 -0.967827
1 21.2342 23.1736 1.60877 -0.0753911 -0.802798 -0.591465
1 23.6236 33.672 1.75918 0.359222 -0.552492 0.752138
1 5.43534 12.228 1.62983 -0.238014 0.520362 -0.820105
1 9.86184 5.91034 1.60617 0.224653 0.0217642 -0.974196
1 6.85299 17.0943 1.61311 0.194428 0.424561 -0.884277
1 19.7186 12.222 1.7531 -0.0192958 0.390222 0.920519
1 26.4453 27.0807 1.75806 0.14609 0.307007 0.940428
1 4.44747 24.592 1.734 0.620446 -0.441637 0.648076
1 19.0512 16.7705 1.74682 -0.565799 0.190015 0.80235
1 9.58327 22.8225 1.73518 0.746988 0.226463 0.625079
1 9.87958 33.3086 1.60821 -0.383202 -0.490965 -0.782374
1 2.98393 15.0191 1.75473 -0.408461 0.455672 0.7909
1 25.9395 6.94903 1.60785 -0.333367 -0.0908763 -0.938407
1 26.1915 32.8877 1.75187 0.476706 -0.240339 0.84557
1 13.1047 18.4237 1.60724 0.282891 -0.707306 -0.647836
1 12.0134 18.9918 1.61139 0.383207 -0.500324 -0.77642
1 4.187 10.1467 1.7553 -0.170673 0.890048 0.422713
1 18.2086 10.1111 1.75886 0.13956 0.169382 0.975619
1 24.2366 16.139 1.61174 -0.553038 0.337649 -0.76167
1 10.586 6.56503 1.60977 0.340042 -0.0877296 -0.936309
1 26.9774 9.41065 1.60919 0.0429717 -0.225611 -0.973269
1 9.53171 15.8481 1.60917 0.0567637 -0.062454 -0.996432
1 5.3331 10.319 1.60459 -0.385617 0.514365 -0.765982
1 17.9231 2.52036 1.757 -0.530619 0.0961897 0.842135
1 31.5822 3.24784 1.58966 -0.323772 0.394513 -0.85996
1 2.93677 32.8683 1.60758 -0.531619 0.321264 -0.783691
1 26.9276 13.0815 1.61438 0.601642 -0.257716 -0.756049
1 34.3587 18.0766 1.75268 0.500593 -0.348863 0.792276
1 10.8137 3.0862 1.6045 -0.271406 -0.168566 -0.947589
1 26.8268 6.517 1.60999 -0.411802 -0.246456 -0.877313
1 1.37241 28.6496 1.61196 0.117736 -0.622282 -0.773888
1 26.9644 24.3709 1.75007 0.589065 0.323592 0.740467
1 9.06097 23.6497 1.7597 0.622894 0.159329 0.765909
1 8.26093 11.131 1.61466 -0.436011 0.0418451 -0.898968
1 17.8424 1.50879 1.75851 -0.383799 0.108903 0.916972
1 4.39911 19.9276 1.76057 0.165905 0.380744 0.909676
1 6.79117 19.4612 1.61355 0.500813 0.46944 -0.727195
1 10.3298 16.4512 1.60825 0.0922485 -0.198598 -0.97573
1 33.3468 29.5565 1.60827 0.248689 -0.0622248 -0.966583
1 27.3156 26.6857 1.75656 0.201449 0.47768 0.855126
1 20.6729 27.3113 1.63916 0.057472 0.729257 -0.681821
1 5.23594 27.1428 1.76018 0.0810932 -0.349815 0.933303
1 24.3958 10.0356 1.60813 0.0724822 0.186322 -0.979811
1 27.8991 28.7427 1.76093 -0.187836 0.526355 0.829258
1 22.915 4.71865 1.61682 -0.670613 0.364946 -0.645827
1 32.8775 34.0373 1.7568 0.138079 0.57932 0.803319
1 14.082 22.3506 1.61137 -0.0852499 0.366481 -0.926512
1 16.6269 13.4092 1.7616 -0.162337 -0.120289 0.979376
1 14.6872 23.9889 1.60938 0.184112 0.268702 -0.945464
1 7.72342 6.00433 1.6133 0.219548 0.384799 -0.896509
1 33.352 5.43359 1.61177 0.0650377 0.190924 -0.979448
1 9.90831 3.40408 1.60732 -0.210831 -0.000160554 -0.977522
1 31.3492 5.12411 1.60324 0.0699136 0.447208 -0.891693
1 9.47931 31.0098 1.75761 -0.678184 0.206871 0.705175
1 5.43149 2.27244 1.60039 0.330994 0.0103088 -0.943577
1 24.9249 7.00231 1.61 -0.323055 0.0770566 -0.943238
1 4.32828 17.9513 1.75872 0.525275 0.459973 0.715898
1 23.9519 7.33592 1.61262 -0.270641 0.246465 -0.930596
1 7.75879 19.1246 1.61448 0.444332 0.309301 -0.840775
1 0.239105 27.0792 1.61116 -0.141212 -0.441861 -0.885899
1 1.09951 22.3616 1.75535 -0.292007 -0.114466 0.949542
1 5.42092 8.29125 1.74145 0.336273 -0.815492 0.471055
1 34.0011 14.4089 1.75831 -0.305621 -0.060399 0.950236
1 33.9767 26.4978 1.61099 -0.242975 -0.287147 -0.926558
1 17.9855 8.10006 1.75662 0.357002 0.107902 0.927851
1 24.3889 21.2245 1.60726 0.305892 0.337879 -0.890094
1 18.5418 30.4845 1.76323 0.336272 0.230978 0.913001
1 26.2323 28.1401 1.75749 -0.0546734 0.259959 0.964071
1 19.73 0.989356 1.76327 -0.347102 0.381084 0.85691
1 33.6832 9.14308 1.75868 0.722669 -0.0254246 0.690727
1 32.8124 14.4439 1.75694 -0.334937 -0.240204 0.911109
1 27.6907 11.3464 1.60992 0.33858 -0.343016 -0.876187
1 22.6877 18.6095 1.61014 -0.156599 0.584618 -0.796052
1 26.4996 17.8183 1.61067 -0.256433 0.0482262 -0.965358
1 12.2258 33.1086 1.74548 -0.0967946 -0.743003 0.662252
1 9.07414 7.62354 1.62311 0.584371 0.107147 -0.804381
1 0.961882 17.952 1.75317 0.514487 -0.175433 0.839361
1 22.039 8.19129 1.60786 -0.109245 0.611318 -0.783808
1 8.62383 17.5273 1.60864 0.244412 0.1219 -0.961979
1 20.2259 32.3935 1.76061 0.0583068 0.440298 0.895956
1 25.7177 29.0283 1.75704 -0.211762 0.144795 0.966536
1 6.37514 22.2922 1.765 -0.559991 0.586039 0.585635
1 34.5984 5.31394 1.6078 0.0188625 0.0945985 -0.995337
1 28.5155 22.2308 1.60925 0.466987 -0.220904 -0.856227
1 7.946 3.44337 1.60914 -0.226894 0.366483 -0.902335
1 9.91885 2.43109 1.60552 -0.377376 0.0154802 -0.925931
1 1.31326 32.5215 1.75477 -0.602202 0.35768 0.713735
1 30.5916 34.5718 1.75671 0.167088 0.284616 0.943968
1 18.1818 11.1602 1.7605 0.03314 0.159087 0.986708
1 4.27619 27.6495 1.75817 -0.0110146 -0.454887 0.890481
1 13.9267 16.4688 1.74872 -0.328404 -0.791252 0.51582
1 1.88318 1.9366 1.65256 0.226802 0.373245 -0.899583
1 26.7133 7.60953 1.61144 -0.228462 -0.209741 -0.950691
1 10.3242 5.05766 1.60791 0.0692893 -0.061837 -0.995678
1 28.9759 21.2178 1.60584 0.300191 -0.305485 -0.903639
1 12.7813 15.4561 1.60044 -0.0889615 -0.687463 -0.72075
1 2.31628 11.1632 1.75287 0.273626 0.361616 0.89127
1 17.655 22.7611 1.60838 0.0100138 -0.195809 -0.980591
1 16.8463 1.99776 1.75546 -0.449039 -0.0524892 0.891969
1 14.7297 25.0382 1.60902 0.357962 0.252706 -0.89889
1 19.1319 11.2056 1.75462 0.0658412 0.329068 0.942008
1 10.6498 25.0361 1.75465 0.412472 0.407942 0.814525
1 26.2784 29.8308 1.75791 -0.36466 0.21576 0.905798
1 20.6112 29.0186 1.75817 0.539456 0.583342 0.607206
1 14.8098 29.348 1.75929 0.533864 -0.288201 0.79494
1 2.27939 30.7931 1.60317 -0.175601 -0.871416 -0.458038
1 33.0302 1.79957 1.72494 -0.392825 0.573181 0.719133
1 7.90138 0.719796 1.60918 0.0335935 -0.324326 -0.945349
1 32.9107 32.1742 1.6241 0.706032 0.137418 -0.694719
1 29.1195 16.1112 1.61476 -0.50156 -0.259957 -0.825142
1 11.0858 12.1198 1.60682 -0.230482 -0.445829 -0.864936
1 26.8509 21.0561 1.61018 0.276937 0.0250899 -0.96056
1 0.102281 3.27521 1.60794 -0.436003 -0.0621455 -0.897797
1 1.81261 13.2289 1.75841 -0.0781542 0.326403 0.941994
1 10.8518 19.2678 1.62364 0.455203 -0.288177 -0.842463
1 27.6416 1.09968 1.76138 -0.0895616 -0.0115734 0.995914
1 26.5972 15.9051 1.62788 -0.586296 0.0456951 -0.808807
1 32.2935 0.413134 1.75716 -0.0151117 0.502262 0.864583
1 3.39545 27.0608 1.75648 0.114226 -0.572377 0.811995
1 27.3706 22.1709 1.6095 0.464313 -0.051844 -0.884152
1 31.5329 29.4578 1.60911 0.2236 0.276441 -0.934657
1 14.677 1.23901 1.74694 -0.40538 -0.335106 0.850512
1 20.3241 6.43226 1.77129 0.530057 0.555489 0.64068
1 4.08866 15.6185 1.62346 -0.0281252 0.838247 -0.544566
1 3.20342 30.5123 1.75262 -0.535615 -0.498755 0.681439
1 13.1446 5.3267 1.61399 0.114107 -0.551216 -0.826523
1 16.0657 0.333919 1.76258 -0.227333 -0.138508 0.963917
1 10.5387 9.25825 1.61623 -0.774289 -0.167679 -0.610213
1 16.5904 24.1647 1.60877 0.230616 -0.0309986 -0.972551
1 3.10223 25.2828 1.7534 0.548214 -0.604186 0.578291
1 33.1407 18.61 1.74845 0.376361 -0.582874 0.720146
1 12.9889 27.7839 1.76091 -0.144221 0.744881 0.651423
1 9.61085 4.31781 1.60743 -0.0609042 0.05247 -0.996764
1 3.63679 20.4872 1.7571 0.0599826 0.240996 0.968671
1 6.71424 23.2151 1.75054 0.703822 -0.276127 0.654514
1 25.3398 10.2354 1.60584 0.107835 0.043011 -0.993238
1 11.624 24.712 1.75063 0.425103 0.61625 0.662966
1 1.67353 7.72091 1.60482 0.498877 -0.00396278 -0.866664
1 24.9863 22.98 1.62546 0.692298 0.136359 -0.708612
1 28.4408 20.3798 1.60754 0.174615 -0.215621 -0.960738
1 30.1645 19.3194 1.61799 0.0507898 -0.51173 -0.857644
1 31.0292 6.11467 1.621 0.253225 0.532907 -0.807395
1 7.16716 11.5033 1.61214 -0.350276 0.218993 -0.910686
1 8.63423 2.44463 1.61441 -0.384723 0.278506 -0.880013
1 17.2714 20.8545 1.61262 -0.314223 -0.144148 -0.938342
1 5.45093 29.224 1.75829 -0.312636 -0.244528 0.917859
1 29.1752 26.1626 1.59468 -0.24755 0.741314 -0.623837
1 33.325 28.4796 1.6077 0.0634913 -0.100714 -0.992887
1 22.2472 20.7627 1.60559 0.231128 0.626644 -0.744243
1 1.17072 8.60025 1.61737 0.736605 0.0986152 -0.669095
1 15.2606 20.813 1.61048 -0.327103 0.175092 -0.928626
1 27.1931 27.8625 1.75641 -0.00293567 0.447665 0.894196
1 17.6447 21.768 1.60635 -0.159263 -0.196152 -0.967553
1 22.0508 22.7311 1.78579 -0.598703 -0.558404 0.57423
1 26.3809 8.56527 1.60796 -0.0931923 -0.143427 -0.985263
1 18.8372 31.4672 1.75729 0.202149 0.255862 0.945342
1 16.2473 31.8116 1.75829 0.157657 -0.117427 0.980487
1 30.2538 4.99329 1.61324 0.0966804 0.608698 -0.787489
1 5.78474 30.2213 1.75625 -0.502987 -0.162281 0.848922
1 21.8927 31.7567 1.75111 0.145835 0.682662 0.716034
1 30.9883 32.4721 1.75665 0.584297 0.356073 0.729252
1 6.18407 26.7357 1.76 0.143489 -0.222719 0.964265
1 27.9054 21.281 1.60936 0.319343 -0.1283 -0.938914
1 27.2795 2.02333 1.76075 -0.276121 -0.00822144 0.961088
1 27.2705 10.3809 1.60285 0.182821 -0.269767 -0.945411
1 33.4052 10.1575 1.7393 0.47781 -0.128672 0.868989
1 31.7034 20.3637 1.61198 0.2097 -0.792406 -0.572817
1 18.3271 25.364 1.61081 0.450817 -0.321227 -0.832813
1 30.9517 7.55297 1.61336 0.509186 0.563406 -0.650618
1 15.8265 22.5569 1.60751 -0.0440899 0.0855085 -0.995361
1 17.7792 19.1647 1.6225 -0.65274 -0.219482 -0.725091
1 6.12991 11.2733 1.61221 -0.356759 0.374985 -0.855634
1 14.7414 8.91043 1.75496 0.244059 -0.466471 0.8502
1 21.3582 30.2074 1.61565 0.327058 0.721491 0.610315
1 16.4836 29.9946 1.75881 0.411554 -0.101642 0.9057
1 0.799695 10.5527 1.75373 0.403886 0.16406 0.899978
1 30.3168 30.7748 1.61536 0.459502 0.525564 -0.715989
1 27.7709 2.90781 1.75994 -0.45224 0.0707967 0.889082
1 12.5842 31.7731 1.74771 0.150226 -0.66834 0.728528
1 2.48964 8.40703 1.61781 0.570863 -0.135123 -0.809851
1 30.4805 16.2605 1.61319 -0.498836 -0.477504 -0.723293
1 1.70647 3.34379 1.65883 -0.367263 -0.0651804 -0.92783
1 19.3203 15.7798 1.76598 -0.414527 0.303175 0.858051
1 29.3109 29.8491 1.61776 0.203154 0.668911 -0.715044
1 33.2101 0.587582 1.76114 -0.121765 0.63676 0.761387
1 25.6948 6.02677 1.61165 -0.482659 -0.0691948 -0.87307
1 28.1154 24.9139 1.75579 0.428216 0.578722 0.694054
1 19.3916 3.85516 1.75359 -0.687987 0.276847 0.670842
1 3.66941 29.537 1.75669 -0.326232 -0.511581 0.794895
1 15.5135 9.58058 1.75903 0.158855 -0.325758 0.932012
1 10.459 15.3665 1.60874 -0.0176674 -0.213195 -0.97685
1 1.92118 10.1792 1.74752 0.467459 0.282899 0.837526
1 10.346 23.9418 1.76127 0.587764 0.390283 0.70867
1 34.0125 7.12129 1.61339 0.393291 0.173985 -0.902802
1 12.837 10.4158 1.70882 0.0135962 -0.810721 0.585275
1 26.6582 19.7463 1.6077 0.0666745 0.0382168 -0.997043
1 15.7608 12.8899 1.76325 -0.143762 -0.289713 0.946255
1 6.1897 33.0202 1.61944 -0.400167 -0.0968614 -0.911309
1 14.8206 13.0464 1.75519 -0.212639 -0.468562 0.857458
1 29.6236 0.360956 1.75927 0.100209 0.169575 0.980409
1 31.7607 12.6044 1.76282 0.00870227 -0.428715 0.903398
1 10.8627 33.0169 1.62086 -0.398167 -0.668075 -0.6286
1 13.2216 32.6895 1.7536 0.0198169 -0.572009 0.820008
1 20.5016 33.469 1.76237 -0.0987896 0.480907 0.871188
1 12.8139 7.60707 1.61382 0.520119 -0.522328 -0.675759
1 20.4243 30.1597 1.75925 0.354093 0.560057 0.748969
1 13.2532 14.1626 1.76192 -0.322281 -0.801449 0.5038
1 14.9738 18.9836 1.61248 -0.628044 0.221377 -0.746025
1 4.54662 13.3857 1.60322 -0.228957 0.801873 -0.551887
1 13.9897 13.5436 1.74508 -0.306323 -0.64007 0.704611
1 2.49624 27.8514 1.7529 -0.0327941 -0.697079 0.716244
1 28.4518 31.3462 1.75062 0.77562 -0.119999 0.619689
1 9.56432 17.0832 1.60893 0.168127 -0.0527402 -0.984353
1 10.5021 1.47199 1.6097 -0.503957 -0.0986293 -0.858079
1 1.78393 33.5525 1.61137 -0.428864 0.4912 -0.758155
1 27.9649 9.24988 1.61216 0.0450627 -0.385423 -0.921639
1 29.0216 23.1454 1.61157 0.592475 -0.304844 -0.745683
1 27.0848 32.0584 1.74725 0.646759 -0.152671 0.747258
1 6.58165 2.80146 1.60315 0.40435 -0.222133 -0.887219
1 11.5402 25.9246 1.75229 0.248608 0.538083 0.805395
1 18.665 18.3674 1.77316 -0.864043 0.031088 0.502457
1 3.18729 11.733 1.75906 0.134991 0.50132 0.854667
1 14.2352 7.30632 1.75927 0.457259 -0.639109 0.618428
1 25.3637 8.76464 1.60634 -0.0663723 0.0223095 -0.997545
1 1.96386 0.174327 1.60412 -0.13162 0.415442 -0.900047
1 25.6641 7.85032 1.60797 -0.203584 -0.0348713 -0.978436
1 11.779 29.5434 1.73434 -0.415333 0.596407 0.686875
1 7.80843 16.8686 1.60831 0.17149 0.251588 -0.95252
1 20.6245 24.4963 1.61197 0.26165 -0.714654 -0.648698
1 10.0859 20.9219 1.61879 0.672055 -0.181584 -0.717892
1 8.95762 3.33123 1.61641 -0.235552 0.174175 -0.956127
1 33.628 25.465 1.61637 -0.449354 -0.297963 -0.842199
1 4.16787 4.74697 1.60416 -0.0781933 -0.485012 -0.871005
1 17.4667 8.95572 1.76062 0.243226 0.0335932 0.969388
1 24.6669 8.02451 1.60911 -0.180864 0.129512 -0.974944
1 25.7284 3.39999 1.75383 -0.57558 -0.181413 0.797369
1 14.8707 22.9723 1.60839 0.0162481 0.23981 -0.970684
1 0.809543 13.3046 1.75824 -0.0987373 0.161434 0.981932
1 25.0686 28.2545 1.7584 -0.072495 0.0429978 0.996442
1 23.3967 13.5061 1.61332 0.506018 0.341905 -0.791863
1 24.6478 18.1383 1.6113 -0.220768 0.310607 -0.924546
1 15.0984 0.410541 1.75337 -0.279894 -0.267763 0.921934
1 25.6919 13.2275 1.6105 0.564887 -0.0561853 -0.823253
1 24.6737 10.9731 1.60679 0.20838 0.158007 -0.9652
1 18.3869 21.1221 1.61012 -0.27472 -0.320611 -0.906497
1 34.5476 25.0434 1.60417 -0.557246 -0.462139 -0.689858
1 30.1278 2.3855 1.74959 -0.33152 0.281869 0.900358
1 3.03299 10.528 1.73567 0.368318 0.4976 0.785325
1 8.13944 27.977 1.76025 -0.0795927 0.0689198 0.994442
1 27.6331 32.9062 1.75534 0.47111 -0.118178 0.874122
1 8.7385 33.7559 1.60654 -0.311041 -0.364238 -0.877829
1 3.40666 13.9164 1.75282 -0.190965 0.582357 0.790185
1 1.22804 27.3262 1.61341 -0.0909289 -0.629058 -0.772022
1 25.6647 12.24 1.60773 0.422807 -0.0145488 -0.906103
1 23.2168 26.0787 1.75597 0.274365 -0.288078 0.917461
1 2.82164 3.32718 1.65545 -0.369148 -0.234469 -0.899308
1 5.21225 28.1992 1.75926 -0.121598 -0.306463 0.944084
1 21.1397 12.826 1.75341 0.086056 0.660097 0.746235
1 25.1189 5.15947 1.61998 -0.642049 -0.0339313 -0.765913
1 4.49524 23.4995 1.72474 -0.626645 0.369168 0.686317
1 32.4601 15.3805 1.75752 -0.532987 -0.298731 0.791634
1 29.2115 11.9276 1.60754 0.369265 -0.682886 -0.630325
1 26.0754 4.4974 1.62579 -0.805207 -0.177226 -0.565892
1 19.1485 7.9692 1.7566 0.354529 0.314262 0.880652
1 15.8423 1.29924 1.75296 -0.369382 -0.167555 0.914047
1 32.6651 3.43646 1.59552 -0.356701 0.247076 -0.900954
1 9.56716 25.6647 1.75629 0.302364 0.239249 0.922679
1 4.09387 32.0304 1.77077 0.708245 -0.116257 0.696328
1 25.1981 22.0744 1.61362 0.491192 0.215772 -0.843903
1 9.03094 27.352 1.75984 0.0145217 0.182013 0.983189
1 33.6613 20.17 1.75551 0.104746 -0.502619 0.858139
1 29.8316 33.8067 1.75887 0.336526 0.193433 0.921593
1 0.00706264 19.9169 1.75594 0.141201 -0.337471 0.930686
1 16.3873 26.5186 1.614 0.657772 0.00392041 -0.753207
1 8.29676 28.9265 1.75635 -0.228974 0.102109 0.968062
1 26.8346 12.1543 1.61964 0.470638 -0.202254 -0.858832
1 14.9211 34.0073 1.75578 -0.155687 -0.302494 0.94035
1 33.3452 16.2745 1.74586 -0.685194 -0.103614 0.720953
1 18.5691 22.1708 1.60997 -0.0833416 -0.346496 -0.934342
1 31.4104 30.5007 1.6132 0.424395 0.333491 -0.841827
1 32.5013 25.12 1.61233 -0.50128 -0.0658444 -0.862776
1 14.2483 5.22641 1.60918 0.0789311 -0.687263 -0.722108
1 19.4551 27.9839 1.7465 0.707504 0.345737 0.616364
1 22.0189 11.3789 1.60313 0.0858064 0.722193 -0.686349
1 24.9285 20.2249 1.61138 0.135213 0.272712 -0.952547
1 0.0611103 32.6906 1.75522 -0.533747 0.095503 0.840234
1 32.4769 29.0494 1.60767 0.152136 0.0853162 -0.98467
1 11.0169 28.1541 1.75514 -0.124793 0.461026 0.878568
1 2.06629 22.1491 1.7576 -0.247277 0.0352452 0.968303
1 32.9745 7.3483 1.61654 0.456349 0.294572 -0.839627
1 34.2977 10.8201 1.75665 0.353796 0.00330478 0.935317
1 29.7955 31.7714 1.75775 0.714079 0.178535 0.676917
1 19.7363 17.5271 1.76117 -0.68894 0.262218 0.675724
1 16.5016 6.43289 1.75534 0.578508 -0.184401 0.794559
1 4.06773 0.332371 1.60602 -0.0769865 0.159052 -0.984264
1 31.3503 25.067 1.60946 -0.476795 0.19828 -0.85636
1 28.3562 1.96841 1.75971 -0.243659 0.110117 0.963589
1 23.7227 8.45279 1.61449 -0.125781 0.298803 -0.94599
1 28.9751 9.45761 1.60584 0.0714412 -0.567851 -0.820025
1 24.3581 26.2531 1.75729 0.258028 -0.0877272 0.962146
1 27.3017 30.7815 1.73661 -0.633809 0.370443 0.679012
1 15.7342 30.9978 1.75851 0.277542 -0.190033 0.941731
1 2.30975 4.13043 1.61384 -0.208287 -0.187314 -0.959964
1 10.6731 11.023 1.6101 -0.420748 -0.353002 -0.83568
1 3.47018 21.4276 1.7609 -0.107525 0.21021 0.971725
1 19.317 5.44536 1.75687 0.691994 0.259294 0.673729
1 3.27074 17.0906 1.75499 0.664424 0.225612 0.712489
1 18.0929 12.9241 1.75795 -0.113105 0.10653 0.987856
1 21.0578 9.51023 1.75739 0.156773 0.767908 0.62108
1 6.13461 9.24992 1.60349 -0.610049 0.395188 -0.68678
1 9.52258 10.9578 1.60991 -0.463867 -0.152444 -0.87269
1 16.8413 2.99252 1.75166 -0.577952 -0.0939427 0.810645
1 34.2649 29.9665 1.6097 0.336346 -0.220694 -0.915514
1 9.35229 1.60875 1.60355 -0.511335 0.127411 -0.849884
1 33.8931 34.1593 1.75811 0.120518 0.722123 0.681185
1 0.158172 12.5128 1.75912 0.0350689 0.0569831 0.997759
1 31.4181 11.2707 1.74501 0.234842 -0.499742 0.833731
1 2.63262 29.1999 1.75361 -0.297586 -0.678159 0.671969
1 8.75627 0.206481 1.60676 -0.0787442 -0.412185 -0.907691
1 27.6567 16.3403 1.61601 -0.456753 -0.0926235 -0.884759
1 3.04542 24.091 1.74709 -0.620291 0.275645 0.734342
1 10.8384 27.0852 1.75693 0.0607833 0.433291 0.899202
1 7.11724 16.0075 1.61166 0.06032 0.345979 -0.936301
1 26.062 24.982 1.75636 0.532437 0.183205 0.826406
1 16.0155 21.5365 1.61041 -0.213639 0.0433552 -0.97595
1 22.569 26.961 1.75349 0.107004 -0.408758 0.906348
1 28.2559 3.83046 1.76865 -0.600926 0.216008 0.769564
1 18.8915 6.31414 1.75557 0.555213 0.259809 0.790088
1 6.25313 28.6373 1.76066 -0.188388 -0.151045 0.97041
1 18.6859 12.1233 1.75581 -0.0364958 0.219195 0.974998
1 9.65157 32.1559 1.60782 -0.6409 -0.387562 -0.662603
1 13.1475 33.9394 1.74695 -0.191108 -0.587072 0.786654
1 3.89876 3.47825 1.61937 -0.339222 -0.413149 -0.845125
1 12.123 1.82043 1.61736 -0.494998 -0.432658 -0.753514
1 34.2791 20.9886 1.75592 -0.0398059 -0.392343 0.918957
1 18.7171 0.822006 1.75771 -0.291767 0.244731 0.924651
1 1.48802 6.79329 1.60485 0.303008 -0.0859428 -0.949105
1 7.08191 24.1464 1.75421 0.58041 -0.125037 0.804668
1 14.9088 32.9989 1.75784 -0.0121182 -0.301351 0.953436
1 22.583 30.6227 1.75394 -0.442573 -0.567479 0.694332
1 31.0851 13.4893 1.75084 -0.164254 -0.515941 0.840729
1 0.456779 28.1882 1.6129 0.0462184 -0.449099 -0.892286
1 11.2664 13.4656 1.61221 -0.183427 -0.378653 -0.907181
1 24.785 33.1262 1.76083 0.458587 -0.362662 0.81128
1 12.1066 3.06795 1.63146 -0.274898 -0.441024 -0.854359
1 10.3119 12.9608 1.60995 -0.209758 -0.226389 -0.951183
1 11.4298 17.1681 1.60704 0.149218 -0.367605 -0.917933
1 28.3786 18.2641 1.6057 -0.134114 -0.214966 -0.967369
1 25.9922 9.4763 1.6069 0.0325867 -0.0686104 -0.997111
1 16.4746 9.1995 1.75882 0.215555 -0.152776 0.964466
1 10.8755 29.2781 1.74087 -0.32811 0.470004 0.819414
1 25.7086 23.9754 1.76287 0.732289 0.0529248 0.678934
1 33.7293 3.71607 1.6057 -0.343915 0.105885 -0.933012
1 2.0502 24.9253 1.58859 0.739954 -0.184468 -0.646869
1 30.5068 29.7092 1.61055 0.249671 0.467851 -0.847809
1 3.56382 23.0593 1.74276 -0.434764 0.288089 0.853221
1 8.30323 13.1253 1.60768 -0.200061 0.0634276 -0.977728
1 31.9694 16.1556 1.75875 -0.678808 -0.385453 0.625017
1 17.3618 29.1228 1.75656 0.541426 0.0214863 0.840474
1 24.4545 9.05693 1.6082 -0.0471032 0.163789 -0.98537
1 21.4373 33.8471 1.7487 -0.187432 0.648098 0.738131
1 9.48264 18.0654 1.60646 0.299502 -0.0324114 -0.953545
1 0.778619 5.97947 1.61173 0.152762 0.0113582 -0.988198
1 15.6377 4.41854 1.7545 -0.767397 -0.272718 0.580281
1 13.7614 24.4986 1.6106 0.291336 0.433617 -0.852702
1 11.7874 11.3657 1.60971 -0.339684 -0.554167 -0.759943
1 30.0766 6.19108 1.62407 0.340573 0.684551 -0.644515
1 34.2147 28.8938 1.6096 0.151031 -0.25658 -0.95465
1 27.5152 19.2643 1.60729 -0.000948574 -0.0917166 -0.995785
1 5.78133 18.3416 1.61471 0.428208 0.660553 -0.61669
1 15.0134 16.6918 1.76038 -0.473581 -0.551418 0.686775
1 30.2135 8.76359 1.61676 -0.0269151 -0.786497 -0.617007
1 14.5016 3.3112 1.75956 -0.609231 -0.560021 0.561439
1 28.4989 14.5278 1.60894 -0.78289 -0.0129497 -0.622025
1 31.2836 10.0855 1.74273 0.455398 -0.485184 0.746464
1 32.1209 13.6175 1.75795 -0.187049 -0.345285 0.919669
1 32.4522 21.3916 1.76619 -0.0689893 -0.747203 0.661005
1 27.2454 13.9222 1.64262 0.711089 -0.335753 -0.617756
1 4.99542 25.336 1.74121 0.439166 -0.405892 0.801489
1 31.712 28.4032 1.60744 0.0311328 0.209921 -0.977223
1 7.10249 27.8544 1.75957 -0.0493625 -0.061031 0.996915
1 13.6588 6.43506 1.62576 0.328617 -0.625204 -0.707906
1 18.1801 16.0292 1.76483 -0.446911 0.104966 0.888399
1 22.885 19.8915 1.60649 0.0652998 0.557661 -0.827496
1 32.7585 19.9599 1.75099 0.147278 -0.68351 0.714929
1 17.6314 32.9911 1.76034 0.0200962 0.0801843 0.996577
1 25.2276 30.0068 1.7602 -0.378976 0.027231 0.925006
1 23.7054 29.0028 1.75946 -0.215095 -0.244498 0.945492
1 5.20088 15.878 1.60965 0.113301 0.651366 -0.750257
1 8.6018 4.26844 1.61071 -0.0732459 0.227605 -0.970995
1 2.43323 21.2371 1.75969 -0.0838927 0.0660852 0.994281
1 19.0043 20.3546 1.60797 -0.409341 -0.430405 -0.804482
1 26.6529 11.2451 1.61303 0.319393 -0.16421 -0.933286
1 19.4295 9.09747 1.74717 0.275806 0.388364 0.879263
1 25.6608 19.4605 1.60842 0.00606719 0.174438 -0.984649
1 0.423654 17.1376 1.72544 0.693167 -0.190838 0.695054
1 13.1039 20.6132 1.60785 -0.359655 0.551814 -0.752429
1 11.8813 22.7205 1.77036 -0.101194 -0.732647 0.673044
1 13.1916 30.5824 1.7421 0.3561 -0.579338 0.733185
1 33.3431 21.2488 1.75536 -0.0852447 -0.571526 0.816144
1 6.88076 5.31247 1.60928 0.0739322 0.550265 -0.831711
1 3.75798 5.73939 1.60561 0.0828822 -0.395248 -0.914827
1 22.2026 34.4889 1.71993 -0.308674 0.763182 0.567692
1 11.2271 16.1028 1.60663 0.0249756 -0.349943 -0.936438
1 23.8978 20.2179 1.60687 0.115024 0.410144 -0.904738
1 8.76981 21.1277 1.61254 0.66878 0.0632346 -0.740767
1 5.1835 0.376429 1.60619 -0.0320927 0.0461605 -0.998418
1 0.72696 26.1333 1.61039 -0.308489 -0.520543 -0.796159
1 14.2271 32.2945 1.75795 0.0978318 -0.41064 0.906534
1 27.6179 17.3386 1.61268 -0.293896 -0.097857 -0.950815
1 9.90233 19.9924 1.62181 0.561958 -0.125681 -0.817562
1 11.1751 20.156 1.59669 0.5464 -0.425513 -0.721378
1 29.8013 3.81316 1.64948 -0.719914 0.681816 0.129815
1 1.24164 4.17113 1.61308 -0.192589 -0.0658333 -0.979069
1 26.9587 14.9625 1.61945 -0.754818 0.105823 -0.647341
1 15.3792 28.3854 1.76904 0.716965 -0.201536 0.667341
1 23.648 26.9816 1.75875 0.109015 -0.212656 0.971027
1 11.5936 6.79251 1.60756 0.360525 -0.268378 -0.893306
1 32.5198 31.1463 1.61688 0.536377 0.182353 -0.824043
1 10.5872 34.3256 1.6071 -0.148444 -0.659638 -0.736778
1 30.1449 18.1594 1.60677 -0.147629 -0.493212 -0.857291
1 30.9295 26.5024 1.60727 -0.296617 0.336845 -0.893619
1 23.4939 6.4608 1.60528 -0.387578 0.313582 -0.866862
1 22.7091 5.84132 1.6104 -0.477599 0.403548 -0.780416
1 7.77392 14.8893 1.60683 -0.038457 0.217195 -0.97537
1 27.6281 5.00856 1.61284 -0.658238 -0.389866 -0.643993
1 0.925618 9.45986 1.74333 0.699926 0.170078 0.693669
1 11.519 34.4464 1.5981 -0.0902924 -0.806958 -0.583667
1 17.8234 14.7066 1.75883 -0.308903 0.0601182 0.949192
1 13.2365 1.64282 1.75739 -0.556416 -0.64104 0.528647
1 1.88799 17.1051 1.74632 0.698248 -0.0126699 0.715743
1 7.28206 28.8245 1.75886 -0.206174 -0.0204201 0.978302
1 20.4164 2.85766 1.73973 -0.572239 0.498138 0.65146
1 11.3433 10.2254 1.61557 -0.567486 -0.39387 -0.723067
1 14.9562 14.4725 1.75314 -0.284921 -0.414034 0.864521
1 29.9202 26.7659 1.62659 -0.23814 0.556778 -0.795794
1 23.0947 29.7993 1.74841 -0.366865 -0.380337 0.848972
1 9.49951 24.6505 1.75872 0.471409 0.229085 0.851641
1 4.04692 18.9049 1.75528 0.354647 0.34821 0.867742
1 7.07891 7.74928 1.61202 0.531285 0.341647 -0.77525
1 26.793 33.6756 1.75706 0.298221 -0.185839 0.936231
1 7.7314 20.3941 1.61948 0.594471 0.283273 -0.75257
1 23.9966 22.1511 1.61407 0.497438 0.344926 -0.795978
1 20.8425 31.4242 1.75115 0.194545 0.543651 0.816453
1 11.3819 18.2425 1.60921 0.292561 -0.364024 -0.884248
1 33.9352 8.18213 1.60605 0.675904 0.198673 -0.709706
1 16.1638 7.42871 1.7574 0.429122 -0.241479 0.870369
1 17.5592 11.9598 1.75926 -0.0662879 0.0327828 0.997262
1 8.07969 7.03352 1.60904 0.411419 0.280472 -0.867219
1 7.36581 1.93907 1.61958 0.257915 -0.36227 -0.895679
1 15.3721 30.1121 1.75362 0.396971 -0.252547 0.882402
1 30.2625 22.8263 1.6146 0.515159 -0.530673 -0.67305
1 32.9259 26.1653 1.60913 -0.338703 -0.117343 -0.933547
1 6.87824 32.2835 1.63898 -0.600971 -0.0880443 -0.794407
1 17.872 27.4914 1.7194 0.836256 0.0731804 0.543434
1 28.6733 32.297 1.75907 0.627746 -0.00575776 0.778397
1 16.7675 22.1915 1.60749 -0.0963399 -0.0632379 -0.993338
1 27.3936 18.2897 1.6088 -0.14749 -0.07354 -0.986326
1 28.4877 19.3409 1.60548 0.0251439 -0.228681 -0.973177
1 17.4495 24.7636 1.61129 0.347618 -0.164075 -0.923169
1 14.0891 25.7728 1.61289 0.481039 0.343637 -0.806546
1 5.80447 24.2386 1.74673 0.552046 -0.299036 0.778346
1 5.1907 32.3747 1.60323 -0.58148 -0.0187201 -0.813345
1 2.60751 18.8599 1.75593 0.359634 0.0887314 0.928865
1 15.7766 27.4726 1.66661 0.864647 -0.0961869 0.493085
1 14.1307 28.0268 1.71673 0.713325 -0.479906 0.510742
1 16.3939 11.2922 1.75548 -0.00850222 -0.149007 0.9888
1 33.9431 22.1821 1.76089 -0.235487 -0.413895 0.879339
1 24.4524 34.2277 1.75533 0.240172 -0.419596 0.875361
1 17.3336 16.7338 1.75446 -0.559486 -0.0401619 0.827866
1 24.1547 30.0264 1.75962 -0.372766 -0.174003 0.911465
1 32.0691 6.11826 1.60783 0.245311 0.373183 -0.894738
1 10.0806 28.7727 1.75865 -0.239506 0.339956 0.909432
1 28.0347 12.3556 1.61499 0.466785 -0.449819 -0.761429
1 33.2554 11.0925 1.75478 0.298653 -0.161776 0.94055
1 3.03906 22.3047 1.75814 -0.283641 0.189185 0.940083
1 18.4537 24.314 1.61152 0.270705 -0.323862 -0.906549
1 29.9603 20.8038 1.6075 0.231106 -0.473992 -0.84966
1 14.6908 11.5129 1.73242 -0.0589517 -0.479134 0.87576
1 1.40189 11.4098 1.75887 0.225163 0.235585 0.945411
1 14.7902 17.952 1.75118 -0.846551 -0.0453221 0.530374
1 23.7139 30.9529 1.75576 -0.501989 -0.309693 0.807525
1 28.6047 13.2745 1.62041 0.561128 -0.54271 -0.624981
1 21.9639 9.6706 1.60679 -0.00628694 0.715101 -0.698993
1 8.54525 25.3126 1.75544 0.359106 0.0894056 0.929005
1 0.99251 19.7363 1.75805 0.177822 -0.171353 0.969029
1 6.16795 15.9723 1.61397 0.0879034 0.500448 -0.861292
1 10.0735 11.8856 1.61014 -0.315221 -0.253242 -0.914606
1 19.2239 19.3766 1.61103 -0.614503 -0.392394 -0.684407
1 1.16262 23.2896 1.75715 -0.46587 -0.074323 0.881726
1 9.21775 5.1906 1.60715 0.0879856 0.119997 -0.988868
1 4.68967 34.1746 1.6088 -0.213428 0.0680398 -0.974587
1 19.5259 33.4781 1.755 -0.0642493 0.350019 0.934536
1 19.6005 14.2323 1.75409 -0.208003 0.370791 0.905124
1 29.7251 10.2123 1.616 0.21801 -0.711921 -0.667563
1 3.74784 12.7531 1.77513 0.0136888 0.6729 0.739607
1 26.1854 34.5582 1.75588 0.114729 -0.215117 0.969826
1 33.6674 17.3764 1.75872 0.63537 -0.439474 0.634955
1 2.88718 5.16853 1.6054 -0.0132107 -0.277714 -0.960573
1 25.3425 1.26919 1.75785 -0.113255 -0.267464 0.956889
1 1.03503 15.969 1.74934 -0.596714 0.155332 0.787276
1 13.8789 3.91066 1.59424 -0.209633 -0.709202 -0.673117
1 15.3177 6.32516 1.75353 0.577098 -0.404576 0.709419
1 20.235 16.2922 1.74974 -0.492307 0.445569 0.747731
1 6.77748 25.9028 1.75787 0.278432 -0.155066 0.947855
1 15.3413 15.7196 1.73769 -0.402885 -0.38661 0.829588
1 8.33039 8.34847 1.6066 0.767134 0.136856 -0.626719
1 34.0889 11.7691 1.75938 0.170229 -0.0426977 0.984479
1 2.33998 23.1182 1.76013 -0.43003 0.0967828 0.897612
1 18.5643 34.3622 1.75555 -0.145032 0.2359 0.960894
1 7.70981 33.1029 1.61146 -0.415099 -0.190374 -0.889635
1 32.4274 30.1027 1.60978 0.343158 0.139749 -0.928823
1 23.3081 21.1028 1.61034 0.282087 0.480362 -0.83047
1 16.8785 28.2174 1.75519 0.692413 -0.0234018 0.721122
1 22.0624 3.94521 1.77708 -0.707498 0.0994774 0.699679
1 7.71912 29.7593 1.75518 -0.370979 0.0541731 0.92706
1 20.4373 21.8917 1.6081 -0.162755 -0.664262 -0.729567
1 1.16254 29.9781 1.61068 0.330392 -0.516039 -0.790282
1 12.218 16.4914 1.61511 0.0638832 -0.533523 -0.84337
1 11.5397 3.82855 1.60382 -0.156747 -0.30007 -0.940951
1 2.94656 1.92112 1.77463 -0.277524 -0.247844 0.928199
1 24.55 6.08812 1.60703 -0.470314 0.119079 -0.874428
1 14.6819 31.2285 1.75955 0.249135 -0.339619 0.906968
1 0.67556 15.0843 1.75623 -0.413966 0.130486 0.900892
1 23.5547 12.47 1.6106 0.352378 0.330343 -0.875616
1 10.5503 26.0539 1.75209 0.238216 0.382123 0.89288
1 15.4378 10.7607 1.75694 0.0492659 -0.329348 0.942922
1 27.3581 8.40816 1.6094 -0.097844 -0.308719 -0.946107
1 2.67849 20.2952 1.75857 0.0843648 0.0962225 0.991778
1 7.05324 0.0838725 1.61054 -0.0765738 -0.180404 -0.980607
1 33.009 22.597 1.76039 -0.295763 -0.564342 0.770741
1 33.4384 30.6178 1.60863 0.425406 -0.0132643 -0.904905
1 6.54615 13.7914 1.61048 -0.174916 0.392691 -0.902883
1 32.0023 24.0993 1.61334 -0.629599 0.0381095 -0.775985
1 32.3012 8.06313 1.6036 0.68722 0.287593 -0.667097
1 17.7858 0.462519 1.75907 -0.234956 0.114889 0.965192
1 26.8446 28.9107 1.75631 -0.209233 0.349118 0.913421
1 29.1396 27.8331 1.61042 -0.0744615 0.774602 -0.62805
1 5.59598 3.49009 1.71439 0.805946 0.517983 -0.286609
1 19.4339 21.4583 1.61299 -0.206838 -0.492028 -0.845651
1 15.8891 33.9316 1.76084 -0.115037 -0.168554 0.978957
1 22.7819 22.003 1.6129 0.461442 0.502134 -0.731391
1 15.7679 8.48559 1.75816 0.30669 -0.299493 0.903463
1 5.62436 13.5212 1.61974 -0.187215 0.548231 -0.815103
1 18.4553 9.10458 1.76342 0.249062 0.217954 0.943644
1 26.5872 16.8601 1.61383 -0.421099 0.0398271 -0.90614
1 33.9998 23.383 1.75411 -0.493159 -0.393174 0.776021
1 1.29283 31.5187 1.76767 0.518393 -0.260022 0.814652
1 1.47072 18.8014 1.76006 0.356588 -0.091645 0.929756
1 22.7869 8.92855 1.61239 -0.0409657 0.479658 -0.876499
1 3.68138 34.0201 1.60504 -0.282589 0.198806 -0.938414
1 13.7827 9.5662 1.75647 0.214511 -0.64811 0.730711
1 15.781 13.9586 1.76027 -0.244006 -0.26573 0.932657
1 15.0723 7.74677 1.75133 0.420678 -0.463501 0.77987
1 19.3916 23.7963 1.61172 0.165942 -0.48264 -0.859954
1 6.96463 1.0482 1.61127 0.107385 -0.199012 -0.974096
1 1.34821 21.4321 1.76039 -0.123237 -0.0933699 0.987975
1 6.8047 14.9155 1.61079 -0.0536562 0.377544 -0.924436
1 2.1174 18.0072 1.75539 0.516646 0.0109643 0.856129
1 33.1535 12.0266 1.75899 0.121441 -0.188546 0.974527
1 7.2623 12.8619 1.60606 -0.2417 0.221359 -0.944765
1 24.3586 14.6922 1.60014 0.817902 0.0531586 -0.572897
1 8.05038 15.8697 1.60728 0.0565809 0.188471 -0.980447
1 20.0993 20.4962 1.61166 -0.368965 -0.631567 -0.6819
1 13.8154 23.4028 1.61013 0.0936742 0.406235 -0.908954
1 16.6977 23.1812 1.60801 0.0686087 -0.0463095 -0.996568
1 21.0506 16.8822 1.75883 -0.567184 0.56547 0.598787
1 4.62161 6.45833 1.60694 0.199155 -0.51763 -0.832104
1 5.18807 33.3501 1.61254 -0.374896 0.0346011 -0.926421
1 27.1825 0.00471329 1.76031 0.114429 -0.0991988 0.988466
1 6.49053 20.583 1.60215 -0.470512 -0.747306 -0.469205
1 5.85803 31.1873 1.76479 -0.714616 -0.0307824 0.69884
1 22.4977 6.99618 1.60546 -0.293878 0.524374 -0.799167
1 24.6132 27.2282 1.76008 0.0909348 -0.0345768 0.995256
1 33.2819 24.4 1.61604 -0.635258 -0.237706 -0.734808
1 26.2576 1.76497 1.76104 -0.236347 -0.138545 0.961741
1 1.37941 14.2144 1.75798 -0.250275 0.25603 0.933708
1 22.4445 32.9539 1.74214 -0.057467 0.769204 0.636413
1 0.294698 21.7686 1.75887 -0.170819 -0.255171 0.951687
1 8.06198 31.9094 1.61795 -0.748281 -0.174427 -0.640039
1 4.36054 2.09418 1.6122 0.309608 0.191886 -0.931302
1 14.0108 33.4026 1.75754 -0.0864067 -0.445845 0.89093
1 31.7685 7.03774 1.61953 0.442783 0.400484 -0.802219
1 14.3104 21.2367 1.60904 -0.253742 0.329697 -0.909348
1 1.65734 20.5181 1.76001 0.0426954 -0.0585628 0.99737
1 19.4721 34.5801 1.74787 -0.191684 0.363057 0.911837
1 32.7101 12.8664 1.76037 -0.0356077 -0.259887 0.964982
1 10.6435 7.47976 1.61436 0.516735 -0.0790679 -0.852487
1 26.2828 21.8567 1.61048 0.414398 0.0827603 -0.906325
1 32.9281 4.3811 1.60951 -0.154544 0.236793 -0.95919
1 15.7206 23.5516 1.60798 0.119332 0.10561 -0.987222
1 20.73 4.87762 1.61031 0.0152568 0.899818 -0.435998
1 9.16646 28.3371 1.75821 -0.153635 0.209009 0.96577
1 12.5952 26.4028 1.75173 0.243881 0.715679 0.654466
1 29.6556 22.0036 1.61139 0.419034 -0.412078 -0.809075
1 11.9943 28.3226 1.75394 -0.186188 0.586464 0.788285
1 25.4646 2.36744 1.75862 -0.34018 -0.233684 0.910862
1 19.459 30.2355 1.76262 0.357574 0.390896 0.848139
1 0.480924 29.3075 1.61641 0.22635 -0.407525 -0.884697
1 1.33342 1.03675 1.60442 0.0361665 0.497736 -0.866574
1 6.16069 0.500875 1.60939 -0.00644595 -0.0775171 -0.99697
1 17.5537 13.7563 1.75902 -0.187366 0.0170911 0.982142
1 15.5813 24.5239 1.60977 0.275504 0.121671 -0.953569
1 15.5527 25.7612 1.61272 0.502862 0.122374 -0.85566
1 8.0943 27.0067 1.75897 0.0754809 0.0444448 0.996156
1 0.2045 4.26152 1.60667 -0.211549 0.035527 -0.976721
1 16.7988 14.438 1.76008 -0.284197 -0.104498 0.953054
1 2.42167 1.11105 1.60314 0.0649628 0.330777 -0.94147
1 25.6295 11.2507 1.60841 0.270535 0.00288284 -0.962706
1 11.2606 2.26828 1.6189 -0.394768 -0.275262 -0.876578
1 19.1597 2.82994 1.75573 -0.565166 0.289182 0.772633
1 32.2509 26.9117 1.60665 -0.215834 0.0453178 -0.975378
1 3.04267 0.288319 1.60544 -0.125614 0.288754 -0.949127
1 0.401074 6.83044 1.60904 0.326811 0.043447 -0.944091
1 16.9389 34.5714 1.7612 -0.174942 -0.016534 0.98444
1 1.1577 12.3685 1.75774 0.0621577 0.206862 0.976394
1 10.336 14.0177 1.61328 -0.0979304 -0.214525 -0.971797
1 10.598 4.10183 1.60912 -0.096086 -0.124994 -0.987494
1 33.8999 4.64663 1.6064 -0.128997 0.143551 -0.9812
1 8.01499 12.1192 1.60787 -0.302347 0.0752097 -0.950226
1 24.4969 12.8247 1.76809 -0.486681 -0.149864 0.860629
1 9.51077 19.1096 1.60916 0.440394 -0.0404046 -0.896895
1 23.8006 24.0582 1.76347 0.743408 -0.164498 0.648293
1 32.3507 10.6612 1.75926 0.381944 -0.3115 0.870107
1 30.3996 27.6963 1.61595 -0.126685 0.423719 -0.896891
1 24.5116 1.87945 1.7578 -0.195139 -0.391469 0.899262
1 27.9012 33.8586 1.75973 0.290863 -0.0509567 0.955407
1 28.929 2.82802 1.75918 -0.38126 0.224273 0.896851
1 25.5331 33.8047 1.75665 0.282812 -0.289801 0.914348
1 14.6175 10.1572 1.75845 0.0959826 -0.499341 0.861072
1 30.3293 1.07893 1.75914 -0.0446207 0.262742 0.963834
1 13.9676 12.2274 1.7503 -0.137226 -0.627394 0.766515
1 10.032 27.7339 1.75932 -0.0515548 0.320557 0.945825
1 17.7101 33.9704 1.75999 -0.101952 0.103003 0.989442
1 31.9734 8.90216 1.78835 0.796038 -0.192964 0.573663
1 33.1203 6.37498 1.6119 0.256877 0.249582 -0.933661
1 12.4816 0.133602 1.74821 -0.275152 -0.722417 0.634354
1 4.51251 26.5009 1.75546 0.225985 -0.468979 0.853809
1 1.81525 15.1187 1.75901 -0.427056 0.298022 0.853701
1 31.999 18.6194 1.63341 0.00260389 -0.819584 -0.572954
1 11.2313 21.3036 1.59979 0.678721 -0.440157 -0.587877
1 29.8504 32.7798 1.7573 0.537548 0.178644 0.824093
1 21.1077 25.9641 1.60425 -0.272773 0.681482 -0.679101
1 20.1914 1.83395 1.7424 -0.467703 0.434397 0.769775
1 24.0892 28.0773 1.75937 -0.0632464 -0.135396 0.988771
1 8.89921 9.31296 1.6147 -0.749654 -0.0311919 -0.661094
1 33.9646 19.112 1.75523 0.297383 -0.429259 0.852819
1 7.92615 31.0536 1.7613 -0.745826 0.0727074 0.662162
1 8.25855 5.20672 1.60803 0.0905872 0.282854 -0.954876
1 19.7476 7.19687 1.74714 0.425665 0.460776 0.778778
1 19.8164 31.3399 1.75621 0.209371 0.395342 0.894354
1 21.0289 14.1623 1.75317 -0.137797 0.634687 0.760384
1 31.0603 1.76116 1.74729 -0.198344 0.349328 0.915767
1 19.2316 32.4482 1.75755 0.0728531 0.306927 0.94894
1 5.11414 19.119 1.75368 0.340081 0.555385 0.758876
1 11.8167 27.1375 1.7532 0.0489507 0.59587 0.801588
1 12.9764 4.06003 1.6381 -0.135993 -0.564206 -0.814357
1 22.9965 11.4918 1.61509 0.20655 0.509179 -0.835508
1 0.18854 22.8266 1.75937 -0.368157 -0.261822 0.892138
1 16.8041 3.98037 1.7515 -0.68608 -0.102304 0.720297
1 22.5396 2.58048 1.75015 -0.0820276 -0.587149 0.805312
1 26.6379 5.4978 1.6141 -0.60322 -0.212394 -0.768775
1 23.6498 19.1286 1.60732 -0.0745302 0.442742 -0.893546
1 12.336 17.7326 1.60919 0.210021 -0.543231 -0.812891
1 26.2976 10.375 1.60524 0.169456 -0.112974 -0.979041
1 2.39727 14.1309 1.75862 -0.22856 0.417284 0.879565
1 6.46988 10.1801 1.62282 -0.495235 0.32358 -0.80625
1 21.0882 0.582227 1.7395 -0.398213 0.57748 0.712702
1 29.2044 17.7535 1.60981 -0.204098 -0.32872 -0.92211
1 33.9009 31.5398 1.6134 0.572922 -0.0505461 -0.818049
1 16.8144 19.7604 1.60701 -0.518338 -0.0712663 -0.852201
1 1.81704 24.0331 1.75773 -0.594394 0.0677937 0.801311
1 11.0762 23.3234 1.75163 0.640078 0.549481 0.537002
1 6.90723 30.4944 1.74776 -0.525153 0.0193457 0.850788
1 23.8489 5.32407 1.6171 -0.597675 0.197752 -0.776968
1 25.8316 14.202 1.61383 0.711703 -0.126756 -0.69095
1 16.7935 33.5913 1.76063 -0.0639434 -0.0407275 0.997122
1 10.3678 18.4762 1.61044 0.343519 -0.189154 -0.9199
1 29.4226 1.70936 1.75614 -0.173735 0.214976 0.961042
1 30.8396 20.0828 1.61038 0.156817 -0.644967 -0.747948
1 3.43285 28.3142 1.7593 -0.117632 -0.566441 0.815664
1 15.7697 2.28993 1.75118 -0.48585 -0.232871 0.842449
1 26.9803 3.68533 1.76509 -0.640396 -0.0112626 0.767963
1 28.9149 34.2481 1.76239 0.247845 0.0871155 0.964875
1 16.4195 5.46402 1.75663 0.743886 -0.171939 0.64581
1 31.9765 33.2973 1.75688 0.364891 0.46899 0.804303
1 12.137 20.2652 1.78981 -0.491692 0.659197 0.568945
1 11.6745 31.5326 1.76252 0.180137 -0.791656 0.583808
1 3.57546 1.19929 1.61071 0.078982 0.239921 -0.967574
1 18.3851 7.17053 1.75458 0.45516 0.164518 0.875079
1 23.127 27.8239 1.7555 -0.0530618 -0.309529 0.949408
1 8.73204 30.2517 1.75963 -0.529671 0.119716 0.839712
1 7.70335 17.923 1.61182 0.306007 0.308119 -0.90079
1 31.5398 31.6021 1.61786 0.632954 0.37999 -0.67452
1 33.7106 2.77263 1.59301 -0.562023 0.132895 -0.816376
1 22.7282 28.7251 1.7539 -0.202674 -0.425155 0.882137
1 18.5014 29.4933 1.76213 0.496368 0.213347 0.841488
1 23.0267 7.80277 1.62703 -0.207078 0.418978 -0.884068
1 18.5494 23.2397 1.61024 0.0944687 -0.337928 -0.936419
1 5.84882 14.7973 1.61325 -0.0601621 0.531718 -0.844782
1 6.36584 1.85598 1.60884 0.25184 -0.152505 -0.955677
1 28.7564 0.989995 1.75829 -0.0485841 0.112991 0.992407
1 17.2027 25.7422 1.61046 0.512457 -0.123467 -0.849791
1 22.2211 25.855 1.75724 0.304613 -0.460736 0.833627
1 12.6401 6.50485 1.60687 0.326418 -0.460212 -0.825625
1 21.9082 27.9867 1.75524 -0.065846 -0.525081 0.848501
1 28.8238 33.2629 1.75913 0.444911 0.0417471 0.894601
1 25.4296 21.1604 1.61156 0.309216 0.197357 -0.930288
1 21.6128 21.5477 1.61041 0.377785 0.680517 -0.627833
1 6.25293 25.0908 1.75437 0.426943 -0.230853 0.874315
1 25.1627 25.559 1.75755 0.407056 0.044986 0.912295
1 21.43 3.10474 1.74133 0.260743 -0.766001 0.587584
1 17.2603 10.8953 1.76002 0.0284741 -0.000702569 0.999594
1 18.7925 14.9817 1.76002 -0.323223 0.224116 0.919401
1 0.375127 14.1991 1.75795 -0.254523 0.0956626 0.962324
1 24.5982 2.96937 1.75703 -0.410477 -0.320415 0.853723
1 26.5508 2.74754 1.75931 -0.44216 -0.0786579 0.89348
1 26.4744 22.8432 1.61355 0.591728 0.0889204 -0.801219
1 12.0925 5.68879 1.60869 0.176286 -0.362476 -0.915169
1 4.6976 7.63402 1.61559 0.407125 -0.518199 -0.752143
1 9.02623 11.804 1.61039 -0.342559 -0.0742123 -0.936561
1 3.26383 9.01337 1.76794 -0.630188 0.286428 0.72168
1 16.6239 12.3341 1.75638 -0.0959389 -0.114548 0.988774
1 18.5632 33.2858 1.75894 -0.0197538 0.216089 0.976174
1 5.32432 20.3126 1.75817 0.0864019 0.532141 0.842236
1 19.529 24.9257 1.61203 0.335421 -0.521643 -0.784463
1 23.2233 15.8372 1.77385 0.659721 -0.445037 0.605566
1 32.4652 9.68961 1.71795 0.581639 -0.262105 0.770063
1 17.5886 23.761 1.60887 0.178285 -0.182837 -0.966843
1 8.70749 19.8577 1.61471 0.535479 0.107745 -0.837648
1 22.8671 14.3534 1.60478 0.630127 0.398243 -0.666591
1 8.75371 15.1869 1.60652 0.000672663 0.0593484 -0.998237
1 4.60052 1.17139 1.6053 0.124942 0.119438 -0.984949
1 24.6931 29.1528 1.7587 -0.223915 -0.0539314 0.973115
1 13.1765 8.68948 1.758 0.3519 -0.74356 0.568581
1 29.2465 8.30637 1.60184 -0.141543 -0.633836 -0.760406
1 8.27337 24.3451 1.75926 0.513292 0.0547592 0.856465
1 0.992223 34.5237 1.60666 -0.17169 0.561993 -0.809127
1 24.8502 30.9277 1.75359 -0.534493 -0.0720522 0.842096
1 13.0129 2.82098 1.60579 -0.351783 -0.594561 -0.723012
1 21.3283 15.5163 1.75666 -0.318377 0.643962 0.695665
1 17.2652 7.25431 1.75492 0.45161 -0.037411 0.891431
1 27.3571 29.7645 1.7651 -0.413013 0.39445 0.820871
1 15.6996 3.29742 1.75372 -0.599115 -0.323587 0.732361
1 0.388735 7.76398 1.60962 0.505512 0.0822745 -0.858888
1 0.526268 24.0985 1.75309 -0.639762 -0.199126 0.74233
1 8.11292 22.8669 1.74277 0.718879 -0.0326846 0.694366
1 31.4337 22.1896 1.60812 0.328346 -0.7598 -0.561152
1 31.6821 17.0758 1.60439 -0.425824 -0.676782 -0.600533
1 30.7332 24.2526 1.60827 -0.590348 0.302759 -0.748216
1 9.92976 29.9966 1.75728 -0.472897 0.305359 0.826513
1 20.4259 34.591 1.76705 -0.258792 0.497151 0.828171
1 25.2265 0.231766 1.75747 0.0778357 -0.317448 0.945076
1 19.1662 13.1242 1.75561 -0.122722 0.295962 0.947283
1 12.753 23.8753 1.61374 0.191203 0.571964 -0.797683
1 28.1306 15.4569 1.61835 -0.621538 -0.0770449 -0.779586
1 0.631419 20.73 1.75839 0.00259467 -0.224409 0.974492
1 23.6426 18.0094 1.61153 -0.258927 0.442311 -0.858672
1 1.81517 5.90014 1.60952 0.121842 -0.117734 -0.985542
1 26.5278 18.7984 1.60737 -0.0863893 0.0526804 -0.994868
1 0.206608 30.7526 1.60932 0.487822 -0.314471 -0.814333
1 30.9342 15.0394 1.75651 -0.494442 -0.534002 0.685835
1 12.9864 22.7476 1.60877 -0.00784289 0.539852 -0.841723
1 25.4563 16.4601 1.61822 -0.520069 0.180135 -0.834913
1 18.2237 32.2214 1.75772 0.113104 0.165931 0.97963
1 11.8698 15.3222 1.62601 -0.0401466 -0.511019 -0.858631
1 29.8179 28.776 1.61709 0.0167844 0.56955 -0.821785
1 0.430365 11.5361 1.75867 0.206367 0.10046 0.973304
1 4.21404 22.0899 1.75266 -0.2366 0.329649 0.913976
1 21.0057 20.1569 1.60579 0.122873 0.799096 -0.588514
1 4.71075 29.8889 1.75522 -0.414713 -0.339527 0.844236
1 16.3892 25.1369 1.6109 0.389314 -0.00289433 -0.9211
1 9.77426 21.8925 1.60816 0.810342 -0.0605101 -0.582825
1 9.63654 14.7637 1.60763 -0.0457411 -0.0751643 -0.996122
1 17.2295 9.90527 1.75977 0.136356 -0.00307981 0.990655
1 7.44048 9.39779 1.61734 -0.661826 0.157184 -0.732994
1 3.83334 25.8464 1.74144 0.37803 -0.561357 0.736187
1 22.6441 1.24453 1.74954 0.159107 -0.707899 0.68816
1 32.3558 5.18163 1.6075 0.0509595 0.30678 -0.950415
1 30.2589 25.495 1.6149 -0.407299 0.456405 -0.791077
1 4.12224 33.0557 1.60891 -0.490524 0.170614 -0.854563
1 3.6243 6.80341 1.6088 0.267119 -0.342392 -0.900786
1 23.4918 0.267212 1.754 0.158756 -0.536015 0.829147
1 2.64215 7.24295 1.61158 0.363257 -0.166665 -0.916661
1 9.64175 34.413 1.60841 -0.160827 -0.517828 -0.840231
1 30.8199 33.4697 1.75496 0.387078 0.321519 0.864174
1 2.77967 6.20578 1.60796 0.176942 -0.23903 -0.954754
1 4.90719 14.6198 1.61866 -0.0967214 0.66612 -0.739546
1 5.43249 21.4322 1.75951 -0.166283 0.489131 0.856213
1 1.99739 19.6098 1.75909 0.210514 -0.0039683 0.977583
1 19.467 22.6112 1.61091 -0.00923067 -0.497114 -0.867636
1 15.6119 11.8537 1.75673 -0.0537143 -0.2995 0.952583
1 34.5091 9.89706 1.75664 0.526376 0.0481285 0.848889
1 23.5886 23.048 1.61709 0.687079 0.304333 -0.659775
1 26.6133 0.850904 1.76039 -0.0555507 -0.15277 0.986699
1 7.81056 26.0424 1.7585 0.241968 -0.00726773 0.970257
1 13.565 0.653967 1.7565 -0.410796 -0.540761 0.734047
1 21.2221 32.6255 1.7498 0.0194551 0.584957 0.810831
1 21.7492 5.50761 1.61839 -0.39701 0.593148 -0.700399
1 32.2799 11.6901 1.75932 0.182676 -0.336919 0.923643
1 17.8282 31.093 1.75789 0.24781 0.11999 0.961349
1 0.921058 5.05229 1.60942 -0.0258651 -0.0212334 -0.99944
1 0.402315 18.8938 1.75786 0.328565 -0.263547 0.906966
1 19.5186 29.1466 1.76063 0.530704 0.395369 0.749691
1 24.4413 17.1245 1.61686 -0.39841 0.316869 -0.860734
1 6.01608 5.92955 1.62141 0.041839 0.761061 -0.64733
1 9.38907 13.7395 1.6072 -0.135444 -0.0650297 -0.988649
1 5.145 22.5011 1.75349 -0.387392 0.412818 0.824323
1 23.5429 2.68333 1.75528 -0.254384 -0.456458 0.852605
1 28.2209 10.2594 1.62204 0.195347 -0.420533 -0.885998
1 22.2532 24.3393 1.75724 0.605986 -0.453626 0.653456
1 23.5723 1.49347 1.75194 -0.0481213 -0.557768 0.828601
1 28.5836 16.9128 1.61254 -0.340714 -0.22752 -0.912222
1 8.77567 6.14161 1.60661 0.254776 0.200975 -0.945885
1 4.40231 28.7955 1.75884 -0.219899 -0.41138 0.88454
1 30.7937 28.6767 1.61115 0.0610963 0.383185 -0.921649
1 6.97681 6.60992 1.6091 0.289736 0.53025 -0.796799
1 6.91061 33.7432 1.60736 -0.241785 -0.142611 -0.959793
1 27.7543 23.1225 1.61094 0.630405 -0.0816357 -0.771962
1 15.5987 19.7928 1.61115 -0.511703 0.120991 -0.850601
1 10.4729 17.4791 1.60831 0.211453 -0.206849 -0.955249
1 16.1209 29.1074 1.75455 0.555481 -0.153823 0.817178
1 16.3024 10.2487 1.75736 0.0965756 -0.164811 0.981586
1 23.0039 24.9911 1.74839 0.504308 -0.306443 0.80732
1 18.9016 1.85592 1.76005 -0.44181 0.252066 0.860968
1 31.6937 14.4868 1.75758 -0.358088 -0.41894 0.834423
1 16.9148 17.9812 1.75234 -0.779921 -0.185566 0.597736
1 25.4898 32.1423 1.74586 0.683393 -0.254618 0.684211
1 18.04 3.49972 1.75405 -0.66741 0.097907 0.738226
1 18.9594 26.0763 1.60674 0.532874 -0.453187 -0.71461
1 6.38258 12.4317 1.61007 -0.249023 0.366231 -0.896584
1 13.6236 31.5153 1.75294 0.218641 -0.50455 0.83524
1 24.6675 19.1954 1.61092 -0.045023 0.308594 -0.950128
1 23.8478 32.5851 1.59326 -0.561789 0.490305 -0.666329
1 17.6959 6.33304 1.75618 0.571417 0.034657 0.819927
1 29.5623 15.2809 1.61129 -0.653302 -0.294963 -0.697276
1 12.4309 30.1062 1.74575 0.451888 -0.679622 0.57785
1 3.55961 7.85745 1.61261 0.441184 -0.313432 -0.840902
1 13.0255 25.1308 1.61468 0.403594 0.584344 -0.704027
1 5.84964 17.0892 1.61293 0.259751 0.579236 -0.772667
1 4.50431 30.877 1.75009 -0.634229 -0.265001 0.726311
1 23.7006 10.7761 1.60643 0.160144 0.344455 -0.925043
1 21.0983 18.5651 1.62466 -0.231572 0.776922 -0.585463
1 8.58842 18.5757 1.61174 0.38056 0.138302 -0.914356
1 14.1267 34.5206 1.74994 -0.273896 -0.435683 0.857416
1 16.2941 18.8657 1.61223 -0.693027 -0.0297579 -0.720297
1 34.1554 6.16005 1.60984 0.204639 0.120777 -0.971358
1 28.7234 11.0881 1.66219 0.315723 -0.524393 -0.790779
