1 16.8935 32.6842 1.75977 0.0560111 -0.0169923 0.998286
1 23.0525 17.1949 1.61073 -0.333031 0.488738 -0.806366
1 19.6138 16.8754 1.7525 -0.564689 0.29194 0.771944
1 28.1213 19.614 1.60792 0.119909 -0.216756 -0.968834
1 7.55255 24.7895 1.75687 0.409933 -0.0574003 0.910308
1 21.2915 11.15 1.73818 0.134738 0.750189 0.64735
1 13.646 23.8744 1.62325 0.184729 0.466488 -0.865023
1 28.6039 17.6671 1.60777 -0.20953 -0.280819 -0.93661
1 11.3647 6.47691 1.60633 0.317927 -0.212025 -0.924104
1 1.76598 14.8605 1.75789 -0.346455 0.330012 0.878101
1 15.668 16.3169 1.75707 -0.518576 -0.315488 0.794699
1 31.7118 14.4824 1.76179 -0.361249 -0.351263 0.863779
1 25.1774 33.6978 1.75794 0.30867 -0.389701 0.867673
1 30.4843 11.6485 1.76062 0.131911 -0.607831 0.783034
1 15.1843 23.2673 1.61006 0.068976 0.208663 -0.975552
1 25.2955 19.0337 1.60889 0.0222266 0.162516 -0.986456
1 15.582 0.423985 1.76099 -0.24596 -0.174876 0.953374
1 29.9436 16.39 1.65307 -0.453958 -0.499797 -0.737648
1 28.763 15.9539 1.61371 -0.534657 -0.267171 -0.801724
1 12.8466 21.6663 1.6181 -0.233363 0.639408 -0.732598
1 16.5967 29.1703 1.76362 0.539527 -0.0619372 0.839687
1 15.8155 19.8113 1.6079 -0.504996 0.116586 -0.855211
1 19.1711 31.2529 1.75815 0.270877 0.304722 0.91311
1 33.139 2.69518 1.64038 -0.452984 0.63813 0.622572
1 30.6668 3.13906 1.74137 -0.477111 0.266537 0.83745
1 27.0914 12.3504 1.60815 0.467685 -0.365965 -0.804575
1 5.8005 12.434 1.61607 -0.282265 0.429355 -0.857893
1 9.79913 16.0804 1.60811 0.0697888 -0.126827 -0.989467
1 4.90639 33.6225 1.60868 -0.252834 -0.0788282 -0.964293
1 14.8449 13.172 1.7541 -0.103907 -0.419746 0.901675
1 10.4365 10.231 1.62051 -0.624107 -0.362022 -0.692409
1 9.49877 26.9329 1.75883 0.0651416 0.234746 0.969871
1 11.2034 4.67941 1.60748 -0.00102049 -0.221992 -0.975048
1 17.98 26.5039 1.61184 0.646138 -0.190822 -0.73898
1 20.4044 12.8603 1.75342 -0.00563481 0.497764 0.867294
1 26.5865 27.7576 1.75727 -0.0161578 0.322609 0.946394
1 12.4907 7.45037 1.60552 0.515542 -0.411566 -0.751552
1 1.15863 34.4409 1.61203 -0.358745 0.485686 -0.797127
1 17.8395 32.3331 1.76097 0.109912 0.121211 0.986523
1 8.70862 20.061 1.61826 0.571429 0.16881 -0.803102
1 34.506 16.3694 1.73855 -0.753069 0.1345 0.644047
1 3.48941 21.1235 1.75852 -0.0413055 0.26843 0.962413
1 19.7795 20.5219 1.61199 -0.390155 -0.504546 -0.770203
1 16.0751 14.3036 1.759 -0.239597 -0.243229 0.939911
1 4.4288 13.3405 1.60785 -0.157264 0.777003 -0.609535
1 21.7751 26.8294 1.76346 0.14489 -0.534762 0.832488
1 21.7838 14.0607 1.75201 -0.129227 0.700266 0.702088
1 30.9345 10.5148 1.75595 0.3323 -0.52621 0.782738
1 25.6931 4.14457 1.61878 -0.743524 -0.255646 -0.617914
1 3.36487 3.76686 1.6151 -0.14475 -0.242368 -0.959325
1 27.5989 29.5547 1.75372 -0.394188 0.454588 0.798728
1 4.82931 19.9863 1.76334 0.20469 0.487651 0.848704
1 13.369 6.46065 1.61187 0.34404 -0.567833 -0.747798
1 12.115 22.7989 1.60006 0.00618832 0.728896 -0.684596
1 22.6314 21.3348 1.60493 0.458316 0.456196 -0.762779
1 6.94044 29.5584 1.75199 -0.410248 -0.0579357 0.910132
1 32.4558 28.2181 1.607 -0.0152793 0.0135024 -0.999792
1 28.0725 28.4283 1.75057 -0.173522 0.586749 0.790959
1 14.8595 15.3794 1.76315 -0.357561 -0.499124 0.78932
1 5.7133 3.34277 1.61212 -0.339166 -0.610934 -0.71535
1 7.80462 5.98381 1.6104 0.189183 0.476289 -0.858696
1 27.4957 27.4885 1.75752 0.0180247 0.510906 0.859448
1 20.7453 14.0042 1.75422 -0.155212 0.545966 0.823305
1 33.6936 12.7195 1.76077 0.0248343 -0.0845559 0.996109
1 29.3254 27.355 1.60263 -0.165232 0.765106 -0.622343
1 4.53111 24.4236 1.74861 0.595359 -0.485664 0.640061
1 24.9749 4.93818 1.61337 -0.594387 -0.081608 -0.800028
1 19.1788 4.00675 1.75504 -0.698275 0.229243 0.67813
1 13.8706 22.1049 1.61077 -0.11708 0.42949 -0.89545
1 32.4338 27.2426 1.60679 -0.167825 0.00376901 -0.98581
1 30.9398 5.93155 1.61501 0.125584 0.543348 -0.830061
1 5.68677 0.629882 1.60623 0.11791 -0.108172 -0.987115
1 11.3232 3.65034 1.60889 -0.178334 -0.260383 -0.948893
1 17.8133 14.4786 1.76007 -0.262006 0.0555259 0.963468
1 16.0518 32.0862 1.7595 0.121397 -0.128536 0.984246
1 26.6739 25.5298 1.75648 0.36793 0.331443 0.868777
1 20.1263 6.23946 1.76402 0.492028 0.617769 0.613409
1 25.9446 27.0136 1.75896 0.120548 0.195656 0.973235
1 33.6255 13.6835 1.75884 -0.153233 -0.0817145 0.984806
1 10.1732 27.6925 1.76083 -0.0581008 0.33866 0.939113
1 31.0234 1.24739 1.75282 -0.116315 0.363848 0.924168
1 30.5141 27.1803 1.61605 -0.152098 0.386505 -0.909659
1 31.5407 28.4605 1.60865 0.0191186 0.191739 -0.98126
1 21.852 8.90128 1.60348 0.0688114 0.721079 -0.689427
1 18.1343 31.393 1.75868 0.239018 0.154456 0.958652
1 25.092 12.4668 1.62146 0.460155 0.000739774 -0.887838
1 7.30144 15.0787 1.60964 0.00295116 0.212419 -0.977174
1 24.2398 10.7462 1.60788 0.212449 0.169243 -0.962404
1 31.5314 9.44951 1.76004 0.54192 -0.407195 0.735197
1 1.84013 13.8486 1.75806 -0.163285 0.341844 0.925462
1 25.5873 5.88681 1.61226 -0.438301 -0.127238 -0.889777
1 6.84638 33.035 1.613 -0.273523 -0.298799 -0.914278
1 21.78 4.56761 1.64521 -0.508208 0.507639 -0.695721
1 19.7958 26.4754 1.75452 -0.528518 0.548358 0.648053
1 14.1067 8.42028 1.75858 0.308095 -0.580931 0.75339
1 5.9045 32.2156 1.61396 -0.504116 -0.309537 -0.806259
1 23.4259 31.0597 1.7543 -0.611302 -0.313255 0.726761
1 3.45407 22.9025 1.75009 -0.375449 0.324248 0.868275
1 14.7993 3.78856 1.77431 -0.639868 -0.505601 0.578737
1 24.2587 18.8789 1.60851 -0.00258917 0.303115 -0.95295
1 34.5188 2.84218 1.62036 0.147122 0.578511 -0.802297
1 25.5612 25.1014 1.76015 0.475247 0.116053 0.872165
1 29.4885 18.1543 1.6091 -0.116652 -0.40716 -0.905877
1 13.0207 8.49538 1.74553 0.345661 -0.733788 0.584871
1 32.7337 13.1336 1.75855 -0.0830561 -0.221505 0.971616
1 24.1261 14.1694 1.62271 0.706068 0.1055 -0.700241
1 0.810322 3.35936 1.62694 0.0965007 0.334772 -0.937345
1 31.0924 18.4894 1.61588 -0.067309 -0.665784 -0.743102
1 21.3835 18.9185 1.61158 0.0483112 0.711734 -0.700786
1 2.26361 5.11346 1.6113 0.0942131 -0.115631 -0.988814
1 27.5219 15.94 1.615 -0.500738 -0.0430014 -0.86453
1 20.0743 15.802 1.74943 -0.394203 0.401347 0.826755
1 4.64858 2.63817 1.62824 -0.426681 -0.391025 -0.815502
1 15.1244 14.3417 1.7525 -0.222635 -0.412298 0.883428
1 14.7927 21.2958 1.6105 -0.251888 0.287066 -0.9242
1 12.3462 14.2528 1.62151 -0.238326 -0.615085 -0.751579
1 6.18406 11.3233 1.61731 -0.432921 0.348477 -0.83135
1 11.5665 11.042 1.62035 -0.389542 -0.609293 -0.690666
1 8.01265 31.1169 1.78134 -0.759081 0.013522 0.650856
1 20.1392 25.1209 1.61026 0.291129 -0.548001 -0.78418
1 12.7048 34.0312 1.757 -0.227374 -0.575622 0.785469
1 5.38513 28.311 1.75618 -0.178367 -0.302151 0.936424
1 19.4719 12.5297 1.75928 -0.0225253 0.338938 0.940539
1 21.8338 20.2597 1.60828 0.293185 0.609388 -0.736674
1 25.4524 27.8102 1.75927 -0.0213712 0.100737 0.994684
1 26.6525 20.7142 1.60777 0.297844 -0.00861259 -0.954576
1 16.2867 31.1008 1.76078 0.257017 -0.103608 0.960837
1 6.84025 19.4307 1.63043 0.541127 0.511002 -0.667876
1 26.2775 5.15746 1.61941 -0.562193 -0.248908 -0.78866
1 30.3598 2.16772 1.75602 -0.274652 0.25834 0.92619
1 6.71572 26.9167 1.7594 0.057297 -0.150681 0.986921
1 10.4139 3.94134 1.60898 -0.11789 -0.079817 -0.989814
1 12.9973 11.6944 1.73281 -0.0571734 -0.778523 0.625006
1 16.1599 27.6175 1.75333 0.815088 -0.165615 0.555161
1 10.2421 12.7057 1.60904 -0.248999 -0.327315 -0.911518
1 32.0511 10.3359 1.75585 0.400075 -0.352169 0.846119
1 8.25221 14.7498 1.6086 -0.0450924 0.0691281 -0.996588
1 33.3103 26.7333 1.60979 -0.262474 -0.170168 -0.949816
1 31.8181 15.7135 1.75782 -0.589437 -0.300252 0.749942
1 6.77646 10.2973 1.61581 -0.594992 0.224819 -0.771649
1 20.6213 30.2079 1.74479 0.453647 0.528025 0.71791
1 29.9468 5.66806 1.60956 0.136535 0.701635 -0.699333
1 27.3923 4.84658 1.62224 -0.687358 -0.384044 -0.616481
1 28.615 0.406458 1.757 0.055681 0.0145506 0.998343
1 20.4136 11.6622 1.75185 0.169504 0.538673 0.825288
1 7.73558 26.6012 1.75966 0.111004 -0.0180755 0.993656
1 8.93382 25.1703 1.75565 0.35932 0.141326 0.922451
1 26.7054 6.13855 1.61444 -0.401213 -0.276554 -0.873238
1 18.363 8.61644 1.75483 0.314753 0.157287 0.936051
1 23.2022 25.0671 1.76389 0.494735 -0.268787 0.826432
1 23.9288 12.5358 1.61027 0.468273 0.212667 -0.857609
1 8.76722 12.2392 1.61155 -0.311331 -0.0641653 -0.948133
1 20.5794 21.6574 1.62066 -0.29399 -0.644511 -0.705816
1 25.3229 32.037 1.75397 0.780592 -0.267983 0.564678
1 4.68057 14.7131 1.61385 -0.00812965 0.632182 -0.774777
1 10.8494 5.64752 1.60739 0.170129 -0.129089 -0.97693
1 7.89162 18.0936 1.60875 0.342307 0.247793 -0.906325
1 19.8495 14.7506 1.75862 -0.265944 0.381821 0.885148
1 26.0532 28.596 1.76053 -0.169584 0.203042 0.964373
1 7.37801 22.9458 1.74581 0.702899 -0.113524 0.702172
1 16.7716 16.9121 1.74754 -0.633146 -0.110971 0.766036
1 12.208 24.8962 1.75007 0.475319 0.679943 0.558345
1 8.7279 32.3564 1.61437 -0.505718 -0.425213 -0.750628
1 3.10679 16.737 1.74098 -0.92007 -0.166879 0.354434
1 24.1105 6.8055 1.60843 -0.293216 0.148799 -0.944396
1 28.4081 32.3722 1.75707 0.558543 -0.0315374 0.828876
1 13.2136 16.0067 1.59527 -0.137765 -0.742989 -0.654972
1 13.3648 17.4343 1.60595 0.104 -0.692424 -0.713956
1 3.58868 10.7853 1.7799 0.227407 0.750154 0.62093
1 18.4973 11.8484 1.7574 0.0305687 0.18499 0.982265
1 22.1759 18.0483 1.61347 -0.129336 0.602126 -0.787856
1 11.8696 5.49233 1.60828 0.145618 -0.318695 -0.936605
1 26.9035 7.79965 1.60768 -0.164238 -0.291415 -0.942392
1 9.7682 14.9101 1.60737 -0.0403715 -0.14268 -0.988945
1 4.43122 11.0498 1.60476 -0.271834 0.759344 -0.591188
1 15.8327 2.46666 1.76144 -0.500376 -0.201299 0.842082
1 30.6327 4.80068 1.59577 -0.0919318 0.554912 -0.826814
1 0.82482 33.4856 1.61243 -0.541347 0.531498 -0.651501
1 28.9827 11.1038 1.61522 0.31357 -0.627439 -0.712737
1 1.87341 18.1255 1.75927 0.453984 -0.00410212 0.891
1 9.38115 2.61322 1.61138 -0.314195 0.142954 -0.938534
1 24.4595 5.83432 1.61045 -0.442463 0.0488969 -0.895453
1 0.69176 25.9476 1.60912 -0.458185 -0.560872 -0.689558
1 28.4509 25.7157 1.76249 0.249812 0.725001 0.641847
1 11.0348 24.6565 1.75624 0.428997 0.50724 0.747441
1 6.7834 12.1135 1.60862 -0.310238 0.261285 -0.914047
1 15.6022 1.44786 1.74957 -0.385303 -0.189414 0.903141
1 4.03177 21.961 1.75526 -0.177003 0.377413 0.908971
1 8.96924 21.254 1.61293 0.686206 0.0877553 -0.722095
1 10.6813 15.5975 1.60993 0.00513302 -0.263724 -0.964585
1 34.0853 28.4736 1.60814 0.0080858 -0.318186 -0.947994
1 27.0411 28.7182 1.75813 -0.210257 0.394102 0.894693
1 20.727 27.3001 1.59391 -0.0243702 0.717099 -0.696545
1 5.99619 26.2254 1.75807 0.175193 -0.257202 0.950344
1 25.2086 10.4163 1.60828 0.194237 0.00955008 -0.980908
1 27.4399 30.665 1.75612 -0.619276 0.417003 0.665286
1 21.5098 5.82009 1.6053 -0.28613 0.567435 -0.772105
1 32.8264 0.628356 1.76863 -0.0444769 0.644265 0.763508
1 14.6364 24.1094 1.61027 0.220682 0.294819 -0.929721
1 16.782 12.8727 1.75871 -0.0879508 -0.104123 0.990668
1 16.1847 25.0533 1.61135 0.376229 0.0656317 -0.924199
1 9.76594 7.34629 1.61091 0.462435 0.0753274 -0.883448
1 33.5246 5.96627 1.60715 0.0840315 0.222179 -0.971378
1 8.58243 4.08901 1.60824 -0.0771574 0.278301 -0.95739
1 31.6319 6.91543 1.60367 0.296654 0.446725 -0.844058
1 6.58256 30.6785 1.7547 -0.696558 -0.157002 0.700112
1 5.41623 1.57065 1.60221 0.315678 -0.00829338 -0.94883
1 23.8054 7.81708 1.60875 -0.153754 0.225914 -0.961937
1 5.82523 20.014 1.76739 0.284331 0.625511 0.726562
1 23.5397 8.91821 1.61536 -0.0292515 0.279201 -0.959787
1 9.7036 19.6015 1.60585 0.479027 -0.0198517 -0.877576
1 33.1892 25.6803 1.60872 -0.437244 -0.145804 -0.887445
1 34.152 21.3386 1.75754 -0.0937848 -0.381543 0.919581
1 5.92251 8.18058 1.72316 0.640331 -0.488991 0.592338
1 32.6554 14.122 1.76001 -0.263858 -0.215721 0.940129
1 32.3444 26.2814 1.61001 -0.316196 0.0183606 -0.948516
1 18.4957 9.75568 1.76141 0.233737 0.200367 0.951431
1 26.0721 21.5746 1.60981 0.443078 0.0658089 -0.894064
1 19.7558 32.2509 1.75989 0.142593 0.405494 0.902908
1 25.519 29.4043 1.76102 -0.331926 0.100565 0.93793
1 17.9133 2.4368 1.75727 -0.465927 0.0986257 0.879309
1 2.13505 10.0313 1.74726 0.48812 0.390289 0.780649
1 31.7693 13.4216 1.75808 -0.167873 -0.365297 0.915629
1 28.3502 9.05685 1.61496 0.0429897 -0.520487 -0.852787
1 22.9859 20.4002 1.60743 0.289172 0.442939 -0.848637
1 25.7524 18.1622 1.60787 -0.113087 0.105682 -0.987949
1 12.6394 30.5156 1.74691 0.325527 -0.646541 0.68994
1 11.5301 8.32078 1.61381 0.660036 -0.198708 -0.724478
1 3.09399 18.4846 1.74502 0.409507 0.185126 0.893327
1 22.332 11.0013 1.60934 0.130505 0.63638 -0.760255
1 9.71078 17.1438 1.60894 0.194304 -0.088532 -0.976938
1 20.1972 34.4595 1.75702 -0.11476 0.466245 0.877181
1 24.466 29.4598 1.76029 -0.343274 -0.0866925 0.935226
1 6.23792 22.3701 1.72867 -0.71523 0.475591 0.512112
1 34.5678 5.75652 1.60357 0.0902506 0.127834 -0.987681
1 30.4195 21.0431 1.62117 0.320859 -0.579337 -0.749279
1 6.97172 5.06114 1.61255 -0.0251823 0.656594 -0.753824
1 8.38473 3.10759 1.61163 -0.234179 0.304793 -0.92318
1 34.0832 33.5339 1.74415 -0.608391 0.521042 0.598645
1 30.0893 1.1872 1.75717 -0.0869955 0.225925 0.970252
1 18.5698 12.8886 1.75796 -0.0716441 0.19033 0.979103
1 5.29574 25.552 1.75898 0.300134 -0.340554 0.891035
1 13.1579 13.4865 1.74707 -0.194463 -0.796999 0.571818
1 1.61176 2.5782 1.62571 -0.0696172 0.26035 -0.963001
1 25.1574 6.76433 1.60841 -0.311521 -0.0331415 -0.949661
1 10.2692 4.86597 1.6059 0.0335984 -0.0349234 -0.998825
1 29.8621 20.0598 1.60759 0.171452 -0.484768 -0.857674
1 12.0901 12.3587 1.60254 -0.1138 -0.729537 -0.674407
1 2.63835 13.1376 1.75848 -0.052009 0.511891 0.857475
1 17.4975 22.0174 1.60783 -0.141085 -0.145447 -0.979255
1 14.6387 0.682359 1.74349 -0.321396 -0.28691 0.902434
1 17.0164 25.7601 1.61686 0.518049 -0.0410482 -0.854366
1 19.6762 13.6624 1.75797 -0.13285 0.365083 0.921448
1 11.4056 27.0095 1.75835 0.0736698 0.556255 0.82774
1 24.059 30.326 1.74875 -0.509613 -0.164485 0.844535
1 22.4292 32.1717 1.7463 0.12567 0.811776 0.570287
1 17.0982 28.3077 1.74644 0.688788 -0.0228415 0.724603
1 2.04913 30.3671 1.61353 0.0751851 -0.758214 -0.647657
1 31.8611 3.09188 1.72431 -0.504801 0.433339 0.746587
1 7.67128 0.145796 1.61039 0.0419598 -0.429689 -0.902001
1 0.208991 31.5275 1.62579 0.482537 -0.405419 -0.776398
1 26.5921 15.391 1.61992 -0.600978 0.143114 -0.786348
1 9.38123 10.6826 1.60804 -0.547729 -0.198912 -0.812666
1 27.7386 20.6117 1.60767 0.278772 -0.162742 -0.946468
1 33.7065 4.07497 1.60264 -0.361486 0.00577455 -0.93236
1 0.858867 14.5248 1.74862 -0.274664 0.200482 0.940408
1 12.348 18.0139 1.61481 0.225869 -0.517486 -0.825343
1 27.6485 0.809337 1.75936 -0.0315498 -0.100293 0.994458
1 24.1765 16.8657 1.61142 -0.36511 0.322578 -0.873292
1 31.4028 2.23398 1.75902 -0.318951 0.405936 0.856438
1 5.61954 24.5597 1.72094 0.472907 -0.337452 0.813932
1 29.3954 21.135 1.60611 0.334517 -0.413824 -0.846669
1 32.9564 29.8552 1.60725 0.24494 -0.0433183 -0.96857
1 13.5763 33.5137 1.75819 -0.129306 -0.441462 0.887914
1 21.0798 9.51594 1.75239 0.280136 0.746558 0.603469
1 5.63904 18.1794 1.61961 0.523141 0.632198 -0.571532
1 2.16707 27.5943 1.74467 -0.0734871 -0.814219 0.575888
1 12.2078 3.30005 1.61241 -0.247682 -0.43598 -0.865202
1 15.5446 34.0015 1.76054 -0.115482 -0.183806 0.976155
1 7.63036 9.41016 1.65246 -0.772897 0.0426341 -0.633098
1 17.7305 23.7415 1.60804 0.154931 -0.164922 -0.974062
1 5.96047 23.5185 1.72704 0.66214 -0.291531 0.690348
1 0.0920453 17.306 1.75703 0.656981 -0.254426 0.709678
1 11.8838 29.7923 1.75365 -0.447405 0.61029 0.653739
1 9.31953 4.72168 1.60881 0.0124828 0.14122 -0.9899
1 3.02949 22.0481 1.76132 -0.220363 0.218934 0.95053
1 9.82476 22.5565 1.73162 0.786027 0.263312 0.559311
1 25.8255 9.59391 1.6076 0.0794561 -0.0925598 -0.992532
1 12.355 27.2806 1.7472 0.010462 0.704995 0.709135
1 3.91366 7.70941 1.61 0.470316 -0.407895 -0.782576
1 28.7474 23.3446 1.6306 0.703597 -0.280288 -0.652985
1 29.1998 19.2604 1.6086 0.0617776 -0.372355 -0.926032
1 29.2864 17.0317 1.61296 -0.337621 -0.390895 -0.856279
1 32.6843 7.39066 1.60646 0.474107 0.293716 -0.830032
1 6.34757 13.2766 1.61527 -0.177032 0.367066 -0.913193
1 7.45673 3.84755 1.60983 -0.200468 0.502923 -0.840762
1 15.7502 20.7787 1.61186 -0.347662 0.122512 -0.929582
1 4.72053 27.5676 1.75143 -0.0484498 -0.410145 0.910733
1 29.1895 29.6307 1.61799 0.158797 0.648187 -0.744739
1 33.3185 27.778 1.6078 -0.0884634 -0.166089 -0.982135
1 23.8922 22.5219 1.63458 0.605321 0.215751 -0.766184
1 2.88067 8.56274 1.60359 0.633493 -0.226222 -0.739939
1 14.8549 22.3108 1.61007 -0.0808432 0.258013 -0.962753
1 26.4649 29.8317 1.75565 -0.435153 0.260017 0.861994
1 16.6712 21.3814 1.60822 -0.258526 -0.0250219 -0.96568
1 22.9204 23.2504 1.78522 -0.809971 -0.151877 0.566463
1 25.8189 7.80748 1.60604 -0.177746 -0.114514 -0.977391
1 19.6757 33.3988 1.7548 0.0158266 0.38048 0.924654
1 17.0801 31.6959 1.7599 0.182961 0.00602449 0.983102
1 30.5515 6.95264 1.62108 0.344572 0.608901 -0.7145
1 4.08668 28.3099 1.76487 -0.194932 -0.501907 0.842669
1 21.6431 0.721059 1.71765 -0.290274 0.697884 0.654751
1 32.3843 34.1244 1.74767 0.163834 0.530651 0.831606
1 7.01308 25.9164 1.75922 0.225755 -0.129388 0.965553
1 28.8046 20.3362 1.61013 0.229651 -0.32016 -0.919107
1 26.7945 1.38345 1.75693 -0.167288 -0.189515 0.967522
1 27.4059 8.76665 1.61008 -0.00918166 -0.365186 -0.930889
1 0.805101 10.5864 1.75468 0.414861 0.179718 0.891959
1 31.6834 17.5307 1.60453 -0.316411 -0.670799 -0.670756
1 19.8088 23.8376 1.61273 0.1012 -0.489654 -0.866024
1 32.7141 8.34086 1.6204 0.743571 0.149562 -0.651716
1 16.1468 23.2286 1.60874 0.058085 0.0649373 -0.996197
1 15.026 19.1883 1.61973 -0.582292 0.284025 -0.761752
1 5.32859 13.5774 1.61355 -0.185126 0.578557 -0.794355
1 16.1161 6.7937 1.75847 0.520755 -0.208253 0.827916
1 22.1969 33.8985 1.75761 -0.105102 0.812296 0.573698
1 18.3867 30.4342 1.75677 0.377061 0.181615 0.908208
1 2.3075 12.0442 1.75551 0.142337 0.435644 0.888794
1 32.7167 32.0168 1.59941 0.596431 0.0527676 -0.800928
1 26.5176 2.44513 1.75495 -0.412591 -0.233378 0.880513
1 14.5478 29.2624 1.75506 0.487028 -0.400346 0.776226
1 5.04971 7.67692 1.62103 0.460976 -0.594533 -0.658811
1 28.0586 15.0609 1.61081 -0.673913 -0.048239 -0.737234
1 1.74143 3.63607 1.65184 -0.0533994 0.0801735 -0.99535
1 17.851 16.451 1.74775 -0.532581 0.0548974 0.844597
1 31.6468 31.3739 1.61193 0.536045 0.273465 -0.798669
1 32.548 1.98957 1.75211 -0.29789 0.590227 0.750263
1 23.3621 5.98544 1.61012 -0.382691 0.246309 -0.890437
1 28.412 27.1705 1.7615 0.039653 0.70143 0.711634
1 16.0265 4.7356 1.75488 -0.821202 -0.135557 0.554302
1 3.01023 26.6883 1.74964 0.137695 -0.690596 0.710012
1 15.9409 7.91866 1.75552 0.380825 -0.265136 0.885819
1 10.0048 13.7433 1.61116 -0.131621 -0.195689 -0.971793
1 3.32399 12.1964 1.75846 0.0942827 0.621375 0.77782
1 11.929 26.0135 1.74666 0.279663 0.623315 0.730252
1 1.6902 7.19139 1.61205 0.41504 -0.0298624 -0.909313
1 14.0588 7.18566 1.75073 0.501889 -0.612117 0.611082
1 27.0803 19.7871 1.60785 0.150971 -0.0671335 -0.986256
1 15.7348 11.138 1.75965 0.0448558 -0.248886 0.967493
1 4.02149 33.0302 1.60552 -0.414349 0.00885299 -0.910075
1 14.8103 10.7199 1.75673 0.0325803 -0.413726 0.909818
1 29.1587 1.14383 1.75809 -0.0721101 0.0855381 0.993722
1 32.4894 11.243 1.75585 0.248674 -0.284768 0.92578
1 9.92388 32.2167 1.59017 -0.678238 -0.45898 -0.573873
1 13.7744 30.3453 1.75789 0.344434 -0.481792 0.805756
1 19.5694 0.848643 1.7557 -0.243533 0.375336 0.894323
1 13.9237 5.33423 1.60406 0.0834261 -0.63028 -0.771872
1 21.5594 32.8494 1.75192 0.0420111 0.673924 0.737606
1 12.4311 9.9488 1.75065 -0.00422329 -0.819116 0.573613
1 13.599 19.9577 1.61396 -0.381457 0.643962 -0.663177
1 4.40621 15.9357 1.61821 0.206584 0.653284 -0.728384
1 13.8091 10.8486 1.7581 -0.0336696 -0.586145 0.809506
1 3.38654 25.367 1.74603 0.390035 -0.60225 0.69654
1 30.8615 32.207 1.75905 0.63402 0.35356 0.68776
1 10.6497 16.7087 1.60937 0.116187 -0.248884 -0.961539
1 9.0111 0.75027 1.62532 -0.531774 0.336308 -0.777247
1 0.102797 0.116018 1.62491 -0.270118 0.672557 -0.688988
1 27.4617 6.97759 1.61679 -0.283683 -0.3833 -0.87898
1 30.829 22.8347 1.62196 0.600854 -0.620068 -0.50447
1 29.6061 32.1711 1.75814 0.584301 0.149298 0.797686
1 6.85623 2.24874 1.61287 0.418699 -0.290315 -0.86047
1 11.9202 28.5102 1.74429 -0.203811 0.603822 0.770623
1 15.7043 17.4087 1.73337 -0.682559 -0.3128 0.660507
1 2.74214 14.3783 1.75302 -0.219978 0.501947 0.836456
1 16.4209 5.76191 1.75255 0.668256 -0.108771 0.735937
1 25.3976 8.6853 1.60707 -0.053727 -0.0316389 -0.998054
1 0.808785 0.975599 1.60987 -0.184023 0.516688 -0.836163
1 24.8086 7.68697 1.60758 -0.183116 0.0480594 -0.981916
1 10.1851 31.3871 1.78001 -0.784414 0.142986 0.603531
1 8.74216 17.5623 1.60882 0.269836 0.0804442 -0.95954
1 21.2653 22.9123 1.59717 -0.13772 -0.762771 -0.631834
1 11.1936 20.5609 1.60456 0.566003 -0.363618 -0.73988
1 7.92728 4.866 1.60814 0.00743562 0.451455 -0.892263
1 32.102 25.3452 1.60796 -0.44824 0.0868324 -0.889686
1 4.25725 3.5 1.6096 -0.227696 -0.385688 -0.894091
1 17.5931 9.24272 1.7612 0.252002 0.0250326 0.967403
1 24.4366 8.60948 1.60613 -0.0548316 0.124579 -0.990693
1 24.1872 2.052 1.75914 -0.209047 -0.518041 0.829417
1 15.6745 24.1752 1.60797 0.223762 0.134144 -0.965368
1 34.5624 14.0949 1.75748 -0.206983 0.0581609 0.976614
1 24.9466 28.6112 1.75839 -0.177168 0.0100664 0.984129
1 25.5428 14.0227 1.62577 0.72766 -0.18401 -0.660796
1 23.5603 19.5904 1.6082 0.131177 0.38081 -0.915301
1 14.532 33.2351 1.75573 -0.0532276 -0.302781 0.951573
1 27.8949 11.3655 1.61618 0.325958 -0.444837 -0.834189
1 25.5447 11.3121 1.61298 0.321562 -0.0526636 -0.945423
1 16.8063 20.4498 1.61085 -0.419537 -0.0510214 -0.906303
1 31.8686 24.4082 1.61875 -0.566763 0.170977 -0.805944
1 28.9332 3.76296 1.7632 -0.55626 -0.00181556 0.831007
1 3.52407 13.4889 1.74088 -0.0967606 0.70047 0.707092
1 8.23681 28.2441 1.76009 -0.162325 0.0688754 0.984331
1 29.288 33.1209 1.75925 0.419495 0.116318 0.900275
1 7.77946 32.6768 1.62575 -0.376518 -0.363199 -0.852245
1 2.00294 15.7373 1.674 -0.524507 0.31999 0.788986
1 34.1568 25.2268 1.60864 -0.534441 -0.339143 -0.77418
1 26.8682 11.2995 1.60763 0.307509 -0.274944 -0.910958
1 24.3957 24.9789 1.75887 0.515564 -0.086354 0.852489
1 2.56594 3.12904 1.62205 -0.1988 -0.0465991 -0.978932
1 4.90876 26.5419 1.75629 0.130885 -0.390277 0.911347
1 21.1012 15.2482 1.75599 -0.281072 0.569517 0.77243
1 22.5694 5.25602 1.61041 -0.454621 0.364598 -0.812643
1 1.96283 24.2797 1.77531 -0.634892 0.0428115 0.771414
1 30.7902 13.7156 1.75851 -0.252011 -0.505269 0.825345
1 30.0959 8.54349 1.62612 -0.0838395 -0.788991 -0.608658
1 22.9744 4.15805 1.61335 -0.617787 0.267831 -0.739328
1 19.4059 10.35 1.76118 0.192466 0.379523 0.904941
1 14.5993 34.2675 1.75577 -0.186338 -0.298497 0.936044
1 31.6337 4.68624 1.59617 -0.235325 0.373481 -0.897293
1 10.4632 26.7058 1.76181 0.105499 0.388949 0.915199
1 3.63012 31.1197 1.77188 0.753125 -0.0728323 0.653833
1 27.8068 22.477 1.6069 0.584464 -0.160166 -0.795455
1 9.21388 27.9237 1.75968 -0.100591 0.200509 0.974514
1 34.1877 18.3661 1.75409 0.436216 -0.370682 0.819945
1 30.6285 0.262555 1.75811 0.0753723 0.299458 0.951128
1 1.22282 18.9793 1.75614 0.302308 -0.116272 0.946092
1 19.1025 25.8769 1.61761 0.486707 -0.392179 -0.780585
1 7.21177 28.5666 1.75925 -0.221458 -0.0543547 0.973654
1 28.4194 10.2369 1.61521 0.193936 -0.513914 -0.835632
1 14.7667 32.238 1.75745 0.0894049 -0.277063 0.956683
1 30.7918 14.8442 1.75761 -0.483727 -0.466288 0.740664
1 17.748 21.0171 1.60951 -0.309055 -0.188901 -0.932095
1 33.6474 30.5281 1.61151 0.346308 -0.159248 -0.924506
1 30.9986 25.4351 1.60742 -0.405394 0.316604 -0.857565
1 13.0653 2.933 1.60099 -0.335176 -0.587892 -0.736234
1 21.8446 30.5295 1.73353 0.427519 0.74524 0.511708
1 23.26 13.3097 1.61137 0.560544 0.325924 -0.761291
1 25.5419 20.6569 1.61377 0.28611 0.135458 -0.948574
1 33.5636 32.6073 1.76977 -0.641327 0.177221 0.74652
1 33.1869 28.8719 1.60725 0.0814807 -0.124007 -0.98893
1 9.91109 29.7363 1.75288 -0.406974 0.287262 0.867094
1 0.265351 22.0618 1.75792 -0.221375 -0.241491 0.944815
1 0.670092 7.53723 1.607 0.514154 0.129093 -0.847927
1 0.954287 11.6112 1.76095 0.229394 0.203467 0.95183
1 31.6984 33.1713 1.75355 0.396813 0.444934 0.802853
1 17.1609 17.8569 1.75685 -0.791624 -0.0998853 0.602788
1 18.4305 6.72393 1.75697 0.483306 0.248969 0.839303
1 3.769 0.350626 1.60643 -0.112687 0.0840534 -0.990069
1 30.0945 26.2071 1.60741 -0.260834 0.502353 -0.824383
1 27.5037 2.13496 1.76147 -0.31829 -0.116006 0.940869
1 23.9111 9.82045 1.6091 0.0860447 0.218042 -0.972139
1 28.4944 6.94936 1.61947 -0.289799 -0.55353 -0.780782
1 25.8116 26.0566 1.75866 0.296669 0.161463 0.941232
1 24.7996 31.1792 1.7203 -0.692389 -0.0373475 0.720557
1 17.3019 30.7284 1.75835 0.316635 0.0324744 0.947992
1 2.51017 4.17385 1.61877 -0.0474551 -0.108319 -0.992983
1 8.11506 10.331 1.61778 -0.605919 0.0186923 -0.795307
1 2.05641 22.2408 1.75805 -0.254371 0.0609764 0.965183
1 20.5935 7.80006 1.76239 0.357533 0.714001 0.601974
1 5.02465 18.8604 1.74977 0.437509 0.514891 0.737206
1 17.7573 13.4203 1.75883 -0.136003 0.0471122 0.989588
1 21.3703 12.8192 1.75446 0.0537987 0.648378 0.759415
1 4.80182 9.5662 1.60356 -0.492231 0.604914 -0.62593
1 7.3391 11.1437 1.61332 -0.464875 0.148607 -0.872816
1 14.4733 1.64391 1.73782 -0.431291 -0.378582 0.81894
1 0.387284 28.2143 1.61508 -0.0743489 -0.5023 -0.861491
1 8.4911 2.02892 1.62045 -0.386214 0.383495 -0.83891
1 33.5848 1.34394 1.74526 -0.136126 0.794208 0.592202
1 34.5907 13.1286 1.7597 -0.0393865 0.0490939 0.998017
1 33.2244 10.025 1.74852 0.554614 -0.183609 0.811598
1 2.25244 25.9889 1.76869 0.334214 -0.76171 0.555067
1 7.76158 33.7157 1.61731 -0.162497 -0.409578 -0.897686
1 25.2303 17.0609 1.61154 -0.311527 0.185053 -0.932044
1 0.474211 24.2252 1.7536 -0.616585 -0.19049 0.763895
1 10.1207 28.7196 1.75963 -0.23166 0.325821 0.91661
1 7.93607 16.8734 1.60968 0.199578 0.168093 -0.965357
1 27.636 26.2173 1.75065 0.224814 0.545538 0.80737
1 15.6838 21.7581 1.6084 -0.178739 0.133459 -0.974803
1 23.6716 25.8801 1.75537 0.341953 -0.213994 0.915027
1 26.2438 3.36328 1.75962 -0.634041 -0.266489 0.725931
1 20.0514 8.66364 1.73467 0.333007 0.531318 0.778978
1 5.67516 27.2381 1.75723 0.00360297 -0.278908 0.960311
1 18.6903 13.932 1.75869 -0.183791 0.207952 0.960717
1 6.79698 31.7035 1.59918 -0.720982 -0.347656 -0.599434
1 13.1359 31.5051 1.75854 0.173887 -0.555882 0.812871
1 3.50176 2.72779 1.62265 -0.311292 -0.19921 -0.9292
1 10.2021 0.669035 1.60614 -0.586979 0.0582752 -0.807502
1 0.210364 19.1893 1.75179 0.273884 -0.281793 0.919554
1 16.8069 2.01834 1.76028 -0.430035 -0.0525646 0.901281
1 3.58786 6.7017 1.6106 0.313242 -0.350107 -0.882782
1 10.0333 23.7226 1.75445 0.584917 0.345569 0.733795
1 15.2858 31.3474 1.75946 0.220244 -0.22691 0.948686
1 21.4599 27.9851 1.76434 -0.0821794 -0.583082 0.808246
1 31.4755 11.4101 1.75578 0.183851 -0.448432 0.874704
1 34.2008 26.2822 1.60842 -0.362076 -0.32965 -0.871913
1 10.4741 11.265 1.60297 -0.42967 -0.394551 -0.812227
1 27.3781 31.8143 1.75089 0.676156 -0.211227 0.70583
1 10.4428 1.99636 1.61133 -0.421328 -0.0429549 -0.90589
1 9.61532 11.7432 1.61107 -0.377456 -0.233013 -0.896232
1 11.5092 14.9007 1.62562 -0.0714311 -0.433488 -0.898324
1 27.6542 17.785 1.6102 -0.170503 -0.153821 -0.973277
1 26.3893 8.67689 1.60727 -0.0444815 -0.192866 -0.980216
1 16.9367 8.48833 1.76368 0.31687 -0.0883418 0.944346
1 9.3254 30.684 1.75569 -0.581684 0.169167 0.795629
1 27.4796 24.9221 1.75458 0.412577 0.493356 0.765755
1 32.789 5.28247 1.61278 -0.121506 0.292206 -0.948605
1 1.58129 25.0936 1.57867 0.789507 0.0212043 -0.613375
1 32.7024 31.0184 1.61004 0.44049 0.047318 -0.896509
1 1.28447 23.5412 1.74416 -0.487148 -0.0471026 0.872048
1 7.57719 13.9951 1.60838 -0.111363 0.156894 -0.981317
1 29.7791 13.9931 1.75659 -0.325588 -0.640746 0.695296
1 19.4521 30.1982 1.75161 0.428286 0.33216 0.840382
1 24.8311 9.51874 1.60708 0.0660835 0.0672976 -0.995542
1 19.9382 1.91595 1.75159 -0.373465 0.408334 0.832939
1 10.5661 17.7683 1.60906 0.241699 -0.213637 -0.946541
1 1.83497 6.00404 1.60673 0.222533 -0.0828324 -0.9714
1 13.3411 1.90561 1.76023 -0.633613 -0.567012 0.526338
1 15.6637 25.9338 1.61189 0.550415 0.0899908 -0.830027
1 9.13389 9.69049 1.63504 -0.706141 -0.124637 -0.697016
1 31.3767 7.98424 1.61315 0.527952 0.399589 -0.749396
1 34.2068 27.383 1.61058 -0.174693 -0.337611 -0.924933
1 27.4351 18.8316 1.60794 -0.00168316 -0.120021 -0.99277
1 7.77963 20.5976 1.61771 0.624534 0.366674 -0.68957
1 14.1638 14.1058 1.72212 -0.199047 -0.589707 0.782704
1 28.7371 5.66093 1.61874 -0.508059 -0.596595 -0.621249
1 11.8545 0.0207499 1.74248 -0.369277 -0.69132 0.621057
1 25.5724 15.0097 1.71 -0.692993 0.333415 -0.639214
1 34.2763 9.32467 1.76322 0.692213 0.00759684 0.721654
1 31.9388 12.3526 1.7615 0.0276849 -0.35972 0.932649
1 32.9676 19.0052 1.74882 0.303281 -0.596486 0.743119
1 29.2416 12.3419 1.59391 0.424312 -0.786554 -0.448656
1 7.94142 23.834 1.7526 0.555432 -0.00272248 0.831558
1 32.2106 29.2057 1.60737 0.140538 0.0810707 -0.986751
1 7.46837 27.5848 1.75975 -0.0532467 -0.0390792 0.997816
1 13.9239 4.01664 1.59811 -0.200514 -0.731075 -0.652169
1 16.792 15.9462 1.75666 -0.479299 -0.120843 0.869292
1 23.7775 21.5077 1.6065 0.44087 0.308429 -0.842915
1 33.3888 17.7774 1.75171 0.542691 -0.475867 0.692125
1 17.7443 33.299 1.75951 0.000583982 0.101019 0.994884
1 23.4066 29.455 1.75555 -0.340597 -0.275375 0.898979
1 23.4303 27.6153 1.75857 0.00787351 -0.24658 0.969091
1 6.80898 18.2711 1.61904 0.378955 0.465905 -0.799579
1 8.72455 5.55373 1.60882 0.131714 0.291106 -0.94758
1 1.2366 21.6692 1.75988 -0.156569 -0.0779935 0.984583
1 16.924 19.5324 1.61492 -0.568287 -0.0768172 -0.819237
1 27.4368 10.3492 1.60262 0.17256 -0.362401 -0.915909
1 19.4022 11.4329 1.75642 0.0808866 0.345243 0.935021
1 26.0036 19.8342 1.6098 0.156994 0.0803545 -0.984325
1 2.77509 17.5484 1.76315 0.567153 0.136219 0.81227
1 13.1032 22.8658 1.61056 0.0110703 0.575117 -0.817996
1 12.6499 23.8474 1.76507 -0.250556 -0.641973 0.724632
1 15.6468 28.5893 1.76239 0.64033 -0.20537 0.740135
1 33.8177 19.43 1.75628 0.235142 -0.444748 0.864238
1 8.45892 6.91643 1.61228 0.354568 0.333696 -0.873458
1 4.21594 4.58025 1.60781 -0.0475947 -0.420628 -0.905984
1 20.0619 3.05513 1.75155 -0.542248 0.391281 0.74355
1 10.6449 14.4987 1.61743 -0.0769248 -0.286505 -0.954986
1 24.8575 21.3346 1.60484 0.418083 0.181549 -0.890082
1 10.2661 21.5377 1.62061 0.721905 -0.17281 -0.670067
1 4.82791 34.5961 1.60674 -0.081884 -0.0346567 -0.996039
1 33.0446 24.6628 1.6207 -0.593747 -0.0961324 -0.798889
1 14.8399 30.4625 1.76222 0.333643 -0.299753 0.893773
1 26.216 17.2928 1.61071 -0.25215 0.0485248 -0.966471
1 11.3463 18.4454 1.61473 0.312104 -0.341665 -0.886485
1 11.916 19.241 1.61238 0.391494 -0.476121 -0.787427
1 27.7428 4.06279 1.76184 -0.721257 -0.17824 0.669342
1 1.4125 4.59544 1.61502 0.0416492 0.0166356 -0.998994
1 23.7936 15.9552 1.60466 -0.553295 0.3394 -0.760705
1 18.4792 28.4807 1.75525 0.670937 0.159621 0.724131
1 24.7548 25.8957 1.75693 0.338104 -0.029909 0.940634
1 12.8949 5.35817 1.61026 0.115734 -0.490546 -0.863696
1 0.0511054 30.4648 1.61655 0.312363 -0.364983 -0.87705
1 9.68979 33.3435 1.60197 -0.347772 -0.641431 -0.683828
1 28.2035 16.7351 1.61344 -0.372567 -0.207039 -0.904615
1 30.6095 28.2889 1.61008 0.0121734 0.369698 -0.929072
1 22.885 8.2345 1.62695 -0.100192 0.410657 -0.906268
1 22.1802 7.60236 1.62421 -0.135792 0.560013 -0.81728
1 8.04972 15.8175 1.60883 0.0758287 0.119084 -0.989984
1 24.2737 3.98553 1.61923 -0.689603 0.0159792 -0.724011
1 2.73172 11.0962 1.7456 0.288824 0.537199 0.792463
1 10.943 33.1613 1.57938 0.238924 -0.848381 -0.472403
1 16.8943 14.9613 1.759 -0.335263 -0.10318 0.936457
1 11.8328 33.2073 1.74767 -0.113326 -0.711207 0.693788
1 4.01993 17.9549 1.75502 0.540009 0.333955 0.77257
1 6.43075 27.9041 1.75936 -0.111585 -0.168474 0.97937
1 18.0093 4.81184 1.76006 -0.872952 0.0637989 0.483617
1 10.426 9.23096 1.62925 -0.821234 -0.239608 -0.517845
1 14.5442 11.7954 1.75569 -0.114494 -0.432289 0.894437
1 30.2425 29.5371 1.61072 0.17963 0.467123 -0.865753
1 22.401 27.6555 1.75395 0.00142818 -0.423819 0.905746
1 10.8681 25.76 1.75977 0.262472 0.454198 0.85136
1 4.64405 21.0762 1.75655 -0.00293881 0.465389 0.885102
1 7.91614 8.5101 1.62232 0.693316 0.259273 -0.672377
1 28.2121 33.3774 1.75997 0.366055 -0.0371786 0.92985
1 9.96787 20.5557 1.60628 0.599907 -0.109103 -0.792596
1 26.5249 22.5328 1.61414 0.59104 -0.00611723 -0.806619
1 21.2108 34.2754 1.74918 -0.1179 0.636865 0.761907
1 12.4418 16.8237 1.61648 0.0444931 -0.56241 -0.825661
1 1.77448 8.15765 1.61418 0.579033 -0.0281607 -0.814818
1 18.0013 7.60796 1.75928 0.399005 0.107424 0.910634
1 17.6338 12.3612 1.7586 -0.0329751 0.0372964 0.99876
1 10.9822 7.44111 1.60979 0.502014 -0.128453 -0.855267
1 7.36903 1.21304 1.62641 0.235703 -0.40381 -0.883958
1 17.4702 29.7731 1.75359 0.446176 0.0461343 0.893755
1 31.3557 21.2705 1.61622 0.310971 -0.755915 -0.576098
1 31.303 26.4042 1.61415 -0.284662 0.221844 -0.932605
1 3.77651 32.0776 1.61173 -0.599472 0.0238847 -0.800039
1 20.788 29.1076 1.75625 0.597869 0.581567 0.551663
1 30.4066 33.0459 1.75706 0.449042 0.291464 0.844636
1 16.4673 22.3168 1.60664 -0.0927035 0.0149161 -0.995582
1 26.7515 18.0875 1.6085 -0.121228 -0.0295252 -0.992185
1 28.4127 18.6329 1.60768 -0.0456134 -0.255815 -0.965649
1 18.8285 23.6454 1.60887 0.120326 -0.3258 -0.93775
1 16.5362 26.6518 1.61996 0.697997 -0.0390948 -0.715032
1 8.76731 23.1062 1.74975 0.668939 0.135897 0.730789
1 2.50319 32.3696 1.61551 -0.590296 0.260085 -0.764138
1 3.88944 20.1994 1.75812 0.126361 0.336011 0.933343
1 19.5327 27.9822 1.73625 0.736587 0.342605 0.583148
1 17.8652 27.5135 1.68544 0.834305 0.0648797 0.547472
1 16.6663 10.7395 1.75988 0.0985009 -0.110616 0.98897
1 33.5242 20.503 1.75713 0.0483841 -0.501381 0.863872
1 26.1277 32.6674 1.69134 0.524508 -0.33089 0.784476
1 15.8772 15.2848 1.76034 -0.375262 -0.295603 0.87852
1 22.9673 28.5144 1.75334 -0.155628 -0.326271 0.932377
1 33.5409 6.92982 1.61208 0.292698 0.225248 -0.929296
1 8.79973 29.8656 1.75661 -0.42723 0.14216 0.892897
1 29.2757 9.42518 1.61194 0.126982 -0.689227 -0.713332
1 34.591 11.1805 1.75778 0.324111 0.0373945 0.94528
1 1.12998 22.6195 1.75152 -0.326897 -0.0862608 0.941115
1 19.2436 22.6855 1.6101 -0.0418705 -0.413237 -0.90966
1 30.1992 18.917 1.6047 -0.00342992 -0.525651 -0.850693
1 14.4448 9.64447 1.7561 0.139129 -0.525785 0.839162
1 1.71403 12.8299 1.75078 0.014131 0.332006 0.943171
1 13.8432 15.2308 1.71203 -0.362011 -0.688669 0.628238
1 22.1184 28.9423 1.76003 -0.244835 -0.474418 0.845567
1 30.0186 10.1852 1.62282 0.26397 -0.821991 -0.50463
1 22.7469 12.2179 1.61104 0.358821 0.475986 -0.802923
1 9.76733 25.8892 1.75837 0.240239 0.273228 0.931468
1 1.92209 19.8888 1.76132 0.155583 0.00345877 0.987817
1 7.02536 17.243 1.60826 0.271919 0.303083 -0.913346
1 8.50558 11.2719 1.6132 -0.457435 -0.0444302 -0.888132
1 16.2606 18.7012 1.63481 -0.727043 0.00795778 -0.686546
1 33.9189 22.4478 1.7568 -0.288489 -0.408911 0.865775
1 9.77935 5.662 1.60641 0.166601 0.0763364 -0.983065
1 3.89452 34.0014 1.6075 -0.262271 0.0532718 -0.963523
1 18.5326 0.68338 1.75796 -0.235108 0.219008 0.946974
1 18.9335 16.0131 1.7549 -0.448104 0.225117 0.865173
1 29.5364 7.09019 1.63451 -0.329969 -0.716789 -0.614275
1 3.09949 15.4238 1.75598 -0.381242 0.563599 0.73281
1 27.2138 33.8231 1.75341 0.275664 -0.166494 0.946725
1 1.40002 17.2495 1.74999 0.635033 -0.0136846 0.772364
1 3.27891 4.79192 1.60969 0.0185615 -0.266516 -0.963652
1 25.778 34.5049 1.7516 0.154255 -0.282519 0.946778
1 32.9059 16.4917 1.75307 -0.710902 -0.105073 0.695398
1 12.1243 2.07223 1.6116 -0.443458 -0.413958 -0.794974
1 17.7166 5.73388 1.75307 0.642002 0.118627 0.75747
1 18.3768 17.295 1.74709 -0.665604 0.0915392 0.74067
1 8.00848 25.6343 1.75805 0.269971 0.00655693 0.962846
1 13.8536 12.5984 1.74503 -0.144717 -0.620886 0.770427
1 10.1993 8.25572 1.61739 0.652106 0.0304001 -0.757518
1 34.605 12.1457 1.75834 0.138278 0.0426225 0.989476
1 0.224484 23.1268 1.75585 -0.415022 -0.244374 0.876378
1 17.4919 0.464263 1.75872 -0.219995 0.0700298 0.972984
1 4.91871 32.538 1.61244 -0.464424 -0.149816 -0.872849
1 33.9754 29.5351 1.60696 0.186914 -0.24658 -0.950927
1 25.2614 22.2672 1.62108 0.601261 0.154151 -0.784043
1 19.617 29.1685 1.75321 0.567922 0.38217 0.728979
1 22.2247 3.2787 1.76081 -0.894203 0.0472925 0.445157
1 6.19909 28.883 1.75762 -0.285328 -0.175926 0.942146
1 19.0563 19.4574 1.61361 -0.554644 -0.392296 -0.733808
1 1.29955 27.9549 1.61829 -0.161951 -0.678283 -0.716732
1 11.2995 13.6918 1.61245 -0.208332 -0.401284 -0.891947
1 10.3567 2.97939 1.6119 -0.272905 -0.06108 -0.9601
1 2.58617 1.76219 1.76338 0.0169741 -0.205435 0.978524
1 23.1041 7.06746 1.61039 -0.223589 0.342511 -0.91252
1 16.3807 30.1424 1.74817 0.388044 -0.109712 0.915087
1 32.6471 15.1378 1.75927 -0.455954 -0.181361 0.871329
1 26.0182 13.0468 1.61979 0.564963 -0.169092 -0.807604
1 11.0454 28.1045 1.75513 -0.124426 0.478737 0.869097
1 15.9854 8.98159 1.75864 0.261064 -0.254199 0.931251
1 26.2137 6.93784 1.60822 -0.294238 -0.197364 -0.935132
1 2.39861 21.291 1.75856 -0.0888968 0.0951598 0.991485
1 6.82568 34.0445 1.60868 -0.0906322 -0.285661 -0.954036
1 32.604 20.3255 1.75684 0.0962212 -0.67558 0.730981
1 0.355895 29.3747 1.61317 0.122095 -0.429049 -0.894991
1 6.34975 15.4089 1.61215 0.0453753 0.363297 -0.930568
1 30.2789 24.7672 1.60982 -0.382023 0.549225 -0.743243
1 0.533291 8.51212 1.60766 0.765563 0.131108 -0.629861
1 16.5932 1.02098 1.75643 -0.306869 -0.0525613 0.950299
1 25.2446 30.2939 1.72713 -0.51003 0.0419002 0.859136
1 29.9948 30.6065 1.61377 0.405066 0.49009 -0.771838
1 6.92485 6.40645 1.60892 0.201756 0.643806 -0.738111
1 18.0302 19.9858 1.61119 -0.48452 -0.230475 -0.843873
1 15.5301 32.9651 1.76023 0.0113139 -0.175463 0.984421
1 25.1658 23.212 1.63312 0.811213 0.0785102 -0.579456
1 16.9319 7.49546 1.75916 0.417529 -0.0708266 0.905899
1 5.36011 15.7069 1.61296 0.116865 0.51619 -0.848464
1 18.5005 10.8087 1.75823 0.133986 0.195193 0.97157
1 24.7844 17.993 1.60925 -0.150026 0.232065 -0.961061
1 32.2235 21.6956 1.76104 -0.0926628 -0.740152 0.666024
1 0.770441 32.2929 1.76774 -0.546594 0.56854 0.614814
1 3.13232 19.4881 1.75613 0.230784 0.20162 0.951887
1 23.4905 11.5554 1.60815 0.308672 0.311623 -0.898673
1 2.85068 34.3937 1.60663 -0.276517 0.193349 -0.941358
1 15.0649 7.44067 1.75827 0.43914 -0.44049 0.783022
1 15.5338 12.2051 1.75925 -0.0535588 -0.255865 0.965228
1 17.2793 6.59086 1.75847 0.530918 0.0291208 0.846923
1 19.5731 21.6671 1.61727 -0.206923 -0.482851 -0.850904
1 6.68842 0.422913 1.60752 0.0923301 -0.265864 -0.959579
1 0.509451 20.9986 1.75893 -0.039434 -0.214233 0.975986
1 7.12061 16.1524 1.61083 0.128885 0.262069 -0.956404
1 4.04394 19.0982 1.75655 0.330076 0.360143 0.872552
1 33.7466 11.7583 1.7615 0.209085 -0.0949495 0.973277
1 6.62231 14.3088 1.61164 -0.0824148 0.307655 -0.947922
1 27.1085 13.4316 1.61354 0.653506 -0.342322 -0.675089
1 8.8751 16.5127 1.60838 0.140087 0.0205621 -0.989926
1 17.7621 18.9257 1.60221 -0.69043 -0.222792 -0.688237
1 14.9858 25.0861 1.61115 0.394891 0.217797 -0.892539
1 17.1537 22.9848 1.6072 0.0255716 -0.0871343 -0.995868
1 18.8519 18.1915 1.75932 -0.819529 0.0405776 0.571599
1 5.09214 4.16377 1.61171 -0.128242 -0.570498 -0.811225
1 3.01684 33.3665 1.6037 -0.400375 0.178853 -0.898728
1 27.9194 34.4189 1.75453 0.163173 -0.080859 0.983278
1 6.66896 20.8882 1.58429 -0.243479 -0.779315 -0.577396
1 3.78026 29.3698 1.75766 -0.39603 -0.540714 0.742151
1 22.7191 9.5582 1.61266 0.00850375 0.480955 -0.876704
1 24.9923 26.8498 1.75953 0.155844 0.0206505 0.987566
1 31.1028 23.7648 1.60529 -0.604283 0.357223 -0.712203
1 25.9293 0.855225 1.75591 -0.0338895 -0.286734 0.957411
1 34.5498 15.071 1.75691 -0.373508 0.0696721 0.925007
1 21.016 2.09552 1.74616 -0.41084 0.565811 0.714891
1 34.486 20.2325 1.75227 0.0905474 -0.335915 0.93753
1 4.84037 31.4494 1.60891 -0.692148 -0.166031 -0.7024
1 3.62788 1.3204 1.62291 0.0481992 0.109968 -0.992766
1 14.1799 31.365 1.75813 0.197948 -0.39175 0.898526
1 33.9219 7.86248 1.61161 0.480521 0.146784 -0.864612
1 14.2197 23.0926 1.60682 0.0526103 0.367368 -0.928587
1 1.54823 20.7662 1.76052 0.00342307 -0.0453015 0.998967
1 17.7229 1.43921 1.75847 -0.341794 0.0896039 0.935493
1 32.8672 12.151 1.76243 0.0953569 -0.216956 0.971513
1 12.372 6.39458 1.61361 0.312874 -0.398407 -0.862196
1 28.3267 21.439 1.60797 0.399103 -0.252094 -0.88157
1 31.8563 5.6948 1.60669 0.00289337 0.414108 -0.910223
1 16.7162 24.0171 1.60742 0.19847 -0.0184329 -0.979934
1 20.579 4.90634 1.60809 0.0117729 0.845661 -0.533591
1 8.00624 29.2166 1.75737 -0.335681 0.047196 0.940793
1 12.9722 28.301 1.75808 -0.309222 0.745412 0.590544
1 30.8588 19.8175 1.61117 0.121749 -0.648218 -0.751659
1 10.6904 30.3574 1.75145 -0.568963 0.353193 0.742655
1 24.8187 1.23469 1.75348 -0.076827 -0.413297 0.907349
1 20.696 32.1957 1.74613 0.168935 0.535222 0.827646
1 0.495056 27.0321 1.61267 -0.269685 -0.49166 -0.827973
1 0.720277 2.19327 1.6132 -0.0389415 0.47472 -0.879275
1 5.83942 34.2764 1.60804 -0.0746305 -0.159299 -0.984406
1 16.9308 13.906 1.76011 -0.197462 -0.0959256 0.975606
1 17.273 24.8157 1.61215 0.343436 -0.0847224 -0.935347
1 18.157 25.4874 1.60421 0.455126 -0.221783 -0.862364
1 8.49103 27.2389 1.75931 0.00734001 0.0929751 0.995641
1 0.180817 4.73634 1.60876 -0.08884 0.0247178 -0.995739
1 15.8657 13.2669 1.7573 -0.130004 -0.246895 0.960282
1 1.6288 1.49398 1.61195 -0.159418 0.341133 -0.926399
1 26.2702 10.5133 1.60817 0.215156 -0.163181 -0.96285
1 9.51193 1.56234 1.61303 -0.446264 0.170148 -0.878577
1 17.0676 4.04984 1.7546 -0.705023 -0.00834102 0.709135
1 31.4571 27.4473 1.60874 -0.135252 0.194205 -0.971592
1 1.88737 0.407653 1.60816 -0.285845 0.349265 -0.89236
1 2.56542 6.65098 1.61214 0.319873 -0.173322 -0.931472
1 16.4517 0.00935059 1.76037 -0.172085 -0.0654826 0.982903
1 0.89368 13.5453 1.75783 -0.10796 0.192526 0.975335
1 9.29088 13.0649 1.60687 -0.214474 -0.120613 -0.969254
1 9.47795 3.62741 1.60949 -0.152887 0.102883 -0.982874
1 33.8213 5.04468 1.60146 -0.118802 0.166194 -0.97891
1 7.32314 12.9816 1.60842 -0.204115 0.195934 -0.959139
1 26.013 12.1123 1.76984 -0.417736 0.16321 0.893789
1 10.3452 18.7984 1.61372 0.371818 -0.158862 -0.914612
1 26.3599 24.445 1.75163 0.563658 0.271995 0.779941
1 34.3804 10.2409 1.75493 0.509712 0.00273033 0.860341
1 31.2251 29.4172 1.60898 0.169762 0.281708 -0.944363
1 24.8091 0.157461 1.7602 0.114819 -0.418846 0.900769
1 28.9644 34.0847 1.75908 0.236576 0.0642213 0.969488
1 27.4509 3.10297 1.74883 -0.528678 -0.0963175 0.84334
1 27.2794 32.8357 1.75518 0.472655 -0.167935 0.865099
1 15.0646 8.62906 1.7566 0.267302 -0.421586 0.866496
1 29.3225 2.06332 1.7563 -0.234928 0.107413 0.96606
1 13.4471 9.63318 1.75986 0.133937 -0.684051 0.717032
1 9.07559 28.9075 1.75854 -0.264199 0.179395 0.947637
1 17.2592 34.1196 1.76 -0.0947444 0.0376692 0.994789
1 32.8818 9.19032 1.76846 0.72743 -0.19078 0.659127
1 34.5347 6.74331 1.60798 0.264741 0.136038 -0.954676
1 12.0682 31.7947 1.75389 0.102647 -0.709673 0.697013
1 6.42282 25.1531 1.75475 0.356084 -0.217216 0.908857
1 33.6186 15.687 1.75538 -0.560643 0.00544386 0.82804
1 30.9621 16.1947 1.61735 -0.614929 -0.595151 -0.517357
1 12.3821 20.1532 1.61399 0.462368 -0.596497 -0.656054
1 31.0804 33.9356 1.75451 0.244446 0.366957 0.897546
1 21.2295 26.0178 1.59522 -0.294861 0.641899 -0.70783
1 18.1394 3.44612 1.75461 -0.590512 0.122054 0.797746
1 24.452 27.6958 1.75969 -0.00381687 -0.074581 0.997208
1 6.11263 9.43443 1.61087 -0.644972 0.33227 -0.688191
1 0.717776 18.1188 1.75932 0.47926 -0.185446 0.857857
1 4.80046 30.2447 1.75508 -0.616857 -0.332451 0.713417
1 9.27688 6.45073 1.6123 0.29346 0.177587 -0.939332
1 20.3698 10.234 1.73569 0.263047 0.560498 0.78527
1 20.6294 33.3508 1.75531 0.011784 0.514239 0.857566
1 20.8889 16.5127 1.75764 -0.487266 0.513544 0.706289
1 29.5959 2.97283 1.75555 -0.405783 0.11796 0.906325
1 19.2102 34.414 1.75707 -0.11254 0.319475 0.940888
1 5.64252 21.2516 1.75692 0.0138892 0.634811 0.772542
1 10.981 29.2547 1.75645 -0.345991 0.454753 0.820664
1 11.3187 2.61247 1.61258 -0.350203 -0.250044 -0.902683
1 24.692 13.3334 1.61385 0.601584 0.0332735 -0.798116
1 33.1613 21.5756 1.7571 -0.132745 -0.565741 0.813828
1 14.7714 2.71139 1.74306 -0.550697 -0.354787 0.755552
1 23.0077 0.363388 1.76135 0.153107 -0.673749 0.722925
1 23.74 4.95899 1.61316 -0.542444 0.142159 -0.827977
1 24.0721 20.5577 1.60813 0.281116 0.286631 -0.915869
1 12.3121 15.5308 1.63774 -0.0455848 -0.565032 -0.823808
1 26.8064 9.60612 1.60918 0.0901136 -0.24638 -0.964975
1 0.846164 15.5696 1.7571 -0.473405 0.168205 0.864636
1 5.02319 11.9375 1.62559 -0.298268 0.57293 -0.763405
1 19.0399 2.69819 1.75107 -0.479403 0.258638 0.838618
1 27.1524 16.8808 1.61256 -0.314148 -0.0754428 -0.946372
1 1.04642 30.5632 1.61588 0.257788 -0.570676 -0.779663
1 14.7424 20.2528 1.61599 -0.419357 0.305893 -0.854734
1 33.9324 23.5949 1.7534 -0.50324 -0.396548 0.767788
1 13.0997 26.3975 1.73351 0.239202 0.795326 0.556991
1 4.8511 29.1676 1.75588 -0.370092 -0.362132 0.855507
1 22.3359 6.39039 1.61304 -0.284102 0.441652 -0.851017
1 28.1252 12.4734 1.62672 0.456004 -0.575097 -0.679208
1 16.42 33.5528 1.76056 -0.0413 -0.0692809 0.996742
1 11.5258 17.3389 1.61105 0.158431 -0.38945 -0.907319
1 28.484 2.69253 1.76096 -0.364434 0.00191807 0.931227
1 30.3341 17.566 1.61605 -0.221458 -0.536223 -0.814507
1 4.22598 25.8137 1.7519 0.279944 -0.507643 0.814819
1 13.6927 0.0160506 1.7588 -0.290329 -0.422502 0.858604
1 25.1625 2.64681 1.75889 -0.396929 -0.373643 0.838355
1 29.6244 0.261841 1.7595 0.0911768 0.15952 0.982975
1 18.9344 5.89029 1.75026 0.574588 0.354011 0.737919
1 31.9624 1.22644 1.7622 -0.141078 0.499418 0.854797
1 12.9127 19.0017 1.78612 -0.292726 0.678351 0.673908
1 13.4444 29.2528 1.73895 0.500618 -0.579727 0.642883
1 2.77859 0.803843 1.60624 -0.139008 0.21984 -0.965581
1 19.3128 9.2349 1.7564 0.309402 0.359063 0.880536
1 24.0024 26.7808 1.7603 0.172216 -0.15413 0.972926
1 5.8218 29.8001 1.75356 -0.48037 -0.20058 0.853822
1 8.86734 18.8836 1.61078 0.40632 0.144822 -0.902181
1 33.7387 31.4975 1.60282 0.491512 -0.172003 -0.853716
1 32.6467 4.32142 1.59023 -0.374675 0.201362 -0.905026
1 22.924 26.691 1.75757 0.17632 -0.335061 0.925551
1 20.1975 31.1352 1.75093 0.311907 0.445884 0.838988
1 23.2164 10.5199 1.60755 0.15946 0.379169 -0.911484
1 18.5308 21.8162 1.60902 -0.173658 -0.308058 -0.935384
1 6.19351 16.4819 1.61423 0.203461 0.400964 -0.893214
1 6.39115 1.39849 1.60789 0.265269 -0.202356 -0.9427
1 28.3114 1.59819 1.76322 -0.171546 -0.0323199 0.984646
1 19.2022 24.7901 1.61802 0.292045 -0.389494 -0.873501
1 22.3134 24.5323 1.75926 0.569756 -0.442502 0.69251
1 13.017 4.18109 1.61837 -0.108732 -0.578789 -0.808196
1 22.3607 25.8261 1.76309 0.323533 -0.419324 0.84823
1 30.0202 33.9649 1.75939 0.267292 0.221275 0.937866
1 27.2123 21.6105 1.60839 0.434808 -0.0931817 -0.895689
1 22.4723 22.3177 1.62576 0.651721 0.359164 -0.668027
1 9.06061 24.1795 1.75466 0.50275 0.17733 0.846047
1 26.7948 26.6341 1.75571 0.17935 0.36839 0.912207
1 22.2554 1.80515 1.73268 0.114402 -0.804998 0.582143
1 17.5501 11.3157 1.75959 0.059907 0.0349406 0.997592
1 17.8323 15.4884 1.75943 -0.399096 0.056547 0.915164
1 33.5847 14.6548 1.75972 -0.333088 -0.0670795 0.940507
1 23.9044 0.812474 1.75508 0.0302093 -0.553534 0.832278
1 25.6607 1.80597 1.75596 -0.222323 -0.306011 0.925705
1 28.9919 22.2148 1.60507 0.508853 -0.355632 -0.783961
1 12.1181 4.43006 1.60956 -0.0509864 -0.406405 -0.912269
1 5.94754 4.84447 1.61506 -0.00840525 -0.760819 -0.648909
1 7.78841 12.0392 1.60978 -0.319421 0.090482 -0.943283
1 3.80513 8.96531 1.77931 -0.65522 0.411789 0.633338
1 16.5775 11.8076 1.75895 -0.0100923 -0.110364 0.99384
1 18.2291 34.2935 1.75893 -0.109935 0.17723 0.97801
1 4.9403 22.2147 1.75772 -0.239921 0.516235 0.822155
1 20.2526 22.7828 1.61354 -0.0868741 -0.590307 -0.80249
1 22.6614 16.1664 1.77853 0.538299 -0.516654 0.665809
1 0.949446 9.64275 1.75645 0.600871 0.183988 0.777884
1 18.196 22.8042 1.60822 -0.00936602 -0.244066 -0.969713
1 10.8314 19.6537 1.60919 0.464402 -0.259624 -0.846715
1 23.2669 15.0461 1.5839 0.899476 -0.0676434 -0.431703
1 8.96971 15.4721 1.60769 0.0172639 -0.0179673 -0.99969
1 4.6293 0.929114 1.60442 0.0851725 0.0142624 -0.996264
1 23.9476 28.5557 1.7599 -0.168092 -0.162495 0.972286
1 15.1795 6.22065 1.75368 0.600846 -0.365658 0.710829
1 27.7278 5.94907 1.60869 -0.476322 -0.422876 -0.770904
1 10.0123 24.8858 1.75797 0.398428 0.331001 0.855391
1 34.5108 1.52288 1.63164 -0.0677704 0.681686 -0.728499
1 22.6516 30.0412 1.7591 -0.437689 -0.441855 0.783066
1 11.1864 1.28843 1.61089 -0.533461 -0.194446 -0.823171
1 20.2652 17.6866 1.76239 -0.681647 0.341669 0.647008
1 19.0757 7.92286 1.75094 0.369476 0.313116 0.874897
1 26.1249 30.8715 1.75461 -0.636162 0.182907 0.749561
1 12.9986 0.660465 1.74256 -0.445153 -0.486339 0.751873
1 2.80233 7.57588 1.61123 0.473901 -0.209129 -0.855385
1 32.9332 22.8011 1.7552 -0.324426 -0.5735 0.752227
1 11.1545 23.4857 1.74636 0.600327 0.537719 0.592002
1 31.8229 19.4478 1.64048 0.138752 -0.818287 -0.557812
1 29.4291 15.1804 1.62307 -0.677951 -0.376079 -0.631622
1 29.2973 25.4708 1.60318 -0.147727 0.768393 -0.622695
1 7.71605 30.2327 1.75056 -0.571156 0.0190997 0.820619
1 18.8042 1.69943 1.75734 -0.358807 0.244443 0.900836
1 26.2675 33.587 1.76461 0.347714 -0.270097 0.897854
1 18.7916 14.9734 1.75818 -0.311696 0.216996 0.925072
1 14.3901 25.9151 1.61392 0.554885 0.273844 -0.785565
1 25.0542 16.1027 1.61773 -0.489243 0.19163 -0.850835
1 0.886707 19.9864 1.7594 0.134742 -0.16945 0.976284
1 22.3689 19.3439 1.61344 0.11461 0.553022 -0.825247
1 3.01682 5.76055 1.61031 0.176143 -0.240899 -0.954433
1 26.4 18.974 1.60811 0.0211272 0.0226676 -0.99952
1 1.34493 29.2972 1.61122 0.0349178 -0.596469 -0.801876
1 30.0353 12.7837 1.76703 -0.0764138 -0.65569 0.751153
1 13.7363 24.9624 1.61128 0.383882 0.406357 -0.829161
1 23.8077 17.8779 1.60941 -0.182534 0.367865 -0.911787
1 18.7143 33.349 1.75861 0.0102356 0.243677 0.969802
1 11.1133 12.2613 1.60506 -0.234113 -0.53392 -0.812478
1 30.9997 30.4241 1.60909 0.337242 0.332003 -0.880932
1 0.820311 12.574 1.75736 0.0589071 0.179251 0.982038
1 2.36147 23.1841 1.7537 -0.421251 0.130747 0.89747
1 21.4543 21.2662 1.63009 0.483227 0.630398 -0.607528
1 3.12819 28.0451 1.75079 -0.14377 -0.66958 0.728693
1 18.2742 24.5122 1.60969 0.27794 -0.235133 -0.931376
1 11.6673 21.4244 1.60171 0.665695 -0.47854 -0.572582
1 9.02693 14.093 1.60725 -0.101883 -0.0455611 -0.993753
1 17.5912 10.2737 1.76017 0.16052 0.0371108 0.986335
1 5.53894 10.5877 1.61173 -0.456381 0.511269 -0.728231
1 6.79162 24.1191 1.74784 0.519831 -0.186974 0.833557
1 23.2677 33.6513 1.7576 0.37273 -0.623041 0.687671
1 32.6071 6.37564 1.60569 0.194112 0.333973 -0.922379
1 29.6738 28.5537 1.62267 -0.0261524 0.553779 -0.832253
1 1.95912 33.4572 1.60818 -0.422878 0.353053 -0.834582
1 5.00424 5.40652 1.61309 0.0732944 -0.584512 -0.808068
1 24.4499 33.0705 1.7454 0.488315 -0.415732 0.767278
1 4.6319 6.61211 1.61175 0.282376 -0.532951 -0.797638
1 8.71051 33.5139 1.61027 -0.244965 -0.533565 -0.809507
1 31.64 0.220455 1.75418 0.0432991 0.431675 0.90099
1 4.01689 5.66246 1.60861 0.136004 -0.413354 -0.900356
1 5.32376 16.8785 1.60933 0.327207 0.50612 -0.797984
1 4.31996 23.3564 1.76623 -0.509645 0.471879 0.719439
1 2.8003 20.3953 1.7593 0.07512 0.1449 0.986591
1 18.8034 20.808 1.61193 -0.335154 -0.348963 -0.875155
1 15.6143 10.0177 1.75711 0.14762 -0.298315 0.942983
1 1.75595 11.063 1.75983 0.301934 0.351145 0.886303
1 27.1992 23.442 1.64212 0.776194 0.0163469 -0.630283
1 26.8135 0.192876 1.75893 0.0851277 -0.19031 0.978026
1 8.79057 26.238 1.75883 0.172814 0.122911 0.977256
1 12.7676 32.7346 1.75616 -0.0243398 -0.582861 0.812207
1 20.6041 0.881623 1.74641 -0.243964 0.540381 0.805276
1 21.3337 7.21485 1.58472 -0.0438508 0.758905 -0.649723
1 33.5085 10.8846 1.75552 0.381972 -0.137108 0.913947
1 18.799 32.2632 1.76112 0.125406 0.264816 0.95611
1 0.950119 5.48978 1.60709 0.132627 0.0226575 -0.990907
1 2.24273 19.0037 1.75301 0.298912 0.0516058 0.952884
1 21.3674 31.4955 1.74961 0.304165 0.640415 0.705232
1 23.0696 18.6043 1.60777 -0.0351055 0.460095 -0.887176
1 7.68057 7.43378 1.59741 0.450687 0.46104 -0.764411
1 8.30138 13.2428 1.60811 -0.192699 0.0359189 -0.9806
1 3.15144 23.9299 1.75535 -0.555401 0.250857 0.792843
1 23.221 1.75365 1.74447 -0.100151 -0.670625 0.735004
1 28.0464 7.9434 1.61399 -0.131972 -0.468083 -0.873775
1 23.7715 24.1416 1.75829 0.693834 -0.183341 0.696406
1 24.0272 34.2153 1.75586 0.263309 -0.521684 0.811489
1 26.1894 16.3431 1.61768 -0.41718 0.0591562 -0.906896
1 10.3313 6.52819 1.6092 0.318024 -0.0202948 -0.947865
1 3.89693 27.0238 1.75474 0.0557486 -0.559484 0.826964
1 31.9986 30.2152 1.6079 0.303849 0.151441 -0.940607
1 8.88826 7.94012 1.61658 0.535732 0.224561 -0.81398
1 5.85387 33.2734 1.61056 -0.273717 -0.200263 -0.94073
1 30.0901 22.2839 1.61416 0.529232 -0.529965 -0.662609
1 13.8604 21.0156 1.63744 -0.293524 0.448945 -0.843974
1 11.535 16.1966 1.60904 0.0245374 -0.404286 -0.914303
1 18.5085 29.4442 1.74588 0.532063 0.184182 0.826429
1 16.675 9.69958 1.76038 0.200377 -0.128952 0.971195
1 25.1216 24.1492 1.75489 0.660035 0.0469897 0.749764
1 16.9498 3.03731 1.75823 -0.567914 -0.0537992 0.821328
1 31.013 12.6075 1.76339 -0.0337837 -0.502384 0.863985
1 14.5631 16.524 1.74773 -0.517811 -0.522589 0.677328
1 28.7418 31.3576 1.75408 0.743432 0.0184388 0.668557
1 15.9038 3.49669 1.75077 -0.639677 -0.239231 0.730467
1 20.7786 24.0709 1.60894 0.0748986 -0.648121 -0.757846
1 5.67383 14.6183 1.61716 -0.062461 0.466554 -0.882284
1 15.5165 29.601 1.75157 0.464107 -0.22701 0.856196
1 24.7795 19.8754 1.6093 0.156007 0.22522 -0.961737
1 23.5906 32.5413 1.58671 -0.583131 0.505915 -0.635616
1 19.5425 7.03562 1.75858 0.417641 0.47361 0.775416
1 27.1507 14.4 1.63386 -0.774941 0.194518 -0.601357
1 14.5465 28.0865 1.75239 0.680203 -0.411682 0.606499
1 5.68933 6.34622 1.6201 0.215617 -0.708663 -0.671793
1 15.0942 26.8239 1.61105 0.724937 0.118866 -0.678482
1 7.84401 19.1542 1.62255 0.475141 0.337259 -0.81271
1 2.66781 29.155 1.76407 -0.380458 -0.730758 0.566785
1 24.5393 11.6684 1.60706 0.34317 0.111267 -0.93266
1 20.7068 19.8601 1.60778 0.264186 0.777084 -0.571267
1 9.57664 18.1623 1.60893 0.323012 -0.0354891 -0.945729
1 13.7545 32.4107 1.75837 0.0397521 -0.434573 0.899759
1 14.2316 18.6187 1.61299 -0.557224 0.524115 -0.644053
1 0.926996 6.48008 1.60838 0.283291 0.0400915 -0.958196
1 29.0547 8.13932 1.6132 -0.11179 -0.637912 -0.761952
