1 17.5602 31.3131 1.75927 0.171824 0.0450413 0.984097
1 25.4098 22.7145 1.61939 0.744721 0.143012 -0.651872
1 13.7528 12.2887 1.75138 -0.169059 -0.585227 0.793051
1 29.5905 18.4281 1.60586 0.0123383 -0.390376 -0.920573
1 7.76925 25.092 1.75657 0.455134 -0.0506497 0.888981
1 14.3402 17.096 1.77399 -0.450364 -0.67815 0.580763
1 14.4298 25.7424 1.61191 0.51676 0.338798 -0.786241
1 24.9116 17.4645 1.61299 -0.210725 0.240471 -0.947507
1 9.67575 2.15633 1.6144 -0.129368 -0.304913 -0.943553
1 1.30812 16.5163 1.74143 -0.687686 0.21411 0.693718
1 14.8355 8.38648 1.73872 0.432562 -0.473744 0.767109
1 32.1369 14.2453 1.75554 -0.292979 -0.436871 0.850475
1 25.3896 33.7049 1.75845 0.330904 -0.13459 0.934017
1 33.1137 9.00697 1.75606 0.686538 -0.273975 0.673501
1 14.5355 23.4227 1.60612 0.0593562 0.262081 -0.963219
1 26.2466 20.2518 1.61622 0.266399 0.0594314 -0.962029
1 14.3648 31.5818 1.75494 0.150899 -0.326579 0.933047
1 25.472 15.7859 1.61037 -0.508161 0.16492 -0.845325
1 23.3905 16.4191 1.60529 -0.383241 0.492347 -0.781486
1 13.4948 26.288 1.62654 0.55401 0.540903 -0.632848
1 18.6204 31.3757 1.76139 0.157956 0.174067 0.971983
1 12.4217 21.6512 1.61995 -0.257226 0.592513 -0.763389
1 19.5858 33.8397 1.75464 -0.205105 0.369361 0.906369
1 30.9006 22.1063 1.78213 -0.478701 0.633213 0.608183
1 21.8692 0.77832 1.70697 0.481723 -0.555588 0.677691
1 29.6872 10.3191 1.60683 0.287161 -0.519379 -0.80485
1 7.85429 20.2048 1.6165 0.523129 0.328473 -0.78641
1 10.4992 13.3826 1.6112 -0.180875 -0.347694 -0.919996
1 9.89699 6.51487 1.6065 0.327515 0.166486 -0.930062
1 17.3739 9.15263 1.75823 0.312438 -0.00607952 0.949919
1 6.42146 14.4942 1.60665 -0.0388708 0.355958 -0.933693
1 8.26591 28.3822 1.75979 -0.0646442 0.125506 0.989985
1 7.71016 1.38193 1.60834 -0.244026 -0.0607836 -0.967862
1 18.4917 24.0186 1.61092 0.202286 -0.300719 -0.932013
1 13.8857 15.4222 1.75733 -0.295861 -0.722806 0.624514
1 27.1965 27.2297 1.75522 -0.0222798 0.276448 0.960771
1 3.67598 8.96938 1.64487 0.804486 0.351929 -0.478486
1 13.3362 7.59566 1.62677 0.490745 -0.474597 -0.730703
1 19.7342 32.7546 1.75849 -0.0571805 0.376621 0.924601
1 12.434 16.2823 1.61398 0.0112044 -0.579371 -0.814987
1 32.8886 15.1136 1.75417 -0.448989 -0.305478 0.839698
1 3.24158 20.4074 1.75688 0.15183 0.215135 0.96471
1 18.1868 20.9687 1.61383 -0.339855 -0.32334 -0.883148
1 15.5662 10.1792 1.76154 0.194332 -0.318165 0.927904
1 11.4424 20.2088 1.61328 0.569249 -0.416953 -0.708594
1 23.0578 23.4583 1.76988 0.79117 -0.20265 0.577047
1 14.3117 14.4131 1.71706 -0.244399 -0.523459 0.816247
1 34.527 8.92992 1.75486 0.691308 -0.0529859 0.720615
1 21.5942 8.08437 1.60944 -0.138697 0.690377 -0.71003
1 30.8796 5.38455 1.60509 0.293771 0.614745 -0.731975
1 25.2532 30.6813 1.74993 -0.72838 -0.00108761 0.685173
1 4.21664 20.6891 1.75739 0.0766049 0.367443 0.926886
1 9.22398 34.5683 1.61305 -0.419894 -0.327139 -0.846563
1 18.2699 25.8515 1.61245 0.515433 -0.219444 -0.828355
1 27.8492 22.0713 1.60656 0.603728 -0.0915182 -0.79192
1 5.28451 29.9359 1.75561 -0.317532 -0.290403 0.902685
1 32.8666 27.9109 1.60737 -0.0361051 -0.162517 -0.986045
1 26.9801 30.5121 1.76521 -0.704817 0.237744 0.668364
1 15.992 7.6929 1.75676 0.519635 -0.298847 0.800419
1 31.3702 1.88825 1.61608 -0.307266 0.484794 -0.818879
1 9.95726 3.6383 1.60397 -0.102407 -0.0740139 -0.991985
1 28.1996 27.6198 1.75537 -0.093169 0.435126 0.895536
1 15.5912 17.3999 1.75242 -0.586114 -0.390827 0.709735
1 0.0759694 13.3137 1.76087 -0.117833 0.0146229 0.992926
1 31.1325 27.8723 1.6079 -0.0832537 0.160345 -0.983544
1 10.7562 24.4829 1.7587 0.587246 0.480707 0.651201
1 21.7088 6.47996 1.61503 -0.318869 0.59976 -0.733901
1 11.7918 33.3802 1.74846 -0.139278 -0.704526 0.695877
1 13.6278 23.6481 1.6101 0.107444 0.409064 -0.906158
1 32.8079 26.8478 1.6079 -0.21057 -0.218105 -0.952938
1 32.7739 4.83663 1.6079 0.145847 0.253206 -0.956355
1 12.0138 6.38567 1.61143 0.315695 -0.219657 -0.923086
1 6.72373 1.13735 1.60876 -0.281383 0.0636488 -0.957482
1 15.4675 11.2697 1.75776 0.0542141 -0.315452 0.947392
1 17.0996 30.4472 1.75601 0.29951 -0.0198996 0.953885
1 27.7718 25.4736 1.76665 0.294133 0.399269 0.868372
1 20.5708 17.5231 1.74607 -0.506256 0.45983 0.729562
1 26.3027 26.7368 1.75898 0.0716587 0.137762 0.98787
1 0.391197 12.415 1.76094 0.0420174 0.0536018 0.997678
1 8.27346 29.4262 1.75908 -0.237886 0.139964 0.961156
1 26.7863 3.1714 1.75415 -0.448278 0.157481 0.879913
1 30.5759 24.3661 1.60774 -0.634334 0.0331335 -0.772349
1 31.9955 28.4071 1.6068 0.029612 0.0297419 -0.999119
1 30.016 11.4569 1.62346 0.413619 -0.694027 -0.589275
1 20.7444 32.0207 1.75637 0.0344983 0.485791 0.873394
1 30.0691 9.09 1.60977 0.110577 -0.567567 -0.815868
1 9.09825 16.4655 1.60655 0.125791 -0.0193814 -0.991867
1 25.259 11.0988 1.60774 0.309697 0.103683 -0.945166
1 1.19529 9.10057 1.75457 0.599629 0.142917 0.787414
1 2.28315 15.3948 1.76187 -0.425309 0.428745 0.797051
1 24.35 7.33579 1.60834 -0.248418 0.197754 -0.948252
1 8.88424 6.15969 1.61619 0.220246 0.335343 -0.915989
1 23.066 13.0991 1.61937 0.616856 0.35907 -0.700399
1 18.9473 26.9654 1.7875 -0.717252 0.269473 0.642599
1 19.1122 11.1326 1.7555 0.164211 0.364667 0.916544
1 5.34232 5.95486 1.61939 0.352308 0.127052 -0.92722
1 22.1329 26.476 1.76233 0.149823 -0.552915 0.819657
1 2.96569 22.2583 1.75721 -0.201148 0.146594 0.96853
1 11.8749 30.9288 1.75253 0.381324 -0.660083 0.647211
1 25.6566 19.4426 1.60908 0.133341 0.132359 -0.982192
1 8.94737 33.4872 1.60846 -0.593765 -0.306618 -0.743928
1 26.8028 24.942 1.74937 0.426939 0.230189 0.874492
1 26.7945 17.0346 1.60862 -0.233702 -0.00446722 -0.972298
1 20.4784 8.52881 1.75243 0.247721 0.699778 0.670033
1 34.0674 12.4529 1.76041 0.0297054 -0.10482 0.994048
1 27.9115 11.6734 1.61085 0.421317 -0.316312 -0.849964
1 7.61238 33.1005 1.60427 -0.735911 -0.0988432 -0.669824
1 28.5624 14.8496 1.61035 -0.547029 -0.190993 -0.815034
1 23.9124 21.2191 1.61424 0.401313 0.307826 -0.862665
1 32.416 1.1045 1.6108 -0.439111 0.316779 -0.840733
1 22.1165 18.2555 1.61246 -0.176546 0.601397 -0.779201
1 15.1851 14.1579 1.75975 -0.22092 -0.356707 0.90772
1 31.7447 6.33016 1.60745 0.431719 0.417199 -0.799727
1 16.3848 6.603 1.74711 0.639067 -0.212394 0.739245
1 14.5105 21.6638 1.61194 -0.248775 0.246357 -0.936707
1 4.68678 13.1185 1.6123 -0.174491 0.801388 -0.572127
1 6.92188 18.1003 1.61301 0.257594 0.41303 -0.873528
1 6.00112 12.6045 1.61025 -0.248156 0.4184 -0.873705
1 3.44654 30.9135 1.75467 -0.386469 -0.579015 0.717902
1 20.856 22.3562 1.62297 -0.18398 -0.68956 -0.70047
1 14.7554 27.7573 1.75133 0.768474 -0.16619 0.617923
1 4.51411 28.2082 1.75338 -0.0107777 -0.422442 0.906326
1 15.958 16.4462 1.75715 -0.453588 -0.295443 0.840816
1 30.6691 15.4176 1.6112 -0.483537 -0.579153 -0.656334
1 25.4512 28.2775 1.75901 -0.237907 -0.00377251 0.971281
1 26.9547 18.0035 1.60736 -0.0731887 -0.0249575 -0.997006
1 18.9289 32.2885 1.76203 0.0227686 0.235985 0.97149
1 13.3318 16.8673 1.62176 -0.0168174 -0.760415 -0.64922
1 23.3808 7.13912 1.60901 -0.265003 0.333469 -0.90475
1 25.4318 2.09488 1.75755 -0.181083 -0.0492593 0.982233
1 8.22372 27.2391 1.7607 0.112377 0.0996926 0.988652
1 7.89854 2.38534 1.60792 -0.100651 -0.0869899 -0.991112
1 18.4136 7.34382 1.75609 0.521805 0.205231 0.82801
1 19.9665 1.66441 1.74648 -0.420554 0.585922 0.692698
1 6.4674 11.5477 1.61333 -0.411711 0.356614 -0.838642
1 32.5714 10.0362 1.75799 0.454255 -0.399681 0.796183
1 9.63899 15.5475 1.60665 0.0635436 -0.137879 -0.988409
1 33.7759 27.4701 1.60981 -0.129213 -0.340359 -0.931375
1 33.4832 16.0547 1.75913 -0.617421 -0.202134 0.760219
1 5.86025 17.8999 1.62703 0.299972 0.576469 -0.760066
1 18.2925 4.07735 1.75036 -0.698323 0.273989 0.661268
1 2.62516 5.74391 1.61379 0.250499 -0.533451 -0.807886
1 22.8192 6.09751 1.61294 -0.440203 0.383851 -0.811714
1 27.4702 0.651355 1.75945 0.0058323 0.218123 0.975904
1 16.828 17.2474 1.75303 -0.602476 -0.147554 0.784379
1 8.89277 26.4708 1.75942 0.223557 0.186977 0.956589
1 9.8015 25.9756 1.75836 0.314819 0.332231 0.889107
1 24.9935 6.51454 1.61244 -0.394746 0.0759446 -0.915646
1 19.7695 15.5624 1.75862 -0.233721 0.373681 0.897629
1 23.1378 26.1886 1.75706 0.186083 -0.37789 0.906958
1 28.2737 12.647 1.61531 0.602959 -0.377654 -0.702722
1 6.68467 13.4006 1.61023 -0.172381 0.312565 -0.934124
1 16.6195 19.0969 1.60229 -0.70356 -0.201626 -0.681432
1 28.0736 32.6198 1.75696 0.425489 0.288744 0.857663
1 9.9998 19.8828 1.61533 0.541141 -0.128573 -0.831045
1 8.69692 1.71176 1.6092 -0.197677 -0.188959 -0.961883
1 12.5176 17.6208 1.61154 0.162496 -0.60271 -0.78124
1 15.2456 15.2736 1.75057 -0.337616 -0.355016 0.871768
1 26.3825 27.8205 1.75843 -0.142164 0.148052 0.978708
1 11.8739 25.6832 1.76412 0.450758 0.642192 0.620005
1 13.8494 9.7445 1.75881 0.287611 -0.606585 0.741171
1 12.6414 28.6005 1.72745 -0.323294 0.769354 0.550976
1 4.08301 8.08775 1.60036 0.70785 0.20725 -0.675275
1 34.44 16.8906 1.72718 -0.777125 0.00483609 0.629327
1 24.751 8.32464 1.6071 -0.0955517 0.175242 -0.979878
1 29.1765 34.4031 1.75695 0.11483 0.496175 0.860596
1 4.28479 15.7154 1.6411 0.0224838 0.842284 -0.538565
1 7.06153 9.76226 1.59615 -0.679943 0.292865 -0.672241
1 32.1047 15.6507 1.7483 -0.51786 -0.494321 0.698189
1 18.0134 15.8721 1.75914 -0.363896 0.0684206 0.928923
1 26.3996 22.082 1.61171 0.583202 0.0637085 -0.809825
1 8.37649 0.627247 1.60798 -0.356868 -0.156077 -0.921024
1 25.729 8.37326 1.60722 -0.084076 0.0426751 -0.995545
1 9.1409 14.6044 1.60719 -0.0436681 -0.0877116 -0.995188
1 8.98554 20.6725 1.6156 0.608595 0.0613528 -0.791106
1 12.1456 32.1322 1.74844 0.0946411 -0.648852 0.755006
1 32.5894 7.20671 1.60764 0.601475 0.222728 -0.767216
1 11.3825 7.72018 1.61 0.514521 -0.0742453 -0.854258
1 27.4695 5.51834 1.62002 -0.585633 -0.130433 -0.800013
1 2.37057 18.4244 1.75526 0.505832 0.0905092 0.85787
1 4.95985 2.23039 1.60739 -0.124355 0.344972 -0.930339
1 22.3797 7.17914 1.61356 -0.246609 0.48888 -0.836768
1 31.468 23.5992 1.61129 -0.72031 -0.213614 -0.659942
1 28.2314 28.746 1.76176 -0.297303 0.441619 0.846513
1 10.9279 27.8722 1.75932 -0.0387878 0.551922 0.832993
1 7.20896 17.0019 1.61045 0.13473 0.324235 -0.936333
1 13.9202 32.6661 1.75741 0.0175827 -0.387414 0.921738
1 4.61917 21.6199 1.75904 -0.110199 0.410205 0.905311
1 11.8977 12.1638 1.61912 -0.340752 -0.620697 -0.706132
1 8.92727 12.8112 1.60649 -0.265199 -0.0658268 -0.961944
1 33.5041 29.725 1.60889 0.252907 -0.182553 -0.950112
1 27.3261 28.2838 1.75641 -0.224946 0.299351 0.927248
1 21.0233 27.2502 1.59933 -0.0117682 0.736187 -0.676676
1 6.95114 25.9112 1.75202 0.321373 -0.130511 0.937916
1 26.29 10.8273 1.60553 0.291633 -0.0473798 -0.955356
1 23.8172 30.5687 1.75026 -0.64963 -0.292666 0.701661
1 23.9342 14.0418 1.60621 0.79175 0.135171 -0.595702
1 22.8731 3.26132 1.75522 -0.205567 -0.461987 0.862734
1 14.9969 24.2901 1.60543 0.217768 0.206854 -0.953828
1 18.3978 9.22919 1.75709 0.309166 0.162122 0.937087
1 16.5312 25.2508 1.59915 0.392232 -0.00285679 -0.919862
1 11.6445 3.44528 1.60797 -0.087677 -0.387858 -0.91754
1 33.1147 3.87779 1.61015 -0.0142096 0.178277 -0.983878
1 6.88817 2.12754 1.60736 -0.141535 0.0491224 -0.988714
1 33.5681 5.60198 1.60885 0.265361 0.107172 -0.958174
1 2.56488 29.9218 1.75667 -0.193479 -0.770907 0.606851
1 12.5417 3.13754 1.63353 -0.249451 -0.515989 -0.819469
1 24.2589 9.26799 1.60864 0.0352629 0.267708 -0.962855
1 4.96458 22.5637 1.75568 -0.31044 0.45531 0.834458
1 23.7856 10.2646 1.61007 0.173218 0.336893 -0.925472
1 11.5676 15.7098 1.61216 0.0141016 -0.421901 -0.906532
1 33.6429 26.3826 1.61088 -0.323332 -0.356341 -0.876628
1 0.134907 22.3924 1.75758 -0.241452 -0.309784 0.919638
1 6.48526 9.12903 1.7997 0.729641 -0.459536 0.50641
1 33.3144 14.2786 1.75715 -0.304712 -0.219651 0.926771
1 32.0144 26.0811 1.60672 -0.319207 -0.128467 -0.938937
1 18.804 15.2228 1.75903 -0.267946 0.197042 0.943069
1 29.6716 19.5209 1.60978 0.201872 -0.398071 -0.894867
1 17.8107 0.333309 1.75795 -0.258763 0.120913 0.958343
1 26.3921 28.8413 1.75645 -0.337696 0.156265 0.928193
1 13.7466 33.7787 1.75639 -0.167052 -0.437223 0.883703
1 3.99027 11.2239 1.75804 0.202415 0.720857 0.662868
1 32.6858 13.4366 1.75618 -0.151806 -0.330449 0.931535
1 28.6259 6.03079 1.61359 -0.478221 -0.292528 -0.82809
1 27.1169 21.3071 1.60845 0.447377 -0.0278367 -0.893912
1 26.8256 19.4226 1.60804 0.127934 -0.0137431 -0.991688
1 18.6339 28.8452 1.75698 0.565422 0.143399 0.81224
1 10.4595 1.57762 1.61655 -0.224091 -0.396124 -0.890432
1 3.49288 18.6854 1.76189 0.457966 0.308925 0.833567
1 26.81 13.4657 1.69856 0.718919 -0.269209 -0.640845
1 10.6248 15.3705 1.61082 0.0341957 -0.269675 -0.962344
1 15.7897 0.38176 1.76262 -0.282793 -0.158556 0.945985
1 25.3815 29.23 1.75583 -0.411266 -0.00503383 0.911501
1 11.7235 23.9087 1.76361 -0.268313 -0.680625 0.681732
1 34.2056 2.1718 1.6085 -0.262231 -0.0491107 -0.963755
1 29.6046 15.5655 1.61047 -0.44 -0.409235 -0.799329
1 5.99635 5.21433 1.61348 0.2365 0.0705773 -0.969065
1 6.2 3.49217 1.60943 0.014038 0.11981 -0.992698
1 2.96345 32.4837 1.76998 0.562794 -0.182172 0.806273
1 26.4078 2.30638 1.75967 -0.270341 0.102208 0.957324
1 17.2705 15.1205 1.75725 -0.284135 -0.0206228 0.958562
1 5.8624 26.7207 1.75732 0.220025 -0.216517 0.951162
1 20.3249 7.12009 1.75825 0.461122 0.601345 0.652495
1 5.89058 34.148 1.61357 -0.515449 0.136462 -0.845985
1 23.7945 8.23844 1.6095 -0.106618 0.308695 -0.945167
1 8.89267 2.74773 1.61112 -0.0397884 -0.220094 -0.974667
1 28.6482 15.9304 1.61477 -0.376542 -0.25989 -0.889198
1 5.82935 19.3395 1.60862 0.395867 0.767811 -0.503741
1 2.65845 14.2491 1.75509 -0.224138 0.489001 0.842995
1 16.5235 21.7157 1.60707 -0.233017 -0.0748872 -0.969585
1 13.3633 31.834 1.76057 0.131953 -0.466498 0.874625
1 17.8387 26.8255 1.59572 0.671118 -0.109174 -0.733268
1 17.0127 14.1033 1.75976 -0.167881 -0.0400969 0.984991
1 10.339 30.1916 1.74878 -0.368317 0.442813 0.817472
1 24.525 29.8288 1.75461 -0.544387 -0.13943 0.827165
1 16.9156 3.66366 1.74883 -0.689003 -0.0061732 0.724732
1 21.3537 31.0733 1.75271 0.156363 0.57619 0.802219
1 28.5086 24.0512 1.63811 -0.660497 0.241052 -0.711083
1 23.1916 33.9329 1.7569 0.325784 -0.557721 0.763422
1 7.38244 6.29752 1.6182 0.294418 -0.296826 -0.908412
1 0.755132 26.2661 1.60732 -0.430872 -0.605516 -0.669104
1 23.1189 18.2361 1.61121 -0.111062 0.470642 -0.875306
1 4.92753 14.5045 1.63536 -0.0243732 0.655554 -0.754755
1 28.6878 17.9968 1.60895 -0.0512796 -0.261949 -0.963718
1 31.7623 5.07575 1.61474 0.205783 0.458385 -0.864602
1 1.61135 14.5875 1.75833 -0.316745 0.295953 0.901157
1 7.90503 8.80375 1.61382 -0.806851 0.0743452 -0.586059
1 26.5656 0.391938 1.75805 0.0719045 0.0760409 0.994509
1 22.9985 20.4474 1.61599 0.258848 0.460891 -0.848868
1 24.8823 3.85287 1.75627 -0.450422 -0.13953 0.881845
1 5.98023 24.0994 1.71098 0.731499 -0.337257 0.592594
1 30.2017 17.6071 1.61319 -0.116878 -0.487649 -0.865181
1 1.18221 31.6174 1.61881 0.38267 -0.552608 -0.740397
1 15.3777 29.6312 1.7582 0.428933 -0.197498 0.881482
1 16.7421 18.2017 1.75895 -0.769015 -0.166741 0.617101
1 12.7063 19.7689 1.63914 0.547428 -0.64674 -0.531084
1 3.99007 24.9488 1.72054 0.68609 -0.427142 0.588922
1 4.9542 0.127701 1.59875 -0.413511 0.332661 -0.847552
1 15.4265 31.4002 1.75882 0.169753 -0.194482 0.966106
1 6.89156 20.638 1.61869 0.571942 0.513878 -0.639384
1 17.5799 23.5864 1.60723 0.0976403 -0.180918 -0.978639
1 9.4485 23.7713 1.74495 0.654964 0.236036 0.71785
1 4.75889 19.2769 1.75193 0.340658 0.535475 0.772799
1 7.39153 32.1967 1.74723 -0.768766 0.0209424 0.639187
1 7.49095 4.15135 1.60466 0.136799 -0.102819 -0.985248
1 3.50041 21.4144 1.75895 -0.0405774 0.231779 0.971922
1 11.5779 26.7788 1.74926 0.193516 0.631547 0.7508
1 26.8828 9.97047 1.608 0.165821 -0.106059 -0.980436
1 10.3071 31.4559 1.74785 -0.534928 0.538983 0.650653
1 34.6076 4.26754 1.60546 0.0484557 -0.0991812 -0.993889
1 29.6515 14.499 1.61687 -0.617941 -0.331877 -0.712746
1 27.7832 17.4625 1.60831 -0.144766 -0.141346 -0.979318
1 27.6986 16.4423 1.6102 -0.304654 -0.127692 -0.943865
1 33.315 6.53127 1.61995 0.427489 0.141659 -0.892853
1 7.81399 18.9593 1.60994 0.403339 0.319233 -0.857559
1 5.55602 4.26262 1.60951 0.121721 0.208084 -0.970508
1 16.2967 19.9804 1.60881 -0.55084 -0.082714 -0.830502
1 3.54739 28.2775 1.7526 -0.005045 -0.58325 0.812277
1 31.5088 31.7302 1.60821 0.555933 0.36122 -0.748638
1 33.7031 28.5438 1.60948 0.0628845 -0.279155 -0.958185
1 30.3385 21.1965 1.61161 0.438636 -0.485215 -0.756416
1 1.72409 1.94494 1.61412 -0.266819 -0.48818 -0.830956
1 13.9751 22.5788 1.60559 -0.0886732 0.34628 -0.933931
1 27.2588 29.4119 1.75622 -0.456159 0.291113 0.840935
1 14.2322 20.7263 1.60745 -0.402644 0.29383 -0.866915
1 22.6087 22.4628 1.77046 -0.689229 -0.344053 0.637645
1 28.5529 7.76732 1.60717 -0.14784 -0.315689 -0.937274
1 18.1357 34.0006 1.75675 -0.153336 0.159109 0.975281
1 19.7424 31.7047 1.75896 0.110464 0.332931 0.936458
1 0.632469 6.9735 1.61232 0.539451 -0.137568 -0.830703
1 4.3734 29.2878 1.75438 -0.192876 -0.447652 0.873159
1 15.5819 3.95099 1.77355 -0.717912 -0.348657 0.602528
1 21.0088 3.40604 1.74919 0.0197298 -0.764337 0.644515
1 7.97893 26.0551 1.75881 0.294167 0.0358279 0.955082
1 28.6411 16.9731 1.61444 -0.208555 -0.273152 -0.939092
1 24.3484 0.873954 1.75573 0.0891631 -0.231936 0.968636
1 28.3473 8.83543 1.60934 0.0175922 -0.2984 -0.954279
1 1.5734 10.1155 1.75297 0.429217 0.221341 0.87566
1 24.3373 15.5622 1.60931 -0.532661 0.340028 -0.775019
1 19.501 21.6257 1.60631 -0.278395 -0.516847 -0.809547
1 0.152621 0.229966 1.61123 -0.567152 -0.122177 -0.814501
1 15.5418 23.4584 1.60755 0.0689265 0.113795 -0.99111
1 13.0198 22.7001 1.61126 -0.0585932 0.503018 -0.862288
1 8.77889 19.6441 1.60896 0.486165 0.120093 -0.865576
1 19.0833 12.2388 1.75489 0.0411104 0.335761 0.94105
1 20.25 26.3584 1.76729 -0.352791 0.74308 0.568657
1 21.7909 32.2535 1.75273 -0.0696487 0.633855 0.77031
1 1.84825 11.1745 1.75746 0.252 0.289661 0.923359
1 1.69732 30.3247 1.61263 0.130634 -0.733581 -0.666928
1 23.602 1.52702 1.759 0.0333217 -0.35184 0.935467
1 22.3064 33.5876 1.74829 -0.412135 0.712279 0.568158
1 33.4754 33.2864 1.61622 -0.806139 0.173883 -0.565601
1 21.679 21.618 1.60655 0.483358 0.599218 -0.638203
1 33.9066 7.36048 1.61341 0.556003 0.00305123 -0.831174
1 14.604 11.7991 1.75633 -0.0471063 -0.460071 0.886631
1 34.0079 32.1986 1.61901 0.650913 -0.143196 -0.745525
1 21.8512 1.97663 1.72752 0.190969 -0.61707 0.763384
1 22.8529 8.10076 1.60871 -0.104635 0.443626 -0.890083
1 28.2498 29.8932 1.76164 -0.502274 0.454467 0.73565
1 11.1273 32.1841 1.76927 0.117315 -0.787752 0.604718
1 3.9914 27.1734 1.75328 0.202427 -0.505712 0.838617
1 17.6257 13.3287 1.75968 -0.0872352 0.0815541 0.992844
1 9.53293 13.6011 1.60773 -0.16417 -0.168842 -0.971875
1 2.79643 12.9969 1.7527 -0.0348069 0.486088 0.873216
1 11.1013 29.0377 1.76332 -0.270137 0.580038 0.768493
1 1.71065 6.48609 1.61239 0.402401 -0.340034 -0.849971
1 20.8256 10.3866 1.76207 0.315617 0.727413 0.609308
1 28.6739 20.0837 1.61073 0.2846 -0.233729 -0.929717
1 18.1657 12.4718 1.75764 0.0164269 0.178252 0.983848
1 6.56882 8.09263 1.61501 0.640698 -0.250577 -0.725753
1 19.168 10.027 1.75258 0.26847 0.322145 0.907825
1 26.1626 1.33 1.75656 -0.0789888 0.0493133 0.995655
1 32.6738 11.5831 1.75608 0.1735 -0.356218 0.918154
1 5.38715 7.81311 1.62094 0.622918 -0.0129816 -0.782179
1 20.7174 28.8035 1.76036 0.548736 0.480131 0.68437
1 15.1924 34.1793 1.75978 -0.183808 -0.235102 0.954433
1 7.00475 33.8907 1.62163 -0.563736 -0.0374594 -0.825105
1 17.7495 2.08521 1.7636 -0.469747 0.155258 0.869041
1 19.5525 7.66886 1.75624 0.417717 0.454782 0.786566
1 13.1404 25.0414 1.61594 0.356826 0.500072 -0.789052
1 10.2058 20.8022 1.61991 0.656567 -0.207407 -0.725191
1 18.9859 8.45308 1.75215 0.382967 0.287371 0.877926
1 5.15209 25.1548 1.73546 0.510685 -0.348746 0.785861
1 26.024 4.00051 1.7534 -0.573366 0.0198606 0.819058
1 9.10859 11.7187 1.61206 -0.401235 -0.101416 -0.910343
1 4.55139 4.05784 1.61505 0.108071 0.403882 -0.908405
1 14.0447 6.52675 1.61832 0.242524 -0.568991 -0.785768
1 26.6802 8.16275 1.6067 -0.113612 -0.066968 -0.991266
1 25.4448 14.7839 1.63831 -0.715149 0.20891 -0.667022
1 27.2593 3.98816 1.76067 -0.625854 0.183236 0.758111
1 12.6697 4.31173 1.61789 -0.045508 -0.443864 -0.894938
1 9.36345 30.9791 1.75367 -0.504292 0.313424 0.804646
1 16.8484 5.57558 1.75541 0.764315 -0.135635 0.630417
1 3.38811 15.0515 1.75361 -0.341947 0.631146 0.696224
1 22.1067 15.1408 1.75606 -0.147589 0.783105 0.604123
1 26.297 9.16702 1.60733 0.0380507 -0.0263877 -0.998927
1 13.6306 5.40672 1.60598 0.0494328 -0.486609 -0.87222
1 25.232 9.22798 1.6071 0.0417336 0.117266 -0.992223
1 5.85537 32.0466 1.74668 -0.703958 -0.194768 0.683014
1 10.7658 17.5188 1.60865 0.223279 -0.275401 -0.935041
1 18.3455 19.4604 1.6044 -0.704843 -0.320819 -0.63267
1 9.36066 9.2321 1.61491 -0.752814 -0.190479 -0.63007
1 7.14591 3.13097 1.60734 -0.000985188 0.000409655 -0.999999
1 29.8736 23.5306 1.60214 -0.816907 0.0646624 -0.573133
1 30.5819 2.96275 1.61704 -0.186366 0.676924 -0.712068
1 18.0648 14.3781 1.75998 -0.198691 0.130603 0.971321
1 24.779 10.1913 1.60773 0.17407 0.186935 -0.966827
1 25.8631 31.839 1.75472 0.641289 -0.095332 0.761354
1 16.0259 24.3675 1.60683 0.232601 0.062753 -0.970546
1 34.3444 14.2134 1.7593 -0.280285 -0.035167 0.959272
1 25.5133 27.3097 1.75947 -0.0487814 0.00899229 0.998769
1 28.5648 10.6246 1.61689 0.290136 -0.355179 -0.888633
1 24.9349 20.6134 1.61098 0.299099 0.184846 -0.936147
1 14.855 30.5707 1.75594 0.285707 -0.263669 0.92133
1 29.4956 5.45844 1.58952 -0.614849 -0.352113 -0.705675
1 27.5089 10.7318 1.61284 0.283727 -0.195541 -0.938756
1 15.8078 20.8346 1.60595 -0.395668 0.0168129 -0.91824
1 29.0458 24.9257 1.61999 -0.397954 0.364678 -0.841809
1 24.4886 1.88154 1.75562 -0.0803643 -0.199733 0.976549
1 3.61565 13.7056 1.75139 -0.121937 0.658143 0.742953
1 6.48686 28.4307 1.75933 -0.0777766 -0.135876 0.987668
1 29.8299 1.69729 1.75514 -0.240342 0.587451 0.772746
1 4.95529 5.03781 1.61609 0.236734 0.274097 -0.932109
1 32.9279 16.8311 1.76254 -0.691699 -0.385901 0.610437
1 32.8777 25.5064 1.61285 -0.458406 -0.256296 -0.850985
1 29.279 8.4872 1.61452 -0.0236636 -0.44004 -0.897666
1 24.5173 24.4346 1.75647 0.529366 -0.108353 0.841446
1 30.1364 4.27137 1.60899 0.0816496 0.749237 -0.657249
1 7.31602 26.8252 1.76076 0.178876 -0.045478 0.98282
1 14.8777 16.2555 1.74831 -0.402764 -0.506205 0.762586
1 22.7929 10.1612 1.60531 0.162214 0.484288 -0.859739
1 0.0586057 24.582 1.75435 -0.645687 -0.339436 0.684011
1 30.4212 13.2652 1.75265 -0.147905 -0.710553 0.687923
1 25.9191 5.94534 1.61564 -0.550189 -0.0465389 -0.833742
1 22.0439 10.7924 1.62755 0.228849 0.615251 -0.754383
1 19.2891 17.5747 1.75313 -0.567819 0.250811 0.784012
1 13.8109 30.723 1.75155 0.26753 -0.401715 0.875816
1 32.5545 5.80791 1.61652 0.30735 0.287582 -0.907101
1 9.17124 28.8333 1.7589 -0.136187 0.269625 0.953287
1 1.96614 0.733209 1.7682 0.321129 0.701466 0.636256
1 31.5123 19.0261 1.61165 0.124714 -0.665811 -0.735624
1 7.38672 28.8419 1.76103 -0.147603 -0.00105661 0.989046
1 2.97288 17.5855 1.75013 0.628248 0.212592 0.748404
1 28.0961 3.10933 1.75482 -0.483897 0.3238 0.813017
1 34.5665 18.838 1.75671 0.446135 -0.296647 0.844372
1 20.7398 23.6567 1.61651 0.0842457 -0.642489 -0.76165
1 6.23497 29.3887 1.75849 -0.235069 -0.150611 0.960239
1 30.0618 7.8347 1.61582 -0.146092 -0.537407 -0.830573
1 16.6061 29.6076 1.74967 0.434712 -0.0700886 0.897838
1 30.7675 11.9482 1.76818 0.148319 -0.701202 0.697364
1 15.5085 21.7397 1.60695 -0.234345 0.082233 -0.968669
1 0.185475 31.2946 1.61341 0.474869 -0.321226 -0.819337
1 30.2532 26.2382 1.61311 -0.321466 0.211341 -0.923035
1 2.96445 1.22823 1.6074 -0.196559 0.768999 -0.60828
1 14.4298 2.65549 1.76504 -0.639306 -0.461851 0.614802
1 28.9723 11.5574 1.61069 0.395433 -0.506008 -0.766543
1 29.5146 20.6378 1.61052 0.375034 -0.357556 -0.85528
1 4.48276 32.5914 1.76971 0.816957 0.168751 0.551456
1 32.7507 30.4292 1.60775 0.366889 0.0238153 -0.92996
1 7.40872 30.7057 1.75889 -0.44136 0.010371 0.89727
1 1.18733 22.1115 1.75752 -0.18507 -0.136202 0.973241
1 1.71506 5.35765 1.61224 0.204236 -0.400898 -0.893067
1 0.800284 10.8037 1.75645 0.327335 0.100088 0.939593
1 25.6601 3.07631 1.75779 -0.372856 -0.00629926 0.927868
1 15.0342 7.17408 1.72379 0.605903 -0.523344 0.59916
1 19.9687 18.6393 1.75562 -0.690202 0.315632 0.651151
1 10.206 4.73398 1.60356 0.0681849 -0.0360336 -0.997022
1 30.3085 28.4653 1.60778 -0.000551034 0.334125 -0.942529
1 25.6663 0.0969402 1.75569 0.146536 -0.0653195 0.987046
1 24.2113 11.2826 1.60939 0.324255 0.254734 -0.911027
1 27.1412 7.29531 1.60673 -0.247425 -0.128313 -0.960373
1 25.7182 24.5654 1.7536 0.513132 0.0544107 0.856583
1 23.3369 24.3568 1.75495 0.57485 -0.29817 0.761999
1 20.3542 30.9151 1.75134 0.224923 0.418042 0.880142
1 32.3576 2.14229 1.60948 -0.276884 0.302726 -0.911972
1 6.23392 16.8729 1.61104 0.158719 0.496834 -0.853208
1 2.04123 22.7263 1.75724 -0.299718 -0.00233476 0.954025
1 18.4834 18.6111 1.77018 -0.789636 0.0290555 0.612888
1 5.66599 21.5927 1.75559 -0.0884424 0.573951 0.8141
1 16.4172 9.55694 1.75829 0.266674 -0.169184 0.948821
1 13.3618 13.431 1.7527 -0.260305 -0.760927 0.594333
1 11.1 21.3718 1.59691 0.744243 -0.410142 -0.527149
1 6.61287 15.8309 1.61201 0.0682756 0.349339 -0.934506
1 14.2281 29.6678 1.75548 0.422023 -0.350875 0.835933
1 0.0493537 28.103 1.61067 -0.03434 -0.465093 -0.884596
1 6.36952 6.14434 1.61571 0.349006 -0.0797573 -0.93372
1 23.6678 2.57894 1.75835 -0.145423 -0.328155 0.933363
1 0.842639 13.9502 1.75971 -0.222714 0.154511 0.962562
1 33.7975 9.77027 1.75702 0.52866 -0.176547 0.830271
1 5.94631 25.712 1.75285 0.378278 -0.260576 0.88826
1 7.59998 7.34888 1.62845 0.429599 -0.413948 -0.802553
1 24.2283 18.2979 1.6127 -0.0753949 0.328471 -0.9415
1 33.5848 23.7025 1.7505 -0.479781 -0.506683 0.716298
1 8.45408 30.4127 1.75636 -0.396115 0.15723 0.904639
1 10.5762 18.5443 1.60947 0.358443 -0.240237 -0.902111
1 26.976 26.0397 1.75882 0.206033 0.250564 0.945922
1 14.9955 22.5675 1.60676 -0.0882569 0.176633 -0.980312
1 23.7196 25.2269 1.75763 0.384427 -0.263103 0.884869
1 23.8908 32.8318 1.76327 0.495334 -0.432784 0.753221
1 20.0858 16.6448 1.75725 -0.383488 0.406151 0.829445
1 6.51576 27.4278 1.76012 0.0852882 -0.140745 0.986365
1 16.3088 15.5301 1.75435 -0.341643 -0.175278 0.923341
1 5.46438 6.88212 1.62798 0.483765 0.0381971 -0.874364
1 17.9473 27.9406 1.70704 0.758055 0.0918782 0.645687
1 0.332477 7.96524 1.60921 0.758938 -0.0539326 -0.648926
1 5.23205 8.7541 1.60444 0.765276 -0.095889 -0.63652
1 33.5678 20.5064 1.75571 0.108774 -0.489776 0.865036
1 14.6244 33.3543 1.75968 -0.0811905 -0.301852 0.949891
1 0.799 3.77672 1.6111 -0.00983854 -0.261577 -0.965133
1 10.6146 26.7692 1.76183 0.169453 0.478616 0.861518
1 17.7851 29.5967 1.75254 0.430186 0.0541643 0.901114
1 22.5752 25.3196 1.75942 0.366135 -0.450869 0.814041
1 32.1363 12.5574 1.75709 0.00751498 -0.438579 0.898661
1 0.0101439 26.9055 1.61146 -0.244904 -0.513036 -0.822689
1 7.04259 12.3906 1.61035 -0.309167 0.240205 -0.920172
1 29.3329 2.85318 1.74837 -0.450583 0.5049 0.736241
1 4.20058 2.94862 1.61122 -0.0163266 0.487498 -0.872972
1 5.71838 15.2788 1.61387 0.0485485 0.510483 -0.858516
1 8.52619 10.8433 1.609 -0.536531 -0.0104301 -0.843816
1 25.2182 18.4812 1.60939 -0.0305262 0.20425 -0.978443
1 27.3022 9.03411 1.60718 0.0301016 -0.15395 -0.98762
1 16.6402 13.0251 1.75995 -0.0802154 -0.0901716 0.992691
1 5.41404 30.9863 1.75771 -0.50276 -0.258117 0.82499
1 29.3722 28.687 1.71291 -0.0276248 0.998057 0.0558506
1 31.0804 4.12063 1.61194 0.0451737 0.593121 -0.803845
1 1.47106 25.4039 1.59121 0.777493 0.111391 -0.618948
1 32.5519 31.3939 1.60674 0.521925 0.138037 -0.841748
1 0.971553 24.0708 1.76131 -0.536221 -0.193643 0.821565
1 8.18003 16.8518 1.60627 0.144518 0.137567 -0.979893
1 31.4733 10.5036 1.74856 0.371639 -0.649922 0.662937
1 21.3875 33.4598 1.67086 -0.277469 0.618621 0.735064
1 25.7775 10.031 1.60708 0.16755 0.0351623 -0.985236
1 15.5968 2.04774 1.72759 -0.509474 -0.189509 0.839358
1 9.88809 12.4739 1.61174 -0.299351 -0.244869 -0.922187
1 0.225468 2.9519 1.60961 -0.138561 -0.168422 -0.975928
1 13.7207 28.6864 1.74378 0.578265 -0.459285 0.67429
1 15.6732 26.1192 1.61354 0.566469 0.131987 -0.813445
1 5.27109 16.376 1.60172 0.168351 0.68671 -0.707169
1 2.1745 3.23461 1.61728 -0.135637 -0.592493 -0.794075
1 34.4317 29.24 1.60615 0.160885 -0.396303 -0.903914
1 27.8165 18.5113 1.60817 0.0243325 -0.126972 -0.991608
1 12.4802 13.566 1.6236 -0.207635 -0.703906 -0.679267
1 17.7431 6.40555 1.75795 0.658007 0.0519485 0.751218
1 22.1957 5.24531 1.616 -0.571534 0.454837 -0.682988
1 16.4029 27.8731 1.74093 0.74518 -0.0639453 0.663791
1 22.0192 20.5791 1.60269 0.278953 0.592626 -0.755632
1 2.36835 9.39802 1.75358 0.509576 0.345973 0.787804
1 33.1105 12.4924 1.76035 0.0169467 -0.267849 0.963312
1 1.66374 17.6022 1.74435 0.673274 -0.0274743 0.738883
1 23.5394 5.14826 1.61002 -0.632729 0.225099 -0.740935
1 8.59164 24.4027 1.75578 0.553941 0.103189 0.826137
1 32.8002 29.0125 1.60741 0.135966 -0.0879154 -0.986805
1 7.40789 27.8504 1.75985 0.0131137 -0.00877636 0.999875
1 3.37311 34.3558 1.61488 -0.536016 0.591694 -0.60215
1 15.5018 12.3963 1.7566 -0.0599289 -0.277353 0.958897
1 28.3 21.0723 1.6081 0.440452 -0.178306 -0.879892
1 6.32118 22.4803 1.76846 -0.322379 0.591752 0.738852
1 17.9837 32.1987 1.76053 0.0477333 0.117003 0.991984
1 23.5736 29.1602 1.75459 -0.414666 -0.34884 0.840454
1 23.5712 28.072 1.75866 -0.196113 -0.321004 0.926551
1 13.4064 18.3174 1.62249 0.259489 -0.720025 -0.643607
1 6.54729 4.40742 1.61028 0.118939 0.0339526 -0.992321
1 2.14659 21.7394 1.75668 -0.108314 0.024042 0.993826
1 15.2515 19.015 1.61987 -0.676854 0.0559729 -0.733987
1 29.9468 6.51897 1.60508 -0.398486 -0.453149 -0.797411
1 18.0035 16.8383 1.75641 -0.513818 0.0713776 0.854924
1 25.9188 21.158 1.61199 0.405519 0.0766833 -0.910865
1 5.17761 20.4948 1.75129 0.129455 0.54124 0.830844
1 16.4362 26.956 1.60707 0.74419 0.0804088 -0.66311
1 11.1671 22.6236 1.76216 0.204873 -0.746538 0.633015
1 20.7542 29.9817 1.76064 0.354636 0.488492 0.797251
1 33.6229 18.2397 1.75365 0.544279 -0.462941 0.699604
1 10.8783 4.04455 1.60655 -0.0113959 -0.200532 -0.979621
1 34.4202 1.2051 1.60801 -0.423069 -0.0927718 -0.901335
1 13.0862 1.35313 1.76834 -0.587411 -0.525179 0.61574
1 8.17657 12.1917 1.60611 -0.346827 0.0616598 -0.9359
1 29.1099 21.7329 1.60913 0.536789 -0.292655 -0.791335
1 10.7682 9.86679 1.61063 -0.663695 -0.407199 -0.627453
1 10.5228 5.742 1.60562 0.225781 0.00809472 -0.974144
1 30.0149 25.2548 1.60932 -0.465289 0.152206 -0.871974
1 18.1964 30.495 1.75916 0.290954 0.110745 0.950306
1 24.659 19.4925 1.60182 0.105645 0.26013 -0.959777
1 10.8398 12.1526 1.60899 -0.316467 -0.431944 -0.844555
1 4.95631 10.612 1.60251 -0.310468 0.768253 -0.559818
1 1.26129 33.0371 1.73587 -0.458779 0.757084 0.46513
1 31.5513 3.02318 1.61269 -0.130379 0.485647 -0.864378
1 22.8996 21.5526 1.60703 0.471876 0.446597 -0.760187
1 19.1953 3.03365 1.75043 -0.537997 0.472323 0.698191
1 24.9513 25.3322 1.75668 0.352512 -0.0727005 0.932979
1 8.13285 34.2102 1.61117 -0.497775 -0.16838 -0.850804
1 0.726449 30.1982 1.6141 0.283051 -0.516019 -0.80846
1 3.97331 5.06366 1.61187 0.255448 0.464776 -0.847779
1 25.7186 16.7209 1.61042 -0.330357 0.137604 -0.933771
1 31.1595 26.683 1.60762 -0.242678 0.0723521 -0.967405
1 23.1326 11.2588 1.60789 0.315715 0.413159 -0.85418
1 24.4387 13.1489 1.61416 0.633484 0.147465 -0.759574
1 10.8261 16.45 1.60775 0.0968003 -0.271915 -0.95744
1 21.5198 9.55166 1.6153 0.0598301 0.758023 -0.649478
1 3.64574 12.3935 1.73914 0.0719227 0.611926 0.787638
1 4.3414 6.15629 1.61003 0.393657 0.304095 -0.867502
1 14.8839 9.48922 1.75215 0.269645 -0.439871 0.856624
1 19.4647 28.1534 1.74088 0.666458 0.268403 0.695553
1 5.43128 23.3727 1.69747 -0.551729 0.427679 0.716021
1 5.63859 27.9267 1.76026 0.0197645 -0.262926 0.964614
1 12.8167 34.035 1.73598 -0.255081 -0.55983 0.788368
1 4.73054 17.3414 1.62507 0.363568 0.748167 -0.555036
1 17.201 7.34251 1.75399 0.547109 -0.0489653 0.835628
1 30.5435 30.7525 1.61136 0.421687 0.514725 -0.746484
1 21.8563 27.6769 1.76293 -0.0760714 -0.603005 0.794102
1 10.1309 29.0953 1.74066 -0.184286 0.424442 0.886503
1 4.1551 23.4816 1.7562 -0.433946 0.299999 0.849524
1 10.2021 33.6342 1.61569 -0.527826 -0.534829 -0.659816
1 28.227 33.7805 1.75657 0.244781 0.328057 0.912393
1 11.4697 13.2558 1.61723 -0.182861 -0.530308 -0.82785
1 32.2666 17.9707 1.6044 -0.0197949 -0.811585 -0.5839
1 16.7758 2.58875 1.75484 -0.538282 -0.0296229 0.842244
1 9.57013 10.2688 1.60422 -0.606434 -0.20153 -0.76917
1 0.834797 4.86456 1.60917 0.14294 -0.254001 -0.956583
1 20.2355 14.5012 1.76013 -0.0834511 0.500091 0.861943
1 16.1395 14.5379 1.75672 -0.222554 -0.178954 0.958355
1 11.4122 2.23502 1.61065 -0.229961 -0.488578 -0.841671
1 11.743 4.56479 1.60477 0.0630925 -0.29338 -0.953912
1 22.8951 32.1572 1.765 -0.152762 0.774018 0.614459
1 27.6471 15.4369 1.6156 -0.460036 -0.0846737 -0.883853
1 31.7508 24.7401 1.61027 -0.556524 -0.199103 -0.806622
1 9.68861 8.29766 1.60447 0.632751 0.328673 -0.701142
1 16.9118 4.63673 1.75489 -0.804735 0.0277655 0.592984
1 28.7287 2.1084 1.75657 -0.299298 0.424066 0.854745
1 16.0264 22.5994 1.60694 -0.0786635 0.0233543 -0.996628
1 26.2159 18.6375 1.60833 0.00733352 0.0663185 -0.997772
1 25.9422 17.6821 1.60883 -0.15611 0.109435 -0.981659
1 18.9773 23.0332 1.60883 0.0241398 -0.399498 -0.916416
1 19.6219 23.8809 1.61111 0.163351 -0.468305 -0.868336
1 10.7765 25.6652 1.75917 0.37712 0.492775 0.784189
1 12.2898 8.39938 1.60878 0.626597 -0.237361 -0.742318
1 2.8548 19.4444 1.75787 0.326422 0.174996 0.928884
1 19.4793 0.783214 1.75744 -0.356278 0.40272 0.843139
1 18.8422 2.07626 1.75632 -0.437853 0.367253 0.820616
1 17.2345 12.2664 1.76136 0.0113144 0.0245416 0.999635
1 33.0551 21.5169 1.75732 -0.0623474 -0.609786 0.79011
1 29.0162 33.2234 1.75407 0.297358 0.466451 0.833068
1 14.5965 10.6285 1.75442 0.109953 -0.48797 0.865907
1 24.4546 28.7455 1.76178 -0.329897 -0.179878 0.926721
1 2.71765 6.87716 1.60757 0.442543 -0.496158 -0.746982
1 4.32956 30.4114 1.75495 -0.374383 -0.431904 0.820546
1 28.0611 6.82538 1.60985 -0.313815 -0.254503 -0.91474
1 34.3172 10.6264 1.7568 0.359291 -0.0895471 0.928919
1 1.0227 23.0858 1.75592 -0.368778 -0.167857 0.914236
1 18.0187 22.7202 1.60753 -0.0451843 -0.270399 -0.961687
1 29.5489 16.6528 1.61319 -0.257212 -0.406226 -0.876825
1 19.2382 14.2581 1.75813 -0.166919 0.317706 0.933381
1 1.96361 12.3661 1.75768 0.0577228 0.32811 0.942874
1 19.8136 5.81193 1.76998 0.652871 0.469474 0.594436
1 22.0213 24.453 1.75915 0.544284 -0.494594 0.677592
1 27.042 6.34774 1.61826 -0.418105 -0.14342 -0.897006
1 30.7579 9.86062 1.6044 0.28227 -0.685794 -0.670828
1 9.9806 28.059 1.75441 -0.0213822 0.387103 0.921789
1 0.607587 20.4526 1.75703 0.125824 -0.212748 0.968972
1 12.2492 18.8637 1.61764 0.418695 -0.544288 -0.726942
1 7.24787 15.0418 1.60818 -0.0129593 0.212966 -0.976974
1 12.0923 22.8565 1.63081 -0.0181282 0.641132 -0.767217
1 32.6991 22.7037 1.75398 -0.266616 -0.640991 0.719754
1 8.13275 3.37793 1.60811 0.0438916 -0.14482 -0.988484
1 10.9871 6.70181 1.60773 0.380535 -0.0277163 -0.924351
1 16.1773 34.0831 1.75965 -0.158185 -0.0992805 0.982406
1 15.7899 13.4355 1.75207 -0.150588 -0.217887 0.964286
1 26.1573 6.90472 1.60874 -0.340486 -0.0211265 -0.940012
1 2.73736 16.2591 1.74084 -0.608015 0.43932 0.661298
1 27.3839 34.2938 1.76005 0.180165 0.188626 0.965381
1 4.17091 18.0509 1.73894 0.534544 0.473367 0.700133
1 31.4955 0.671064 1.61276 -0.462227 0.542971 -0.701091
1 24.3224 33.6766 1.76266 0.364747 -0.331584 0.870064
1 31.1746 14.4427 1.74595 -0.382189 -0.599076 0.703591
1 4.0009 1.74082 1.60915 -0.165798 0.528694 -0.832462
1 20.6818 13.1376 1.74776 -0.0228143 0.580443 0.813981
1 13.6365 11.006 1.75855 0.0311295 -0.644226 0.764202
1 8.83417 25.4243 1.75788 0.40035 0.155266 0.903113
1 19.0876 6.54657 1.75779 0.602734 0.323346 0.729493
1 10.2759 0.385548 1.61447 -0.362294 -0.516112 -0.776126
1 1.10678 11.7941 1.75928 0.151645 0.169856 0.973731
1 34.5761 23.4058 1.76077 -0.421555 -0.35077 0.836213
1 15.6061 33.2118 1.7597 -0.0585869 -0.170208 0.983665
1 6.5562 7.10357 1.61873 0.484315 -0.18442 -0.855236
1 33.6663 31.2254 1.6094 0.476617 -0.0972961 -0.87371
1 30.5748 19.9356 1.61123 0.277551 -0.541692 -0.793432
1 18.8322 0.0637782 1.75513 -0.252543 0.276257 0.92731
1 26.1203 4.94011 1.61239 -0.8555 -0.0229533 -0.517294
1 5.31498 28.8915 1.75947 -0.141927 -0.292811 0.945578
1 14.124 19.6618 1.61509 -0.575356 0.327746 -0.749365
1 32.8047 24.3733 1.61681 -0.621752 -0.443944 -0.645243
1 6.04428 10.6413 1.61704 -0.499848 0.492699 -0.71232
1 5.79613 1.57024 1.60751 -0.223706 0.203076 -0.953266
1 4.03216 0.405215 1.78158 0.364564 -0.533654 0.76309
1 23.3013 9.20704 1.60882 0.026695 0.417288 -0.908382
1 19.3499 30.7276 1.75728 0.259394 0.261001 0.929835
1 34.0025 15.1502 1.75437 -0.449267 -0.0967874 0.888139
1 26.8708 11.557 1.61913 0.406908 -0.136051 -0.90328
1 9.37014 29.8706 1.75491 -0.299516 0.291337 0.908522
1 18.6349 13.4058 1.76011 -0.0838828 0.248618 0.964963
1 25.3464 7.48377 1.61086 -0.221895 0.0628998 -0.97304
1 2.36346 20.7933 1.75993 0.0631306 0.0761747 0.995094
1 9.54691 5.45274 1.60409 0.141482 0.156168 -0.977545
1 33.5066 19.3773 1.75392 0.327627 -0.470929 0.819076
1 34.3063 30.3369 1.60502 0.341276 -0.304713 -0.889202
1 8.92394 17.5013 1.60689 0.234457 0.0293137 -0.971685
1 2.88012 33.5544 1.60437 0.558749 -0.414139 -0.718532
1 1.64399 4.216 1.61591 0.0234543 -0.43614 -0.899573
1 14.9776 32.3744 1.76002 0.0458067 -0.24916 0.967378
1 26.1237 29.8992 1.75654 -0.55045 0.121773 0.825939
1 32.6669 32.3937 1.60989 0.698029 0.0996671 -0.709099
1 4.6699 33.7851 1.61003 -0.589252 0.305583 -0.747931
1 17.5012 20.0391 1.61947 -0.51962 -0.274717 -0.809028
1 16.4943 31.3205 1.75906 0.174927 -0.0741302 0.981787
1 31.4433 20.3868 1.60443 0.344033 -0.69494 -0.631426
1 19.6594 13.2142 1.75567 -0.0468704 0.423096 0.904872
1 9.62742 19.009 1.60633 0.413935 -0.0588668 -0.908401
1 17.0446 16.3017 1.75666 -0.446973 -0.0863485 0.89037
1 23.6407 19.1695 1.61357 0.0600726 0.399424 -0.914796
1 0.318924 17.8123 1.75572 0.654338 -0.242234 0.716354
1 30.6674 32.4326 1.59115 -0.432163 -0.695252 -0.574334
1 1.82545 19.2409 1.75952 0.35447 -0.000123176 0.935067
1 25.7574 12.8864 1.62006 0.612394 -0.0236078 -0.7902
1 13.0677 6.36348 1.60922 0.26332 -0.406039 -0.875097
1 21.0014 11.8862 1.7468 0.140846 0.677124 0.722264
1 17.8988 8.21892 1.75733 0.427495 0.0784789 0.900605
1 20.0441 12.1312 1.75096 0.113776 0.498392 0.859454
1 18.6301 21.977 1.61395 -0.171418 -0.388661 -0.905295
1 8.59479 5.11343 1.61073 0.0231426 0.296139 -0.954865
1 0.420055 21.4268 1.75941 -0.0569233 -0.25952 0.964059
1 9.94241 16.9583 1.60808 0.156741 -0.139885 -0.977683
1 3.90652 19.6901 1.75892 0.273053 0.356814 0.893379
1 0.0741345 11.5177 1.75803 0.19878 -0.0138832 0.979946
1 7.8957 17.8506 1.60883 0.258542 0.228844 -0.938502
1 30.8768 7.24675 1.60002 -0.259985 -0.629572 -0.732153
1 10.1032 14.4462 1.60804 -0.0560235 -0.243957 -0.968167
1 15.1413 20.041 1.60962 -0.512916 0.131895 -0.848246
1 15.4061 25.1899 1.60207 0.396127 0.167255 -0.902834
1 16.5574 23.5044 1.60749 0.0812941 -0.0323283 -0.996166
1 13.636 8.61183 1.74128 0.510223 -0.652435 0.560358
1 32.6496 0.0222409 1.61404 -0.582488 0.30381 -0.753928
1 10.2789 7.50085 1.60961 0.502395 0.1498 -0.851563
1 28.3313 0.255181 1.75817 0.0606547 0.356859 0.932187
1 9.40911 22.7078 1.59519 -0.769473 -0.310364 -0.558199
1 3.84589 26.0661 1.75653 0.449678 -0.501616 0.739033
1 24.7855 12.2126 1.61279 0.47385 0.151809 -0.867421
1 25.3987 26.2534 1.76002 0.165497 -0.00512752 0.986197
1 30.2776 27.3553 1.60679 -0.17581 0.316584 -0.932129
1 24.7243 34.5464 1.75954 0.220964 -0.206066 0.953264
1 0.465269 14.9026 1.75452 -0.39317 0.100638 0.913942
1 15.768 3.03484 1.75093 -0.624372 -0.210069 0.75235
1 34.0626 21.4831 1.75988 -0.0738686 -0.428135 0.900691
1 4.37999 7.1776 1.61168 0.548028 0.229636 -0.804321
1 13.5126 2.98799 1.61042 -0.424255 -0.6239 -0.656321
1 18.9247 29.8014 1.75803 0.405169 0.201604 0.891736
1 2.53364 4.52469 1.6127 0.0338728 -0.61316 -0.789232
1 14.0882 24.6734 1.60789 0.303812 0.349484 -0.886318
1 1.37542 21.1215 1.75899 0.00519706 -0.0952921 0.995436
1 14.422 0.121116 1.75841 -0.280349 -0.356331 0.89131
1 33.6822 11.5528 1.75845 0.189588 -0.184819 0.964312
1 9.44045 1.05131 1.60919 -0.293865 -0.300018 -0.907542
1 30.5474 18.7377 1.61095 0.0745309 -0.533342 -0.84261
1 32.0583 4.06245 1.60794 0.035554 0.39366 -0.918568
1 17.0547 24.4075 1.60521 0.238509 -0.0894966 -0.967008
1 20.7672 5.60215 1.5959 0.0447617 0.900115 -0.433346
1 7.22654 29.7793 1.75552 -0.298422 -0.00464462 0.954423
1 9.00677 32.1021 1.75538 -0.695631 0.250528 0.6733
1 30.5382 16.5583 1.61039 -0.293518 -0.564597 -0.771413
1 6.61164 31.3588 1.75986 -0.58379 -0.0822564 0.807727
1 27.3098 31.3988 1.74511 0.759956 0.0263669 0.64944
1 17.3114 1.23037 1.75799 -0.375062 0.0650136 0.924717
1 34.1228 25.5379 1.61526 -0.501053 -0.449899 -0.739281
1 6.05268 33.1926 1.59967 -0.700444 0.0781514 -0.709416
1 9.25773 4.35277 1.60454 -0.037092 0.102722 -0.994018
1 15.7895 8.7859 1.75705 0.35479 -0.30152 0.884991
1 17.0689 26.08 1.60751 0.556078 -0.0187763 -0.830918
1 19.0125 24.8833 1.61338 0.359971 -0.363001 -0.859448
1 9.04864 27.7817 1.75937 0.0325305 0.23414 0.971659
1 32.4919 3.13786 1.6079 -0.116207 0.294171 -0.948662
1 16.8032 8.32612 1.75836 0.417253 -0.131418 0.899238
1 14.5913 4.1895 1.59622 -0.324623 -0.722038 -0.610968
1 29.0273 9.58116 1.61579 0.14915 -0.410154 -0.899738
1 3.58752 3.8483 1.62806 0.134248 0.602177 -0.786994
1 13.511 0.478108 1.74068 -0.422724 -0.465132 0.77779
1 31.0761 25.5102 1.60587 -0.430209 -0.020573 -0.902495
1 12.409 7.27299 1.60206 0.441546 -0.293162 -0.847993
1 34.5464 5.32273 1.60837 0.214961 -0.075112 -0.97373
1 15.9952 32.2537 1.75946 0.0556516 -0.123533 0.990779
1 1.9202 13.5524 1.75621 -0.134373 0.335394 0.932446
1 7.75702 13.0868 1.61093 -0.229241 0.118897 -0.966081
1 5.94176 2.54716 1.60941 -0.0998525 0.17311 -0.979828
1 33.3402 2.64556 1.60667 -0.188055 0.123049 -0.97442
1 7.63447 16.0009 1.60739 0.0514998 0.177722 -0.982732
1 28.5161 4.85742 1.77883 0.790658 0.117235 0.60093
1 11.0599 14.3528 1.61674 -0.0528864 -0.420275 -0.905854
1 27.901 26.5435 1.75941 0.0974343 0.395066 0.913471
1 0.414747 9.84756 1.75501 0.501483 0.016969 0.865001
1 31.9999 29.6443 1.60854 0.227416 0.094759 -0.969176
1 26.9604 32.3122 1.76029 0.552339 0.102339 0.827314
1 29.0808 0.98401 1.75745 -0.0906897 0.479596 0.87279
1 22.8699 0.95566 1.72009 0.178048 -0.478523 0.859834
1 29.6889 32.5195 1.76371 0.429679 0.530405 0.730784
1 20.0669 10.947 1.74564 0.283781 0.543794 0.789782
1 25.2656 1.05907 1.75508 0.00375537 -0.0907874 0.995863
1 19.8199 9.32626 1.74615 0.30617 0.47456 0.825259
1 6.30969 30.385 1.75624 -0.404058 -0.134851 0.904739
1 16.6101 33.1476 1.75983 -0.047031 -0.0411661 0.998045
1 2.64936 10.5797 1.75295 0.335377 0.421931 0.842316
1 34.3829 6.34318 1.61064 0.382048 -0.0363422 -0.923428
1 21.7143 29.7909 1.74778 0.361503 0.649769 0.668667
1 7.49799 23.8674 1.75666 0.658227 -0.0704102 0.74952
1 0.0913412 15.9522 1.75938 -0.589078 0.0206839 0.807811
1 22.238 16.9196 1.61043 -0.425308 0.694821 -0.579946
1 5.36088 11.81 1.61085 -0.291434 0.562556 -0.77369
1 28.5806 3.91804 1.77382 -0.673847 0.343035 0.654414
1 21.4121 25.893 1.59291 -0.263395 0.671284 -0.692821
1 14.3733 1.58895 1.72724 -0.499036 -0.358238 0.789068
1 24.6658 26.8545 1.75915 0.0400897 -0.126347 0.991176
1 6.89423 19.366 1.60901 0.383283 0.564656 -0.730929
1 1.12817 18.4979 1.75755 0.507426 -0.113813 0.854146
1 2.7574 25.921 1.77456 0.49801 -0.656765 0.566256
1 7.04585 5.29937 1.6116 0.20048 -0.136317 -0.970168
1 18.0143 17.7577 1.71944 -0.650154 0.0448351 0.758478
1 16.7892 0.370556 1.76005 -0.263118 -0.019297 0.964571
1 12.7243 11.5228 1.74942 -0.177332 -0.778478 0.6021
1 22.7803 2.12571 1.75215 -0.0119249 -0.487151 0.873237
1 17.158 34.0494 1.75924 -0.14851 0.0296709 0.988466
1 3.17344 24.2017 1.75669 -0.577487 0.187466 0.794585
1 8.20433 31.3957 1.75609 -0.581922 0.108587 0.805962
1 4.90989 1.16027 1.61068 -0.268989 0.353323 -0.895995
1 27.007 12.4634 1.62914 0.563421 -0.169161 -0.808667
1 33.714 22.5378 1.75855 -0.26161 -0.48706 0.833266
1 13.0778 29.8452 1.75902 0.418134 -0.515586 0.747887
1 29.9659 33.7531 1.74253 0.168397 0.655016 0.736612
1 22.3468 9.07236 1.59526 0.0283897 0.588917 -0.807695
1 27.3644 20.3658 1.61162 0.306039 -0.0698469 -0.949453
1 7.28794 10.6323 1.61907 -0.572078 0.227042 -0.788149
1 27.968 9.80085 1.61101 0.153955 -0.250642 -0.955759
1 1.18223 15.5704 1.76042 -0.495745 0.223453 0.839229
1 9.54919 21.7705 1.61109 0.764554 -0.0289092 -0.643911
1 12.1848 0.142162 1.76047 -0.385333 -0.655812 0.649175
1 24.5754 16.5188 1.61449 -0.381646 0.281567 -0.880379
1 0.763396 28.9756 1.61602 0.0775746 -0.582222 -0.809321
1 13.1966 20.593 1.62394 -0.435855 0.482908 -0.759494
1 32.6239 20.2317 1.74599 0.190251 -0.650211 0.735547
1 11.5673 29.8698 1.65394 -0.488483 0.613826 0.620163
1 2.59941 28.4067 1.75957 -0.00234999 -0.733514 0.67967
1 22.4478 12.0148 1.61151 0.423599 0.510035 -0.748618
1 24.7723 5.46734 1.61488 -0.58134 0.0830995 -0.809406
1 17.0003 32.2058 1.75953 0.0570702 -0.00326898 0.998365
1 11.1092 11.0406 1.61661 -0.487999 -0.437554 -0.75525
1 24.6307 2.87623 1.75707 -0.260965 -0.167247 0.95075
1 26.6562 16.0766 1.61268 -0.386065 0.022767 -0.92219
1 6.71233 24.8043 1.7566 0.558408 -0.23351 0.796024
1 15.9607 30.4627 1.75793 0.298962 -0.135727 0.944563
1 23.717 0.152943 1.76006 0.229973 -0.36389 0.902606
1 27.5524 2.35344 1.75693 -0.31346 0.265955 0.911598
1 21.4254 16.4646 1.74907 -0.330046 0.631678 0.701465
1 20.8851 1.93437 1.76363 0.337134 -0.734755 0.588622
1 5.73102 13.606 1.77196 0.111809 -0.495984 0.861103
1 22.3019 31.031 1.735 0.1145 0.707591 0.697284
1 13.6221 4.24557 1.62143 -0.179296 -0.585766 -0.790399
1 19.0444 16.4122 1.75819 -0.385905 0.237108 0.891547
1 23.7228 27.0315 1.7586 0.00744489 -0.288324 0.957504
1 3.43438 29.5221 1.74932 -0.214359 -0.608411 0.764125
1 11.5695 18.1576 1.61045 0.292901 -0.431763 -0.853106
1 1.68767 28.4856 1.61098 0.0789503 -0.77463 -0.627467
1 1.64958 7.58372 1.61573 0.590127 -0.277886 -0.757977
1 22.7878 27.3079 1.75896 -0.026581 -0.448747 0.893263
1 18.4064 1.14251 1.75623 -0.355041 0.233857 0.905128
1 23.635 12.282 1.61189 0.478428 0.311113 -0.821167
1 17.575 21.7542 1.60691 -0.211181 -0.226212 -0.950911
1 9.78102 17.9839 1.60878 0.288639 -0.10502 -0.951661
1 11.4994 5.55621 1.60665 0.191927 -0.150997 -0.969724
1 27.0862 1.54406 1.76085 -0.14817 0.186503 0.971217
1 19.9467 22.7525 1.60702 -0.0581089 -0.549546 -0.83344
1 25.273 23.6261 1.7546 0.721827 0.0018282 0.692072
1 7.12674 0.237366 1.60205 -0.418343 -0.0224131 -0.908012
1 24.1825 26.0494 1.75782 0.207032 -0.199934 0.957687
1 28.1057 1.37849 1.75915 -0.139192 0.33599 0.931524
1 28.7662 19.0412 1.60902 0.111604 -0.264282 -0.957966
1 31.5699 16.615 1.59982 -0.30155 -0.732636 -0.610174
1 9.74977 24.8844 1.75669 0.493969 0.316892 0.809676
1 26.0348 25.5444 1.75916 0.309962 0.101752 0.945288
1 20.0287 3.57166 1.76883 0.18652 -0.875468 0.445831
1 17.2212 10.192 1.76069 0.207037 -0.00527701 0.978319
1 14.6855 13.0234 1.75825 -0.166928 -0.408407 0.897407
1 33.6881 13.3701 1.76006 -0.138651 -0.157987 0.977658
1 30.9015 34.2365 1.78092 -0.0760078 0.83648 0.542701
1 25.0761 32.7126 1.76002 0.498922 -0.218714 0.838594
1 31.1938 17.7666 1.60663 -0.10649 -0.644232 -0.757381
1 5.9159 0.535941 1.61025 -0.376462 0.174127 -0.909921
1 32.0324 33.91 1.60196 -0.600076 0.52084 -0.607153
1 7.43285 14.0369 1.61054 -0.121332 0.177513 -0.97661
1 32.7309 8.14461 1.75875 -0.772877 -0.00134613 0.634554
1 16.364 10.7525 1.76073 0.144103 -0.162941 0.976056
1 17.6297 33.1307 1.75902 -0.0466797 0.0930116 0.99457
1 3.92911 22.488 1.76005 -0.246911 0.294674 0.923148
1 19.0776 20.4884 1.60933 -0.474675 -0.411785 -0.777893
1 23.4804 15.1104 1.77663 0.65684 -0.44216 0.610783
1 3.44934 9.98786 1.75527 0.413501 0.536047 0.735982
1 17.0313 22.6214 1.60729 -0.0656746 -0.125059 -0.989973
1 11.9898 14.6182 1.61281 -0.0737922 -0.58799 -0.805495
1 31.03 8.53617 1.61011 -0.00561893 -0.670388 -0.741989
1 8.59057 15.6009 1.60739 0.0437809 0.0268421 -0.99868
1 12.5553 5.41967 1.60773 0.143813 -0.331531 -0.932419
1 24.5349 27.7895 1.75898 -0.144161 -0.152656 0.977709
1 21.9137 13.5419 1.74548 0.212306 0.787526 0.578557
1 23.9253 6.20849 1.61115 -0.427925 0.219111 -0.876853
1 11.8607 28.0421 1.76383 -0.0939002 0.700219 0.707726
1 14.678 5.51739 1.60224 -0.0269478 -0.630692 -0.775565
1 22.6551 28.449 1.75583 -0.241585 -0.474683 0.846352
1 3.24594 2.57083 1.62806 -0.0165169 0.676318 -0.736425
1 12.7538 9.9785 1.74425 0.162205 -0.766553 0.621358
1 21.2392 14.5262 1.76363 -0.00548119 0.672039 0.740495
1 22.7494 29.6466 1.7564 -0.469581 -0.56363 0.67957
1 14.9206 28.7061 1.75429 0.577595 -0.27174 0.769767
1 0.785856 5.93285 1.61077 0.328304 -0.216069 -0.919527
1 32.1028 21.4976 1.7635 -0.00214559 -0.778824 0.627238
1 12.6516 27.0205 1.73953 0.157193 0.788932 0.594034
1 26.5772 15.125 1.62143 -0.524757 0.086248 -0.846871
1 20.9267 20.3025 1.60519 0.247512 0.749773 -0.613659
1 30.3735 29.5851 1.60616 0.200855 0.376583 -0.904346
1 4.56844 31.582 1.74034 -0.568819 -0.392162 0.722948
1 15.1255 1.03285 1.75886 -0.380501 -0.2625 0.886743
1 26.1572 32.9791 1.75872 0.438654 -0.02033 0.898426
1 16.3367 11.8354 1.75974 0.0188164 -0.141888 0.989704
1 19.4233 25.7855 1.62048 0.507669 -0.423938 -0.750033
1 22.6262 19.3295 1.60957 0.0588961 0.54567 -0.835928
1 34.4179 19.8957 1.75345 0.22789 -0.339928 0.912423
1 27.1148 22.9671 1.60509 0.758282 0.0532079 -0.649752
1 0.590885 1.99079 1.60752 -0.292437 -0.251646 -0.922581
1 27.8545 19.5002 1.60869 0.169038 -0.131545 -0.976792
1 0.952479 27.5709 1.61396 -0.105319 -0.642244 -0.75923
1 31.708 11.6233 1.72701 0.188916 -0.529338 0.827111
1 14.8596 26.8239 1.61198 0.711487 0.259048 -0.653207
1 24.0248 22.2764 1.611 0.581864 0.273103 -0.766061
1 18.8183 33.2769 1.76047 -0.0956704 0.236543 0.9669
1 7.58747 11.479 1.61827 -0.449853 0.158951 -0.878844
1 31.1885 28.9939 1.6072 0.106669 0.207322 -0.97244
1 1.15103 12.974 1.75967 -0.04842 0.191017 0.980392
1 2.03881 23.6891 1.75774 -0.48009 -0.00872787 0.877176
1 29.8189 22.4318 1.60948 0.591354 -0.42715 -0.68399
1 2.98768 27.1096 1.75439 0.245424 -0.646093 0.722725
1 17.8761 24.9664 1.61238 0.367596 -0.185261 -0.911346
1 8.3381 9.87115 1.60584 -0.664797 0.0309591 -0.746383
1 8.5143 13.749 1.60715 -0.151868 -0.00101445 -0.9884
1 17.22 11.2562 1.76216 0.117202 0.0131802 0.993021
1 8.15512 21.388 1.60937 0.690267 0.235147 -0.684279
1 8.21238 22.9778 1.76904 0.767124 0.0590359 0.638777
1 30.0207 0.459822 1.75198 -0.0315386 0.622727 0.781803
1 33.7392 4.64345 1.60729 0.103942 0.0676354 -0.992281
1 31.9625 27.3225 1.60657 -0.137046 -0.0422448 -0.989663
1 10.9961 8.66142 1.61449 0.66762 0.0657111 -0.741596
1 0.918983 1.0668 1.60527 -0.440306 -0.334278 -0.8333
1 27.2414 33.2944 1.7581 0.363169 0.153221 0.919038
1 1.22609 2.85566 1.61218 -0.13768 -0.377893 -0.915555
1 5.19977 3.27091 1.60782 0.000549932 0.29307 -0.956091
1 23.8376 3.6302 1.75699 -0.337514 -0.304085 0.890852
1 33.5486 0.577387 1.60938 -0.520081 0.104031 -0.847758
1 11.1012 19.3137 1.61901 0.467344 -0.33022 -0.820088
1 3.06465 23.2269 1.75796 -0.38905 0.150435 0.908851
1 1.59243 20.1643 1.76092 0.18655 -0.0409257 0.981593
1 16.9741 20.8537 1.60928 -0.386367 -0.162594 -0.907901
1 18.1921 11.4145 1.75687 0.120892 0.188241 0.974654
1 2.77472 11.7469 1.75716 0.154969 0.45819 0.875241
1 28.7203 13.7396 1.66805 -0.718059 -0.0161131 -0.695795
1 26.4077 33.9718 1.75861 0.260743 0.0316591 0.964889
1 9.71697 27.0455 1.75928 0.140119 0.329151 0.933824
1 16.0851 28.7943 1.76056 0.56757 -0.107019 0.81634
1 16.2478 1.32082 1.75904 -0.40775 -0.0866427 0.908973
1 25.4663 13.8392 1.60945 0.75893 -0.0525679 -0.649046
1 33.2435 10.6911 1.75431 0.34625 -0.267273 0.899264
1 20.5417 33.1604 1.73293 -0.151738 0.509064 0.847248
1 33.3394 1.60094 1.60961 -0.363648 0.121164 -0.923623
1 0.781341 19.4604 1.75786 0.315332 -0.172526 0.933167
1 17.9769 3.04332 1.75813 -0.589288 0.214645 0.778889
1 23.9421 20.1878 1.61912 0.225777 0.327664 -0.917421
1 11.1848 0.120126 1.60248 -0.303883 -0.716805 -0.627571
1 8.16644 14.6961 1.60698 -0.0431591 0.0682284 -0.996736
1 2.02518 24.6471 1.76838 -0.645531 -0.0168639 0.763548
1 29.7151 31.3724 1.76785 0.630759 0.502387 0.591396
1 29.1863 7.0621 1.61777 -0.27703 -0.388347 -0.878886
1 28.8509 26.7244 1.76427 0.058349 0.565314 0.82281
1 28.6367 31.7439 1.75016 0.583569 0.303931 0.753042
1 23.8113 17.3505 1.61323 -0.247931 0.382252 -0.890176
1 10.7032 2.95916 1.60515 -0.165827 -0.267576 -0.94916
1 4.9567 27.2545 1.74792 0.148041 -0.351675 0.924342
1 31.6298 30.6268 1.61327 0.368359 0.298215 -0.880557
1 12.3251 1.86352 1.62128 -0.486232 -0.548546 -0.680203
1 9.16034 7.23537 1.60779 0.409089 0.351798 -0.841953
1 27.4328 14.3746 1.61522 -0.657054 0.0372892 -0.752921
1 13.471 21.6341 1.61176 -0.254209 0.425272 -0.868632
1 10.0417 11.2735 1.60673 -0.443337 -0.267986 -0.855357
1 20.3571 34.3477 1.72408 -0.335768 0.482047 0.809253
1 18.2194 10.2995 1.75733 0.202559 0.162923 0.965622
1 26.6788 23.9428 1.76044 0.643374 0.209673 0.736279
1 12.9196 32.8788 1.75464 -0.0479506 -0.534551 0.843775
1 31.4114 13.2712 1.75491 -0.136503 -0.563256 0.814929
1 18.3655 5.53245 1.75476 0.758317 0.13676 0.637379
1 21.9283 3.21457 1.73646 -0.0699947 -0.618646 0.782546
1 12.7878 31.0834 1.70191 0.244589 -0.550895 0.797929
1 20.2256 21.013 1.6294 -0.391208 -0.640108 -0.661225
1 8.73265 18.4993 1.60758 0.35677 0.104223 -0.92836
1 19.7803 29.2585 1.75605 0.475099 0.332474 0.814704
1 24.9996 21.7077 1.61156 0.521798 0.159508 -0.838024
1 24.3554 31.8791 1.58671 -0.672708 0.308379 -0.672582
1 20.777 15.6647 1.75738 -0.202236 0.543038 0.814991
1 21.5646 19.3507 1.6084 0.0509245 0.671909 -0.73888
1 21.2352 0.13721 1.70063 -0.554518 0.540647 0.632622
1 33.8501 34.1711 1.60677 -0.67184 0.0707477 -0.73731
1 20.1938 24.7834 1.61505 0.291872 -0.536633 -0.79173
1 12.9159 15.1149 1.60759 -0.0886868 -0.766211 -0.63644
1 4.86965 26.2372 1.74324 0.32111 -0.376396 0.869031
1 25.8612 11.9268 1.61297 0.445082 0.00992122 -0.895435
1 28.5151 22.8642 1.61908 0.697647 -0.205697 -0.686278
1 11.6708 17.0074 1.60842 0.123757 -0.433795 -0.892472
1 17.297 28.7177 1.76288 0.586855 0.042375 0.808582
1 12.7223 23.8728 1.62451 0.151312 0.548351 -0.822445
1 33.994 3.44041 1.60736 -0.0744649 0.00343338 -0.997218
1 27.6717 8.11513 1.60666 -0.103833 -0.194496 -0.975392
