1 17.9465 33.2156 1.75742 -0.0513275 0.134657 0.989562
1 31.6784 19.1086 1.61741 0.0807533 -0.751747 -0.654489
1 17.4249 6.53094 1.757 0.525257 -0.00894217 0.850897
1 26.41 17.9747 1.60961 -0.16675 0.100854 -0.980828
1 10.0121 29.0512 1.74639 -0.205821 0.413983 0.886711
1 13.9567 7.83237 1.6824 0.456275 -0.612684 0.645316
1 19.2478 22.8099 1.60875 -0.0416807 -0.44168 -0.896204
1 25.8426 20.8425 1.61284 0.28121 0.188948 -0.940861
1 5.88716 0.762995 1.61098 -0.25022 0.218598 -0.943189
1 30.7483 11.048 1.69648 0.312196 -0.698592 0.643819
1 20.2004 7.90537 1.75189 0.274427 0.521202 0.808107
1 0.67761 9.8463 1.7536 0.455301 0.0716757 0.887448
1 28.8225 0.885062 1.75419 -0.0568065 0.391082 0.918601
1 4.31894 11.5871 1.76203 -0.0672098 0.779599 0.622663
1 17.7773 23.8671 1.609 0.140187 -0.201667 -0.96937
1 29.0487 19.1665 1.60437 0.0559708 -0.272665 -0.960479
1 18.6033 30.2977 1.75725 0.337466 0.218062 0.915732
1 23.3372 21.4991 1.62027 0.395845 0.435657 -0.8084
1 24.376 22.1345 1.61191 0.54762 0.266482 -0.793158
1 20.1128 23.4294 1.6181 0.0101949 -0.61628 -0.787461
1 17.9518 0.45081 1.758 -0.292847 0.11658 0.949026
1 15.3742 26.7385 1.60615 0.705676 0.102576 -0.70107
1 15.0655 0.155557 1.75707 -0.248881 -0.277144 0.928035
1 28.8569 25.3918 1.72981 -0.17406 0.971942 0.158214
1 27.3036 31.5557 1.71475 0.771891 -0.0787035 0.630864
1 26.6664 5.71785 1.60746 -0.659777 -0.0163964 -0.751283
1 12.5358 17.8207 1.60991 0.189768 -0.497434 -0.846491
1 7.08665 13.4833 1.6119 -0.184482 0.24585 -0.95159
1 11.7315 3.9843 1.61243 0.00272388 -0.419104 -0.907934
1 19.1628 12.7695 1.75632 -0.056987 0.249197 0.966775
1 8.49572 19.5393 1.61168 0.541384 0.145567 -0.828078
1 6.60266 28.4929 1.75925 -0.139611 -0.0847195 0.986576
1 5.63414 2.78262 1.60793 0.0595487 0.349713 -0.934963
1 16.2389 19.6577 1.61048 -0.611904 0.0116877 -0.790846
1 15.2726 6.07981 1.75011 0.593496 -0.480287 0.645822
1 23.6065 28.7769 1.75308 -0.312703 -0.254846 0.915025
1 5.82647 8.47143 1.58211 0.928882 0.259127 -0.264636
1 13.7884 2.64299 1.61777 -0.368524 -0.728894 -0.576978
1 16.7454 33.804 1.75935 -0.113355 -0.0263956 0.993204
1 8.63333 10.238 1.60891 -0.615354 0.0146315 -0.788115
1 34.1269 9.73245 1.75051 0.51969 -0.130107 0.84439
1 0.820862 22.3153 1.75806 -0.273025 -0.22543 0.935221
1 13.2753 22.9447 1.60692 -0.0210146 0.476445 -0.878953
1 19.3119 9.81241 1.75669 0.204546 0.366243 0.907759
1 12.745 13.0944 1.61806 -0.330153 -0.710141 -0.621851
1 27.8125 25.6004 1.72525 0.345204 0.371673 0.861797
1 16.2595 6.76199 1.75282 0.510609 -0.208801 0.834075
1 3.82171 13.3259 1.76906 -0.174786 0.750888 0.636881
1 24.5807 14.7584 1.60522 0.814753 0.0180166 -0.579528
1 1.91176 7.48649 1.61098 0.362816 -0.35874 -0.860041
1 21.8712 25.0876 1.76353 0.300218 -0.533084 0.791006
1 0.287372 23.0846 1.75747 -0.436595 -0.326613 0.838277
1 3.90669 1.15978 1.6241 -0.0485166 0.488394 -0.871274
1 19.9923 20.9224 1.60072 -0.35929 -0.59124 -0.722043
1 30.3557 16.62 1.60496 -0.385812 -0.466779 -0.795781
1 7.02237 24.7041 1.7543 0.442657 -0.105882 0.890418
1 33.2841 28.8912 1.60769 0.138574 -0.156831 -0.977855
1 21.5478 26.3423 1.76765 0.0864968 -0.621246 0.778827
1 20.0381 10.7896 1.74748 0.0949199 0.50469 0.858066
1 34.3516 7.25151 1.61146 0.445232 0.0116828 -0.895339
1 8.46018 2.42765 1.60691 -0.106243 -0.0247847 -0.994031
1 23.248 29.6518 1.74987 -0.439928 -0.35928 0.823032
1 13.9012 8.99032 1.75785 0.273432 -0.566354 0.777482
1 34.0364 12.5294 1.75861 -0.0211466 -0.0885469 0.995848
1 0.491911 30.4237 1.60741 0.297229 -0.432098 -0.851438
1 8.59729 31.7759 1.75241 -0.699543 0.211376 0.682613
1 24.9111 13.8315 1.62284 0.659633 0.0548506 -0.749583
1 15.4417 27.5783 1.74842 0.808838 -0.133292 0.572726
1 18.3677 24.7654 1.61384 0.303191 -0.309552 -0.901251
1 32.5372 28.1635 1.6077 0.0387069 -0.0192976 -0.999064
1 1.75456 5.47435 1.61265 0.0219544 -0.358241 -0.933371
1 10.4129 0.526057 1.61416 -0.316032 -0.452667 -0.833796
1 6.51984 5.15072 1.61497 0.182836 0.380548 -0.906507
1 18.5964 8.33782 1.76111 0.263505 0.206778 0.942236
1 18.8834 33.2565 1.75125 -0.0635595 0.267999 0.96132
1 25.2715 30.4887 1.75738 -0.588786 -0.023724 0.807941
1 14.1635 14.3168 1.72473 -0.257958 -0.664401 0.701448
1 24.5973 28.635 1.76044 -0.268362 -0.0891566 0.959183
1 0.38024 12.5242 1.76009 -0.0403024 0.0743488 0.996418
1 5.21488 27.8953 1.76089 -0.0552803 -0.26345 0.963088
1 23.7443 0.745313 1.74854 0.104608 -0.36752 0.924114
1 32.2369 30.2594 1.60903 0.364948 0.0658251 -0.928698
1 34.3527 29.6602 1.60799 0.235764 -0.31718 -0.918592
1 30.2536 6.93494 1.7484 -0.532632 -0.535892 -0.655074
1 16.0539 0.715795 1.75298 -0.321748 -0.164954 0.932346
1 25.6189 6.32091 1.61177 -0.497403 0.0983689 -0.861925
1 9.9031 15.1562 1.60805 -0.0146694 -0.12828 -0.991629
1 28.6512 8.94509 1.61046 -0.0742958 -0.389403 -0.918066
1 3.19189 14.8363 1.75198 -0.374002 0.645006 0.666401
1 31.3416 12.9329 1.75938 -0.0624106 -0.523651 0.849644
1 24.2226 12.2461 1.60955 0.346149 0.242541 -0.906286
1 12.3205 5.24824 1.60884 0.137557 -0.473459 -0.870008
1 29.015 12.3898 1.61374 0.532977 -0.482253 -0.695246
1 18.8773 26.6241 1.76605 -0.671784 0.261531 0.693043
1 19.3697 16.0541 1.76066 -0.377822 0.295365 0.877502
1 10.9561 6.05012 1.60849 0.296305 -0.256301 -0.920061
1 24.8571 23.9256 1.7702 0.657928 -0.045165 0.751725
1 34.064 20.8466 1.75861 0.0114507 -0.460179 0.887752
1 19.388 28.3015 1.74539 0.645892 0.305412 0.699677
1 29.0089 20.229 1.60742 0.225262 -0.245373 -0.942894
1 3.13326 33.8248 1.60109 -0.335021 0.525521 -0.782041
1 26.2989 29.9114 1.75769 -0.516196 0.178446 0.837675
1 24.8385 20.2808 1.60954 0.190936 0.281746 -0.940299
1 20.9447 17.3151 1.75155 -0.515077 0.569132 0.640925
1 0.978249 11.7503 1.76079 0.0926437 0.149534 0.984407
1 27.9 6.08898 1.61192 -0.562057 -0.207656 -0.800607
1 2.23047 0.0800457 1.6013 -0.0998247 0.692191 -0.714778
1 22.9565 19.3076 1.61635 0.0130254 0.519918 -0.854117
1 30.7858 20.0529 1.64092 0.226599 -0.56191 -0.795556
1 33.1532 7.08337 1.6036 0.470838 0.165278 -0.8666
1 26.1845 22.5254 1.61978 0.609173 0.206373 -0.765715
1 15.9587 7.86836 1.75901 0.36427 -0.247878 0.897699
1 2.98954 7.4904 1.60775 0.318764 -0.529627 -0.786056
1 20.2448 9.57745 1.7387 0.179808 0.563463 0.806337
1 16.2866 24.9533 1.60858 0.324612 0.0196514 -0.945643
1 7.97878 20.3696 1.60411 0.643978 0.316705 -0.696413
1 11.6939 18.6009 1.60898 0.338824 -0.356446 -0.870715
1 6.37676 18.3888 1.61857 0.38049 0.500453 -0.777672
1 6.74886 23.171 1.73522 0.692088 -0.382681 0.612021
1 13.9038 19.7985 1.61896 -0.519966 0.47067 -0.712815
1 22.3457 31.7787 1.73529 0.0863035 0.772719 0.628854
1 8.47235 25.8108 1.75827 0.289175 0.144231 0.946349
1 14.657 9.57673 1.7595 0.186823 -0.455154 0.870593
1 28.7694 13.6627 1.58739 -0.765183 0.341004 -0.546087
1 24.1441 26.8453 1.75914 0.0256487 -0.171984 0.984766
1 26.3473 18.9734 1.60717 -0.00449279 0.106381 -0.994315
1 17.6428 34.145 1.75673 -0.157909 0.0870668 0.983608
1 10.4754 10.2724 1.60066 -0.614977 -0.225387 -0.755648
1 23.8765 13.2139 1.61103 0.501166 0.247634 -0.829162
1 24.6399 0.221179 1.75419 0.143668 -0.237694 0.960656
1 8.47678 27.8442 1.75999 -0.017019 0.170967 0.98513
1 6.57438 2.88527 1.61502 0.011011 0.230682 -0.972967
1 20.5637 14.341 1.75936 -0.0755585 0.503276 0.860816
1 15.8252 4.41369 1.77067 -0.722023 -0.406954 0.559528
1 6.43168 17.2772 1.61638 0.249904 0.405836 -0.879116
1 3.41172 12.0921 1.74523 -0.0139285 0.598427 0.801056
1 8.96428 14.8656 1.60818 -0.0181919 0.00668026 -0.999812
1 31.7054 27.1902 1.60761 -0.0508192 0.124377 -0.990933
1 32.798 9.84371 1.75641 0.506602 -0.263184 0.821029
1 11.6054 19.7024 1.61348 0.499584 -0.405952 -0.765257
1 12.007 34.2955 1.75101 -0.397933 -0.670038 0.626657
1 0.203795 1.66479 1.61414 -0.499764 -0.0867406 -0.861807
1 23.3689 14.123 1.61179 0.648649 0.239693 -0.722358
1 27.1319 1.36203 1.75964 -0.111676 0.146742 0.98285
1 13.5954 10.2011 1.75479 0.0763676 -0.616548 0.783605
1 8.39028 28.991 1.75772 -0.201562 0.183156 0.962199
1 8.09213 30.0616 1.75676 -0.388822 0.143827 0.910017
1 23.7694 11.2836 1.61 0.189581 0.36515 -0.911441
1 15.9331 13.9718 1.75517 -0.253452 -0.248937 0.934769
1 27.8501 26.7649 1.75636 0.136637 0.449675 0.882679
1 29.0812 5.80985 1.62365 -0.592134 -0.402904 -0.697887
1 8.34354 18.5094 1.60836 0.412967 0.159742 -0.896628
1 12.3646 24.703 1.61894 0.301555 0.662685 -0.685502
1 28.9007 3.04187 1.75491 -0.467662 0.359094 0.807678
1 12.3847 14.233 1.62147 -0.167831 -0.591301 -0.788794
1 5.66669 1.75811 1.60875 -0.0919568 0.283777 -0.954471
1 9.42704 10.9992 1.61075 -0.49387 -0.0850776 -0.865364
1 14.9248 8.38815 1.75881 0.324102 -0.416283 0.849509
1 23.8124 27.8114 1.75693 -0.150505 -0.217554 0.964375
1 7.04436 31.903 1.75002 -0.760956 0.0495389 0.64691
1 19.7701 6.72075 1.74872 0.443072 0.44211 0.779889
1 3.95565 31.3931 1.75302 -0.673592 -0.425647 0.604234
1 11.1719 8.13995 1.6169 0.631026 -0.249791 -0.734445
1 31.5944 9.96994 1.68302 0.470856 -0.472236 0.745177
1 25.7079 11.0149 1.60717 0.205414 0.0558128 -0.977082
1 26.4595 3.11251 1.74878 -0.445826 0.0944275 0.890125
1 9.63121 21.6586 1.60906 0.795318 -0.116742 -0.594846
1 4.3547 16.6622 1.60744 0.238552 0.727886 -0.642865
1 0.327929 8.91711 1.75408 0.636761 0.0191985 0.770822
1 15.0733 11.7198 1.75587 -0.0741718 -0.36443 0.928272
1 31.2444 17.7983 1.61433 -0.209425 -0.620348 -0.75585
1 4.72535 2.21631 1.61098 0.00687835 0.454326 -0.890809
1 25.2061 10.0356 1.60705 0.0568135 0.150554 -0.986968
1 8.00684 15.1497 1.6067 0.0161108 0.133677 -0.990894
1 13.3722 14.691 1.61357 -0.1667 -0.781018 -0.601849
1 18.0259 28.5505 1.75656 0.636022 0.151961 0.756561
1 2.80096 4.24776 1.62694 -0.286557 -0.543442 -0.789022
1 12.9594 3.03325 1.62782 -0.218837 -0.61841 -0.754771
1 22.6313 7.59375 1.60273 -0.316359 0.610282 -0.726274
1 3.54618 22.2597 1.75425 -0.230326 0.24651 0.941373
1 8.08292 6.35651 1.60833 0.379502 0.184967 -0.906513
1 25.0998 12.8812 1.61182 0.493799 0.075735 -0.866272
1 29.418 26.977 1.62536 -0.0349677 0.623096 -0.781363
1 22.1804 29.0567 1.75736 -0.373164 -0.543789 0.751693
1 5.7439 30.2217 1.7578 -0.44583 -0.155889 0.881439
1 11.568 17.5648 1.61777 0.20592 -0.334596 -0.919588
1 17.807 29.5186 1.75843 0.461953 0.119246 0.878851
1 34.0063 22.2496 1.75549 -0.261351 -0.457177 0.850109
1 6.68205 9.63815 1.61014 -0.618136 0.368703 -0.694238
1 7.07903 15.6371 1.60956 0.0581476 0.288852 -0.955606
1 32.933 26.1745 1.61209 -0.26141 -0.139495 -0.955095
1 22.7062 28.1432 1.75627 -0.22875 -0.40482 0.885322
1 20.7414 27.2998 1.5931 0.141196 0.717778 -0.681806
1 10.3736 27.9858 1.75421 -0.0445738 0.461628 0.885953
1 27.9365 8.13007 1.61042 -0.208231 -0.25779 -0.943496
1 22.4555 23.9758 1.76455 0.528811 -0.419086 0.738055
1 29.6763 11.1296 1.60771 0.325447 -0.629803 -0.705289
1 23.8361 33.1457 1.77148 0.420205 -0.450318 0.787808
1 18.156 22.9499 1.60818 -0.0187172 -0.262732 -0.964687
1 18.5075 13.522 1.75914 -0.136383 0.146464 0.979769
1 17.8984 21.1934 1.60744 -0.311052 -0.234589 -0.920986
1 6.93991 0.908 1.60903 -0.278946 0.103032 -0.954763
1 34.5885 4.77586 1.60743 -0.00358946 -0.0750391 -0.997174
1 7.14881 3.75909 1.60898 0.0946686 0.188862 -0.97743
1 1.8363 4.37512 1.61721 -0.170231 -0.404702 -0.898464
1 8.24615 22.7612 1.75285 0.769295 -0.0353971 0.637913
1 7.18069 33.6151 1.61943 -0.61337 0.0471175 -0.788389
1 26.6944 10.8695 1.61128 0.212474 -0.0948895 -0.972549
1 33.1011 22.6653 1.75615 -0.346932 -0.583681 0.734135
1 27.7409 10.943 1.60762 0.227217 -0.277939 -0.933339
1 8.22965 11.1529 1.6155 -0.469093 0.0957828 -0.87794
1 30.6226 28.8682 1.61232 0.184298 0.321562 -0.92878
1 1.4227 18.6575 1.75709 0.421887 -0.102998 0.900779
1 5.70319 9.47011 1.79164 0.534486 -0.585877 0.609158
1 34.4773 10.634 1.75657 0.32552 -0.0573382 0.943795
1 31.6146 28.5449 1.61144 0.103689 0.150009 -0.983232
1 16.4779 13.1635 1.75804 -0.158686 -0.150456 0.975798
1 27.3443 17.0515 1.6072 -0.287706 -0.00170161 -0.957717
1 14.1982 34.01 1.75746 -0.195123 -0.373357 0.906935
1 23.1825 26.971 1.75601 -0.0198956 -0.332705 0.942821
1 15.6971 29.3533 1.74696 0.497403 -0.157502 0.853102
1 33.7305 16.1324 1.74954 -0.681777 -0.0905092 0.72594
1 0.888922 10.7957 1.75807 0.270142 0.118923 0.955448
1 23.2094 8.36287 1.62848 -0.229517 0.487271 -0.842549
1 30.2024 17.6652 1.61015 -0.198113 -0.446418 -0.872618
1 28.1655 19.592 1.60662 0.123483 -0.130912 -0.983674
1 20.1266 0.39557 1.75154 -0.364781 0.449181 0.81558
1 5.14741 0.0787597 1.61075 -0.35009 0.293714 -0.889477
1 2.5708 22.7722 1.75643 -0.328678 0.0748834 0.941469
1 31.282 7.94959 1.5941 -0.446023 -0.708739 -0.546582
1 8.04776 13.1502 1.60892 -0.216926 0.101605 -0.970886
1 14.6236 31.8216 1.75617 0.0924997 -0.2985 0.949917
1 23.4776 25.9341 1.75709 0.163664 -0.286768 0.943916
1 7.60645 21.3236 1.76607 -0.686769 -0.590097 0.424422
1 32.6687 5.08231 1.60863 0.0724088 0.264352 -0.961704
1 22.6256 17.8933 1.61549 -0.249794 0.569697 -0.782974
1 9.79404 3.99023 1.60723 0.063693 -0.141865 -0.987835
1 8.50324 5.35913 1.60646 0.235188 0.0811642 -0.968555
1 2.79624 31.907 1.77198 0.570324 0.277357 0.773178
1 25.2663 0.93184 1.75957 0.0082775 -0.133629 0.990997
1 15.8166 11.0637 1.76158 0.0367302 -0.236501 0.970937
1 10.3391 26.8652 1.75658 0.142091 0.453487 0.879863
1 21.5515 14.7044 1.75644 -0.0741102 0.650142 0.75619
1 1.68292 1.22201 1.60468 0.231668 0.761906 -0.604838
1 25.1928 11.8835 1.60835 0.322382 0.0975525 -0.94157
1 6.66938 1.87302 1.60842 -0.130921 0.165664 -0.977453
1 24.263 19.2305 1.60668 0.0137681 0.358378 -0.933475
1 11.0154 21.9757 1.58293 0.770606 -0.446782 -0.45448
1 31.7041 14.0371 1.75905 -0.288078 -0.449972 0.845302
1 15.0274 23.3517 1.60832 0.0420783 0.191203 -0.980648
1 18.9196 29.351 1.75955 0.479344 0.282246 0.831003
1 18.3645 20.3248 1.6175 -0.447193 -0.310421 -0.838843
1 15.4432 10.1258 1.76023 0.120628 -0.322926 0.938705
1 3.72306 29.246 1.75608 -0.282605 -0.478672 0.831269
1 22.9526 24.9944 1.75766 0.325294 -0.359096 0.874777
1 11.9588 31.7253 1.71543 0.126877 -0.668813 0.732524
1 17.4248 2.02108 1.75512 -0.496098 0.0186596 0.868066
1 29.9192 30.0199 1.6728 0.293025 0.937427 -0.188064
1 28.8501 31.5112 1.75257 0.686048 0.202189 0.698897
1 10.4314 4.7948 1.60718 0.155142 -0.207352 -0.965886
1 29.9503 24.5134 1.61243 -0.393266 0.443325 -0.805484
1 27.6178 22.544 1.61159 0.623303 0.0600963 -0.779668
1 9.28357 20.6852 1.61271 0.671659 0.0321902 -0.740161
1 25.4841 18.4081 1.60786 -0.111547 0.217507 -0.969664
1 2.37158 6.44732 1.61108 0.147822 -0.453243 -0.879045
1 32.1503 12.2837 1.76248 0.0559543 -0.413519 0.908775
1 4.61709 13.6601 1.61016 -0.241541 0.727442 -0.642251
1 26.9705 0.376331 1.75931 0.0646622 0.0941317 0.993458
1 30.0505 21.8282 1.61315 0.465411 -0.374736 -0.801852
1 23.9087 34.2246 1.75387 0.253363 -0.373981 0.892158
1 11.9783 28.9422 1.75906 -0.283807 0.721102 0.632033
1 25.2883 17.4099 1.60632 -0.285166 0.250408 -0.92519
1 34.6113 25.1987 1.60827 -0.490332 -0.465749 -0.73665
1 20.6558 32.4454 1.758 -0.00673888 0.527934 0.849259
1 12.8486 9.30571 1.76194 0.244526 -0.732756 0.63504
1 11.7586 11.7321 1.61825 -0.461556 -0.525528 -0.714693
1 12.1363 26.1782 1.75411 0.333431 0.703938 0.627132
1 5.55292 4.69939 1.62179 0.198919 0.557718 -0.805842
1 19.2316 31.1725 1.75371 0.209003 0.303376 0.929667
1 12.3583 20.2992 1.62829 0.522075 -0.629074 -0.575937
1 15.7883 21.5427 1.60699 -0.264041 0.0846569 -0.960789
1 9.93592 31.291 1.75031 -0.572451 0.440205 0.691751
1 4.58571 23.3519 1.70334 -0.562234 0.354282 0.747246
1 2.54297 25.954 1.76706 0.291381 -0.665866 0.686819
1 8.12913 3.45547 1.60742 0.0186581 0.0593351 -0.998064
1 0.11915 21.5868 1.75797 -0.121577 -0.334935 0.934365
1 6.32399 31.1115 1.74974 -0.592958 -0.0240133 0.804875
1 27.0718 8.47654 1.61031 -0.154885 -0.118348 -0.980818
1 2.71763 28.7958 1.75585 -0.218433 -0.678428 0.701443
1 32.9494 2.92949 1.6103 -0.25204 0.212066 -0.944195
1 23.7753 16.1246 1.62249 -0.511074 0.464339 -0.723321
1 25.3059 19.3992 1.6082 0.0441898 0.232622 -0.971563
1 23.7282 20.125 1.61247 0.16392 0.411818 -0.896402
1 1.01393 3.48228 1.61429 -0.259948 -0.284983 -0.922611
1 12.1878 16.6345 1.61519 0.0846577 -0.483897 -0.871021
1 9.42525 4.96692 1.6072 0.187535 -0.0577191 -0.980561
1 14.0965 24.9399 1.61133 0.319286 0.336173 -0.886027
1 9.23642 25.1387 1.75585 0.414285 0.250122 0.875104
1 1.91349 29.8 1.59792 0.0864346 -0.829182 -0.552256
1 32.7151 27.1481 1.60777 -0.114841 -0.0674704 -0.99109
1 28.2095 15.6356 1.62414 -0.505401 -0.0846533 -0.858722
1 31.6916 1.42299 1.6047 -0.487248 0.599514 -0.634959
1 17.3486 24.7547 1.60881 0.295501 -0.133597 -0.945955
1 22.2506 27.1259 1.75682 -0.0475557 -0.478463 0.876819
1 15.2251 25.1764 1.60826 0.354595 0.161522 -0.920963
1 21.7459 22.4455 1.78089 -0.573415 -0.582128 0.576474
1 24.7132 9.07212 1.60918 -0.0875932 0.236748 -0.967615
1 15.1379 33.5977 1.75891 -0.113995 -0.243407 0.963202
1 16.8795 0.160924 1.75575 -0.246052 -0.0297011 0.968801
1 1.98707 3.26728 1.62087 -0.382107 -0.441346 -0.811916
1 8.14729 24.7985 1.75694 0.452267 0.0634674 0.889621
1 12.3145 30.3284 1.74575 0.351367 -0.6248 0.697256
1 21.8535 1.52579 1.75578 0.278769 -0.565087 0.776508
1 9.2815 28.4305 1.7606 -0.110216 0.30357 0.946413
1 24.5086 18.1642 1.60575 -0.157275 0.333319 -0.929604
1 28.1503 33.3875 1.75762 0.368702 0.218596 0.903479
1 25.201 8.09435 1.61025 -0.212272 0.171532 -0.962038
1 1.13676 15.1373 1.7539 -0.509447 0.225335 0.830475
1 22.3648 21.7517 1.60137 0.415683 0.570525 -0.708314
1 14.1078 20.8096 1.62159 -0.372384 0.378015 -0.847605
1 32.4358 34.3013 1.62257 -0.522057 0.647804 -0.554804
1 17.1216 23.0693 1.6082 -0.000932117 -0.109773 -0.993956
1 18.0115 26.0672 1.60903 0.486638 -0.229609 -0.842889
1 12.7547 15.6195 1.60809 -0.0933085 -0.586963 -0.804219
1 18.2343 16.1119 1.76183 -0.422767 0.112867 0.899182
1 19.9235 25.5706 1.7649 -0.358666 0.64847 0.67145
1 16.3384 1.70838 1.75809 -0.459427 -0.162503 0.873224
1 33.8865 14.3107 1.76005 -0.336317 -0.0796746 0.938372
1 32.2382 24.1964 1.61221 -0.540932 7.12752e-05 -0.841066
1 27.0716 33.1703 1.75721 0.396511 0.0483763 0.916755
1 17.4515 4.5939 1.76285 -0.846077 0.00260715 0.533054
1 30.7741 2.84243 1.59746 -0.365565 0.626812 -0.688091
1 27.108 23.4408 1.61196 0.789523 0.154466 -0.593964
1 3.3274 6.32749 1.61557 0.0707009 -0.61334 -0.786648
1 18.0846 7.39588 1.75913 0.396287 0.115576 0.910823
1 1.05943 26.0625 1.60938 -0.347365 -0.639784 -0.685576
1 25.1767 32.4291 1.75195 0.535137 -0.253136 0.805947
1 26.1195 12.3403 1.60867 0.415802 -0.05212 -0.90796
1 21.5864 27.896 1.76813 -0.186397 -0.574972 0.796657
1 18.0639 27.5689 1.67551 0.821546 0.119718 0.557431
1 10.2613 25.7138 1.75632 0.327671 0.415721 0.848415
1 17.4821 13.4044 1.76024 -0.143898 -0.00110696 0.989592
1 8.00873 16.1549 1.60687 0.118074 0.156197 -0.980643
1 32.297 15.0682 1.75509 -0.466719 -0.349917 0.812239
1 4.04591 30.3388 1.75639 -0.474578 -0.418476 0.774373
1 0.138445 2.78135 1.61359 -0.332589 -0.126214 -0.934588
1 19.7128 17.918 1.75739 -0.621492 0.329504 0.710756
1 28.261 17.5168 1.60759 -0.202466 -0.146816 -0.968221
1 18.6812 15.1481 1.76177 -0.275338 0.202763 0.939721
1 12.8881 6.29048 1.63364 0.313724 -0.538353 -0.782147
1 19.7309 15.0325 1.76156 -0.222273 0.3685 0.902664
1 26.0188 0.298557 1.76004 0.100879 -0.0491705 0.993683
1 2.48809 12.0897 1.75046 0.00187284 0.434246 0.900792
1 13.3814 7.12527 1.60755 0.467305 -0.616126 -0.634046
1 20.4963 1.36126 1.74117 -0.489724 0.54999 0.676521
1 14.9401 30.8608 1.75941 0.227783 -0.247962 0.94161
1 3.99845 3.57053 1.63401 0.334643 0.56009 -0.757835
1 12.7778 32.2004 1.76516 0.00238912 -0.556186 0.831055
1 21.5573 16.0188 1.75534 -0.300403 0.648855 0.699104
1 19.5344 24.4104 1.60714 0.19827 -0.498152 -0.844117
1 11.7318 12.9508 1.62559 -0.253923 -0.531889 -0.807847
1 20.6252 15.531 1.7589 -0.267012 0.509534 0.817973
1 12.4225 27.5672 1.74952 0.0283133 0.724888 0.688285
1 21.3771 2.62101 1.76307 0.0174295 -0.529142 0.848354
1 6.89006 14.5725 1.60601 -0.0522009 0.285988 -0.95681
1 8.93761 7.13558 1.61017 0.497304 0.0738601 -0.864426
1 11.4707 0.545038 1.61506 -0.425943 -0.600216 -0.676988
1 24.2595 10.085 1.6068 0.036922 0.29691 -0.954191
1 21.132 21.1591 1.62843 0.331713 0.757267 -0.562595
1 22.1041 3.44087 1.76755 -0.248193 -0.434663 0.865718
1 7.71761 34.4494 1.6069 -0.469829 -0.0182498 -0.882569
1 3.46883 28.1145 1.75411 -0.100958 -0.526664 0.844057
1 21.0003 8.9445 1.76614 0.174402 0.753079 0.634394
1 30.6461 13.7619 1.72989 -0.21305 -0.607729 0.765033
1 15.7153 17.5999 1.75079 -0.667743 -0.281551 0.689092
1 26.6566 9.30182 1.60836 -0.0330868 -0.0653427 -0.997314
1 9.60837 34.203 1.61177 -0.476767 -0.356459 -0.803511
1 26.1527 10.0982 1.60747 0.0817849 0.00069071 -0.99665
1 3.49037 24.8773 1.68855 0.538499 -0.431818 0.723569
1 9.03348 12.9471 1.60738 -0.229051 -0.0517378 -0.972038
1 12.4206 23.4515 1.61578 0.0455592 0.621235 -0.782299
1 5.1011 11.979 1.61949 -0.322287 0.687028 -0.651248
1 7.87437 4.51348 1.60737 0.141046 0.132508 -0.981095
1 31.2026 30.5793 1.60671 0.456627 0.24835 -0.854291
1 32.3781 7.7828 1.603 0.573728 0.344403 -0.743117
1 16.0605 12.1178 1.75689 -0.0820973 -0.203609 0.975604
1 27.2633 10.0642 1.60935 0.0907366 -0.171538 -0.98099
1 31.131 33.1382 1.74891 0.356081 0.668687 0.652736
1 17.5021 22.1376 1.60796 -0.156233 -0.16935 -0.973094
1 33.721 11.5616 1.75936 0.151191 -0.161251 0.975264
1 24.8187 27.6363 1.75946 -0.0958532 -0.0505266 0.994112
1 26.8505 6.62784 1.60994 -0.491358 -0.0532737 -0.869327
1 29.9154 19.688 1.60765 0.151757 -0.410163 -0.899298
1 20.3159 31.3387 1.75386 0.191338 0.466572 0.863539
1 22.5596 5.72956 1.61276 -0.573381 0.601664 -0.556088
1 26.9768 7.55067 1.61112 -0.318376 -0.0893693 -0.943742
1 14.7819 24.2882 1.60957 0.197951 0.227657 -0.953408
1 31.1371 31.6594 1.62811 0.606184 0.453143 -0.653608
1 25.4447 34.171 1.7563 0.24071 -0.148286 0.959203
1 31.1801 14.9643 1.74233 -0.493707 -0.550498 0.673205
1 6.52737 26.6455 1.75966 0.157126 -0.112472 0.981153
1 24.3892 3.59999 1.75072 -0.432119 -0.180469 0.883574
1 10.0487 6.71456 1.60919 0.438219 -0.104428 -0.892782
1 33.5355 8.9155 1.7661 0.740278 -0.188628 0.645297
1 29.912 28.0529 1.61587 0.0965656 0.485997 -0.868609
1 24.8409 7.15983 1.61264 -0.366875 0.227984 -0.901901
1 27.4123 28.9207 1.75354 -0.269674 0.37962 0.884966
1 0.817489 7.45451 1.61272 0.429517 -0.177116 -0.88552
1 9.46888 27.3828 1.75814 0.0562578 0.322015 0.945062
1 15.1411 7.25329 1.73766 0.453404 -0.389687 0.801604
1 27.1417 12.639 1.63329 0.489685 -0.226911 -0.841855
1 33.4638 17.381 1.75948 0.676563 -0.428174 0.599107
1 2.62399 9.745 1.74321 0.374526 0.446401 0.812684
1 22.0792 11.9324 1.61438 0.245919 0.64887 -0.720064
1 27.2461 13.6178 1.69462 0.600374 -0.420842 -0.680032
1 14.449 12.4998 1.7653 -0.17007 -0.507639 0.844618
1 19.6907 30.3191 1.75501 0.351328 0.387473 0.852311
1 2.69749 5.35904 1.61035 -0.07379 -0.515865 -0.853486
1 5.47062 28.8938 1.758 -0.21112 -0.217582 0.952936
1 0.796892 33.6894 1.72346 0.839491 -0.125241 0.528744
1 26.0141 16.1194 1.61067 -0.451313 0.237034 -0.860309
1 6.14992 27.5934 1.75835 0.000556277 -0.141926 0.989877
1 4.5391 22.364 1.76489 -0.319607 0.396192 0.860746
1 24.4225 1.44326 1.75894 -0.0408826 -0.241097 0.96964
1 3.94634 20.3486 1.75974 0.135536 0.3182 0.938285
1 14.886 18.8458 1.62007 -0.693375 0.235392 -0.681045
1 6.42334 25.6425 1.75449 0.300076 -0.157945 0.940749
1 24.4133 6.26914 1.61045 -0.512037 0.27769 -0.812838
1 19.8022 33.105 1.76032 -0.0937294 0.406329 0.908907
1 3.47837 9.27244 1.76878 0.358121 0.61728 0.700511
1 15.7394 24.1218 1.60883 0.17175 0.0881235 -0.981191
1 33.4524 24.5249 1.61268 -0.576776 -0.259017 -0.774751
1 33.0136 30.9643 1.61626 0.470962 -0.0323462 -0.88156
1 5.28625 7.04062 1.63112 0.284826 0.725949 -0.625997
1 10.9416 31.6009 1.74627 0.441634 -0.715823 0.540886
1 27.918 5.09052 1.62329 -0.720417 -0.196454 -0.665136
1 28.2774 16.5652 1.60743 -0.363568 -0.128144 -0.922712
1 3.84631 32.5826 1.74027 0.441523 0.503266 0.742819
1 33.7513 26.7775 1.61057 -0.179533 -0.278281 -0.943572
1 4.42759 26.396 1.7554 0.212487 -0.389872 0.896019
1 0.831114 19.5578 1.75918 0.245643 -0.208791 0.946608
1 33.8034 1.23045 1.61696 -0.505662 0.135153 -0.85208
1 0.311248 14.3264 1.76092 -0.339966 0.0968757 0.935435
1 22.5317 2.4554 1.74608 -0.0744573 -0.445383 0.892239
1 20.9106 7.22458 1.76693 0.280946 0.701272 0.6552
1 14.8591 16.5627 1.77845 -0.521671 -0.511661 0.682688
1 10.4045 1.85657 1.61153 -0.207624 -0.290082 -0.934208
1 0.178236 31.6274 1.61002 0.483251 -0.363795 -0.796318
1 27.5379 34.1727 1.76068 0.212043 0.161354 0.963848
1 28.2644 10.0049 1.60702 0.089878 -0.346448 -0.933753
1 23.3306 10.2786 1.61193 0.0309485 0.442082 -0.896441
1 26.3639 28.9575 1.75897 -0.325509 0.198708 0.924424
1 28.4051 27.913 1.76818 -0.00114408 0.619751 0.784798
1 17.1481 1.09317 1.755 -0.37441 -0.0137494 0.927161
1 33.8238 6.37882 1.6121 0.289532 0.0796125 -0.953852
1 10.7002 19.1829 1.60762 0.446163 -0.216828 -0.868288
1 34.4236 19.7492 1.75927 0.206066 -0.39356 0.895906
1 13.4806 12.6035 1.74666 -0.316294 -0.662678 0.678834
1 34.0879 23.6447 1.75369 -0.625962 -0.413194 0.661394
1 18.3636 9.3737 1.76065 0.17765 0.173493 0.96868
1 16.5869 5.69987 1.76024 0.658412 -0.193531 0.727351
1 14.08 16.917 1.59883 -0.132834 -0.822554 -0.552955
1 10.4555 18.2238 1.61096 0.324773 -0.160678 -0.932043
1 20.7832 30.4571 1.7678 0.314978 0.570262 0.758677
1 30.9911 26.1386 1.60766 -0.163404 0.228676 -0.959691
1 10.034 5.72685 1.60662 0.27939 -0.122279 -0.95236
1 24.7917 33.4717 1.75436 0.359147 -0.27582 0.891592
1 33.0834 12.4454 1.75739 0.00456135 -0.252683 0.967538
1 2.88534 13.5564 1.73715 -0.163953 0.578082 0.799337
1 11.2327 26.5085 1.75935 0.207393 0.587705 0.782043
1 11.3742 5.03646 1.61107 0.150001 -0.34034 -0.928261
1 27.8201 21.584 1.61035 0.459641 -0.0243795 -0.88777
1 0.462365 16.9841 1.74018 0.768375 -0.182673 0.613376
1 4.31999 27.479 1.75787 0.0239958 -0.395324 0.918228
1 10.019 12.9652 1.60969 -0.220382 -0.20262 -0.954137
1 24.3506 29.6873 1.75667 -0.4506 -0.157041 0.878805
1 16.7349 23.9889 1.60773 0.154707 -0.0531878 -0.986528
1 27.4795 27.8328 1.76108 -0.0721748 0.42818 0.900807
1 30.1208 32.1286 1.75307 0.552795 0.475458 0.684367
1 14.8794 13.66 1.7547 -0.285038 -0.445248 0.848827
1 8.58531 26.8349 1.7592 0.131535 0.177041 0.975374
1 15.6575 9.04031 1.7596 0.243546 -0.288293 0.926052
1 12.1853 7.33277 1.61351 0.47863 -0.416694 -0.772838
1 21.2328 34.1644 1.66651 -0.361985 0.642816 0.675096
1 4.24549 6.61042 1.59962 0.030565 -0.780767 -0.624074
1 12.2758 8.45645 1.61049 0.619727 -0.507813 -0.598385
1 4.0965 19.3484 1.75472 0.333038 0.364966 0.869417
1 16.7485 29.8627 1.76076 0.400879 -0.0253815 0.915779
1 32.0751 3.50535 1.61163 -0.182733 0.36123 -0.914397
1 6.96011 30.2769 1.75865 -0.425108 0.00126183 0.905142
1 19.5905 34.1831 1.75598 -0.222449 0.363828 0.904514
1 27.3495 24.6009 1.75145 0.554191 0.309729 0.772619
1 2.69952 10.9187 1.7459 0.185922 0.461726 0.867319
1 30.909 27.8223 1.61514 0.0147594 0.297612 -0.954573
1 7.31011 18.007 1.60874 0.35196 0.313259 -0.882039
1 23.166 3.95916 1.76858 -0.513997 -0.27807 0.811471
1 7.72228 7.2667 1.61152 0.523811 0.268682 -0.808351
1 9.63269 19.6582 1.6057 0.525074 -0.0565144 -0.849178
1 6.03283 15.0775 1.61248 -0.0289812 0.442651 -0.896226
1 26.9695 20.8178 1.60853 0.317271 0.0682984 -0.945872
1 25.6931 9.1094 1.6082 -0.0638134 0.0857519 -0.994271
1 17.0826 12.3661 1.76041 -0.0632039 -0.0434935 0.997052
1 4.56843 25.2695 1.75582 0.453295 -0.322251 0.831071
1 22.8924 30.5698 1.76346 -0.514683 -0.55865 0.650393
1 1.39446 6.50652 1.61125 0.220509 -0.280222 -0.934265
1 1.30336 24.9352 1.65115 0.736133 0.328694 -0.591666
1 0.812725 27.2178 1.618 -0.13026 -0.571515 -0.810187
1 34.3172 17.9414 1.7397 0.558106 -0.337242 0.758146
1 10.2444 16.1672 1.60767 0.0906798 -0.152141 -0.98419
1 4.49628 9.95987 1.76769 0.156146 0.814008 0.559472
1 15.2212 1.26237 1.75252 -0.401096 -0.316683 0.859555
1 27.7228 9.17651 1.60929 -0.0405526 -0.233315 -0.971555
1 13.515 29.962 1.75594 0.375037 -0.447477 0.811857
1 6.63622 12.609 1.61392 -0.269991 0.352541 -0.896002
1 32.8359 4.06913 1.60897 -0.0952319 0.227714 -0.96906
1 21.6924 30.3025 1.703 0.332026 0.730434 0.596846
1 19.0953 21.2597 1.62017 -0.301599 -0.435793 -0.848011
1 10.4681 20.236 1.61328 0.594323 -0.210697 -0.776136
1 33.684 34.2342 1.60492 -0.661667 0.362397 -0.656403
1 31.9593 26.1582 1.6141 -0.205193 0.0432225 -0.977767
1 27.3688 18.9589 1.60708 0.0172972 -0.017531 -0.999697
1 8.0063 9.41829 1.61391 -0.715297 0.121456 -0.688185
1 20.6195 11.8213 1.74277 -0.0884321 0.557775 0.825268
1 22.619 13.1171 1.62193 0.474429 0.46608 -0.746785
1 22.4333 33.2947 1.75474 -0.235344 0.779851 0.580039
1 29.8581 22.9554 1.61038 0.617191 -0.322247 -0.717797
1 2.04589 15.6967 1.75124 -0.615822 0.360786 0.700426
1 1.81488 11.2898 1.75637 0.154084 0.297356 0.942251
1 5.39006 21.6443 1.7636 -0.122946 0.531335 0.838193
1 21.8989 8.79538 1.59965 -0.115771 0.754402 -0.646123
1 9.97027 30.1402 1.73738 -0.383411 0.421909 0.821577
1 33.5036 27.8145 1.60812 -0.0226198 -0.20857 -0.977746
1 7.15023 27.5049 1.75999 0.0229809 0.00228142 0.999733
1 4.5199 4.88179 1.7339 0.492441 0.6443 -0.585132
1 17.6028 8.3735 1.75952 0.275136 0.0436171 0.960416
1 29.3194 16.9059 1.60846 -0.308115 -0.300954 -0.902492
1 5.64688 22.708 1.76069 -0.381386 0.537684 0.751958
1 17.0392 32.8735 1.75989 -0.00257508 0.0100996 0.999946
1 24.0478 24.98 1.75892 0.357339 -0.186863 0.915091
1 25.455 25.7064 1.75636 0.286888 0.027424 0.957571
1 10.5833 11.2859 1.61341 -0.468168 -0.276838 -0.839154
1 8.81133 4.19284 1.60689 0.0995021 -0.0021136 -0.995035
1 0.41441 20.5519 1.75991 0.0638186 -0.285554 0.956235
1 13.329 25.5713 1.61785 0.434481 0.451064 -0.779594
1 23.7364 7.26366 1.61571 -0.371109 0.402643 -0.836753
1 13.7087 11.4278 1.75272 -0.118409 -0.57331 0.810737
1 29.8548 18.6323 1.61113 -0.0208549 -0.405127 -0.914023
1 2.39218 23.8319 1.75171 -0.537419 0.0600706 0.841173
1 20.9887 22.9702 1.61478 -0.199351 -0.736995 -0.645831
1 11.607 22.6631 1.77277 0.150781 -0.747228 0.647237
1 18.236 2.65745 1.76108 -0.573277 0.18475 0.798261
1 4.90657 20.6489 1.7572 0.100111 0.478423 0.872404
1 7.96785 0.752006 1.60634 -0.332719 -0.0367763 -0.942308
1 30.9414 5.0028 1.61478 0.110301 0.555136 -0.824413
1 13.0563 29.0694 1.74704 0.501832 -0.535299 0.679426
1 7.22241 16.734 1.60847 0.188642 0.287352 -0.939065
1 29.3425 15.8486 1.6067 -0.484676 -0.293809 -0.823872
1 5.86436 10.7227 1.60727 -0.46686 0.472663 -0.747416
1 11.0369 2.79398 1.6222 -0.111624 -0.359278 -0.926531
1 32.3911 31.7431 1.60254 0.5656 0.180454 -0.804695
1 18.6036 34.2503 1.75497 -0.185457 0.220117 0.957682
1 28.0256 20.6026 1.60806 0.291361 -0.0866625 -0.95268
1 6.12945 11.7596 1.61525 -0.341339 0.47467 -0.811281
1 5.25163 18.0607 1.61373 0.455378 0.680533 -0.574026
1 32.3608 32.6924 1.76343 -0.72267 -0.221674 0.654682
1 0.397158 6.50874 1.61078 0.28163 -0.100612 -0.954234
1 31.0266 22.2748 1.60684 0.470231 -0.559547 -0.682488
1 15.1752 3.17003 1.74832 -0.561589 -0.513913 0.648469
1 26.5278 27.9943 1.7597 -0.139613 0.2454 0.959316
1 3.75459 2.33545 1.62527 0.141586 0.597629 -0.789172
1 32.6829 25.1883 1.61245 -0.414936 -0.113006 -0.902806
1 9.99624 7.68294 1.60996 0.603402 -0.0698431 -0.794372
1 24.2779 21.0898 1.61743 0.338996 0.328134 -0.881708
1 33.296 29.9429 1.60893 0.307432 -0.124977 -0.943327
1 28.7387 10.9393 1.60642 0.242134 -0.462884 -0.852707
1 30.1557 9.84876 1.61129 0.106466 -0.662403 -0.741544
1 8.68705 13.8932 1.60619 -0.111069 0.0158233 -0.993687
1 26.0685 14.3399 1.62426 0.742895 -0.203293 -0.637792
1 32.3779 16.139 1.75541 -0.64839 -0.381554 0.658792
1 9.93517 8.63075 1.6097 0.759631 0.00120553 -0.650353
1 19.5572 8.64312 1.75424 0.23328 0.36838 0.899931
1 21.9524 0.0466259 1.59512 -0.544463 0.680984 0.489715
1 1.1766 23.9038 1.7253 -0.587872 -0.161699 0.792628
1 7.5915 26.6057 1.76021 0.161329 0.0380129 0.986168
1 16.7817 27.9677 1.74849 0.688844 -0.00142325 0.724908
1 11.0109 20.9706 1.67111 0.670216 -0.349863 -0.654527
1 20.1395 13.2292 1.75627 0.00754162 0.412633 0.910866
1 1.0487 29.331 1.62049 0.163424 -0.639182 -0.751491
1 26.3606 25.1997 1.75055 0.425281 0.162526 0.890349
1 4.77749 29.648 1.75508 -0.350713 -0.308932 0.884059
1 32.2426 21.6587 1.76577 -0.127155 -0.778196 0.615014
1 4.96556 33.5362 1.60429 -0.552229 0.434289 -0.711643
1 27.2563 2.34941 1.75648 -0.292289 0.189664 0.937334
1 7.27608 10.4281 1.59902 -0.559937 0.235703 -0.794301
1 26.7938 15.1955 1.62988 -0.613364 0.196757 -0.764899
1 13.6887 31.9835 1.7554 0.0450568 -0.434646 0.899474
1 5.21807 14.5192 1.6143 -0.151059 0.572697 -0.805729
1 32.8522 1.89848 1.6083 -0.387346 0.2686 -0.88194
1 16.4785 15.1538 1.76164 -0.347309 -0.17653 0.920985
1 16.3999 9.75802 1.75919 0.141947 -0.165504 0.97594
1 6.61237 34.6096 1.60381 -0.425067 0.144161 -0.893608
1 8.70163 1.45117 1.60682 -0.236644 -0.112709 -0.965037
1 16.8725 2.82579 1.75095 -0.599236 -0.106641 0.793438
1 21.9867 19.2122 1.60316 -0.0937498 0.659228 -0.746076
1 31.3923 29.5845 1.61148 0.278003 0.188147 -0.941974
1 14.1315 5.72306 1.60762 0.223703 -0.742311 -0.631611
1 11.3817 32.9388 1.72374 -0.0996572 -0.773005 0.626524
1 23.4515 3.00139 1.75575 -0.294256 -0.329615 0.897088
1 16.07 23.1919 1.60797 0.0158915 0.039722 -0.999084
1 27.2135 19.9009 1.60771 0.165468 0.0138532 -0.986118
1 26.1946 19.9479 1.607 0.148664 0.138784 -0.979101
1 15.1242 20.8256 1.61147 -0.371092 0.1969 -0.907481
1 16.3685 18.716 1.61749 -0.792822 -0.0659739 -0.605872
1 7.73641 31.0308 1.75484 -0.569995 0.0878403 0.816939
1 14.647 4.24066 1.57672 -0.121644 -0.864387 -0.487891
1 1.77893 22.0923 1.76029 -0.218221 -0.0587754 0.974128
1 13.0206 0.69161 1.77773 -0.557039 -0.481729 0.676494
1 14.3849 1.79329 1.75347 -0.48354 -0.480371 0.731732
1 18.0737 12.5716 1.75818 -0.046961 0.0973556 0.994141
1 3.36453 18.3707 1.75287 0.466001 0.262893 0.844826
1 27.7548 3.16415 1.75556 -0.475143 0.197804 0.857387
1 19.1681 7.51593 1.75664 0.362856 0.317941 0.875927
1 24.465 25.8814 1.75945 0.203807 -0.124145 0.971108
1 1.08785 2.41579 1.61977 -0.449456 -0.295284 -0.843088
1 5.90077 24.7893 1.75378 0.464676 -0.272213 0.842601
1 22.6829 9.45432 1.62107 -0.0797548 0.581601 -0.809555
1 1.33112 14.16 1.76105 -0.322953 0.270922 0.906809
1 0.310798 18.7089 1.75601 0.397862 -0.289649 0.870522
1 14.6301 21.7409 1.60892 -0.222445 0.25681 -0.940514
1 23.5199 18.3766 1.61321 -0.134023 0.448628 -0.883612
1 17.5684 15.2453 1.75952 -0.344329 0.00214767 0.938847
1 32.819 14.2459 1.75827 -0.321476 -0.260049 0.91051
1 21.2385 13.4526 1.75896 0.14409 0.597327 0.788948
1 26.1284 24.2372 1.76096 0.616625 0.121894 0.777763
1 21.955 10.4437 1.60701 0.0199147 0.746593 -0.664983
1 26.3914 4.82494 1.6546 -0.822542 -0.0347308 -0.567643
1 6.34647 29.4478 1.76103 -0.295071 -0.0986374 0.95037
1 2.48853 20.3059 1.75951 0.120276 0.0780654 0.989666
1 10.7925 12.3233 1.61019 -0.324793 -0.336124 -0.884042
1 9.46316 18.7109 1.61252 0.417565 -0.0251431 -0.908299
1 16.9123 26.6106 1.6042 0.662936 -0.0557237 -0.7466
1 2.05269 16.8696 1.74445 0.74578 0.0214346 0.665848
1 7.49948 2.66389 1.60772 -0.0574976 0.109579 -0.992314
1 11.9934 2.89031 1.63175 -0.150349 -0.494548 -0.856048
1 15.66 31.5238 1.75955 0.152969 -0.163753 0.974569
1 16.6269 8.64675 1.75879 0.262506 -0.123348 0.957014
1 22.7793 11.186 1.61209 0.133296 0.54817 -0.825677
1 30.434 12.4028 1.75255 0.0358609 -0.693165 0.719886
1 28.0546 1.65132 1.75783 -0.169401 0.28908 0.942197
1 3.43119 23.2831 1.7472 -0.417836 0.218877 0.881763
1 32.0721 6.7261 1.60833 0.382443 0.331073 -0.862629
1 29.1927 33.613 1.75602 0.284539 0.38478 0.878056
1 1.55509 9.16172 1.74605 0.532276 0.243201 0.810886
1 6.47382 7.2043 1.61155 0.492222 0.471011 -0.732029
1 16.5419 16.9104 1.73314 -0.571779 -0.167816 0.803061
1 18.608 6.50846 1.75686 0.506599 0.208412 0.836613
1 9.1073 29.6603 1.75374 -0.306706 0.286932 0.907525
1 19.6358 11.817 1.75097 -6.59547e-05 0.386747 0.922186
1 4.13619 34.5497 1.61423 -0.254475 0.451359 -0.855288
1 34.4886 13.4351 1.7586 -0.188461 0.00373902 0.982074
1 1.05709 17.7769 1.74597 0.590103 -0.164599 0.790371
1 16.4961 30.8726 1.75567 0.239051 -0.0686036 0.968581
1 11.8918 6.30929 1.60956 0.308918 -0.390342 -0.867296
1 0.031647 26.3417 1.61095 -0.273665 -0.450041 -0.850042
1 27.1669 16.1084 1.61207 -0.453243 0.0645094 -0.88905
1 14.1578 0.55007 1.75605 -0.338129 -0.399854 0.851931
1 21.819 5.2051 1.77233 -0.414185 0.515644 0.750041
1 7.45631 25.6162 1.7572 0.301231 -0.0124224 0.95347
1 13.9068 26.6669 1.61023 0.64797 0.318796 -0.691739
1 29.7349 25.8107 1.61082 -0.198041 0.434714 -0.878523
1 5.42226 16.9127 1.60732 0.272724 0.562494 -0.780527
1 6.97285 6.30164 1.61233 0.360333 0.355421 -0.862459
1 2.62661 1.187 1.78187 -0.137288 -0.626736 0.767042
1 27.0281 11.7224 1.62127 0.344201 -0.166324 -0.924047
1 18.2714 1.37453 1.75405 -0.421891 0.16576 0.891365
1 33.4078 10.5974 1.75508 0.336684 -0.216544 0.91638
1 27.9168 7.10853 1.61268 -0.384928 -0.229805 -0.893879
1 4.45396 28.5718 1.75692 -0.169614 -0.372929 0.912226
1 16.951 14.2678 1.7602 -0.245739 -0.0880873 0.965325
1 24.7052 10.9964 1.60912 0.181808 0.211874 -0.960237
1 1.06783 21.3395 1.7596 -0.0822968 -0.172167 0.981624
1 10.7739 3.81991 1.61061 0.0287793 -0.287239 -0.957427
1 5.17045 19.5878 1.7589 0.313182 0.53513 0.784572
1 33.7233 25.622 1.61281 -0.376487 -0.306114 -0.874386
1 10.8705 15.3478 1.60984 0.0043059 -0.281199 -0.95964
1 2.21637 32.7077 1.59875 0.670233 -0.0206924 -0.741863
1 32.8625 0.761042 1.60693 -0.509171 0.363374 -0.780195
1 17.5693 30.5035 1.75878 0.30179 0.0704156 0.95077
1 22.4963 26.0138 1.75633 0.133294 -0.448962 0.883553
1 1.6115 28.112 1.61379 -0.0681971 -0.771335 -0.632765
1 2.75535 2.66555 1.6205 0.475258 0.704255 -0.527404
1 13.207 24.2997 1.61156 0.209494 0.510224 -0.834136
1 18.7577 32.2173 1.759 0.0622108 0.239697 0.968853
1 28.1208 14.731 1.73995 -0.621598 0.0367947 -0.782472
1 17.0719 16.0948 1.75862 -0.461463 -0.0863545 0.882947
1 11.4656 14.4016 1.60843 -0.104253 -0.42775 -0.897865
1 14.5332 10.7383 1.75603 0.0222463 -0.464992 0.885036
1 28.9008 21.2851 1.61151 0.39243 -0.198496 -0.898108
1 5.90362 20.5954 1.75515 0.126565 0.638869 0.758833
1 28.8162 30.0016 1.5948 0.485087 -0.52581 -0.698723
1 2.71651 21.8025 1.7577 -0.147149 0.10832 0.983165
1 29.7846 7.70079 1.60625 -0.327467 -0.533546 -0.779804
1 11.4474 1.78274 1.61258 -0.293067 -0.418154 -0.859802
1 18.3948 17.9706 1.75789 -0.683249 0.114966 0.721078
1 19.3988 14.0157 1.76137 -0.130986 0.298367 0.94542
1 17.8188 17.0448 1.75151 -0.55515 0.0249467 0.831376
1 13.5837 21.8586 1.61314 -0.207891 0.430748 -0.878202
1 10.0983 2.98903 1.6085 -0.0603419 -0.220152 -0.973597
1 1.86469 19.5468 1.76091 0.257387 -0.0215702 0.966068
1 9.63647 13.9052 1.61052 -0.105314 -0.121886 -0.986941
1 1.56027 23.055 1.76095 -0.416198 -0.10151 0.90359
1 0.937425 13.2902 1.75796 -0.182661 0.182529 0.966084
1 11.2415 16.3903 1.60911 0.0972989 -0.314163 -0.94437
1 23.9355 5.24685 1.60979 -0.680215 0.321754 -0.658622
1 7.77422 14.1726 1.60538 -0.0861836 0.146934 -0.985385
1 14.5474 25.9141 1.61217 0.512519 0.233777 -0.82624
1 18.5305 22.0382 1.60856 -0.171724 -0.328695 -0.928693
1 16.4635 22.2837 1.60759 -0.137387 -0.0152932 -0.990399
1 20.291 5.86276 1.69703 0.5326 0.539451 0.652174
1 31.0275 6.18836 1.61924 0.369733 0.515559 -0.772979
1 12.6982 4.14847 1.60713 -0.0420693 -0.549541 -0.834407
1 26.2386 2.19888 1.7585 -0.253844 0.0490456 0.966001
1 6.47486 21.5396 1.5889 0.0718041 -0.704397 -0.706165
1 10.8771 23.98 1.76012 0.559243 0.562715 0.608769
1 29.6013 8.80118 1.60966 -0.110136 -0.541792 -0.833265
1 25.5639 28.3479 1.75907 -0.210687 0.0772496 0.974496
1 33.6124 31.9689 1.60694 0.595144 -0.103895 -0.796875
1 28.5218 34.4176 1.76011 0.153388 0.316031 0.936267
1 32.7694 11.4513 1.75906 0.184952 -0.311414 0.932102
1 12.9721 31.0531 1.76181 0.201158 -0.528288 0.824892
1 2.48421 18.8137 1.7594 0.391676 0.0935405 0.915336
1 11.0739 7.12333 1.61233 0.468954 -0.249322 -0.847302
1 7.90653 32.7935 1.61516 -0.768919 -0.0561311 -0.636877
1 19.0272 0.546821 1.75476 -0.332991 0.277719 0.901104
1 34.4821 0.340186 1.59854 -0.654612 0.0769276 -0.752041
1 18.7825 23.7651 1.61084 0.120011 -0.361773 -0.924509
1 1.39634 20.3945 1.75996 0.0973102 -0.109474 0.989215
1 15.7556 30.267 1.76444 0.33442 -0.150957 0.930256
1 1.59192 12.4543 1.75624 -0.0361107 0.262978 0.964126
1 4.88947 1.10755 1.60983 -0.169932 0.362639 -0.916306
1 26.3085 17.0141 1.6091 -0.319648 0.134898 -0.937885
1 0.808228 5.55135 1.60987 0.0965299 -0.193001 -0.976439
1 16.8455 21.3451 1.60716 -0.295085 -0.0739273 -0.952607
1 20.7933 5.04034 1.60577 0.411533 0.683582 -0.60279
1 5.41335 26.8623 1.76109 0.116713 -0.25838 0.958967
1 2.52138 27.3502 1.75838 -0.00715704 -0.705502 0.708672
1 23.6576 17.2742 1.61636 -0.326656 0.405769 -0.853609
1 3.57657 25.8805 1.75568 0.323383 -0.482889 0.813782
1 30.4032 34.5847 1.75364 0.0414307 0.629323 0.776039
1 13.3987 33.1489 1.75934 -0.136206 -0.474717 0.869536
1 30.3528 26.9574 1.61091 -0.08349 0.433865 -0.897101
1 3.18117 0.37715 1.6026 -0.0998759 0.577934 -0.809949
1 9.45332 2.17322 1.60831 -0.144435 -0.163135 -0.975974
1 19.0655 10.836 1.75361 0.112761 0.312195 0.943302
1 17.2042 20.3734 1.60883 -0.462685 -0.137209 -0.87584
1 17.4923 19.4749 1.62763 -0.615618 -0.200842 -0.762021
1 7.61843 28.3671 1.75922 -0.107209 0.0612972 0.992345
1 34.4826 5.70909 1.60927 0.149758 -0.0279587 -0.988327
1 18.6457 11.756 1.75391 0.0296496 0.213204 0.976558
1 9.36092 33.0408 1.61736 -0.657059 -0.319892 -0.6826
1 25.9268 7.253 1.61031 -0.347442 0.0657942 -0.93539
1 8.70255 8.07918 1.61522 0.630654 0.12067 -0.766625
1 15.4802 28.4792 1.75202 0.655611 -0.154225 0.739181
1 32.3636 29.2541 1.60819 0.205671 0.0149258 -0.978507
1 12.5942 1.8066 1.63241 -0.421442 -0.544401 -0.725268
1 33.8618 3.28375 1.6105 -0.220739 0.0434418 -0.974365
1 18.2521 31.2943 1.76048 0.18945 0.166667 0.967642
1 32.3861 13.2942 1.75865 -0.139652 -0.344031 0.928515
1 8.07525 17.4396 1.61052 0.267296 0.188086 -0.94508
1 7.49625 5.4462 1.60972 0.235905 0.241995 -0.941163
1 33.6091 5.28816 1.60987 0.0920597 0.111403 -0.989502
1 10.6624 17.2375 1.61247 0.191346 -0.193219 -0.962317
1 23.3682 6.27436 1.77155 0.514964 -0.467764 0.718338
1 7.65912 12.2679 1.60999 -0.316466 0.184038 -0.93058
1 24.1009 30.6619 1.74945 -0.59984 -0.271105 0.752791
1 2.21186 14.5759 1.75592 -0.383066 0.444096 0.809962
1 34.2082 28.5747 1.60789 0.0833834 -0.331309 -0.93983
1 29.7583 1.11859 1.74561 -0.140406 0.539005 0.830518
1 25.3865 2.89581 1.75695 -0.369907 -0.0601706 0.927118
1 28.0249 32.3874 1.75996 0.581611 0.0638389 0.810958
1 28.3352 4.02781 1.74661 -0.664421 0.227523 0.711884
1 19.0494 17.0681 1.75597 -0.525776 0.215193 0.822953
1 26.5196 34.0443 1.76021 0.245676 0.00443624 0.969342
1 20.21 16.6809 1.75066 -0.45372 0.436088 0.777153
1 5.38436 25.8331 1.75441 0.275061 -0.272653 0.921955
1 17.2599 31.4485 1.75877 0.158305 0.0246141 0.987083
1 34.5379 15.2533 1.7511 -0.519561 0.0515516 0.852877
1 0.0939094 3.80768 1.61021 -0.165302 -0.114709 -0.979549
1 19.5061 2.54978 1.7362 -0.624753 0.420345 0.658022
1 10.993 28.9178 1.75826 -0.239831 0.57019 0.785726
1 32.1072 10.7804 1.75568 0.330156 -0.401185 0.854428
1 23.4424 22.6654 1.60494 0.633528 0.385273 -0.670974
1 6.64444 19.7221 1.62646 0.557421 0.597551 -0.57638
1 23.584 1.97326 1.76034 -0.096211 -0.338555 0.936015
1 20.777 25.859 1.59762 -0.213717 0.747175 -0.629329
1 14.2801 28.9726 1.7545 0.527552 -0.326621 0.784224
1 25.8015 27.3599 1.75968 -0.0350688 0.111464 0.99315
1 12.6437 18.9791 1.61766 0.331109 -0.539353 -0.774252
1 4.17263 21.3939 1.7582 -0.0783623 0.368261 0.926414
1 9.59887 23.2619 1.74952 0.689007 0.258211 0.677198
1 9.12552 3.20156 1.60708 -0.0210833 -0.0785736 -0.996685
1 12.6621 10.7977 1.7509 -0.13069 -0.749261 0.649252
1 14.3469 32.8746 1.75846 -0.0524034 -0.34388 0.93755
1 17.8787 5.59586 1.75879 0.646042 0.0508956 0.761603
1 26.4157 32.3488 1.75831 0.554212 -0.0514146 0.830786
1 15.3048 32.518 1.76028 0.0240151 -0.204011 0.978674
1 32.474 20.1388 1.76117 0.100735 -0.756529 0.646155
1 3.45642 26.985 1.75303 0.104727 -0.528886 0.842207
1 5.88937 6.03103 1.61115 0.299152 0.508006 -0.807736
1 28.9215 6.80529 1.60936 -0.442055 -0.36722 -0.818374
1 2.29431 17.8365 1.75103 0.576589 0.0611237 0.814745
1 20.8056 28.8767 1.75179 0.611687 0.594303 0.522153
1 26.9248 3.94772 1.76304 -0.661479 0.0734313 0.74636
1 26.1222 13.3474 1.62086 0.594779 -0.128876 -0.793492
1 29.1543 17.9265 1.61015 -0.124942 -0.284523 -0.950493
1 5.18719 15.7316 1.60958 0.0587663 0.583664 -0.809866
1 26.1579 8.20934 1.60911 -0.188187 0.024026 -0.981839
1 31.3934 11.7326 1.76443 0.190378 -0.555381 0.809511
1 13.1319 16.8136 1.62302 0.0516626 -0.655459 -0.753462
1 13.9699 27.9936 1.76023 0.66731 -0.352183 0.656251
1 25.3267 21.6515 1.6192 0.413136 0.214604 -0.885022
1 31.6331 25.1354 1.61049 -0.349478 0.094252 -0.932192
1 15.9357 25.9351 1.62934 0.517267 0.0850445 -0.851588
1 4.48585 18.4596 1.76616 0.506438 0.474604 0.719911
1 2.93009 30.2307 1.7593 -0.409191 -0.642358 0.648026
1 8.87881 24.0203 1.75454 0.589162 0.124966 0.798293
1 28.1145 11.9307 1.60686 0.386896 -0.365764 -0.84648
1 21.8088 7.17399 1.6002 -0.262801 0.787688 -0.55721
1 17.799 32.2395 1.75923 0.0668582 0.104533 0.992272
1 5.60733 12.9889 1.60783 -0.232698 0.534647 -0.812407
1 25.8972 33.2418 1.75944 0.3986 -0.105274 0.911063
1 22.7925 20.4417 1.61984 0.202649 0.53668 -0.81909
1 11.4052 27.7434 1.75442 -0.0162463 0.602707 0.797797
1 19.7028 32.0892 1.75438 0.0647308 0.367716 0.927682
1 29.2048 32.5737 1.76075 0.488695 0.313403 0.814221
1 25.2823 1.9199 1.75819 -0.171075 -0.0992906 0.980242
1 14.7959 15.4815 1.71536 -0.384592 -0.47769 0.789874
1 22.9323 0.155407 1.75754 0.265179 -0.569999 0.777677
1 7.29329 18.9826 1.77829 -0.499661 -0.357659 0.788935
1 17.8494 3.63386 1.75902 -0.714572 0.0495335 0.697806
1 8.47507 33.7274 1.60853 -0.589683 -0.151098 -0.793375
1 15.4512 12.8742 1.75523 -0.178732 -0.325963 0.928334
1 26.0946 26.4222 1.75868 0.144352 0.130984 0.980819
1 7.66968 23.7716 1.75361 0.63257 -0.13481 0.76268
1 9.75713 11.9673 1.60931 -0.356068 -0.149383 -0.922443
1 31.0724 24.1584 1.61313 -0.488599 0.22861 -0.842026
1 3.67064 5.16264 1.61003 -0.188567 -0.692388 -0.696449
1 26.9908 26.0464 1.75978 0.239434 0.258648 0.935827
1 13.1578 34.234 1.75524 -0.338935 -0.501443 0.796039
1 29.2169 9.87902 1.60757 0.0744571 -0.508394 -0.8579
1 14.2541 22.7028 1.608 -0.0632503 0.313231 -0.947568
1 10.5044 14.3486 1.60741 -0.0964183 -0.257639 -0.961419
1 9.56184 0.985293 1.60609 -0.287943 -0.272952 -0.917925
1 26.1721 1.25189 1.75919 -0.0729981 0.00632708 0.997312
1 15.0337 19.8532 1.60991 -0.531823 0.241238 -0.811769
1 28.4104 29.1239 1.76046 -0.273532 0.53894 0.796695
1 4.91004 3.3539 1.64368 0.195355 0.452619 -0.870042
1 26.8597 27.0384 1.75913 0.0439694 0.277578 0.959697
1 24.4146 2.5422 1.75696 -0.236187 -0.206661 0.949477
1 27.4084 18.0093 1.60725 -0.129755 -0.0242026 -0.991251
1 25.0634 15.606 1.6207 -0.68233 0.266131 -0.680882
1 8.93107 30.7427 1.75435 -0.505004 0.260786 0.822776
1 25.3624 29.376 1.7607 -0.396207 0.0286295 0.917715
1 20.1679 3.21678 1.76408 0.379747 -0.73803 0.557766
1 17.1311 10.4721 1.75907 0.104372 -0.0179434 0.994376
1 17.0055 7.52098 1.75921 0.391631 -0.0732524 0.917202
1 0.0537557 11.5819 1.75922 0.135591 -0.00691233 0.990741
1 31.3402 34.5591 1.76891 -0.0167941 0.771452 0.636065
1 30.1649 33.3653 1.76008 0.310541 0.53292 0.787122
1 24.6683 16.6556 1.61227 -0.472165 0.278189 -0.836463
1 6.14109 3.83328 1.60478 0.170411 0.325371 -0.930104
1 30.0261 5.29543 1.61732 0.298614 0.670364 -0.679295
1 9.09069 17.7936 1.60568 0.306929 0.0275151 -0.951335
1 33.4744 7.96237 1.77897 -0.66836 -0.0823251 0.739268
1 18.1243 10.4709 1.75988 0.113314 0.146215 0.982742
1 16.4614 32.0892 1.76046 0.0847434 -0.0745383 0.993611
1 33.1718 21.3517 1.75357 -0.105484 -0.620532 0.777054
1 12.5329 22.1731 1.61185 -0.165954 0.592901 -0.78799
1 22.7252 16.1342 1.76963 0.428083 -0.65974 0.617647
1 0.574719 16.0503 1.72987 -0.705744 0.126433 0.697095
1 15.3659 22.4351 1.60803 -0.111744 0.140609 -0.983739
1 7.15561 11.4507 1.60983 -0.403712 0.284101 -0.869657
1 25.1983 5.41352 1.62167 -0.640678 0.109437 -0.759971
1 9.20738 15.8983 1.60721 0.0784021 0.000285295 -0.996922
1 8.80129 0.165801 1.61017 -0.414594 -0.193111 -0.88928
1 25.1117 26.6544 1.76071 0.0847407 -0.0133264 0.996314
1 17.0329 17.8281 1.7692 -0.698516 -0.059966 0.713078
1 23.178 12.2825 1.6102 0.326477 0.426366 -0.843578
1 5.0913 30.9967 1.75274 -0.587937 -0.227964 0.77612
1 10.5462 33.8325 1.61515 -0.498287 -0.546111 -0.673404
1 25.1728 24.8167 1.75592 0.470873 -0.0207748 0.881956
1 7.38936 8.1786 1.62999 0.678942 0.29994 -0.670129
1 19.1218 5.62841 1.75952 0.599274 0.296889 0.743456
1 15.8698 15.9672 1.74942 -0.45373 -0.290672 0.8424
1 23.6032 24.0736 1.76139 0.509338 -0.239906 0.82645
1 21.3691 31.6094 1.761 0.117351 0.63574 0.762931
1 33.8449 2.25491 1.61352 -0.370296 0.0685614 -0.92638
1 3.39316 17.3368 1.75582 0.63714 0.30923 0.705995
1 5.37829 31.9951 1.75459 -0.762775 -0.105639 0.637978
1 21.8433 20.5023 1.59371 0.183817 0.67382 -0.715667
1 25.1826 23.0945 1.61564 0.807261 0.230115 -0.543486
1 1.2612 31.0819 1.61014 0.32612 -0.588948 -0.73945
1 4.93792 24.2538 1.65823 0.702733 -0.307595 0.641523
1 14.6518 29.9076 1.75586 0.381298 -0.292617 0.876919
1 29.4752 0.0478386 1.75425 0.0792933 0.472567 0.877721
1 17.3635 9.41684 1.75999 0.176982 0.00862553 0.984176
1 19.2916 19.8396 1.60732 -0.577388 -0.383829 -0.720623
1 28.8771 22.3113 1.61578 0.549483 -0.156672 -0.820684
1 3.14784 19.6143 1.75934 0.25125 0.195826 0.947906
1 31.5305 16.6927 1.62691 -0.428843 -0.650349 -0.627008
1 31.8417 4.56393 1.60865 -0.010026 0.408701 -0.912613
1 28.2914 18.5264 1.6078 -0.0388172 -0.1559 -0.98701
1 30.6148 25.2091 1.60756 -0.309477 0.28413 -0.907466
1 3.61064 10.6003 1.763 0.136031 0.642032 0.754513
1 20.0046 22.1454 1.61251 -0.18095 -0.543147 -0.819908
1 31.4055 20.8514 1.60233 0.257461 -0.739706 -0.621731
1 16.0604 33.1173 1.76146 -0.0395352 -0.118046 0.992221
1 6.20205 16.176 1.61234 0.118641 0.42932 -0.895326
1 0.530666 28.3703 1.62788 0.063998 -0.510436 -0.857531
1 33.4309 13.4013 1.75888 -0.171145 -0.170753 0.970336
1 33.8049 18.9815 1.74791 0.350389 -0.474426 0.807557
1 29.3122 14.7897 1.63786 -0.647919 -0.216057 -0.730425
1 10.0293 24.5189 1.75234 0.525798 0.363392 0.769079
1 16.1498 20.5986 1.61068 -0.429067 0.0288327 -0.902812
1 4.26507 15.2379 1.60306 -0.0619096 0.730422 -0.680185
1 8.78053 16.796 1.60895 0.177825 0.0708764 -0.981506
1 16.724 11.3898 1.7601 0.022563 -0.0938364 0.995332
1 13.5604 18.204 1.62208 0.165464 -0.696853 -0.697867
1 11.0666 30.0629 1.72178 -0.477571 0.569447 0.669071
1 25.5485 3.84617 1.75777 -0.577004 -0.0258381 0.816332
1 0.893849 4.52428 1.61174 -0.0762084 -0.245504 -0.966395
1 34.093 30.8196 1.61288 0.394437 -0.23762 -0.887669
1 13.7339 4.07045 1.68082 -0.069914 -0.717576 -0.692962
1 31.1262 3.85538 1.61247 -0.152864 0.530588 -0.833732
1 28.9515 1.97318 1.75609 -0.274771 0.410317 0.869564
1 31.8684 2.51109 1.61081 -0.342375 0.439515 -0.830425
1 9.11923 6.17663 1.60892 0.346027 0.0219301 -0.937968
1 22.842 1.38224 1.71203 0.0774879 -0.432322 0.898384
1 31.8451 5.65151 1.61121 0.195447 0.400334 -0.895284
1 10.9255 13.4309 1.60799 -0.201961 -0.357325 -0.911883
1 33.3979 20.1053 1.73821 0.133925 -0.585099 0.799827
1 2.0284 21.1386 1.75932 -0.0351843 -0.00429894 0.999372
1 13.9712 23.715 1.60655 0.108681 0.36462 -0.924792
1 17.9973 14.3641 1.75798 -0.23093 0.0706132 0.970405
1 33.4054 15.1663 1.75409 -0.489597 -0.145642 0.8597
1 21.5048 18.1437 1.61608 -0.350667 0.709874 -0.610828
1 27.8998 0.612169 1.75833 0.0147208 0.242935 0.969931
1 7.38401 29.3324 1.75844 -0.261763 0.042927 0.964177
1 21.55 32.9023 1.75756 -0.120857 0.669805 0.732636
1 13.9674 30.8849 1.75877 0.215242 -0.389912 0.895344
1 30.5764 8.66754 1.60481 -0.16535 -0.687537 -0.707073
1 1.99515 13.3403 1.75761 -0.170238 0.391556 0.904269
1 15.9204 34.306 1.75817 -0.176186 -0.150041 0.972855
1 32.823 6.0835 1.61088 0.255607 0.227824 -0.939554
1 3.22643 20.9835 1.75883 0.00443103 0.201719 0.979433
1 12.3718 33.2368 1.75434 -0.192811 -0.621104 0.75964
1 29.8992 20.7883 1.61177 0.315378 -0.371668 -0.873155
1 6.3363 32.9082 1.64681 -0.753197 0.161753 -0.637597
1 9.72478 17.0314 1.60913 0.1883 -0.0605705 -0.980242
1 32.8685 18.6888 1.74798 0.362156 -0.656125 0.662075
1 30.7144 1.16767 1.75119 -0.235312 0.680805 0.693637
1 24.2131 8.15055 1.61333 -0.229497 0.325656 -0.917213
1 26.5084 30.815 1.74507 -0.694872 0.229091 0.681667
1 29.8903 2.27446 1.74833 -0.379258 0.558601 0.73765
1 26.6721 21.7143 1.61418 0.46386 0.145442 -0.873888
1 7.68106 1.68775 1.60665 -0.191809 0.0315172 -0.980926
1 9.43077 26.2682 1.75747 0.229689 0.301814 0.925284
1 34.4945 27.5046 1.60928 -0.0747416 -0.402919 -0.912179
1 5.96271 33.9038 1.61747 -0.550509 0.225352 -0.803838
1 13.3006 5.13684 1.60629 0.108803 -0.61177 -0.783517
1 20.922 19.6074 1.60766 -0.0181905 0.794874 -0.606502
1 17.034 25.6612 1.60967 0.458247 -0.0774264 -0.885446
1 6.13591 13.8908 1.61301 -0.160389 0.39795 -0.903278
1 15.6666 2.37126 1.73579 -0.541923 -0.306846 0.782409
1 17.6954 11.4726 1.76043 0.0302267 0.0625973 0.997581
1 27.5137 29.9887 1.75738 -0.464384 0.36334 0.807671
1 16.8191 28.9065 1.75314 0.554999 -0.00906636 0.831802
1 1.74877 10.2325 1.75482 0.343172 0.275311 0.898018
1 20.9901 10.5347 1.73976 0.029676 0.726119 0.686928
1 21.1803 3.83102 1.75766 -0.183569 -0.638485 0.747422
1 20.0427 29.4031 1.76522 0.493496 0.466765 0.733888
1 13.0515 20.9294 1.63404 -0.354877 0.573565 -0.738299
1 11.8174 15.504 1.61562 -0.0132206 -0.435803 -0.899945
1 19.331 1.52389 1.75041 -0.482455 0.34824 0.80372
1 30.7604 18.8304 1.61444 0.010377 -0.574472 -0.818459
1 23.9922 32.1342 1.59425 -0.60079 0.429812 -0.674027
1 15.4469 14.81 1.75219 -0.336092 -0.351763 0.873674
1 28.5419 23.3302 1.61978 0.692812 -0.0979078 -0.714441
1 16.4613 3.67873 1.76261 -0.682673 -0.241287 0.689738
1 30.1535 4.03359 1.61414 -0.0538425 0.673895 -0.736863
1 18.4277 18.8598 1.60951 -0.816256 -0.208378 -0.538799
1 9.49066 9.48287 1.61609 -0.764516 -0.110418 -0.635077
1 11.1201 25.2431 1.75199 0.398544 0.523934 0.752766
1 28.8443 7.87696 1.61493 -0.255867 -0.399519 -0.880293
1 30.4516 15.5711 1.64009 -0.55898 -0.492119 -0.667352
1 8.69609 12.0155 1.60896 -0.348652 0.0195629 -0.937048
1 20.5482 33.6197 1.75403 -0.22293 0.538735 0.812445
1 19.0058 25.4573 1.59923 0.40409 -0.438332 -0.802856
1 33.766 4.27723 1.60798 -0.0682545 0.067506 -0.995381
1 23.7252 9.22134 1.61656 -0.105764 0.390682 -0.91443
