1 16.2931 33.3569 1.75901 -0.0537221 -0.0966543 0.993867
1 29.9485 15.4367 1.60845 -0.574398 -0.218851 -0.788779
1 19.985 8.94159 1.72428 0.266528 0.510203 0.817714
1 25.5171 19.8457 1.60964 0.118135 0.189531 -0.974742
1 5.4574 29.5429 1.759 -0.377332 -0.309729 0.872748
1 18.1455 5.40257 1.75259 0.72727 0.115148 0.676623
1 16.5429 19.704 1.60775 -0.501188 -0.102535 -0.859242
1 28.4092 20.8304 1.60792 0.324002 -0.136465 -0.936162
1 6.26005 3.79721 1.61166 0.129749 0.300911 -0.944785
1 2.16466 9.51831 1.74901 0.430259 0.331131 0.83978
1 20.6828 14.6419 1.75508 -0.166767 0.60189 0.780972
1 3.12333 12.6759 1.74344 -0.0550638 0.56286 0.824716
1 25.9091 3.14467 1.75234 -0.42307 -0.0555571 0.904392
1 0.522488 16.1717 1.6587 -0.75675 0.0542878 0.651447
1 17.4815 21.5139 1.60934 -0.192674 -0.233581 -0.953057
1 28.3446 17.4734 1.60963 -0.197209 -0.110204 -0.974148
1 19.2857 34.0698 1.75863 -0.121722 0.294414 0.947894
1 28.6725 22.6724 1.60269 0.636178 -0.0879713 -0.766511
1 29.8704 22.182 1.60591 0.546774 -0.319197 -0.774049
1 17.6636 19.2556 1.61262 -0.616677 -0.256942 -0.744103
1 14.5857 33.8067 1.75877 -0.109776 -0.327605 0.938416
1 20.095 24.0499 1.61493 0.103469 -0.63059 -0.769188
1 14.5581 31.2334 1.76093 0.209631 -0.314795 0.925721
1 31.649 32.2907 1.74538 0.720624 0.451618 0.526063
1 32.5011 33.4762 1.76376 0.429549 0.417862 0.800549
1 22.3478 8.54198 1.6329 -0.101877 0.600366 -0.79321
1 11.2033 11.9603 1.61167 -0.296397 -0.47381 -0.829249
1 7.1317 15.7371 1.60715 0.0807696 0.276822 -0.957521
1 8.92217 0.544591 1.60943 -0.328856 -0.231064 -0.915676
1 18.892 15.8009 1.75755 -0.44414 0.270905 0.85402
1 11.8463 18.3049 1.60969 0.313668 -0.504439 -0.804459
1 6.49037 26.7747 1.76177 0.100343 -0.163984 0.981346
1 8.07404 6.32978 1.6102 0.436725 0.125055 -0.89086
1 12.9664 22.8029 1.61052 0.0347588 0.506022 -0.86182
1 19.3393 6.00862 1.75125 0.565528 0.359766 0.742123
1 24.0043 26.0999 1.76256 0.264841 -0.120656 0.956714
1 5.8669 8.15838 1.58109 0.854035 0.265628 -0.447287
1 7.06034 32.792 1.61795 -0.741453 -0.0225886 -0.670625
1 15.9341 32.3446 1.75903 0.0589041 -0.136399 0.988901
1 5.42338 13.5671 1.61288 -0.175956 0.551242 -0.81558
1 4.11266 10.6884 1.74732 0.139129 0.69192 0.708442
1 0.149006 18.9524 1.75855 0.302704 -0.336289 0.891785
1 16.2488 25.9849 1.61055 0.597389 0.0649523 -0.799317
1 18.9239 13.9008 1.7607 -0.180077 0.309658 0.93364
1 7.30252 9.25295 1.61138 -0.722034 0.170559 -0.670504
1 26.0493 30.7319 1.76088 -0.596694 0.193812 0.778713
1 20.3692 6.83155 1.75207 0.405183 0.558067 0.724147
1 32.9424 16.3069 1.75395 -0.713898 -0.140055 0.686101
1 29.3977 11.8217 1.61078 0.416726 -0.656947 -0.628299
1 3.76964 6.03514 1.66816 -0.034064 -0.69663 -0.716621
1 25.9507 23.7962 1.75611 0.723235 0.165411 0.670499
1 34.292 18.1052 1.75018 0.467767 -0.399793 0.788264
1 6.00611 6.40566 1.62095 0.480173 0.471651 -0.73958
1 14.732 18.5623 1.6158 -0.683297 0.161232 -0.712116
1 24.3645 16.0944 1.60283 -0.685027 0.053439 -0.726555
1 11.0268 27.0037 1.7602 0.0457732 0.523252 0.850948
1 33.042 27.5584 1.60933 -0.091287 -0.136458 -0.986431
1 24.4981 23.8073 1.77197 0.735762 -0.133816 0.663888
1 20.1564 15.8538 1.75696 -0.401541 0.471719 0.785014
1 2.89693 6.37797 1.6041 0.0810635 -0.563045 -0.822441
1 7.4779 2.54847 1.60728 -0.0498133 0.0842159 -0.995202
1 23.1332 25.6064 1.75905 0.347734 -0.270406 0.897754
1 18.4106 6.45225 1.76548 0.544853 0.1729 0.820513
1 33.8525 12.5437 1.75977 -0.0081077 -0.0913741 0.995784
1 34.1109 24.7803 1.60579 -0.613232 -0.408004 -0.676372
1 2.75887 30.4189 1.78245 -0.435962 -0.76445 0.474924
1 29.0401 10.82 1.61453 0.321467 -0.508513 -0.798795
1 21.0272 29.1519 1.69297 0.468744 0.743374 0.477152
1 18.6509 20.1526 1.62105 -0.452916 -0.414838 -0.789162
1 33.2023 28.6969 1.60777 0.0981033 -0.164306 -0.981519
1 34.1205 2.36562 1.60389 -0.433539 -0.0680232 -0.898564
1 5.81124 34.5273 1.60889 -0.398175 0.204748 -0.894167
1 10.4094 6.61859 1.60975 0.438613 -0.179595 -0.880548
1 18.7704 11.6706 1.75185 -0.0117616 0.273014 0.961938
1 16.602 34.4046 1.75906 -0.164461 -0.0661382 0.984164
1 22.3528 27.362 1.75716 0.0275074 -0.422784 0.905813
1 13.5675 8.17552 1.76414 0.375146 -0.630603 0.679416
1 24.0837 27.0408 1.75924 0.0975349 -0.121849 0.987745
1 0.136898 12.7829 1.76046 -0.0596788 0.0609283 0.996356
1 7.35937 25.6362 1.75567 0.297573 -0.0565279 0.953024
1 27.7623 32.4461 1.75251 0.553473 0.0635771 0.830437
1 0.285709 27.9338 1.61395 -0.0616363 -0.478508 -0.875917
1 33.3233 26.4942 1.61013 -0.271089 -0.215661 -0.938084
1 23.6132 5.03134 1.61682 -0.625402 0.267439 -0.73304
1 14.8644 32.1945 1.75884 0.0852329 -0.273299 0.958145
1 23.7267 9.59741 1.61065 0.013407 0.358364 -0.933486
1 8.94596 13.6541 1.60959 -0.133609 -0.0337903 -0.990458
1 25.4131 6.80777 1.61194 -0.37045 0.0260514 -0.928487
1 31.7658 15.5271 1.7494 -0.580329 -0.425257 0.694532
1 0.250537 10.1459 1.75298 0.483844 -0.0389757 0.874286
1 27.8953 11.104 1.61268 0.316121 -0.318675 -0.893596
1 9.85892 1.34243 1.61124 -0.223707 -0.272479 -0.935794
1 29.89 7.33144 1.60856 -0.266715 -0.697834 -0.664749
1 18.4709 27.0913 1.77287 -0.790595 0.166457 0.589281
1 15.7164 15.3209 1.75553 -0.434475 -0.245634 0.866542
1 11.3641 2.63718 1.6207 -0.112707 -0.434015 -0.893828
1 28.175 26.9908 1.76114 0.160552 0.690087 0.705693
1 2.0533 18.4118 1.75716 0.394194 0.0148633 0.918907
1 21.9162 34.4482 1.72505 -0.297446 0.7658 0.570154
1 29.3497 17.2515 1.60957 -0.228352 -0.244907 -0.942271
1 1.14796 33.4816 1.60093 -0.2029 0.754653 -0.623964
1 22.651 28.4406 1.76003 -0.163554 -0.413212 0.895827
1 27.2547 20.7705 1.6075 0.284377 0.00477817 -0.9587
1 15.6899 17.2679 1.75027 -0.599581 -0.365392 0.712033
1 0.946313 13.2671 1.75957 -0.167142 0.199363 0.965566
1 22.6326 7.34633 1.61668 -0.240386 0.472752 -0.847774
1 0.44058 0.123773 1.59539 0.24244 0.838893 -0.487321
1 25.4556 21.9551 1.60967 0.439307 0.120284 -0.890248
1 28.6566 15.6479 1.63693 -0.494866 -0.0332613 -0.868332
1 1.02103 6.27633 1.60709 0.20936 -0.218105 -0.953204
1 30.6275 21.1847 1.60028 0.376131 -0.49661 -0.782243
1 19.1669 8.15799 1.75161 0.317326 0.319455 0.89289
1 4.71254 6.15281 1.59593 -0.189412 -0.825895 -0.531057
1 19.6324 14.8966 1.75707 -0.262404 0.421992 0.867795
1 18.4582 22.0777 1.60829 -0.107916 -0.365021 -0.924724
1 11.4014 19.5231 1.64677 0.504353 -0.445445 -0.739735
1 11.8389 13.0563 1.61681 -0.14335 -0.593102 -0.792263
1 10.8172 18.8125 1.61807 0.412267 -0.322326 -0.85214
1 12.3664 25.7578 1.74506 0.281071 0.716902 0.638006
1 13.0019 24.7092 1.62188 0.353971 0.543187 -0.761349
1 18.8988 3.35834 1.74907 -0.665661 0.203126 0.718078
1 9.49353 28.1169 1.75968 -0.096069 0.290255 0.952115
1 17.4238 7.79412 1.75693 0.37064 0.0181714 0.928599
1 28.3642 14.1498 1.77464 -0.695986 0.363198 -0.619428
1 25.1306 26.3163 1.76099 0.246299 0.0590315 0.967394
1 26.0827 18.9761 1.60979 -0.0111492 0.132377 -0.991137
1 15.6272 34.1035 1.75702 -0.145364 -0.193931 0.970185
1 5.30269 11.2176 1.6064 -0.428461 0.600118 -0.675485
1 28.2551 12.0201 1.6105 0.444332 -0.433578 -0.783951
1 28.5527 33.215 1.75478 0.387425 0.164434 0.907118
1 7.51752 28.4299 1.76054 -0.172845 0.0113576 0.984884
1 8.83797 5.64352 1.6091 0.310929 0.011446 -0.950364
1 18.1518 17.462 1.75573 -0.715674 0.0720152 0.694712
1 13.1141 0.631505 1.75784 -0.400532 -0.602711 0.690155
1 10.102 18.1955 1.61019 0.339081 -0.178079 -0.923749
1 33.9519 15.6371 1.74883 -0.550156 -0.0428629 0.833961
1 8.86489 14.829 1.60552 -0.0220262 0.00131701 -0.999757
1 32.6454 29.5308 1.60991 0.254516 -0.0553772 -0.965482
1 3.26122 11.2719 1.75026 0.0874976 0.554452 0.827603
1 12.3537 14.6298 1.61722 -0.0228706 -0.65446 -0.755751
1 13.7476 29.5941 1.75381 0.457949 -0.441576 0.771552
1 33.244 0.575538 1.59303 -0.697281 0.121619 -0.706405
1 28.5291 13.0042 1.60709 0.625715 -0.429693 -0.651033
1 26.7026 0.665795 1.75975 0.035677 0.000312487 0.999363
1 17.2563 6.12132 1.75383 0.612813 -0.02811 0.789728
1 6.50631 28.215 1.75987 -0.149416 -0.141527 0.978593
1 4.86203 27.5684 1.75676 -0.022329 -0.41243 0.910715
1 27.0898 12.0274 1.61889 0.40223 -0.211768 -0.890711
1 15.3511 10.4892 1.75926 0.0670934 -0.279173 0.957894
1 24.5905 30.8299 1.73041 -0.62841 -0.0596676 0.775591
1 22.8201 5.96595 1.6217 -0.437552 0.420673 -0.794721
1 11.0842 16.5377 1.61155 0.134224 -0.321374 -0.937391
1 17.4535 26.6065 1.60459 0.645382 -0.0802819 -0.75963
1 23.9944 3.33944 1.7571 -0.334672 -0.349786 0.875011
1 8.36777 9.79225 1.6149 -0.620907 0.000457448 -0.783884
1 7.08214 4.59701 1.60796 0.218212 0.262586 -0.939911
1 6.39924 13.0903 1.6091 -0.197377 0.373513 -0.906383
1 18.3527 7.40406 1.73988 0.41815 0.170512 0.892231
1 24.7092 25.4072 1.76437 0.415232 -0.0237137 0.909406
1 2.46535 28.6724 1.77633 -0.233718 -0.778648 0.582309
1 20.8739 13.3126 1.75176 0.0647472 0.644822 0.761586
1 3.33756 25.2202 1.76934 0.46661 -0.647592 0.602412
1 13.1852 3.55604 1.61429 -0.0908303 -0.699349 -0.708986
1 3.17999 10.0076 1.74419 0.286317 0.520211 0.804614
1 27.7443 9.46143 1.60724 0.0473202 -0.299908 -0.952794
1 24.0325 1.20994 1.75546 0.0313176 -0.353819 0.934789
1 11.7276 20.4746 1.61642 0.551573 -0.624108 -0.553404
1 9.13633 20.943 1.60991 0.659273 -0.115892 -0.742919
1 4.77973 9.51822 1.77944 0.0852374 0.906108 0.414371
1 16.2063 9.11414 1.75816 0.216177 -0.163529 0.962562
1 29.0458 14.749 1.59079 -0.670713 0.0687865 -0.738521
1 6.99736 5.86475 1.60958 0.370356 0.296722 -0.880223
1 25.7556 11.0536 1.60751 0.224121 0.0117291 -0.974491
1 8.35029 16.2795 1.60734 0.127657 0.110197 -0.985678
1 9.42061 9.2307 1.61098 -0.772887 -0.12324 -0.622461
1 21.4405 33.3775 1.75339 -0.089271 0.684348 0.723671
1 0.175341 1.62148 1.61929 -0.566232 -0.266408 -0.780005
1 8.55312 33.0363 1.61624 -0.654368 -0.179687 -0.734517
1 22.9617 11.9648 1.60731 0.302624 0.446306 -0.842158
1 33.3258 21.602 1.75793 -0.147467 -0.599296 0.786827
1 11.835 5.23257 1.60927 0.207437 -0.422597 -0.88226
1 28.442 10.0837 1.6096 0.181825 -0.410836 -0.893394
1 31.8751 31.1635 1.61177 0.571228 0.0921434 -0.815603
1 22.2746 25.1211 1.76297 0.42194 -0.405679 0.810797
1 4.47723 26.5235 1.75415 0.185687 -0.477774 0.858634
1 10.8664 13.0436 1.60985 -0.153523 -0.418063 -0.895351
1 19.8602 33.2271 1.76047 -0.0288738 0.387146 0.921566
1 0.835541 18.0263 1.74997 0.493107 -0.199926 0.846685
1 4.47163 14.2296 1.6141 -0.130744 0.725136 -0.67608
1 8.31644 17.317 1.60727 0.26004 0.115099 -0.958713
1 31.1209 28.4239 1.6115 0.0443042 0.223958 -0.973591
1 23.8828 24.7613 1.75812 0.542236 -0.182557 0.820154
1 20.5671 26.8319 1.62419 -0.0984909 0.697062 -0.710214
1 6.49682 30.1084 1.75418 -0.479913 -0.104372 0.871085
1 24.8158 7.7176 1.60771 -0.23013 0.135112 -0.963735
1 27.4167 24.4341 1.74423 0.624387 0.414786 0.661886
1 29.1875 6.07674 1.61339 -0.482293 -0.55552 -0.677341
1 28.3906 31.5538 1.74037 0.741776 0.0304621 0.669956
1 16.6774 20.7986 1.61037 -0.309999 -0.117907 -0.943397
1 17.6315 14.5635 1.75962 -0.306516 0.0889849 0.947697
1 14.7669 20.8441 1.60649 -0.302023 0.201717 -0.931715
1 6.50199 2.73783 1.60903 -0.010302 0.214885 -0.976585
1 34.0316 4.17743 1.60938 -0.116456 0.00770226 -0.993166
1 9.85998 5.50078 1.60939 0.269586 -0.134969 -0.953471
1 33.6132 1.46715 1.61154 -0.557755 0.0123666 -0.829914
1 13.0121 27.0584 1.76055 -0.046149 0.800205 0.597949
1 4.26997 1.15937 1.6064 -0.168325 0.458847 -0.872426
1 27.4261 8.54717 1.60886 -0.0969005 -0.247819 -0.963948
1 33.8116 17.2727 1.75332 0.679523 -0.328721 0.655889
1 27.5498 7.01248 1.61177 -0.365881 -0.297294 -0.8819
1 5.29065 14.8668 1.61432 -0.0310815 0.581934 -0.812642
1 33.9508 30.7011 1.61218 0.444049 -0.265731 -0.855691
1 3.39745 20.7645 1.75906 -0.00866263 0.232823 0.972481
1 6.14259 9.06498 1.77171 0.69345 -0.415707 0.588485
1 2.22117 13.0055 1.74871 -0.101296 0.394905 0.913121
1 33.6513 29.7144 1.60905 0.271305 -0.229929 -0.934626
1 15.1732 9.45824 1.75803 0.171494 -0.325606 0.929823
1 23.841 18.8248 1.60839 -0.0912054 0.355742 -0.930123
1 15.4078 30.3571 1.75465 0.308905 -0.215945 0.926253
1 25.775 25.5575 1.76273 0.384638 0.166607 0.907907
1 20.4589 31.489 1.75423 0.203644 0.482932 0.851649
1 30.3258 11.9103 1.7319 0.187534 -0.712785 0.675847
1 1.64692 13.9028 1.75996 -0.273212 0.329998 0.90358
1 23.8575 12.7848 1.60694 0.46508 0.293011 -0.835371
1 26.3466 16.478 1.63118 -0.502468 0.184444 -0.844693
1 28.9887 18.2019 1.60853 -0.0702012 -0.19996 -0.977286
1 16.1174 3.36825 1.75651 -0.644642 -0.263962 0.717468
1 5.294 3.96797 1.60796 0.232492 0.421612 -0.876465
1 33.5307 20.4258 1.76498 0.0548559 -0.558704 0.827551
1 24.9595 5.0062 1.61439 -0.697732 0.0290172 -0.715771
1 7.11062 14.6815 1.60804 -0.045945 0.2701 -0.961736
1 17.212 29.9329 1.76172 0.368008 0.0491538 0.928523
1 26.2045 26.5412 1.76362 0.20859 0.262612 0.942086
1 7.28385 22.0173 1.70972 -0.780841 0.118725 0.613344
1 34.2725 5.17271 1.60849 0.0506326 -0.0194332 -0.998528
1 23.3358 21.9181 1.62192 0.490271 0.36086 -0.793356
1 8.47735 2.44843 1.60733 -0.0614991 -0.0539812 -0.996646
1 10.9923 4.65011 1.61143 0.147187 -0.296259 -0.943698
1 2.95725 32.6825 1.76367 -0.210042 0.531835 0.820386
1 27.3091 33.3619 1.75716 0.382051 0.0472118 0.922935
1 17.1826 9.79975 1.75866 0.149032 0.0121529 0.988758
1 7.66804 30.3326 1.74956 -0.496081 0.0934352 0.863234
1 18.5584 18.3893 1.76102 -0.860114 0.0604884 0.506503
1 1.48856 1.61799 1.60562 0.548841 0.684781 -0.479424
1 27.3013 10.3466 1.60893 0.166141 -0.223158 -0.960519
1 7.8432 5.33074 1.6102 0.291231 0.149762 -0.944858
1 26.1573 20.7073 1.60998 0.246832 0.12217 -0.961326
1 12.6335 18.9445 1.61732 0.410257 -0.665408 -0.623636
1 33.266 10.0112 1.75795 0.482571 -0.144405 0.86387
1 16.3962 24.0739 1.60892 0.248898 -0.0161896 -0.968394
1 20.5413 33.9164 1.74517 -0.117341 0.508749 0.852881
1 13.753 20.8123 1.61277 -0.30922 0.381692 -0.871031
1 17.207 8.78193 1.75852 0.253558 3.38194e-05 0.96732
1 5.79159 24.3935 1.74595 0.511078 -0.348532 0.7857
1 26.8247 25.7672 1.76217 0.343285 0.364516 0.865611
1 15.5485 27.7462 1.76202 0.771594 -0.103849 0.627581
1 13.6129 33.9115 1.75559 -0.152758 -0.474399 0.866955
1 0.948259 31.9036 1.58755 0.458145 -0.596367 -0.659128
1 33.7813 33.5314 1.75367 0.0650715 0.594194 0.801685
1 9.45631 2.42596 1.6108 -0.0782338 -0.170833 -0.982189
1 29.3696 27.9722 1.6116 0.0308079 0.591474 -0.805736
1 30.8653 20.0076 1.60476 0.186118 -0.555327 -0.810538
1 12.7611 17.6129 1.617 0.165783 -0.651209 -0.740569
1 24.4322 19.7159 1.60723 0.0894206 0.27945 -0.955987
1 2.02096 4.22497 1.6212 -0.222596 -0.400564 -0.888819
1 0.549018 11.0345 1.75925 0.294242 0.0485158 0.954499
1 6.86156 19.7239 1.63916 0.574567 0.448257 -0.684791
1 27.6457 0.474588 1.76014 0.0522187 0.126642 0.990573
1 30.3512 17.0483 1.60847 -0.266244 -0.398999 -0.877447
1 29.2388 32.3619 1.7572 0.576576 0.176023 0.797857
1 5.75208 31.7138 1.74276 -0.761263 -0.167746 0.626371
1 24.0422 20.6024 1.61237 0.235787 0.30796 -0.921719
1 30.5604 25.9392 1.61212 -0.320325 0.314102 -0.893718
1 17.9803 2.67308 1.75459 -0.556038 0.060231 0.828971
1 16.5877 5.30938 1.76359 0.76788 -0.115081 0.630172
1 6.20171 10.1263 1.61913 -0.58019 0.359907 -0.730648
1 9.13719 31.757 1.76848 -0.770263 0.289004 0.568482
1 9.71659 7.47554 1.60957 0.589463 -0.0707041 -0.804695
1 18.6315 0.228358 1.75811 -0.212982 0.201109 0.956135
1 12.8279 13.4315 1.61567 -0.176763 -0.76643 -0.617527
1 14.8709 22.7952 1.60789 0.0208398 0.199244 -0.979728
1 3.51573 29.9233 1.72798 -0.425547 -0.625966 0.65351
1 34.195 23.6228 1.7547 -0.55598 -0.40906 0.723572
1 9.10854 23.1027 1.73119 0.702318 0.186717 0.68694
1 9.03824 4.66978 1.6088 0.187219 -0.0371048 -0.981617
1 1.16221 18.8987 1.75675 0.317211 -0.153628 0.935829
1 2.90546 27.5154 1.75314 -0.02635 -0.685964 0.727159
1 25.2884 8.57736 1.60778 -0.113965 0.0795866 -0.990292
1 6.21791 23.2518 1.75228 0.708378 -0.334699 0.621431
1 31.6528 5.93684 1.60985 0.213159 0.397189 -0.892639
1 22.0645 20.9448 1.59629 0.289795 0.559856 -0.77626
1 26.6783 19.8627 1.6087 0.132839 0.0702515 -0.988645
1 27.7683 21.6621 1.60951 0.445787 -0.0187599 -0.894943
1 32.9698 2.32809 1.61093 -0.421354 0.153314 -0.893843
1 10.1748 12.1521 1.60909 -0.279842 -0.288674 -0.915618
1 10.0029 3.33201 1.61183 0.00753436 -0.201035 -0.979555
1 19.1287 23.918 1.61262 0.184199 -0.457109 -0.870128
1 9.3972 29.1325 1.75364 -0.260493 0.29035 0.920783
1 32.7384 24.1725 1.61548 -0.67142 -0.176082 -0.719855
1 32.2787 28.3108 1.60824 0.0352859 0.00407209 -0.999369
1 23.2641 17.9556 1.6049 -0.322141 0.370483 -0.871188
1 30.7159 6.75035 1.61683 0.335518 0.615048 -0.713543
1 18.2976 21.0389 1.60577 -0.284109 -0.355358 -0.890507
1 25.1841 24.571 1.73446 0.58794 0.0214635 0.80862
1 18.4702 23.1021 1.60803 0.0647973 -0.340636 -0.93796
1 21.6437 22.7652 1.77663 -0.552481 -0.625035 0.551449
1 26.2984 10.2594 1.6077 0.123242 -0.0670207 -0.990111
1 16.3835 30.5938 1.75729 0.276021 -0.0862342 0.957275
1 15.2889 33.117 1.75802 -0.0290513 -0.224687 0.973998
1 32.4388 1.4643 1.60804 -0.537091 0.250951 -0.80533
1 10.3791 28.4867 1.74601 -0.155165 0.433919 0.88749
1 16.9833 27.9767 1.73995 0.705048 0.06969 0.705727
1 25.2955 32.0938 1.75091 0.658427 -0.206157 0.72386
1 6.35412 29.1424 1.75971 -0.3059 -0.155364 0.939302
1 25.1207 20.9216 1.60622 0.270509 0.20489 -0.940662
1 28.6137 1.4029 1.76358 -0.122963 0.33371 0.934622
1 24.8226 11.3131 1.60685 0.247988 0.152405 -0.9567
1 31.2825 13.5522 1.75755 -0.187408 -0.494586 0.848683
1 28.0581 23.5701 1.60931 0.764379 0.129645 -0.631598
1 14.2645 24.7119 1.60945 0.341534 0.320575 -0.883508
1 30.761 3.15193 1.62162 -0.31444 0.568707 -0.760065
1 16.6236 21.9437 1.60812 -0.11454 -0.0964379 -0.988727
1 20.2307 21.9374 1.60269 -0.129102 -0.685059 -0.716957
1 9.54881 10.2659 1.61224 -0.576336 -0.174667 -0.798329
1 14.946 13.5175 1.75322 -0.268713 -0.368625 0.889893
1 19.7657 26.2035 1.74945 -0.384909 0.741353 0.549764
1 13.6808 31.917 1.75922 0.122836 -0.433322 0.892829
1 32.3628 11.8726 1.75829 0.140686 -0.343001 0.92874
1 28.9804 24.9187 1.624 -0.382609 0.636712 -0.669483
1 29.5607 0.556372 1.75897 0.0183538 0.396208 0.917977
1 14.795 2.88523 1.75269 -0.552825 -0.488694 0.674954
1 31.3674 7.94035 1.61911 0.527602 0.488679 -0.694859
1 31.547 21.4119 1.62528 0.344133 -0.682752 -0.644532
1 2.85952 3.83699 1.60886 -0.368219 -0.500283 -0.783666
1 19.6175 11.1774 1.74741 -0.00368494 0.43687 0.899517
1 30.1212 24.2055 1.61522 -0.596768 0.392608 -0.699805
1 30.5855 32.7268 1.75345 0.564174 0.37629 0.734924
1 28.5574 8.93464 1.61013 -0.0119932 -0.45145 -0.892216
1 23.0316 24.1125 1.76448 0.653599 -0.337271 0.677537
1 22.3555 32.8962 1.77666 0.0151992 0.834149 0.55133
1 9.16302 30.2111 1.7586 -0.456343 0.255354 0.852376
1 16.0683 12.2717 1.75813 -0.10581 -0.16504 0.980595
1 9.25932 16.8264 1.60722 0.19747 -0.0270452 -0.979936
1 32.1055 10.3205 1.74492 0.492952 -0.360003 0.792084
1 4.33318 25.4166 1.7504 0.415963 -0.500573 0.759211
1 32.2482 4.44104 1.6102 -0.0621867 0.296203 -0.953099
1 14.4765 16.7545 1.76498 -0.463133 -0.633883 0.619436
1 26.8035 18.2457 1.60733 -0.128991 0.0754694 -0.98877
1 16.705 15.0171 1.76039 -0.384489 -0.0712933 0.920373
1 10.8642 0.0954019 1.6147 -0.392331 -0.574828 -0.718087
1 16.6326 16.0207 1.75453 -0.522537 -0.0901232 0.84784
1 28.0317 34.1238 1.75816 0.219632 0.14576 0.964633
1 34.2841 14.7094 1.75948 -0.399279 0.00243841 0.916826
1 14.0738 3.42667 1.59015 -0.185863 -0.827959 -0.529092
1 15.5257 2.27691 1.75786 -0.505631 -0.315426 0.803022
1 18.8278 30.2226 1.75327 0.337034 0.234481 0.911826
1 7.33028 7.89914 1.62387 0.683057 0.232141 -0.692491
1 15.937 28.6136 1.74516 0.604933 -0.119875 0.787202
1 16.929 17.9761 1.75729 -0.784166 -0.180064 0.593853
1 19.189 19.3847 1.59482 -0.656271 -0.392701 -0.644278
1 7.32604 10.3406 1.60891 -0.537513 0.17973 -0.823879
1 16.8519 16.997 1.75674 -0.647249 -0.121413 0.752547
1 7.41549 31.8995 1.75732 -0.799931 0.0410513 0.598686
1 23.1835 33.9211 1.74202 0.352953 -0.611392 0.708255
1 7.47048 16.7278 1.60545 0.191031 0.235029 -0.953031
1 12.7503 5.79934 1.61386 0.293631 -0.535096 -0.79212
1 5.32767 32.7239 1.61372 -0.744585 0.128692 -0.655005
1 25.943 11.9628 1.61288 0.364356 -0.026941 -0.93087
1 23.2455 22.9353 1.6196 0.711451 0.227647 -0.664841
1 23.3216 0.491975 1.74045 0.174551 -0.486471 0.856083
1 5.28286 1.04752 1.60665 -0.217792 0.311964 -0.924795
1 7.06709 23.9013 1.75256 0.597656 -0.168193 0.783913
1 21.3512 15.5898 1.75103 -0.297141 0.651248 0.698272
1 34.2717 9.34835 1.75903 0.715231 -0.0877824 0.693354
1 13.1653 11.6029 1.74867 -0.226809 -0.721099 0.654655
1 26.329 8.55828 1.6081 -0.110043 -0.0827783 -0.990474
1 4.96306 33.7589 1.60913 -0.553915 0.294465 -0.77876
1 26.7923 9.41305 1.60684 0.0155977 -0.150097 -0.988548
1 11.4415 24.7018 1.76298 0.467474 0.553399 0.68936
1 7.25556 13.5987 1.60862 -0.160592 0.240156 -0.957358
1 16.1623 26.8945 1.60196 0.750278 0.127305 -0.64875
1 5.86625 18.5254 1.62003 0.454058 0.658504 -0.600169
1 10.0205 4.40924 1.60985 0.129982 -0.174067 -0.976117
1 0.140916 29.9389 1.61668 0.274928 -0.40739 -0.870889
1 1.44301 7.29892 1.61358 0.354076 -0.287746 -0.88985
1 16.2678 10.1555 1.75897 0.10889 -0.137043 0.984562
1 26.894 7.72927 1.60966 -0.233755 -0.18118 -0.955266
1 29.4824 3.04029 1.76385 -0.384722 0.535774 0.751622
1 15.8014 21.3185 1.6074 -0.223345 0.0270876 -0.974363
1 0.666707 11.98 1.7611 0.0971568 0.112951 0.988839
1 25.0476 27.2654 1.75898 0.0716956 0.0368104 0.996747
1 23.2651 8.64491 1.60973 -0.102862 0.436865 -0.893626
1 28.5576 16.5707 1.61776 -0.338945 -0.0985465 -0.935631
1 19.1457 1.06923 1.7533 -0.319909 0.286692 0.903032
1 22.2635 10.9592 1.61597 0.185143 0.604993 -0.774407
1 24.2333 8.5625 1.6067 -0.116182 0.258395 -0.959028
1 18.1252 24.0662 1.61178 0.23141 -0.282913 -0.930811
1 0.930287 30.5129 1.60397 0.280271 -0.59038 -0.756901
1 29.728 33.3136 1.75912 0.387624 0.314118 0.866647
1 32.234 9.28183 1.75384 0.77096 -0.0718752 0.632815
1 8.4377 26.4676 1.75906 0.160698 0.112331 0.980591
1 24.2726 0.174509 1.75606 0.192151 -0.331109 0.923821
1 12.2915 3.02818 1.63821 -0.088722 -0.569048 -0.817504
1 3.70924 8.98223 1.76356 0.299379 0.746642 0.594052
1 33.0526 31.4513 1.60835 0.638573 -0.141068 -0.756521
1 24.2066 10.509 1.61037 0.132294 0.262817 -0.955733
1 23.2303 29.4218 1.76877 -0.341315 -0.337357 0.877322
1 2.99596 5.03602 1.61114 -0.15146 -0.558995 -0.815221
1 7.36052 29.4039 1.75621 -0.332557 0.00634618 0.943062
1 19.4241 7.16405 1.76047 0.424474 0.376791 0.823317
1 29.3221 8.27177 1.61053 -0.115879 -0.578271 -0.807573
1 4.77981 18.5448 1.75233 0.408955 0.54087 0.734994
1 2.61884 14.0178 1.75306 -0.25239 0.529403 0.809958
1 25.7332 14.7705 1.59985 0.772946 -0.158816 -0.614274
1 30.3008 8.72554 1.61421 0.000409742 -0.730933 -0.682449
1 15.6558 7.33999 1.75791 0.447149 -0.298687 0.843116
1 19.8739 0.257954 1.75065 -0.21636 0.408119 0.88692
1 0.623828 2.64434 1.60834 -0.395238 -0.219998 -0.891845
1 6.28521 25.8392 1.75469 0.252565 -0.206982 0.945182
1 2.18508 32.1422 1.76589 0.568838 -0.497371 0.655016
1 22.2927 19.875 1.60402 0.0867112 0.521182 -0.849029
1 7.47569 26.5995 1.76151 0.135656 -0.0236461 0.990474
1 0.469933 23.1056 1.75879 -0.432821 -0.261257 0.862793
1 26.1817 33.6803 1.75878 0.359521 -0.0908292 0.928706
1 1.27005 22.4661 1.75807 -0.308764 -0.119996 0.943539
1 12.2908 23.6072 1.6178 0.163945 0.626592 -0.761908
1 9.42018 26.2924 1.7609 0.197755 0.266201 0.943414
1 23.2494 10.7675 1.6117 0.162383 0.430693 -0.88777
1 17.9073 0.938955 1.75551 -0.305738 0.0997162 0.94688
1 3.60711 13.8013 1.76107 -0.198367 0.728967 0.655177
1 17.3 23.569 1.60772 0.155422 -0.167938 -0.973468
1 29.7776 25.4066 1.6157 -0.354325 0.486885 -0.798371
1 0.734828 28.9632 1.62664 0.108655 -0.557311 -0.823164
1 10.3032 8.33481 1.61902 0.728754 -0.10038 -0.677378
1 14.017 27.7589 1.72922 0.733473 -0.387415 0.558504
1 21.8405 6.68116 1.60744 -0.284825 0.607091 -0.741832
1 25.4702 18.0555 1.61375 -0.182982 0.155597 -0.970725
1 2.12562 33.4847 1.75516 -0.299776 0.3408 0.891061
1 31.6528 27.5575 1.60956 -0.0996906 0.119287 -0.987842
1 9.52222 24.1978 1.75563 0.526758 0.250104 0.812388
1 2.71576 20.023 1.75872 0.123785 0.110403 0.986148
1 31.5011 3.76852 1.61531 -0.20033 0.432627 -0.879035
1 31.9683 12.8278 1.76083 -0.0351657 -0.403515 0.914297
1 24.0742 32.8657 1.72661 0.537056 -0.398121 0.743687
1 21.7106 14.1727 1.74237 -0.0387113 0.772257 0.634129
1 13.4246 10.3146 1.75384 0.017424 -0.629548 0.776766
1 6.88635 34.4406 1.61069 -0.409931 0.0501735 -0.910736
1 0.570229 26.8548 1.60865 -0.274192 -0.523561 -0.806661
1 28.6023 0.375579 1.76218 0.0564008 0.253551 0.965676
1 26.4469 6.85068 1.6166 -0.377573 -0.127221 -0.917199
1 26.1386 12.8688 1.62703 0.49051 -0.0835608 -0.86742
1 23.6351 28.5849 1.75103 -0.194928 -0.228803 0.953757
1 28.009 30.6969 1.76549 -0.765205 0.259298 0.589258
1 14.0679 32.8969 1.75885 0.000737518 -0.382325 0.924028
1 1.96821 6.38661 1.61215 0.163547 -0.386464 -0.907688
1 12.7224 16.267 1.60496 0.0191709 -0.613123 -0.789755
1 2.85356 19.0606 1.7604 0.293705 0.152898 0.943589
1 14.7812 6.77025 1.75459 0.518002 -0.503554 0.691453
1 33.1122 18.4332 1.73843 0.368513 -0.625868 0.687377
1 17.8297 11.5021 1.75961 -0.0129867 0.122487 0.992385
1 20.2852 5.62551 1.77631 0.595915 0.529918 0.603384
1 10.7564 9.77392 1.61071 -0.627011 -0.325418 -0.707786
1 11.4788 14.1932 1.62174 -0.00965497 -0.482715 -0.875724
1 20.0411 1.45818 1.75099 -0.372717 0.458024 0.807029
1 30.8301 29.6112 1.6102 0.27188 0.264803 -0.925181
1 10.9383 3.59343 1.60996 0.00503614 -0.316614 -0.948541
1 30.0175 31.6146 1.75716 0.752705 0.244852 0.611133
1 34.3609 11.6743 1.76043 0.142477 -0.0355466 0.98916
1 32.8289 15.2809 1.75696 -0.509497 -0.237027 0.827183
1 8.35242 31.0716 1.75173 -0.643866 0.181198 0.743373
1 10.4211 2.34285 1.61834 -0.110043 -0.304894 -0.946008
1 30.5673 18.9462 1.61124 0.0464739 -0.451752 -0.890932
1 5.40354 20.2559 1.7574 0.0924971 0.543179 0.834507
1 7.79641 24.7025 1.76016 0.460099 -0.00807544 0.887831
1 7.49945 12.5124 1.60999 -0.265163 0.208989 -0.941282
1 23.0997 26.6296 1.75885 0.161864 -0.283392 0.945245
1 17.5234 22.5608 1.60852 -0.0135758 -0.216378 -0.976215
1 24.1859 29.893 1.76012 -0.422707 -0.134463 0.896236
1 30.5588 1.50304 1.7645 -0.363937 0.682058 0.634308
1 14.6282 7.95717 1.75303 0.335851 -0.462288 0.820667
1 8.53593 28.4939 1.75996 -0.158953 0.158636 0.974458
1 18.2207 8.4838 1.75946 0.289856 0.165487 0.942654
1 13.079 2.20109 1.62987 -0.357844 -0.681074 -0.638816
1 16.7387 2.601 1.7565 -0.544092 -0.133457 0.828344
1 3.90132 4.64095 1.60852 -0.31308 -0.681561 -0.661404
1 14.5964 4.99669 1.59954 0.140935 -0.824113 -0.548612
1 2.33266 22.6621 1.75783 -0.330138 0.0682224 0.941464
1 19.7186 32.1872 1.75632 0.100703 0.359268 0.927785
1 32.6703 6.46234 1.60481 0.321375 0.238558 -0.916411
1 3.89253 27.5594 1.75138 -0.0181596 -0.555405 0.831382
1 16.8942 0.802294 1.75852 -0.286023 -0.0418083 0.95731
1 27.1978 30.0214 1.73814 -0.429225 0.392158 0.81362
1 0.618887 15.2529 1.75553 -0.564567 0.135343 0.814215
1 32.8322 30.4917 1.61123 0.446938 -0.0830613 -0.8907
1 11.0697 17.6926 1.60978 0.261058 -0.342036 -0.902696
1 23.1267 1.78982 1.74155 0.0210535 -0.512724 0.858295
1 12.2605 6.96939 1.60834 0.498631 -0.473296 -0.726195
1 11.9372 17.0453 1.61406 0.150354 -0.483718 -0.862213
1 8.77786 18.8323 1.61051 0.420776 0.0632166 -0.904959
1 28.9391 19.9454 1.60815 0.192133 -0.218679 -0.956695
1 25.7613 9.43582 1.60756 0.00406254 0.012415 -0.999915
1 16.108 11.2284 1.75824 -0.00216383 -0.157449 0.987525
1 10.4763 24.9834 1.75937 0.398378 0.424125 0.813273
1 22.0511 26.274 1.75477 0.224333 -0.458889 0.859707
1 0.967821 3.69792 1.61157 -0.245828 -0.268772 -0.931306
1 1.80803 25.0766 1.58131 0.759594 0.00955265 -0.650328
1 30.8502 24.8816 1.61133 -0.495875 0.253047 -0.830707
1 4.57771 19.5655 1.75007 0.229504 0.423082 0.876544
1 9.65121 14.2622 1.60373 -0.0599263 -0.144441 -0.987697
1 2.9695 15.0803 1.74833 -0.445095 0.54809 0.708158
1 13.4989 30.8563 1.75656 0.263532 -0.481225 0.836047
1 25.8508 7.69422 1.60831 -0.237728 -0.022502 -0.971071
1 19.0873 29.2416 1.75979 0.443914 0.364071 0.818775
1 6.96613 17.558 1.61298 0.286597 0.335348 -0.897443
1 33.506 5.83055 1.60599 0.20429 0.0964297 -0.974149
1 20.1658 2.72073 1.74892 -0.561853 0.455565 0.690494
1 14.3635 19.9078 1.60788 -0.468762 0.251458 -0.846777
1 13.6458 16.9706 1.60155 -0.0106224 -0.805644 -0.592305
1 31.2688 1.96259 1.60273 -0.53108 0.508441 -0.677821
1 31.7325 29.1723 1.61025 0.183398 0.105136 -0.9774
1 27.319 19.1123 1.60822 0.0273373 0.00789704 -0.999595
1 4.79456 12.6307 1.64072 -0.237711 0.73025 -0.640491
1 19.609 17.5373 1.75867 -0.693125 0.289467 0.660142
1 26.9039 14.0464 1.7295 0.668254 -0.371855 -0.644329
1 18.628 4.37082 1.75873 -0.810059 0.146559 0.567736
1 31.9128 18.4472 1.61259 -0.00945738 -0.701694 -0.712416
1 30.8393 14.4875 1.74742 -0.382349 -0.568137 0.728718
1 0.678053 14.2928 1.75995 -0.359848 0.168078 0.917747
1 2.14332 24.2518 1.7674 -0.623216 0.0471894 0.780625
1 23.2695 14.2013 1.60771 0.620039 0.338092 -0.707987
1 4.51702 29.8324 1.75632 -0.408945 -0.471079 0.781568
1 32.3282 26.8332 1.60822 -0.212937 -0.023896 -0.976774
1 8.11896 27.5308 1.75982 -0.0125652 0.0849454 0.996306
1 8.78708 8.23988 1.61673 0.743975 0.051254 -0.666239
1 19.867 12.2781 1.75226 -0.141804 0.447533 0.882953
1 25.1276 17.0172 1.61234 -0.383451 0.221724 -0.896551
1 0.808237 24.1674 1.75921 -0.612434 -0.181359 0.769437
1 16.9554 32.5899 1.75958 0.035247 -0.0097264 0.999331
1 27.2187 26.7949 1.7632 0.161204 0.477118 0.863928
1 26.274 28.5172 1.75658 -0.13824 0.240295 0.960806
1 6.40808 11.1121 1.60543 -0.433142 0.378651 -0.817931
1 9.08283 3.64724 1.60798 0.0569879 -0.0806808 -0.99511
1 1.86641 19.5508 1.75871 0.203881 -0.0354307 0.978354
1 18.3307 25.0145 1.60791 0.394269 -0.308155 -0.86579
1 23.9187 11.7011 1.61066 0.290847 0.296771 -0.90958
1 16.7797 7.02395 1.76434 0.483726 -0.0974258 0.86978
1 27.3377 17.3486 1.60795 -0.247819 0.00720039 -0.96878
1 32.3923 21.6424 1.75902 -0.0103597 -0.78141 0.623932
1 16.1847 18.7174 1.60823 -0.69547 -0.152711 -0.70214
1 11.3756 22.6729 1.79498 -0.00288165 -0.768577 0.639751
1 14.0563 0.435107 1.75964 -0.292761 -0.464481 0.835792
1 1.58736 23.4112 1.75531 -0.476226 -0.0477475 0.878025
1 5.85472 1.88956 1.60944 -0.105372 0.264267 -0.958676
1 34.0722 7.60577 1.63855 0.559196 0.0191807 -0.828814
1 19.6188 28.2016 1.72833 0.713466 0.364314 0.598533
1 9.15851 17.876 1.60749 0.31388 -0.0228397 -0.949188
1 24.4123 17.8894 1.61011 -0.233284 0.272744 -0.933375
1 4.80061 16.9811 1.62121 0.381656 0.674808 -0.631643
1 7.96934 0.0254523 1.60948 -0.39219 -0.103693 -0.914021
1 1.86243 30.7541 1.60254 0.253131 -0.755145 -0.604716
1 15.9026 0.554086 1.75828 -0.259682 -0.176292 0.949466
1 29.5277 19.011 1.61079 0.0605185 -0.288022 -0.95571
1 5.91047 17.3028 1.61837 0.323744 0.501512 -0.802294
1 9.24722 21.9263 1.60082 0.783753 -0.148429 -0.603075
1 32.3479 0.0798127 1.74251 -0.642132 0.611685 0.462069
1 2.08511 5.32878 1.60913 -0.018451 -0.421321 -0.906724
1 31.7541 17.1174 1.60734 -0.277559 -0.615682 -0.737494
1 12.0335 32.8395 1.74792 -0.0326446 -0.700272 0.713129
1 24.5371 28.9858 1.75733 -0.250393 -0.0653222 0.965938
1 7.17704 6.89649 1.6124 0.528795 0.259599 -0.808074
1 29.9331 26.8914 1.62348 -0.190077 0.513471 -0.836791
1 12.6903 4.60917 1.60751 0.0771439 -0.563625 -0.822421
1 28.8884 21.7109 1.61121 0.473625 -0.175174 -0.86313
1 34.2197 27.0471 1.61332 -0.201217 -0.364461 -0.909219
1 28.0781 6.23294 1.60407 -0.523587 -0.355379 -0.774314
1 27.9921 5.22967 1.60905 -0.743863 -0.281411 -0.606198
1 8.05763 14.2056 1.60759 -0.0995177 0.118034 -0.98801
1 30.1239 10.155 1.60575 0.306146 -0.712327 -0.631557
1 30.9726 10.5541 1.74386 0.380467 -0.612336 0.693029
1 13.6385 4.84107 1.61642 0.12985 -0.699189 -0.703046
1 18.8873 12.7384 1.75758 -0.1353 0.274986 0.95188
1 17.009 4.38079 1.74412 -0.790195 -0.118354 0.601319
1 32.7456 19.8033 1.75235 0.104514 -0.740365 0.66403
1 9.06302 27.2384 1.76168 0.0376879 0.216435 0.975569
1 22.2553 31.2417 1.75702 0.376332 0.751961 0.54123
1 13.2607 15.0499 1.59337 -0.0424382 -0.81881 -0.572494
1 17.9426 16.5124 1.75727 -0.574651 0.0860281 0.813864
1 33.1799 25.2064 1.61273 -0.495993 -0.242939 -0.83365
1 27.1535 28.9524 1.75889 -0.204173 0.401391 0.89286
1 5.36381 25.4943 1.74614 0.319954 -0.359138 0.876726
1 0.66267 17.0901 1.75058 0.711582 -0.136467 0.689223
1 4.54364 3.06451 1.6174 0.142874 0.485495 -0.862486
1 24.8905 1.69341 1.75729 -0.102921 -0.227009 0.968439
1 4.37567 15.6315 1.61379 0.101687 0.705646 -0.701229
1 21.6137 18.5997 1.61497 -0.215995 0.620612 -0.753781
1 17.0817 28.9252 1.75329 0.533214 0.0319198 0.845378
1 7.94897 19.4529 1.61251 0.496212 0.245276 -0.832835
1 30.6065 5.54246 1.60729 0.133052 0.548853 -0.825262
1 15.1313 11.4941 1.75648 -0.0454408 -0.318373 0.946876
1 18.1285 9.50214 1.75879 0.186317 0.174065 0.966948
1 5.52061 2.9066 1.61131 0.0586543 0.345547 -0.936566
1 6.8479 1.70607 1.60753 -0.152657 0.130163 -0.97967
1 13.0399 32.8562 1.75514 -0.021748 -0.546251 0.837339
1 24.4737 22.5888 1.62687 0.60122 0.143202 -0.786148
1 34.3755 28.9478 1.61213 0.117006 -0.366926 -0.922862
1 11.9915 0.427745 1.61261 -0.376803 -0.748248 -0.546026
1 13.0493 28.963 1.7424 0.558277 -0.555697 0.616058
1 24.2898 33.7773 1.76909 0.368048 -0.38424 0.8467
1 16.5176 22.9795 1.60721 0.0614719 -0.0586201 -0.996386
1 28.4483 19.0796 1.60784 0.0547 -0.135688 -0.98924
1 27.8722 19.9495 1.60866 0.171748 -0.0645226 -0.983026
1 14.5621 23.7507 1.6077 0.182966 0.258644 -0.948486
1 12.1445 22.1347 1.59685 -0.0824051 0.644332 -0.760293
1 3.52013 28.6754 1.74076 -0.229301 -0.601664 0.765129
1 11.0648 33.5754 1.62607 -0.573094 -0.592301 -0.566341
1 34.4225 19.9873 1.75273 0.113535 -0.395041 0.911621
1 11.6224 30.3666 1.66188 0.512543 -0.692737 0.507361
1 11.6116 31.6398 1.75639 0.244839 -0.712507 0.657562
1 16.9494 12.9719 1.75907 -0.163566 -0.020518 0.986319
1 3.40598 22.5587 1.7556 -0.323603 0.247234 0.913322
1 24.9119 2.73452 1.7559 -0.296058 -0.215089 0.930638
1 19.9442 13.7777 1.75531 -0.0626669 0.484701 0.872432
1 26.9688 27.8054 1.74737 0.00184692 0.365611 0.930766
1 32.4853 3.32285 1.60898 -0.275191 0.26732 -0.923477
1 10.3743 26.078 1.75676 0.219982 0.418719 0.881069
1 24.5872 14.1686 1.60755 0.677629 0.0953994 -0.72919
1 32.5289 13.6898 1.75806 -0.204525 -0.298565 0.932217
1 3.6562 19.785 1.76181 0.170346 0.276699 0.945738
1 15.332 24.4923 1.6079 0.309333 0.147823 -0.939394
1 26.6265 21.6383 1.61591 0.396758 0.110103 -0.911296
1 15.8133 14.3012 1.75749 -0.326622 -0.223188 0.918426
1 32.8177 10.9424 1.74974 0.321111 -0.267963 0.908341
1 20.3537 18.2264 1.76174 -0.711746 0.491004 0.502327
1 28.1635 29.3053 1.74934 -0.234857 0.571854 0.786018
1 24.2241 15.1127 1.60551 0.812536 0.134275 -0.567235
1 22.2517 5.23572 1.59653 -0.518628 0.532165 -0.669198
1 5.46346 26.5604 1.75294 0.136116 -0.326486 0.93535
1 1.09644 21.4544 1.76037 -0.124991 -0.152558 0.980359
1 6.73734 12.0138 1.61632 -0.305438 0.339667 -0.889569
1 11.8427 15.7592 1.61358 0.0348815 -0.455518 -0.889543
1 20.8883 23.248 1.60176 -0.041783 -0.783214 -0.620347
1 5.13556 21.4276 1.75573 -0.151893 0.51535 0.843412
1 8.05913 4.34864 1.6069 0.169152 0.0923934 -0.98125
1 8.83185 34.0787 1.61035 -0.493731 -0.245291 -0.834304
1 18.3359 31.0558 1.757 0.232383 0.163269 0.958823
1 19.0828 9.28092 1.75614 0.210166 0.344176 0.915081
1 25.845 13.8167 1.60892 0.632779 -0.140261 -0.761524
1 1.02005 9.37933 1.76074 0.569832 0.109841 0.814387
1 25.773 2.16576 1.7584 -0.223034 -0.087469 0.970878
1 33.1083 22.8194 1.74975 -0.366238 -0.605082 0.706927
1 0.382218 7.05945 1.61755 0.380334 -0.102484 -0.919154
1 27.7436 2.49782 1.75421 -0.29562 0.213457 0.931152
1 4.00305 12.1608 1.76521 -0.0623174 0.743022 0.666359
1 11.7017 8.27159 1.61078 0.664826 -0.336986 -0.666668
1 14.1456 11.2852 1.75416 -0.100883 -0.506098 0.856555
1 20.5766 11.2908 1.74892 -0.015074 0.61518 0.788243
1 5.50155 28.4774 1.75925 -0.192204 -0.302352 0.933617
1 19.1952 16.6977 1.74858 -0.573778 0.283156 0.768506
1 5.25886 5.13394 1.63547 0.375189 0.60848 -0.699275
1 32.9142 12.7035 1.7588 -0.0251749 -0.246601 0.96879
1 4.42827 20.6201 1.7577 0.0250775 0.397373 0.917314
1 18.6998 32.0235 1.75923 0.113656 0.213994 0.970201
1 10.8933 1.36733 1.61445 -0.253885 -0.405197 -0.87827
1 30.9087 26.9491 1.60799 -0.177292 0.283569 -0.94242
1 22.6117 18.8306 1.60725 -0.124647 0.465922 -0.876002
1 12.7007 30.3943 1.73393 0.335943 -0.611953 0.716
1 21.6931 4.02474 1.76685 -0.180824 0.204999 0.961914
1 10.0734 27.228 1.7597 0.0449488 0.38198 0.923077
1 18.566 25.982 1.61083 0.566328 -0.329099 -0.755624
1 30.7757 30.657 1.61197 0.4719 0.288045 -0.833271
1 10.2251 20.0317 1.62142 0.551393 -0.225865 -0.803088
1 11.5699 6.3282 1.60892 0.401171 -0.369574 -0.838139
1 2.29962 1.2016 1.79183 -0.373131 -0.634774 0.676636
1 28.184 7.91179 1.60836 -0.192814 -0.381103 -0.904203
1 14.9527 0.172279 1.7596 -0.228179 -0.313736 0.921686
1 2.41683 11.8542 1.75284 0.0659704 0.392621 0.917331
1 23.6725 7.63802 1.60788 -0.227167 0.303537 -0.925344
1 6.66875 24.8891 1.7515 0.422471 -0.193772 0.885421
1 15.9538 13.2907 1.75781 -0.216806 -0.18463 0.958596
1 26.7349 11.1752 1.61007 0.271167 -0.138227 -0.952555
1 0.795626 19.8139 1.7594 0.15282 -0.214986 0.964587
1 8.87648 1.54231 1.60559 -0.198301 -0.131991 -0.971213
1 2.85904 23.4676 1.76176 -0.472628 0.152233 0.868014
1 30.3465 27.8546 1.61174 -0.0413991 0.387653 -0.920875
1 9.18281 12.5012 1.60883 -0.249161 -0.0996644 -0.96332
1 1.30361 27.8693 1.61142 -0.102723 -0.67191 -0.733474
1 30.4552 4.36522 1.61307 -0.0921894 0.580085 -0.809322
1 18.9256 33.0325 1.75902 -0.00304612 0.252046 0.967711
1 26.3823 24.7769 1.74964 0.53244 0.24557 0.810064
1 31.4286 23.862 1.61222 -0.666206 0.119742 -0.736092
1 2.93329 2.80529 1.77845 0.765109 0.53271 -0.361703
1 17.3775 25.6435 1.61372 0.496825 -0.122769 -0.859123
1 17.6011 34.6094 1.75863 -0.186936 0.0625201 0.980381
1 22.3529 17.4392 1.61282 -0.446999 0.496603 -0.744028
1 15.1422 12.53 1.75565 -0.154716 -0.313286 0.936971
1 8.48442 10.7593 1.60897 -0.479715 -0.00237352 -0.877421
1 16.4143 8.03951 1.75566 0.337591 -0.148632 0.929484
1 30.0125 18.0515 1.60868 -0.0936211 -0.357654 -0.929149
1 4.02639 23.4767 1.74877 -0.566599 0.356502 0.742881
1 33.7993 32.1603 1.76101 0.748137 -0.312552 0.585322
1 34.2163 21.255 1.75712 -0.0960082 -0.434546 0.895518
1 24.3532 5.87572 1.6219 -0.525896 0.144653 -0.838158
1 7.63821 33.6874 1.61142 -0.556931 -0.0484518 -0.829144
1 14.18 15.2799 1.76354 -0.323887 -0.663932 0.674011
1 17.6826 15.5709 1.75801 -0.442407 0.0896602 0.892321
1 14.132 12.4654 1.74944 -0.237828 -0.491137 0.837987
1 15.0974 25.5452 1.61001 0.484347 0.209812 -0.849345
1 7.87186 1.60536 1.60723 -0.174397 -0.00849985 -0.984639
1 2.38262 20.9096 1.75989 -0.0284744 0.0581037 0.997904
1 8.26624 13.0236 1.60896 -0.204679 0.0832581 -0.975282
1 33.7383 19.2092 1.76103 0.247919 -0.528686 0.811805
1 33.5344 13.4921 1.75779 -0.176375 -0.127193 0.976071
1 9.90196 13.2407 1.60742 -0.16185 -0.229508 -0.959755
1 21.765 9.69281 1.60756 0.0530372 0.740562 -0.669892
1 7.99638 15.2819 1.60573 0.0262284 0.13983 -0.989828
1 19.3848 25.0328 1.61955 0.350197 -0.498645 -0.792915
1 15.6883 20.3328 1.60703 -0.39185 0.0401338 -0.919153
1 15.7461 22.3682 1.6074 -0.0433211 0.0503995 -0.997789
1 21.5271 12.1767 1.73481 0.131181 0.871457 0.472603
1 0.610305 8.04118 1.61828 0.56094 -0.175421 -0.809058
1 9.8532 33.7041 1.60854 -0.572434 -0.398641 -0.716523
1 25.8257 1.1804 1.75846 -0.0377359 -0.105777 0.993674
1 6.17076 20.8556 1.58824 0.00286232 -0.655533 -0.755161
1 11.2899 29.3232 1.75524 -0.385942 0.570211 0.725196
1 25.6205 5.87453 1.61322 -0.543244 -0.0360028 -0.838803
1 24.3499 27.9729 1.75928 -0.0734211 -0.0931474 0.992942
1 1.60913 29.3175 1.60203 0.0807096 -0.737986 -0.669972
1 27.6413 1.49165 1.7603 -0.117656 0.179958 0.976613
1 1.53677 11.3437 1.75804 0.187721 0.226627 0.95572
1 18.292 28.3533 1.75076 0.590047 0.216076 0.777917
1 2.97108 21.7045 1.75962 -0.171041 0.168249 0.970792
1 11.9473 1.79041 1.61861 -0.259671 -0.532007 -0.80594
1 3.35344 0.946951 1.62152 -0.150371 0.60798 -0.779583
1 16.1828 1.56191 1.75886 -0.403211 -0.173401 0.898528
1 31.8659 2.64691 1.61403 -0.40933 0.385663 -0.826869
1 17.5329 20.2516 1.60906 -0.413742 -0.24254 -0.877492
1 1.48485 20.5161 1.7599 0.0361506 -0.0934278 0.99497
1 19.3522 31.2041 1.75588 0.233216 0.313182 0.920612
1 34.4962 13.7282 1.75882 -0.23087 0.0388454 0.972209
1 6.23454 5.02104 1.61306 0.26524 0.444361 -0.855681
1 23.3213 19.7567 1.60986 0.0812687 0.40685 -0.909873
1 34.5721 3.3631 1.60914 -0.259656 -0.103941 -0.960091
1 14.9358 21.8092 1.60622 -0.140911 0.171625 -0.975033
1 20.9504 5.04511 1.59758 0.140988 0.836444 -0.529608
1 8.46554 25.4884 1.75831 0.322731 0.104781 0.940673
1 7.68223 22.9439 1.74509 0.742359 -0.0592369 0.667378
1 24.336 21.5888 1.6228 0.40893 0.25728 -0.875547
1 10.4293 23.6442 1.7483 0.599705 0.40759 0.688639
1 28.3087 3.39828 1.75817 -0.487387 0.279177 0.827354
1 15.0789 29.3616 1.75645 0.474327 -0.243869 0.845897
1 31.7685 30.1704 1.61004 0.381857 0.101668 -0.918612
1 1.49316 0.256807 1.59576 0.204516 0.729306 -0.652905
1 7.30893 0.76346 1.60822 -0.282896 0.0095599 -0.959103
1 17.8998 13.5764 1.76106 -0.204238 0.134841 0.96959
1 13.9743 21.8321 1.60997 -0.13697 0.328111 -0.934656
1 13.0377 21.652 1.6095 -0.144587 0.482834 -0.863693
1 7.1373 27.5059 1.76131 -0.0208697 -0.0616458 0.99788
1 1.25811 4.74681 1.61428 -0.0718061 -0.286916 -0.955261
1 18.5721 14.8968 1.76422 -0.314967 0.239994 0.918259
1 2.83363 34.5361 1.62032 -0.398848 0.647922 -0.648936
1 24.7066 9.43817 1.60806 -0.00130084 0.1845 -0.982832
1 13.7114 6.17654 1.61347 0.364851 -0.649359 -0.667246
1 21.4812 31.9926 1.76037 0.146578 0.677276 0.72098
1 33.9262 28.0278 1.6139 -0.0349611 -0.293735 -0.955247
1 6.20376 33.5556 1.61438 -0.571111 0.0821155 -0.816755
1 32.5082 5.44088 1.60854 0.127875 0.261425 -0.956716
1 18.2919 33.8474 1.75856 -0.0953377 0.156486 0.983068
1 33.9423 10.7829 1.7588 0.30667 -0.103179 0.946207
1 10.2092 17.1861 1.61087 0.231094 -0.175766 -0.956923
1 10.86 5.67111 1.61015 0.292838 -0.264636 -0.918811
1 0.33484 4.42516 1.6096 -0.0995926 -0.141959 -0.98485
1 10.5605 14.1028 1.60821 -0.0299023 -0.320032 -0.946935
1 22.7388 9.55747 1.77502 -0.0433201 -0.546435 0.83638
1 6.44806 16.4667 1.60959 0.189579 0.401758 -0.895908
1 21.4008 27.2918 1.75035 0.0339666 -0.572885 0.818932
1 31.9581 14.4883 1.75598 -0.373422 -0.377602 0.847333
1 32.4901 25.864 1.61071 -0.378649 -0.0787759 -0.922182
1 27.12 3.38369 1.75527 -0.488029 0.110032 0.865864
1 25.0569 0.654768 1.75534 0.0811841 -0.221658 0.971739
1 30.9957 0.167817 1.73912 -0.0632913 0.521302 0.851022
1 23.9895 2.2799 1.75528 -0.146558 -0.36911 0.917757
1 14.8169 14.5481 1.75019 -0.37477 -0.422014 0.825501
1 29.1088 34.1306 1.76139 0.219246 0.280466 0.934489
1 15.1948 16.1204 1.74962 -0.457698 -0.439397 0.772944
1 9.47882 25.2501 1.75683 0.365445 0.263527 0.89275
1 17.9556 32.8346 1.75967 0.0149364 0.119285 0.992748
1 31.1153 12.4101 1.76323 0.0762202 -0.556023 0.827665
1 33.1041 3.99837 1.60762 -0.144443 0.155717 -0.977184
1 15.5133 4.12043 1.75697 -0.689996 -0.430758 0.581681
1 5.50668 30.6482 1.74975 -0.574888 -0.256917 0.776851
1 2.37652 10.666 1.75416 0.236727 0.374178 0.896633
1 29.5547 23.3418 1.60928 0.753121 -0.219178 -0.620298
1 10.7917 21.8538 1.58545 0.745635 -0.479607 -0.462606
1 25.2681 33.101 1.75971 0.476801 -0.224229 0.849931
1 21.093 25.5964 1.60323 -0.332272 0.616848 -0.713508
1 21.0762 30.6502 1.7541 0.321 0.584145 0.745475
1 25.2971 28.2073 1.76016 -0.0995293 0.0727492 0.992372
1 12.2606 11.9471 1.61645 -0.313724 -0.660956 -0.6817
1 34.0798 22.4933 1.7589 -0.322476 -0.441752 0.837176
1 12.2865 28.2579 1.74475 -0.268029 0.689519 0.672847
1 8.14345 3.35914 1.60609 0.0460979 0.0299342 -0.998488
1 15.9887 6.27987 1.75575 0.598221 -0.243212 0.763531
1 16.1838 29.5825 1.75772 0.431439 -0.100326 0.896546
1 20.6633 8.22261 1.75982 0.229378 0.721393 0.653435
1 31.3947 33.7206 1.76046 0.264164 0.358064 0.895549
1 17.3474 30.8967 1.75872 0.239128 0.0416417 0.970095
1 2.80965 16.7847 1.74272 0.709657 0.0813721 0.699832
1 8.33753 23.8436 1.75528 0.595245 0.054894 0.801667
1 11.0551 7.40691 1.61222 0.568211 -0.250293 -0.783894
1 23.4725 6.60142 1.62585 -0.366156 0.317523 -0.874705
1 3.97327 21.5724 1.75988 -0.164106 0.339554 0.92616
1 21.1626 1.36373 1.6781 -0.454526 0.638708 0.620853
1 22.9839 3.15064 1.75189 -0.213488 -0.511796 0.832158
1 29.3847 9.50274 1.6118 0.137559 -0.596555 -0.790696
1 26.2555 17.4251 1.61665 -0.319119 0.0998693 -0.942438
1 8.99748 19.9655 1.61252 0.542399 0.0120705 -0.840034
1 25.189 10.283 1.60803 0.111238 0.100279 -0.988721
1 1.36308 10.3363 1.75567 0.379658 0.175343 0.908358
1 10.4001 11.0742 1.60995 -0.427539 -0.308327 -0.849791
1 20.1898 29.4662 1.76562 0.476683 0.560667 0.677072
1 29.6658 20.9345 1.60319 0.347952 -0.316085 -0.882621
1 30.0482 28.8801 1.61145 0.139882 0.401654 -0.905045
1 19.4622 22.7534 1.61235 -0.0126023 -0.529183 -0.848414
1 5.41147 22.5859 1.76766 -0.452759 0.547544 0.703708
1 4.61077 24.2412 1.7279 0.665194 -0.464074 0.584938
1 11.3478 28.093 1.75228 -0.154377 0.575074 0.803404
1 28.8311 7.16223 1.60914 -0.316828 -0.489953 -0.812136
1 22.8219 13.0644 1.60712 0.431093 0.512541 -0.742604
1 17.2844 33.6146 1.75941 -0.0731489 0.0274172 0.996944
1 6.99582 18.675 1.61081 0.412715 0.439179 -0.79799
1 30.1273 34.3078 1.76094 0.178241 0.422627 0.888604
1 27.4059 22.5688 1.61206 0.579623 0.122895 -0.805564
1 6.76286 31.0541 1.74694 -0.642818 -0.0212093 0.765725
1 18.3544 1.77144 1.75798 -0.418125 0.152376 0.895518
1 29.5405 1.66525 1.74103 -0.169966 0.508266 0.844262
1 25.9541 0.0865514 1.75593 0.164764 -0.114405 0.979676
1 12.7448 9.39275 1.75768 0.173493 -0.737324 0.652881
1 26.7503 31.7792 1.74266 0.728809 -0.0407903 0.683501
1 10.2267 21.0969 1.77911 -0.663336 0.347432 0.662779
1 14.1552 1.60265 1.75606 -0.462684 -0.450913 0.763283
1 3.8975 34.4589 1.60712 -0.39053 0.494711 -0.776368
1 15.439 8.43448 1.75289 0.293305 -0.309151 0.904653
1 25.501 29.1323 1.75666 -0.266117 0.10374 0.958342
1 12.0111 27.0026 1.75202 0.0239323 0.673561 0.738744
1 6.21003 14.2269 1.61039 -0.0933779 0.409272 -0.907621
1 29.0534 26.5423 1.59712 -0.108953 0.761749 -0.638645
1 1.74649 3.13179 1.61678 -0.436011 -0.37234 -0.819303
1 26.2954 29.6547 1.75633 -0.353324 0.248516 0.901888
1 14.4121 30.237 1.75628 0.339434 -0.34386 0.875525
1 26.9076 6.05051 1.60283 -0.533456 -0.173059 -0.827935
1 16.2515 25.0483 1.60817 0.430593 0.0252981 -0.902192
1 8.38097 11.867 1.60864 -0.330804 0.0354707 -0.943033
1 6.28125 0.812318 1.60644 -0.264414 0.166293 -0.949964
1 26.9747 34.3193 1.75802 0.208958 0.0156693 0.977799
1 13.5016 23.8321 1.60921 0.211564 0.435966 -0.874742
1 23.3036 30.5531 1.75167 -0.541865 -0.306411 0.782621
1 8.38813 7.29381 1.61259 0.587426 0.0752987 -0.805767
1 25.2651 30.0597 1.75935 -0.451518 0.0587497 0.890326
1 25.1861 34.145 1.75587 0.284905 -0.233119 0.929777
1 24.9232 18.8699 1.6104 -0.0479023 0.218954 -0.974559
1 21.2554 19.8826 1.61383 0.055468 0.676782 -0.734091
1 4.5257 28.658 1.75551 -0.21621 -0.456996 0.862791
1 23.3031 27.6364 1.75674 -0.0220415 -0.261754 0.964883
1 21.0729 3.1497 1.74747 0.316376 -0.811811 0.490784
1 17.956 10.5009 1.75921 0.0790838 0.153405 0.984994
1 19.899 10.1145 1.75263 0.127055 0.514443 0.848059
1 1.51554 12.3798 1.76044 -0.00459266 0.251664 0.967804
1 28.8748 4.19624 1.77038 -0.611045 0.376807 0.696161
1 28.7509 2.4249 1.76166 -0.29904 0.366991 0.880848
1 23.0765 20.8284 1.60578 0.28412 0.428239 -0.857839
1 9.24903 6.55517 1.61069 0.442535 -0.0371602 -0.895981
1 34.0098 8.49154 1.61469 0.74279 -0.00305439 -0.669517
1 10.9581 15.3286 1.61306 0.0345637 -0.306356 -0.951289
1 2.33033 7.69144 1.76824 -0.346532 0.478711 0.806691
1 17.8882 12.5346 1.76005 -0.106266 0.128103 0.986051
1 17.6717 31.8528 1.75949 0.124002 0.0789965 0.989132
1 1.86778 17.4544 1.75398 0.552286 -0.00578544 0.833635
1 14.7135 26.59 1.60496 0.657902 0.288732 -0.695556
1 23.132 16.0583 1.77601 0.697763 -0.269463 0.663714
1 30.2549 13.2735 1.74792 -0.110933 -0.659954 0.743072
1 15.5964 23.4736 1.60699 0.135811 0.0928039 -0.986379
1 5.41561 16.0947 1.61739 0.176434 0.572981 -0.800352
1 21.5112 8.09129 1.59552 -0.0851318 0.775679 -0.62536
1 9.21474 15.7958 1.60638 0.0794652 -0.0196598 -0.996644
1 4.77984 0.197873 1.60169 -0.346378 0.361397 -0.865687
1 26.0103 27.5132 1.75604 0.0404069 0.200611 0.978837
1 13.816 13.5456 1.76317 -0.330224 -0.66025 0.674553
1 27.3115 12.9307 1.62319 0.524791 -0.261165 -0.810177
1 3.49103 26.4129 1.75849 0.216097 -0.615141 0.758224
1 3.94022 33.3085 1.61125 -0.616191 0.471073 -0.631188
1 27.8987 28.1666 1.75059 -0.02265 0.533271 0.845641
1 12.9903 7.52734 1.62495 0.578224 -0.577725 -0.576099
1 20.8749 10.0131 1.75423 0.179097 0.724036 0.666105
1 14.4103 10.1958 1.7568 0.0603729 -0.45393 0.88899
1 27.8255 25.6804 1.76979 0.376636 0.562684 0.735888
1 19.1792 2.32488 1.7568 -0.500919 0.289653 0.815587
1 31.3674 4.86966 1.61311 0.0151328 0.43059 -0.902421
1 4.45638 22.3947 1.73745 -0.335254 0.415888 0.845365
1 2.32339 26.4231 1.74531 0.179474 -0.782154 0.596677
1 26.2883 22.9606 1.60709 0.733587 0.252053 -0.631126
1 30.8453 22.638 1.61793 0.589752 -0.465569 -0.659877
1 0.68731 25.731 1.60693 -0.480972 -0.584996 -0.653028
1 11.3685 25.8966 1.75465 0.245659 0.574342 0.780886
1 19.9189 30.4386 1.74427 0.368379 0.406918 0.835892
1 26.7199 2.53544 1.75537 -0.302525 0.0622058 0.951109
1 18.9154 10.3565 1.75617 0.080615 0.318668 0.944432
1 13.5985 19.3163 1.62049 -0.522016 0.463508 -0.716002
1 31.0277 17.9282 1.61627 -0.101109 -0.538064 -0.836818
1 1.99174 21.7802 1.75988 -0.176674 -0.000130681 0.984269
1 27.5531 15.3555 1.61853 -0.531493 0.177065 -0.82835
1 33.7291 6.74336 1.60109 0.385007 0.0565881 -0.921177
1 27.841 18.287 1.60851 -0.0839003 -0.057914 -0.99479
1 29.8147 29.9222 1.62505 0.318074 0.457481 -0.830386
1 1.85199 15.8683 1.7448 -0.661469 0.293365 0.690214
1 15.366 19.4012 1.60999 -0.561745 0.043567 -0.826162
1 30.8654 16.2246 1.60924 -0.445475 -0.441058 -0.779115
1 16.6267 31.6016 1.75933 0.14836 -0.0497773 0.98768
1 9.76946 19.189 1.60976 0.443675 -0.120292 -0.888078
1 31.9887 24.9563 1.60932 -0.534333 0.00096154 -0.845274
1 33.369 11.7098 1.7595 0.1505 -0.190642 0.970054
1 3.77682 18.7025 1.75678 0.365278 0.335649 0.868281
1 23.5511 16.9352 1.60375 -0.527293 0.241116 -0.814755
1 10.2119 29.6305 1.74901 -0.34574 0.408152 0.844912
1 13.9231 22.8819 1.61155 0.039956 0.353611 -0.934539
1 7.92981 20.589 1.61297 0.638863 0.155251 -0.753493
1 10.1639 16.1734 1.60824 0.126837 -0.164658 -0.978162
1 17.0283 10.8572 1.75954 0.0445746 -0.0088016 0.998967
1 11.4642 10.8347 1.6147 -0.457329 -0.468703 -0.755756
1 4.39176 31.0939 1.73759 -0.619587 -0.42081 0.662594
1 22.2158 2.33146 1.76075 -0.0200233 -0.613138 0.789722
1 33.5483 3.14717 1.60791 -0.290572 0.058126 -0.955086
1 34.2257 25.938 1.61358 -0.403416 -0.400816 -0.822558
1 9.78136 32.6333 1.60822 -0.765725 -0.257693 -0.589288
1 32.9078 7.47661 1.61646 0.508262 0.213773 -0.834249
1 25.0434 3.75124 1.75445 -0.502442 -0.199673 0.841239
1 31.8121 7.03069 1.62089 0.397649 0.406904 -0.822377
1 11.84 4.04243 1.60986 0.0380599 -0.439162 -0.897601
1 26.4148 32.7105 1.76025 0.547492 -0.0548857 0.835009
1 34.5612 6.15612 1.60796 0.220769 -0.0534639 -0.97386
1 7.53411 11.2985 1.61027 -0.397762 0.173604 -0.900915
1 2.95919 17.8995 1.75958 0.495085 0.194184 0.846867
1 0.430955 20.759 1.75693 -0.0150937 -0.275875 0.961075
1 17.261 24.6611 1.61182 0.335893 -0.136774 -0.931917
1 16.79 13.9762 1.75944 -0.266162 -0.048474 0.962709
1 31.5736 11.3451 1.75881 0.281715 -0.460316 0.84187
1 21.143 21.2517 1.62312 0.311019 0.731838 -0.606367
1 26.6756 1.61299 1.76077 -0.133274 0.0334082 0.990516
1 5.82574 27.5056 1.75991 -0.0268133 -0.251742 0.967423
1 17.5047 3.53755 1.756 -0.680756 -0.0434554 0.73122
1 18.0711 29.3995 1.75466 0.429856 0.176779 0.885423
1 26.4299 5.13205 1.6285 -0.722151 -0.143745 -0.676635
1 33.2608 14.4367 1.75763 -0.348806 -0.171572 0.921356
1 15.6008 31.3672 1.75894 0.179176 -0.181735 0.966886
1 0.595079 5.41696 1.60833 0.0650446 -0.169561 -0.983371
1 0.316405 22.031 1.7601 -0.230454 -0.293804 0.927669
1 14.5088 28.5798 1.75489 0.624776 -0.300995 0.720456
1 29.5639 16.2869 1.61503 -0.402731 -0.239472 -0.883437
1 3.80862 2.139 1.6351 0.0168196 0.554037 -0.832322
1 10.0057 15.1774 1.60558 0.0304441 -0.157106 -0.987112
1 3.94455 17.5058 1.7544 0.585915 0.37427 0.718767
1 27.5387 4.24928 1.76404 -0.688191 0.130712 0.713658
1 24.8879 12.2851 1.60871 0.402077 0.1267 -0.906797
1 21.7038 28.4989 1.73421 -0.200295 -0.584648 0.786173
1 26.2335 4.0637 1.75623 -0.629339 -0.0397264 0.776115
1 29.9337 19.908 1.6093 0.192512 -0.378939 -0.905176
1 7.20431 3.56698 1.60718 0.0835075 0.164015 -0.982917
1 8.40673 29.5264 1.75696 -0.323905 0.154724 0.933352
1 31.5256 26.1296 1.60811 -0.305174 0.11721 -0.945056
1 4.84131 2.04189 1.60647 -0.042125 0.400802 -0.915196
1 9.8446 0.198916 1.61146 -0.37799 -0.405555 -0.832255
1 22.2364 22.085 1.61539 0.495081 0.493613 -0.715011
1 19.2664 21.4861 1.60959 -0.207064 -0.523326 -0.826592
1 7.89023 18.2166 1.61111 0.366912 0.225703 -0.90246
1 12.6453 31.7026 1.75324 0.135886 -0.597304 0.790419
1 16.9682 11.931 1.75845 -0.0573386 -0.0215683 0.998122
1 22.3527 29.6823 1.71997 -0.381543 -0.527785 0.75886
1 20.6749 32.654 1.76028 0.037722 0.539167 0.841354
1 1.77368 14.8909 1.75903 -0.462212 0.34275 0.817852
1 20.8358 16.8662 1.75925 -0.510106 0.507573 0.694378
1 22.3866 1.04104 1.7539 0.211363 -0.671462 0.710257
1 20.8526 0.345917 1.74057 -0.278765 0.577213 0.767538
1 13.8986 25.6311 1.61377 0.478561 0.390717 -0.786333
1 9.36552 11.4047 1.60911 -0.386627 -0.142382 -0.911179
1 15.0802 1.21429 1.75944 -0.364479 -0.31953 0.874675
1 27.5145 16.361 1.61243 -0.391936 0.0483746 -0.91872
1 23.72 32.0546 1.58535 -0.685499 0.394398 -0.611997
1 14.0306 9.16114 1.75664 0.216667 -0.540315 0.81309
1 31.7907 19.9352 1.64311 0.164655 -0.725358 -0.668389
1 12.6314 33.9882 1.74457 -0.208567 -0.615853 0.759753
1 32.6247 8.38143 1.60912 0.671281 0.240982 -0.700935
1 12.8478 20.491 1.63592 -0.327291 0.600892 -0.729253
1 5.76034 12.1947 1.60999 -0.263328 0.533455 -0.803794
1 10.0984 30.7444 1.75694 -0.533389 0.425355 0.731142
1 24.4014 6.85601 1.60754 -0.346561 0.177528 -0.921075
1 26.2591 15.5121 1.63573 -0.64951 0.377665 -0.659929
1 6.19078 15.3602 1.6109 0.0432276 0.434002 -0.899874
1 17.2681 1.77082 1.7597 -0.422563 -0.016845 0.906177
1 19.8204 20.5987 1.61458 -0.37253 -0.611713 -0.697874
1 33.3236 4.90367 1.60808 0.0235716 0.128392 -0.991443
1 24.9224 13.2382 1.61292 0.542504 0.0667309 -0.837399
