1 18.0799 33.0738 1.75659 -0.0314978 0.163212 0.986088
1 31.5667 19.7559 1.61751 0.118817 -0.749076 -0.651742
1 17.0526 6.57678 1.75797 0.528428 -0.133259 0.838455
1 26.588 17.8272 1.60875 -0.175494 0.0781161 -0.981376
1 10.3438 28.5894 1.74679 -0.147004 0.467999 0.871417
1 13.2406 8.65852 1.73772 0.439439 -0.669021 0.59942
1 19.216 23.141 1.60473 0.00196123 -0.466101 -0.884729
1 25.5989 20.6719 1.61342 0.254364 0.205951 -0.944925
1 6.14521 0.649698 1.61157 -0.261461 0.190132 -0.946302
1 30.4417 11.7147 1.73567 0.25715 -0.741592 0.619609
1 19.9871 7.50672 1.75681 0.342419 0.455063 0.821989
1 0.228382 9.8614 1.75557 0.439695 -0.00720422 0.898118
1 28.8958 0.48332 1.75514 0.0345683 0.377246 0.925468
1 4.40551 10.9883 1.76264 0.011414 0.760877 0.648796
1 17.7239 24.1431 1.60906 0.168425 -0.215957 -0.961767
1 29.031 19.2422 1.60666 0.0742129 -0.272243 -0.959362
1 18.3717 30.0623 1.75658 0.367968 0.183872 0.911477
1 22.9852 21.1276 1.61616 0.330197 0.503017 -0.798714
1 23.9804 21.8405 1.61169 0.510734 0.326001 -0.795534
1 19.9851 23.9723 1.61614 0.126707 -0.617423 -0.776359
1 18.147 0.319536 1.75758 -0.274296 0.165275 0.947336
1 14.898 26.7615 1.60005 0.694869 0.178903 -0.696527
1 15.3602 0.476333 1.75856 -0.270947 -0.23691 0.932985
1 29.0693 24.8295 1.73571 -0.425544 0.85991 0.2819
1 26.3748 31.6571 1.73516 0.784622 -0.0737183 0.615577
1 27.2526 5.76116 1.62177 -0.62292 -0.119576 -0.773093
1 12.5915 18.0977 1.60372 0.246605 -0.524976 -0.814608
1 7.21949 13.271 1.61136 -0.208716 0.231557 -0.950168
1 11.7641 4.34255 1.61509 0.0258634 -0.405684 -0.913648
1 19.0591 12.6285 1.75812 0.0359099 0.278302 0.959822
1 8.21143 19.4137 1.61072 0.547508 0.203293 -0.811731
1 6.77969 28.5781 1.75951 -0.166722 -0.062071 0.984048
1 5.54361 2.56801 1.61021 0.0348888 0.337935 -0.940522
1 16.6437 19.6702 1.618 -0.607015 -0.0877285 -0.789833
1 14.9262 6.60735 1.74961 0.552183 -0.539033 0.636032
1 23.8673 29.0417 1.7556 -0.35704 -0.209797 0.910224
1 5.92573 8.54756 1.58609 0.870242 0.178743 -0.459053
1 13.8506 2.80855 1.62003 -0.400931 -0.719019 -0.567684
1 16.7681 33.8675 1.75931 -0.124421 -0.0257567 0.991895
1 9.12812 10.2992 1.60154 -0.621866 -0.0449086 -0.781835
1 33.6517 9.8639 1.75604 0.45969 -0.185533 0.868483
1 1.04181 22.4299 1.75901 -0.295483 -0.180359 0.938169
1 13.2769 22.5362 1.61077 -0.0861368 0.48517 -0.870167
1 19.2677 9.37633 1.75243 0.184062 0.337295 0.92323
1 12.8873 13.7244 1.60854 -0.229055 -0.753719 -0.615988
1 27.8076 25.1492 1.73545 0.305724 0.452493 0.837725
1 15.9009 7.02045 1.75533 0.477557 -0.358795 0.802001
1 3.96564 12.8233 1.76646 -0.118173 0.76401 0.63429
1 23.9084 14.7153 1.60451 0.821343 0.0829877 -0.564365
1 1.46623 7.63079 1.6132 0.451087 -0.269348 -0.850866
1 21.8717 25.5306 1.74646 0.20425 -0.561034 0.802199
1 0.803926 23.3631 1.76024 -0.472932 -0.237273 0.84855
1 4.16443 0.786065 1.62984 -0.112093 0.459312 -0.881174
1 20.1596 21.3142 1.60598 -0.295772 -0.63324 -0.71521
1 30.4841 16.8436 1.6055 -0.356824 -0.479103 -0.801958
1 6.44925 25.0084 1.7504 0.385776 -0.174387 0.905961
1 33.21 28.9937 1.60713 0.172099 -0.129961 -0.976469
1 21.5309 26.7523 1.73914 -0.0273661 -0.619982 0.784139
1 20.016 10.2821 1.74899 0.0810328 0.498818 0.862911
1 33.9619 7.07697 1.6145 0.402257 0.104654 -0.909526
1 8.58388 2.43738 1.60587 -0.108962 -0.0315594 -0.993545
1 23.4999 29.9 1.74505 -0.491597 -0.319452 0.810113
1 13.8967 9.31699 1.76276 0.271553 -0.593108 0.757946
1 34.0206 12.6409 1.75902 -0.0531396 -0.0998055 0.993587
1 0.163035 30.5016 1.60707 0.314354 -0.438292 -0.84207
1 9.24088 31.607 1.74905 -0.645717 0.308438 0.698509
1 24.406 13.7744 1.6142 0.650656 0.119434 -0.749922
1 14.8424 27.5999 1.75544 0.815878 -0.164984 0.554187
1 18.1591 25.1084 1.61171 0.322582 -0.309597 -0.894478
1 32.5236 28.2052 1.60821 0.0557321 -0.0119482 -0.998374
1 1.53026 5.72592 1.61168 0.0786938 -0.295989 -0.951944
1 10.8005 0.911104 1.62081 -0.27872 -0.463483 -0.841129
1 6.47832 4.69837 1.60687 0.171379 0.352988 -0.919798
1 18.4157 8.28095 1.76086 0.291098 0.175799 0.940402
1 19.0068 32.9893 1.74985 -0.0379748 0.289024 0.956568
1 25.6657 30.4809 1.75622 -0.60773 0.0418107 0.793042
1 14.2808 15.061 1.75473 -0.356973 -0.632695 0.687217
1 24.839 28.7853 1.75991 -0.291263 -0.043973 0.955632
1 0.348294 12.4964 1.76061 -0.0411367 0.0619196 0.997233
1 5.16078 28.1012 1.76044 -0.083789 -0.293585 0.952254
1 23.54 1.29025 1.74828 0.0435226 -0.374226 0.926316
1 31.8551 30.1749 1.61047 0.374134 0.129789 -0.918247
1 34.0475 29.7589 1.60747 0.282441 -0.268057 -0.921071
1 30.5098 7.26757 1.67689 -0.377895 -0.605081 -0.700765
1 16.3762 0.92354 1.75618 -0.336191 -0.0957334 0.936915
1 26.1393 6.16182 1.61248 -0.505208 0.0373242 -0.86219
1 9.9713 15.3443 1.6069 0.0128004 -0.148271 -0.988864
1 28.6593 9.24591 1.61054 0.00820984 -0.371385 -0.928443
1 3.43818 14.311 1.75505 -0.302109 0.683528 0.66447
1 31.3584 13.3289 1.75816 -0.162942 -0.534737 0.82916
1 24.077 12.0337 1.60858 0.351578 0.286294 -0.891307
1 12.2221 5.55135 1.60843 0.174527 -0.462356 -0.869349
1 28.6537 12.6841 1.61803 0.642339 -0.343294 -0.685237
1 19.2629 26.6747 1.74375 -0.559635 0.433268 0.706461
1 19.5966 15.8326 1.75596 -0.376433 0.346 0.859408
1 10.723 6.25269 1.60883 0.328349 -0.221694 -0.918171
1 24.3614 23.7149 1.76848 0.723258 -0.0718853 0.686826
1 34.1395 21.0847 1.76386 -0.0380011 -0.441409 0.896501
1 18.8155 28.0147 1.74269 0.722501 0.236269 0.649745
1 28.7989 20.3074 1.60869 0.234259 -0.22831 -0.944985
1 3.35975 33.7171 1.59944 -0.361218 0.516552 -0.776335
1 26.7313 29.7699 1.73783 -0.520213 0.253506 0.815544
1 24.6672 20.0623 1.60822 0.161087 0.310675 -0.936767
1 21.3455 16.745 1.74636 -0.494553 0.608024 0.621066
1 0.96741 11.7254 1.76093 0.0891739 0.139216 0.986239
1 28.3302 6.36112 1.61199 -0.474532 -0.271285 -0.837391
1 2.40793 34.5241 1.60028 -0.169512 0.703865 -0.689812
1 23.0029 18.7936 1.61251 -0.0706107 0.52375 -0.848941
1 30.6165 20.7005 1.62646 0.307117 -0.54734 -0.778523
1 32.8677 6.97702 1.60779 0.40787 0.276224 -0.870254
1 25.5441 22.2858 1.6165 0.564903 0.226752 -0.79339
1 15.7951 8.13666 1.75595 0.329273 -0.273106 0.903876
1 2.66811 7.4759 1.59832 0.330011 -0.486642 -0.808871
1 20.1722 9.07925 1.74118 0.200559 0.511693 0.835432
1 16.1212 24.7709 1.60714 0.298985 0.0245433 -0.953942
1 7.47963 20.1656 1.61739 0.62607 0.373623 -0.684429
1 11.6875 18.8377 1.60511 0.371572 -0.376885 -0.848464
1 5.9579 17.8022 1.62236 0.393354 0.538861 -0.744917
1 6.0673 23.6469 1.74832 0.711345 -0.421443 0.562472
1 14.3398 19.445 1.61228 -0.606182 0.35387 -0.712264
1 22.2555 31.2677 1.73585 0.176635 0.762023 0.622993
1 8.08589 25.7946 1.75748 0.301888 0.0807364 0.949919
1 14.6376 9.95455 1.75741 0.149482 -0.459777 0.875363
1 28.4881 13.7634 1.74796 -0.73854 0.343593 -0.580088
1 24.1519 27.1091 1.75999 -0.00844889 -0.160461 0.987006
1 26.4089 18.902 1.60672 -0.0107379 0.100112 -0.994918
1 17.7148 34.019 1.75729 -0.140366 0.105809 0.98443
1 10.6067 10.4897 1.60536 -0.639767 -0.231087 -0.733005
1 23.581 12.9002 1.61319 0.495998 0.332114 -0.802301
1 24.4201 0.637314 1.75574 0.120864 -0.276773 0.953304
1 8.57843 27.7556 1.7603 -0.00946702 0.181187 0.983403
1 6.49691 2.68711 1.6123 -0.00516603 0.217152 -0.976124
1 20.4669 13.8856 1.75725 -0.0822383 0.505749 0.858752
1 16.0252 4.42994 1.77105 -0.740007 -0.344389 0.577742
1 6.13727 16.722 1.62008 0.222623 0.471544 -0.853279
1 3.53724 11.629 1.75225 0.0150897 0.578579 0.815487
1 9.11342 14.9358 1.60876 -0.0124947 -0.0219747 -0.99968
1 31.8092 27.0953 1.60892 -0.0442971 0.132289 -0.990221
1 32.4418 10.0955 1.75585 0.434971 -0.352385 0.828629
1 11.357 19.9452 1.61279 0.546221 -0.358559 -0.757019
1 12.3989 0.316728 1.75603 -0.439487 -0.655324 0.61433
1 0.555404 1.7724 1.61201 -0.510194 -0.175289 -0.842007
1 23.0492 13.7566 1.61621 0.643445 0.346501 -0.68258
1 27.2026 1.3571 1.75943 -0.091162 0.148301 0.984732
1 13.6255 10.5457 1.76207 0.0411431 -0.610775 0.790735
1 8.64145 28.8428 1.75805 -0.190153 0.217216 0.957423
1 8.53566 29.9124 1.75707 -0.3757 0.210729 0.902465
1 23.6962 11.0366 1.6083 0.198538 0.380311 -0.903298
1 15.9623 14.3547 1.75622 -0.264164 -0.226774 0.937438
1 27.6341 26.2526 1.75313 0.164673 0.412368 0.896011
1 29.5359 6.34428 1.67029 -0.493507 -0.446371 -0.746461
1 7.96438 18.3207 1.60987 0.403186 0.246366 -0.881331
1 12.1419 24.1844 1.6059 0.219908 0.689854 -0.689741
1 28.886 2.51425 1.75845 -0.31814 0.348041 0.881847
1 12.5024 14.9004 1.60882 -0.0994391 -0.591723 -0.799985
1 5.73273 1.57962 1.60876 -0.104353 0.247925 -0.963143
1 9.78595 11.1699 1.61554 -0.493158 -0.148998 -0.857085
1 14.8825 8.78929 1.75554 0.283655 -0.411875 0.865967
1 23.9155 28.0671 1.7576 -0.189449 -0.193648 0.962606
1 7.78238 31.8891 1.75287 -0.754212 0.116475 0.646218
1 19.4738 6.43681 1.75577 0.5115 0.322681 0.796394
1 4.57512 31.7118 1.75102 -0.720406 -0.313024 0.618895
1 10.6677 8.34895 1.61461 0.673196 -0.163935 -0.721064
1 31.297 10.5876 1.7156 0.390843 -0.561608 0.729272
1 25.4454 10.8704 1.60898 0.206175 0.0998054 -0.973412
1 26.8473 3.10609 1.75627 -0.420215 0.0964504 0.902284
1 9.36055 21.5105 1.61215 0.767758 0.02973 -0.640049
1 4.08798 16.2543 1.60867 0.152356 0.768471 -0.621482
1 34.3259 8.98737 1.75732 0.616919 -0.0841212 0.782518
1 14.9948 12.1341 1.75177 -0.157348 -0.370292 0.915492
1 31.2556 18.3969 1.61281 -0.0907553 -0.612257 -0.785433
1 4.71171 1.79838 1.61061 -0.0218641 0.390766 -0.92023
1 25.2511 9.83595 1.60928 0.0535869 0.137743 -0.989017
1 8.16031 15.0556 1.60643 0.00901289 0.109625 -0.993932
1 13.4638 15.4997 1.60379 -0.108555 -0.778174 -0.618596
1 17.5394 28.449 1.7516 0.648182 0.0584577 0.759239
1 2.96026 4.7608 1.63088 -0.152405 -0.541819 -0.826562
1 13.4002 3.79811 1.63201 -0.222328 -0.625048 -0.748255
1 22.6151 7.70405 1.60198 -0.196836 0.664999 -0.720439
1 3.87997 21.9879 1.75376 -0.196219 0.275324 0.941113
1 7.83845 6.20531 1.60857 0.342565 0.205942 -0.916645
1 24.7756 12.8411 1.61259 0.493001 0.126741 -0.860748
1 29.3917 26.4229 1.62811 -0.0578212 0.661007 -0.748149
1 22.3582 29.3529 1.7537 -0.426342 -0.528858 0.733854
1 6.22535 30.3827 1.75891 -0.470927 -0.0992466 0.876572
1 11.1915 18.0139 1.62123 0.291253 -0.292982 -0.910678
1 17.4775 29.4087 1.75825 0.474806 0.0681303 0.877449
1 34.4186 22.6699 1.75696 -0.349236 -0.373378 0.859432
1 7.04038 9.48986 1.60438 -0.696084 0.240662 -0.676424
1 7.19034 15.3019 1.60882 0.0246202 0.269616 -0.962653
1 33.1401 26.2836 1.61145 -0.230289 -0.16459 -0.959102
1 22.9074 28.4999 1.75541 -0.297463 -0.376933 0.877176
1 20.6787 27.3376 1.60075 0.18969 0.730906 -0.655587
1 10.3225 27.4874 1.7537 0.0331721 0.44122 0.896786
1 28.0769 8.36878 1.60809 -0.138861 -0.267426 -0.95352
1 22.1378 24.3363 1.74524 0.443725 -0.45756 0.77055
1 29.4975 11.5601 1.60735 0.447966 -0.564637 -0.693189
1 23.5749 33.5354 1.75569 0.389438 -0.54868 0.73979
1 18.1756 23.2338 1.60857 0.019298 -0.287763 -0.957507
1 18.5082 13.4834 1.76171 -0.0947041 0.190754 0.977059
1 18.0526 21.3879 1.60888 -0.286219 -0.274034 -0.918141
1 7.18017 0.795063 1.60886 -0.281002 0.0668369 -0.957377
1 34.5922 4.69618 1.60557 -0.0284174 -0.0505216 -0.998319
1 6.97856 3.66159 1.60904 0.0828457 0.178171 -0.980506
1 1.95127 4.73121 1.61219 -0.126553 -0.390072 -0.912046
1 7.71821 22.9456 1.75519 0.747111 -0.118832 0.653991
1 7.69297 33.6998 1.60852 -0.600369 0.0159044 -0.799565
1 26.4442 11.0534 1.6108 0.256503 -0.0521651 -0.965135
1 33.4645 23.0565 1.75489 -0.442142 -0.500757 0.744146
1 27.5628 11.1376 1.60876 0.284039 -0.231731 -0.930388
1 8.59276 11.1767 1.61434 -0.479066 0.0248558 -0.877427
1 30.5076 28.4593 1.6123 0.153261 0.354836 -0.922281
1 1.09457 18.6831 1.7576 0.414944 -0.157824 0.896054
1 5.90595 9.4673 1.78976 0.632499 -0.472726 0.613576
1 34.1945 10.6996 1.75743 0.285318 -0.104188 0.952753
1 31.5125 28.1832 1.60945 0.100709 0.173776 -0.979622
1 16.4706 13.493 1.75986 -0.150867 -0.123891 0.98076
1 27.518 16.9713 1.60942 -0.278769 -0.0187637 -0.960175
1 14.5489 34.2481 1.75771 -0.225791 -0.324765 0.918448
1 23.1991 27.2857 1.75934 -0.0717436 -0.330245 0.941165
1 15.2398 29.3608 1.75024 0.485554 -0.218544 0.846449
1 34.3361 16.216 1.74294 -0.710429 0.0480936 0.702124
1 0.657589 10.767 1.75852 0.264252 0.0706083 0.961866
1 23.5432 7.63958 1.60168 -0.221134 0.495418 -0.840036
1 30.3026 17.8756 1.6099 -0.170218 -0.447522 -0.877924
1 28.0864 19.5945 1.60735 0.126754 -0.12765 -0.983686
1 20.3248 34.4816 1.74963 -0.314842 0.490406 0.812636
1 5.54056 34.4261 1.61342 -0.395604 0.279664 -0.874806
1 2.83387 22.6276 1.75481 -0.311806 0.109008 0.943872
1 31.3798 8.27747 1.59574 -0.228834 -0.771509 -0.59364
1 8.20785 13.1711 1.60833 -0.220197 0.0776377 -0.972361
1 14.5648 32.0521 1.75645 0.0679195 -0.296825 0.952513
1 23.407 26.2439 1.76184 0.123162 -0.286882 0.950016
1 7.83614 21.67 1.74432 -0.700229 -0.419229 0.577864
1 32.4905 4.9191 1.60868 0.0220974 0.335993 -0.941605
1 22.9408 17.4429 1.60708 -0.319761 0.5449 -0.775137
1 9.84073 4.10225 1.60791 0.0631453 -0.133069 -0.989093
1 8.39522 5.22244 1.60761 0.21268 0.0880933 -0.973143
1 2.88671 31.9486 1.77262 0.620006 0.237615 0.747751
1 25.2642 1.06262 1.75912 0.0119724 -0.142949 0.989658
1 15.6677 11.4551 1.75696 -0.0411548 -0.256572 0.965649
1 10.1357 26.3987 1.75759 0.216202 0.41716 0.882743
1 21.439 14.1483 1.75819 -0.0672311 0.658634 0.749454
1 1.75745 1.05835 1.59594 0.145662 0.801057 -0.580594
1 25.0704 11.7729 1.60728 0.32197 0.139994 -0.936343
1 6.73119 1.69839 1.6083 -0.136584 0.131607 -0.981847
1 24.255 18.9867 1.60709 -0.0115557 0.36888 -0.929405
1 10.8797 21.9691 1.58397 0.807172 -0.392804 -0.440656
1 31.9349 14.4102 1.75809 -0.372695 -0.430075 0.822274
1 14.8552 23.2778 1.60817 0.0304266 0.208336 -0.977584
1 18.5607 29.0957 1.75951 0.525315 0.228955 0.819527
1 18.7243 20.6928 1.61932 -0.415927 -0.379348 -0.826499
1 15.4989 10.449 1.75714 0.0758923 -0.297114 0.951821
1 3.895 29.6992 1.75678 -0.369143 -0.437143 0.820146
1 22.8799 25.3736 1.75649 0.279066 -0.3722 0.885206
1 11.9107 32.1635 1.73935 0.0591099 -0.681216 0.729693
1 17.8839 2.04249 1.75772 -0.496763 0.103966 0.861637
1 29.6147 29.4739 1.72801 0.181615 0.981137 -0.0662282
1 28.3183 31.4262 1.74447 0.763027 0.0603492 0.643543
1 10.381 4.99479 1.60792 0.165652 -0.190608 -0.967589
1 30.3963 24.1659 1.61802 -0.433968 0.426836 -0.793399
1 27.048 22.4603 1.61493 0.611802 0.124529 -0.781147
1 8.8131 20.4907 1.61392 0.650261 0.100454 -0.75304
1 25.6787 18.2463 1.60773 -0.123227 0.192008 -0.973626
1 2.04404 6.68746 1.61903 0.234757 -0.36823 -0.899609
1 32.099 12.5856 1.7629 -0.0125689 -0.447797 0.894047
1 4.7942 12.9646 1.61905 -0.255549 0.719371 -0.64591
1 26.9465 0.40155 1.75853 0.0851965 0.0815656 0.99302
1 29.4315 21.9847 1.61012 0.47325 -0.300471 -0.828101
1 23.613 0.175715 1.72724 0.215425 -0.415747 0.883599
1 12.3374 28.3455 1.76006 -0.229069 0.77549 0.588339
1 25.4203 17.2546 1.61111 -0.300496 0.232955 -0.924897
1 0.322508 25.4628 1.60183 -0.466059 -0.535117 -0.704584
1 20.6738 32.0231 1.75598 0.0744344 0.520841 0.850403
1 12.6432 10.0166 1.75333 0.108131 -0.73412 0.670355
1 12.0825 12.2251 1.61973 -0.40493 -0.605416 -0.685203
1 11.8143 25.5096 1.75467 0.406095 0.687862 0.601608
1 5.15198 4.03116 1.63338 0.306048 0.438503 -0.845015
1 19.0706 30.8617 1.75481 0.250057 0.275593 0.928181
1 12.1003 20.6083 1.61143 0.591743 -0.56607 -0.573938
1 15.9601 21.5855 1.60732 -0.259488 0.0562665 -0.964106
1 10.4422 30.8793 1.75044 -0.524226 0.510145 0.681864
1 4.74408 23.3419 1.70303 -0.583792 0.332025 0.740909
1 2.33397 26.5323 1.75174 0.118979 -0.732615 0.670163
1 8.21894 3.38129 1.6065 0.00466103 0.0498446 -0.998746
1 0.257784 21.7721 1.76041 -0.164346 -0.309001 0.936754
1 6.92777 31.1995 1.74542 -0.589235 0.0551248 0.806079
1 27.1601 8.58138 1.60854 -0.111428 -0.125708 -0.98579
1 2.80751 29.4129 1.76269 -0.332553 -0.656156 0.677398
1 33.2475 2.93036 1.61358 -0.243872 0.160298 -0.956468
1 24.309 15.7913 1.61111 -0.591431 0.383023 -0.70958
1 25.2557 19.1866 1.60852 0.0216753 0.241524 -0.970153
1 23.5892 19.7377 1.61442 0.11121 0.447078 -0.887555
1 1.28728 3.68974 1.6188 -0.244263 -0.327024 -0.912903
1 12.0118 17.217 1.61768 0.175973 -0.440339 -0.880418
1 9.3661 4.99998 1.60702 0.183047 -0.0488446 -0.98189
1 13.5923 24.624 1.61487 0.26527 0.411547 -0.871929
1 8.73159 24.9433 1.75342 0.44588 0.154406 0.881675
1 1.96894 30.3165 1.60182 0.153146 -0.79397 -0.588351
1 32.7861 27.2062 1.60812 -0.094701 -0.0676201 -0.993207
1 28.5585 15.5366 1.62515 -0.524019 -0.0987388 -0.845964
1 32.0292 0.83042 1.6098 -0.515786 0.566598 -0.642597
1 17.1477 24.9843 1.6104 0.316414 -0.130177 -0.939647
1 22.289 27.556 1.75483 -0.144946 -0.480635 0.864859
1 15.1315 25.0246 1.60099 0.35766 0.172275 -0.917824
1 21.7208 22.3733 1.77679 -0.519823 -0.665839 0.535203
1 24.852 8.60696 1.6123 -0.103003 0.213402 -0.971519
1 15.4033 33.7336 1.75785 -0.140827 -0.204418 0.968701
1 17.1072 0.217467 1.75764 -0.245628 0.0172727 0.96921
1 2.28366 3.71473 1.61646 -0.332913 -0.498828 -0.800212
1 7.60177 24.8903 1.7561 0.456244 -0.0325104 0.889261
1 12.1767 30.8472 1.74691 0.27085 -0.604884 0.748836
1 21.5476 1.48195 1.73141 0.306881 -0.652947 0.692448
1 9.4706 28.1809 1.75887 -0.0793955 0.329042 0.940972
1 24.7273 18.0519 1.60748 -0.158423 0.308486 -0.937944
1 27.8661 33.2308 1.75854 0.405416 0.167701 0.898618
1 25.4504 7.7652 1.6108 -0.224334 0.146545 -0.963431
1 1.57549 14.9435 1.75368 -0.462534 0.302826 0.833282
1 22.086 21.4638 1.6009 0.373637 0.618533 -0.69124
1 14.4592 20.5202 1.60892 -0.420764 0.326148 -0.846514
1 32.6445 33.9487 1.60656 -0.644586 0.587952 -0.488693
1 17.1753 23.1803 1.60819 0.015747 -0.123577 -0.99221
1 17.422 25.9975 1.61425 0.479349 -0.177452 -0.859497
1 12.6185 16.2113 1.6378 0.0573925 -0.591732 -0.804089
1 18.5133 16.2088 1.76033 -0.433832 0.151359 0.888189
1 19.9964 25.4939 1.76536 -0.356271 0.673064 0.648117
1 16.7165 1.89158 1.75775 -0.474456 -0.0721453 0.877318
1 34.1746 14.3963 1.75966 -0.357863 -0.0449397 0.932692
1 32.6081 24.3054 1.61044 -0.526901 -0.037502 -0.849099
1 26.7613 33.2088 1.75469 0.417781 -0.00776304 0.908514
1 17.6159 4.5322 1.76818 -0.838348 0.0534227 0.542512
1 30.9411 2.3917 1.59285 -0.488826 0.613048 -0.620662
1 26.4133 23.2462 1.61017 0.771685 0.216993 -0.597843
1 3.24066 6.42762 1.59997 0.0751874 -0.607225 -0.790964
1 17.8316 7.36034 1.7584 0.41629 0.0421671 0.908253
1 1.26536 26.5707 1.62693 -0.203472 -0.731549 -0.650719
1 24.6961 32.9513 1.75305 0.525255 -0.323265 0.787151
1 25.8707 12.4431 1.61054 0.433318 0.00617407 -0.90122
1 21.5208 28.1307 1.76421 -0.300682 -0.588247 0.750703
1 17.222 27.4985 1.67209 0.811896 0.0471964 0.581892
1 9.81291 25.3265 1.75914 0.387549 0.340283 0.856746
1 17.4874 13.4949 1.76113 -0.108412 0.0271074 0.993736
1 7.92934 16.0315 1.60633 0.109376 0.17588 -0.978317
1 32.7494 15.3389 1.75766 -0.534587 -0.296667 0.791332
1 4.52132 30.6739 1.75141 -0.534855 -0.307813 0.78688
1 0.447946 2.81377 1.61199 -0.334207 -0.20447 -0.920053
1 20.2067 17.7216 1.74599 -0.623908 0.406665 0.667355
1 28.4512 17.4792 1.60737 -0.197898 -0.167127 -0.96587
1 18.7385 15.1975 1.76116 -0.283162 0.211884 0.935374
1 12.6616 6.63216 1.6293 0.360876 -0.50738 -0.782518
1 19.6956 14.724 1.75843 -0.215218 0.365326 0.905659
1 25.9984 0.413977 1.75843 0.10778 -0.0605161 0.992331
1 2.60456 11.5083 1.76206 0.0923273 0.424866 0.900536
1 13.0314 7.54127 1.60336 0.535852 -0.540828 -0.648358
1 20.8931 0.681346 1.73422 -0.429125 0.61032 0.665854
1 14.9105 31.0897 1.76044 0.204436 -0.241741 0.948561
1 3.73202 2.94286 1.64008 0.299901 0.586648 -0.752266
1 12.7439 32.7438 1.75899 -0.0602655 -0.557872 0.827736
1 21.6096 15.4245 1.75733 -0.277555 0.646752 0.710405
1 19.2036 25.0139 1.61837 0.317074 -0.506917 -0.80156
1 11.9072 13.4204 1.62291 -0.191416 -0.571523 -0.797948
1 20.6208 15.1041 1.75976 -0.246308 0.515759 0.820564
1 12.2055 26.9096 1.74983 0.105127 0.71443 0.691765
1 21.7565 2.61167 1.7566 0.0543738 -0.597262 0.800201
1 6.85712 14.2849 1.60333 -0.0751335 0.298907 -0.95132
1 8.5507 7.09431 1.61135 0.47686 0.112467 -0.871754
1 11.8764 1.10879 1.6128 -0.404459 -0.612133 -0.679489
1 24.3662 9.49792 1.61035 0.011945 0.272542 -0.96207
1 20.9294 20.7058 1.64444 0.286173 0.802644 -0.523324
1 22.0935 3.75325 1.76622 -0.227251 -0.573406 0.787123
1 7.96164 34.6033 1.60669 -0.445719 -0.0361715 -0.894442
1 3.4583 28.6019 1.75659 -0.196956 -0.528473 0.825787
1 20.8618 8.37312 1.76645 0.22243 0.687539 0.691242
1 30.8435 14.3122 1.74563 -0.340181 -0.606609 0.718542
1 16.125 17.5444 1.75378 -0.580075 -0.317527 0.750127
1 26.6615 9.37498 1.60826 0.000436872 -0.0620689 -0.998072
1 9.94114 34.5283 1.60852 -0.414745 -0.394014 -0.820207
1 26.1406 10.1627 1.60788 0.108969 0.0034534 -0.994039
1 2.99902 25.25 1.75946 0.451666 -0.584292 0.674241
1 9.1893 13.0997 1.60786 -0.222182 -0.0789016 -0.971807
1 12.3173 22.7616 1.61448 -0.0506793 0.646818 -0.760958
1 5.29477 11.5107 1.60867 -0.417177 0.613285 -0.670705
1 7.81958 4.31545 1.60851 0.114787 0.130367 -0.984799
1 30.7668 30.1553 1.60643 0.357763 0.332581 -0.87258
1 32.2766 7.77963 1.60531 0.54809 0.421522 -0.722438
1 15.996 12.504 1.75818 -0.100423 -0.186715 0.977268
1 27.1367 10.2585 1.60901 0.144651 -0.149797 -0.978078
1 30.8152 32.9219 1.74419 0.367609 0.680198 0.634187
1 17.578 22.2901 1.60873 -0.131804 -0.194285 -0.97205
1 33.693 11.6743 1.75682 0.10805 -0.181132 0.977505
1 24.9071 27.7695 1.75947 -0.111554 -0.023194 0.993488
1 27.2382 6.69127 1.60856 -0.445902 -0.122554 -0.886652
1 29.7772 19.9108 1.6067 0.168577 -0.391012 -0.904816
1 20.1826 30.9516 1.75278 0.251206 0.441022 0.861623
1 23.1036 5.43947 1.61604 -0.624298 0.457636 -0.633104
1 27.2008 7.637 1.60942 -0.271051 -0.126603 -0.954203
1 14.4838 24.2448 1.60642 0.19573 0.263387 -0.944625
1 30.7588 31.2576 1.61521 0.525441 0.444325 -0.725594
1 25.2073 34.5429 1.75507 0.234507 -0.187 0.953959
1 31.6735 15.48 1.73858 -0.566485 -0.5036 0.65229
1 6.42729 26.8846 1.76022 0.105453 -0.136169 0.985057
1 25.0075 3.70382 1.74558 -0.468658 -0.155792 0.869533
1 9.73051 6.78112 1.6094 0.452243 -0.0524791 -0.890349
1 32.9852 9.08548 1.75609 0.641916 -0.275766 0.71547
1 29.8957 27.531 1.61432 0.0594871 0.518395 -0.85307
1 25.2444 6.80755 1.60878 -0.380873 0.184237 -0.906086
1 27.5171 28.4824 1.76021 -0.199833 0.409782 0.890025
1 0.32761 7.52388 1.61652 0.459788 -0.0769197 -0.884691
1 9.38639 27.0928 1.75838 0.0985339 0.300556 0.948661
1 14.4394 7.91346 1.74224 0.421306 -0.469247 0.776085
1 26.9253 12.8159 1.62573 0.51969 -0.162503 -0.838758
1 32.9954 17.8034 1.75288 0.515547 -0.596968 0.614687
1 2.13331 9.30467 1.75202 0.474611 0.305992 0.825296
1 22.0026 11.3351 1.60707 0.175106 0.689207 -0.703088
1 26.7203 13.8522 1.6973 0.654822 -0.329977 -0.679943
1 14.4156 12.889 1.75475 -0.259283 -0.496919 0.828157
1 19.4535 29.9772 1.75381 0.404814 0.350847 0.844412
1 2.49319 5.71308 1.62305 0.0338138 -0.449082 -0.892851
1 5.72633 28.9932 1.75721 -0.231224 -0.203976 0.951278
1 0.69255 33.8025 1.75278 0.814507 -0.0509436 0.577912
1 26.4954 15.8983 1.60318 -0.498795 0.207814 -0.841438
1 6.09667 27.8403 1.75901 -0.0466866 -0.166369 0.984958
1 4.79793 22.3288 1.75919 -0.326237 0.410248 0.851625
1 24.4667 1.68744 1.75837 -0.0692934 -0.231269 0.970419
1 3.8339 19.9825 1.7589 0.175987 0.268472 0.947075
1 15.5878 18.8201 1.61627 -0.726495 0.0912521 -0.681086
1 6.03052 25.9989 1.74703 0.229015 -0.212362 0.949976
1 24.9644 5.84907 1.60849 -0.54799 0.219501 -0.807172
1 19.891 32.6988 1.76477 -0.0346742 0.414028 0.909603
1 3.2288 9.17369 1.75979 0.433427 0.491232 0.755534
1 15.4729 24.0436 1.60747 0.165866 0.11065 -0.979921
1 33.7744 24.7279 1.60793 -0.545532 -0.303354 -0.781262
1 32.5577 30.9869 1.61497 0.49739 0.0145344 -0.867405
1 5.01985 6.09355 1.63447 0.259637 0.722315 -0.640975
1 11.0279 31.7172 1.75554 0.340143 -0.742466 0.577102
1 28.6204 5.40418 1.61067 -0.626463 -0.27015 -0.731138
1 28.5361 16.5083 1.61143 -0.3602 -0.139562 -0.922376
1 4.05606 32.5248 1.73538 0.53506 0.478488 0.696247
1 33.9083 26.9173 1.60878 -0.147634 -0.317585 -0.936666
1 4.23327 26.7816 1.7554 0.138308 -0.446484 0.884038
1 0.680438 19.6741 1.76034 0.21913 -0.235839 0.946764
1 34.1532 1.26841 1.61722 -0.515255 0.0864282 -0.852668
1 0.580245 14.3386 1.75858 -0.332097 0.136268 0.93335
1 22.7481 2.68387 1.76342 -0.0944255 -0.468369 0.878473
1 20.6839 6.86287 1.75397 0.397836 0.595 0.698356
1 14.9238 17.1361 1.78271 -0.513718 -0.586684 0.626016
1 10.6423 2.14052 1.6133 -0.192059 -0.291183 -0.937191
1 34.4796 31.6754 1.61243 0.512189 -0.351446 -0.783676
1 27.3595 34.1104 1.75922 0.246824 0.121096 0.961464
1 28.1598 10.2492 1.6064 0.158944 -0.313585 -0.936163
1 23.494 9.90099 1.60876 0.0428315 0.413746 -0.909384
1 26.5372 28.8503 1.76062 -0.314412 0.247522 0.916449
1 28.4379 27.1111 1.76189 0.129584 0.641669 0.755956
1 17.4663 1.14651 1.75659 -0.374087 0.0583 0.925559
1 33.5059 6.17311 1.60947 0.233745 0.164716 -0.958244
1 10.6035 19.2641 1.60724 0.460992 -0.214546 -0.861079
1 34.3398 20.0128 1.76276 0.15611 -0.405773 0.900543
1 13.7099 13.4959 1.75916 -0.291001 -0.68156 0.671412
1 34.5715 23.9096 1.75228 -0.625756 -0.351363 0.696401
1 18.2876 9.36738 1.76068 0.188672 0.172008 0.966859
1 16.1434 5.85104 1.75184 0.628111 -0.295647 0.719771
1 14.1525 17.377 1.58492 -0.00741689 -0.845495 -0.533932
1 10.0806 18.4148 1.60884 0.362716 -0.104359 -0.926038
1 20.5533 30.0135 1.76379 0.384577 0.53553 0.75187
1 31.2491 26.1428 1.60981 -0.152262 0.250473 -0.956075
1 9.84264 5.83074 1.60643 0.289776 -0.0945238 -0.952415
1 24.4403 34.0034 1.75747 0.346354 -0.326238 0.87955
1 33.0611 12.7359 1.75878 -0.055412 -0.265683 0.962467
1 3.04369 13.0484 1.74119 -0.0870806 0.595338 0.798742
1 11.0633 26.1174 1.75277 0.277589 0.567397 0.775245
1 11.2889 5.32952 1.60983 0.181078 -0.32282 -0.928977
1 27.4354 21.5498 1.60997 0.452204 0.0126709 -0.891825
1 34.3868 17.2148 1.75017 0.723004 -0.307307 0.618731
1 4.20996 27.9019 1.75517 -0.0515564 -0.42855 0.902046
1 10.1638 13.1464 1.60951 -0.211515 -0.233564 -0.949057
1 24.64 29.8467 1.75559 -0.493619 -0.104371 0.863393
1 16.7188 24.0248 1.60956 0.158195 -0.0498135 -0.986151
1 27.5371 27.3849 1.75968 0.000851636 0.454391 0.890802
1 29.7313 31.9527 1.75603 0.599749 0.436163 0.670867
1 14.8148 14.1679 1.75186 -0.30126 -0.443489 0.844133
1 8.43469 26.7587 1.75999 0.142524 0.148496 0.978589
1 15.6063 9.39867 1.75827 0.20686 -0.287763 0.935094
1 11.8094 7.59348 1.61368 0.540089 -0.355166 -0.762995
1 21.3752 33.6868 1.64751 -0.261391 0.657669 0.706503
1 4.159 6.94432 1.59695 0.0729701 -0.774478 -0.628378
1 11.9737 8.58943 1.59555 0.706225 -0.350893 -0.614915
1 3.86492 18.9521 1.75276 0.358783 0.323802 0.875458
1 16.4991 29.8966 1.75959 0.382696 -0.0625219 0.921756
1 32.2446 3.04671 1.61275 -0.251505 0.344173 -0.904594
1 7.426 30.2835 1.75736 -0.428441 0.0619847 0.901441
1 19.6759 33.7717 1.7592 -0.182977 0.389406 0.902708
1 26.852 24.557 1.75698 0.484254 0.294223 0.823973
1 2.44851 10.386 1.75712 0.289039 0.386381 0.87588
1 30.859 27.3244 1.61245 0.000235298 0.326911 -0.945055
1 6.95071 17.6093 1.60958 0.340499 0.379309 -0.86034
1 23.0834 3.76815 1.76986 -0.322396 -0.416476 0.850064
1 7.28165 7.00782 1.61182 0.475665 0.28555 -0.831988
1 9.43496 19.5628 1.60639 0.531458 -0.0347179 -0.846373
1 5.96771 14.6124 1.61608 -0.0583029 0.444465 -0.893897
1 26.7091 20.7199 1.60869 0.291306 0.0797429 -0.9533
1 25.7623 8.97003 1.6084 -0.0581729 0.071841 -0.995718
1 16.9892 12.3585 1.76188 -0.0932943 -0.0420347 0.994751
1 4.26255 25.5335 1.76331 0.415872 -0.431254 0.800669
1 23.1509 30.794 1.76473 -0.573334 -0.499824 0.649203
1 1.02423 6.6763 1.61384 0.274104 -0.196672 -0.941375
1 1.38991 24.8544 1.59764 0.738759 0.164788 -0.653514
1 0.862111 27.8079 1.63793 -0.02889 -0.59315 -0.804573
1 33.8429 18.3154 1.74499 0.487337 -0.445537 0.751
1 10.2297 16.3592 1.60686 0.122368 -0.151659 -0.980829
1 4.34478 9.49152 1.75277 0.28784 0.694658 0.659241
1 15.581 1.54721 1.75207 -0.41838 -0.22383 0.880261
1 27.689 9.38652 1.60872 0.0197473 -0.220015 -0.975297
1 13.2968 30.4421 1.75478 0.320889 -0.469444 0.822589
1 6.83276 12.357 1.61077 -0.311769 0.324289 -0.893105
1 32.8056 3.90231 1.60922 -0.11581 0.255197 -0.959928
1 21.4937 29.8403 1.72799 0.41409 0.696183 0.586395
1 19.2978 21.7151 1.61773 -0.237611 -0.476211 -0.846619
1 10.1044 20.3027 1.60983 0.622347 -0.158472 -0.766532
1 33.6193 34.3804 1.60498 -0.684657 0.353241 -0.637547
1 32.1963 26.1108 1.61282 -0.200698 0.0401161 -0.978832
1 27.3944 18.8791 1.60706 0.00918265 -0.0271224 -0.99959
1 8.46085 9.46471 1.62052 -0.741467 0.0232917 -0.670585
1 20.6309 11.2701 1.74615 -0.0695973 0.575363 0.814932
1 22.3763 12.6263 1.61771 0.430159 0.559562 -0.708416
1 22.6589 32.6704 1.76157 -0.160646 0.770045 0.617433
1 29.193 23.0372 1.61894 0.621526 -0.281788 -0.730959
1 2.55468 15.4051 1.75018 -0.512408 0.469343 0.719135
1 1.68143 11.0371 1.75843 0.202479 0.253854 0.945812
1 5.22406 21.3226 1.76234 -0.0678937 0.458998 0.885839
1 21.7061 8.34104 1.61321 -0.106701 0.826362 -0.552938
1 10.4435 29.6995 1.74587 -0.332644 0.496516 0.801761
1 33.511 27.9072 1.60771 0.00136028 -0.206447 -0.978457
1 7.10074 27.6243 1.76023 -0.0055871 -0.0157997 0.99986
1 4.03691 4.11419 1.74273 0.546701 0.562959 -0.619835
1 17.4287 8.45225 1.759 0.293482 0.0146729 0.955852
1 29.4521 17.1317 1.60789 -0.270746 -0.305398 -0.912923
1 5.80517 22.6336 1.76761 -0.434703 0.541879 0.719305
1 17.1408 32.9633 1.75958 -0.0198237 0.0331476 0.999254
1 23.9223 25.2768 1.76071 0.32706 -0.181041 0.9275
1 25.0595 25.5224 1.7592 0.317937 -0.00634797 0.948091
1 10.9839 11.5217 1.61514 -0.476075 -0.345116 -0.808856
1 8.81516 4.18728 1.6071 0.0907594 -0.00121736 -0.995872
1 0.452266 20.7169 1.76008 0.0276468 -0.282071 0.958995
1 12.9243 25.3511 1.61194 0.367814 0.549473 -0.750195
1 24.2046 6.69596 1.60826 -0.385968 0.356347 -0.850908
1 13.8872 11.7751 1.76154 -0.121134 -0.555382 0.822726
1 29.9365 18.8393 1.61028 0.0100353 -0.41402 -0.910212
1 2.89154 23.6754 1.7559 -0.514143 0.114568 0.850018
1 20.9949 22.9584 1.5924 -0.120548 -0.748621 -0.651947
1 11.4219 22.832 1.7759 0.0881554 -0.78911 0.607894
1 18.7826 2.60136 1.75049 -0.566707 0.250096 0.785045
1 4.79889 20.3168 1.76085 0.170194 0.431748 0.885792
1 8.20581 0.904733 1.60655 -0.297398 -0.0614891 -0.952771
1 30.8526 4.61709 1.61061 -0.0273397 0.612541 -0.789966
1 12.7511 29.5923 1.7436 0.455652 -0.574292 0.680125
1 7.06486 16.4612 1.61067 0.165906 0.325952 -0.930715
1 29.5344 16.1273 1.61142 -0.435194 -0.28324 -0.854624
1 6.20952 10.4649 1.60493 -0.553726 0.357252 -0.75217
1 11.3169 3.21157 1.61503 -0.118337 -0.341802 -0.932292
1 31.9412 31.8034 1.60807 0.597805 0.184446 -0.780134
1 18.6841 33.9841 1.75658 -0.168047 0.244017 0.9551
1 27.7822 20.593 1.60863 0.286658 -0.068909 -0.955552
1 6.40086 11.4492 1.62169 -0.419321 0.390368 -0.819624
1 4.84329 17.6325 1.63796 0.44051 0.697056 -0.565742
1 32.3614 32.7323 1.76497 -0.7581 -0.132489 0.638538
1 0.0574078 6.43223 1.61389 0.265303 -0.019477 -0.963968
1 30.4014 22.3777 1.60721 0.455102 -0.50668 -0.732228
1 15.3082 3.27687 1.74947 -0.598561 -0.43447 0.673024
1 26.676 27.8466 1.75777 -0.106827 0.286287 0.95217
1 3.67711 1.76948 1.61246 0.0911106 0.522074 -0.84802
1 32.9263 25.302 1.61105 -0.388082 -0.13507 -0.911673
1 9.61745 7.71056 1.61954 0.615187 0.0128332 -0.788277
1 23.9272 20.7761 1.61686 0.291418 0.381976 -0.877023
1 32.9695 30.0159 1.60934 0.344547 -0.0726491 -0.935954
1 28.6108 11.1782 1.60494 0.319953 -0.416145 -0.851148
1 30.0676 10.2866 1.61303 0.247333 -0.621151 -0.743638
1 8.73983 14.0167 1.60696 -0.109774 0.0131385 -0.99387
1 25.4862 14.3969 1.6061 0.760762 -0.109945 -0.639651
1 32.9039 16.3731 1.73915 -0.72232 -0.203977 0.660793
1 9.08853 8.56937 1.62602 0.793835 0.0226619 -0.607711
1 19.4045 8.27205 1.74961 0.277171 0.333908 0.900934
1 22.2164 34.0051 1.62099 -0.458026 0.708293 0.537153
1 1.78079 24.0353 1.76001 -0.600202 -0.0783974 0.795997
1 7.44552 26.7005 1.76069 0.138075 0.0113338 0.990357
1 16.1035 28.0583 1.75514 0.666635 -0.0627081 0.742742
1 10.6995 21.0462 1.64211 0.71102 -0.274565 -0.647352
1 20.0636 12.7703 1.75541 0.0550518 0.44553 0.893573
1 1.09933 29.8887 1.61773 0.171282 -0.629821 -0.75762
1 25.9022 25.0003 1.75171 0.438725 0.123791 0.890054
1 5.18205 29.8995 1.75339 -0.392292 -0.252361 0.884545
1 32.4485 22.2221 1.7572 -0.263183 -0.674786 0.689491
1 5.28683 33.4404 1.60038 -0.570053 0.365542 -0.735812
1 27.5547 2.26924 1.75558 -0.276829 0.210081 0.937673
1 7.62745 10.3528 1.60873 -0.598345 0.141219 -0.788696
1 27.4233 15.0327 1.61488 -0.594823 0.113759 -0.795767
1 13.6444 32.3736 1.75611 0.00385598 -0.429257 0.903174
1 5.22586 14.0059 1.62028 -0.170336 0.558459 -0.811856
1 33.1824 1.92843 1.60959 -0.379814 0.219653 -0.898607
1 16.5968 15.3119 1.75829 -0.349996 -0.143952 0.925624
1 16.4011 9.98286 1.75905 0.118618 -0.153343 0.981028
1 6.83584 34.4873 1.60617 -0.424401 0.117345 -0.897838
1 8.99488 1.52433 1.60563 -0.214417 -0.136777 -0.967118
1 17.1977 2.83377 1.75961 -0.606665 -0.0213117 0.794672
1 22.0195 18.8498 1.61409 -0.145297 0.656385 -0.740302
1 31.2243 29.2531 1.6107 0.240445 0.216871 -0.946126
1 13.8841 6.34634 1.61375 0.299533 -0.693045 -0.65572
1 11.6749 33.5135 1.73137 -0.216852 -0.752674 0.621656
1 23.9573 3.36186 1.75321 -0.311405 -0.295043 0.903314
1 16.0635 23.2536 1.60797 0.0231494 0.0389079 -0.998975
1 27.0841 19.8101 1.608 0.1489 0.0173515 -0.9887
1 26.0643 19.829 1.6077 0.130766 0.148824 -0.980179
1 15.4198 20.7856 1.60754 -0.385298 0.147394 -0.910945
1 17.1416 18.8289 1.61693 -0.774778 -0.130529 -0.618612
1 8.31299 30.9312 1.75481 -0.561582 0.168741 0.810032
1 14.7803 4.21952 1.58243 -0.210601 -0.850044 -0.482776
1 1.9942 22.0667 1.75933 -0.21885 -0.0270196 0.975384
1 13.5178 1.11778 1.77421 -0.498981 -0.46757 0.729655
1 14.6932 2.07116 1.75463 -0.489492 -0.382675 0.783555
1 18.0113 12.5792 1.76194 -0.0081922 0.121366 0.992574
1 2.94319 18.1173 1.75316 0.498438 0.232594 0.83514
1 27.971 3.11365 1.76522 -0.470631 0.225334 0.853071
1 18.9056 7.27482 1.75568 0.410614 0.234649 0.881099
1 24.3538 26.1633 1.76235 0.167249 -0.116155 0.979048
1 1.46378 2.64766 1.62154 -0.443468 -0.404675 -0.799734
1 5.35119 24.8814 1.75308 0.455867 -0.283323 0.84375
1 22.8283 9.01661 1.61045 -0.0644937 0.557793 -0.827471
1 1.51741 13.941 1.75897 -0.269142 0.304425 0.913722
1 0.00235629 18.9244 1.75675 0.359739 -0.346191 0.866453
1 14.8435 21.631 1.60867 -0.241786 0.224964 -0.943891
1 23.7531 17.9921 1.61352 -0.202459 0.428132 -0.880746
1 17.6767 15.2626 1.76074 -0.331135 0.0333548 0.942994
1 33.1084 14.4573 1.75602 -0.379741 -0.230558 0.895902
1 21.0653 12.8339 1.73524 0.0972551 0.61943 0.779005
1 25.7265 24.0314 1.7639 0.650639 0.122183 0.749493
1 21.9964 9.82032 1.62112 0.00386727 0.706587 -0.707616
1 27.3726 4.85973 1.62683 -0.796424 -0.0795137 -0.599489
1 6.65257 29.5306 1.76189 -0.320591 -0.0720854 0.944471
1 2.38671 20.149 1.75847 0.136507 0.043023 0.989704
1 11.0592 12.5891 1.60796 -0.318376 -0.395739 -0.86141
1 9.01474 18.6862 1.60724 0.427544 0.0529245 -0.902444
1 16.3464 26.5977 1.61013 0.674506 -0.0396814 -0.737202
1 1.35049 16.918 1.74844 0.762149 -0.0962456 0.640208
1 7.46805 2.7047 1.60698 -0.053865 0.0956806 -0.993954
1 12.3163 3.38594 1.60899 -0.152082 -0.471311 -0.868756
1 15.6617 31.7218 1.76005 0.119316 -0.154543 0.980755
1 16.5007 8.87308 1.75769 0.2514 -0.136742 0.958175
1 22.764 10.627 1.61475 0.105165 0.545768 -0.831311
1 30.3316 13.0971 1.74716 -0.0558924 -0.679678 0.731378
1 28.1923 1.44748 1.75607 -0.111987 0.286603 0.951482
1 3.76836 22.9757 1.74313 -0.38168 0.251485 0.889424
1 31.7878 6.63554 1.61018 0.332941 0.44841 -0.829505
1 28.9275 33.4363 1.76452 0.35649 0.350399 0.866104
1 0.945122 9.0667 1.74716 0.563836 0.112316 0.818214
1 6.09834 6.68188 1.61025 0.411165 0.490137 -0.768576
1 17.0182 17.0231 1.75425 -0.567505 -0.110234 0.815957
1 18.2557 6.3763 1.75772 0.547368 0.0852618 0.832538
1 9.50433 29.343 1.75491 -0.26912 0.351025 0.896859
1 19.6365 11.3578 1.75427 -0.0612042 0.398917 0.914942
1 4.30508 34.2868 1.61057 -0.296335 0.417704 -0.8589
1 0.0589813 13.4702 1.7585 -0.200731 0.0304354 0.979174
1 0.526898 17.8883 1.74715 0.568155 -0.249133 0.784304
1 16.2432 30.8807 1.75824 0.234456 -0.0933314 0.967636
1 11.6601 6.54641 1.60932 0.353574 -0.359134 -0.863718
1 0.250294 26.6395 1.60726 -0.227383 -0.526165 -0.819419
1 27.5787 16.0124 1.61173 -0.428876 0.0360126 -0.902645
1 14.5594 0.962728 1.75592 -0.344305 -0.351149 0.870717
1 21.6538 5.53448 1.77297 -0.209997 0.537488 0.816706
1 7.03824 25.8097 1.75583 0.268878 -0.0680585 0.960767
1 13.5893 26.504 1.60164 0.562318 0.430396 -0.706086
1 29.8514 25.2897 1.61356 -0.238203 0.482894 -0.842658
1 5.14018 16.5612 1.601 0.255068 0.621924 -0.740372
1 6.7763 5.97274 1.60896 0.304462 0.375275 -0.875484
1 2.69721 1.07161 1.77956 -0.0761982 -0.673419 0.735323
1 26.8121 11.8991 1.61762 0.37829 -0.119965 -0.917881
1 18.5961 1.21461 1.7561 -0.402656 0.228022 0.886495
1 33.1277 10.805 1.7574 0.282225 -0.267428 0.92132
1 28.1755 7.36006 1.61128 -0.30711 -0.271324 -0.912177
1 4.56793 28.9602 1.75443 -0.2367 -0.356849 0.903677
1 17.0333 14.4143 1.75989 -0.234307 -0.0519822 0.970772
1 24.5025 10.5248 1.60825 0.162936 0.24969 -0.954519
1 1.19832 21.4247 1.75966 -0.101694 -0.155695 0.982557
1 10.8328 4.10127 1.6128 0.0354384 -0.270979 -0.961933
1 4.97418 19.2677 1.76374 0.397431 0.521064 0.755342
1 33.985 25.808 1.60842 -0.346286 -0.353246 -0.869082
1 10.8877 15.5653 1.6106 0.0490809 -0.298693 -0.953086
1 2.22533 32.7661 1.60119 0.634446 -0.100614 -0.766391
1 33.1481 0.883955 1.61422 -0.519183 0.3337 -0.786825
1 17.3962 30.3988 1.75793 0.30929 0.0474319 0.949784
1 22.4631 26.4368 1.75875 0.0612562 -0.455518 0.888116
1 1.65934 28.6774 1.61841 -0.0469167 -0.799054 -0.599426
1 2.61626 2.58485 1.60641 0.44661 0.746861 -0.492685
1 12.9602 23.6812 1.61627 0.113791 0.539741 -0.834105
1 18.6722 32.0138 1.75854 0.0854085 0.227762 0.969964
1 28.8248 14.6341 1.62976 -0.688003 -0.00676362 -0.725677
1 17.3806 16.1607 1.75792 -0.45308 -0.0376064 0.890677
1 11.5479 14.659 1.61196 -0.0555834 -0.431122 -0.90058
1 14.6534 11.0733 1.7565 -0.0153109 -0.431956 0.901765
1 28.5404 21.3532 1.61026 0.396605 -0.164881 -0.903061
1 5.76896 20.3374 1.75911 0.158133 0.592765 0.789699
1 28.6117 30.0855 1.59989 0.550655 -0.4603 -0.69635
1 2.96884 21.657 1.75621 -0.135464 0.128952 0.982355
1 29.9983 8.0958 1.60489 -0.201309 -0.558941 -0.8044
1 11.6795 2.24248 1.61701 -0.272267 -0.428095 -0.861746
1 18.8198 18.018 1.75927 -0.716553 0.161083 0.678678
1 19.4707 13.6745 1.76133 -0.0898465 0.338232 0.936764
1 18.2103 17.1755 1.75679 -0.576945 0.0833925 0.812515
1 13.8078 21.5033 1.61165 -0.261923 0.405983 -0.875542
1 10.3058 3.17459 1.61017 -0.0591218 -0.209854 -0.975944
1 1.66654 19.5072 1.76188 0.26281 -0.0594837 0.963012
1 9.70871 14.0637 1.6099 -0.103875 -0.137854 -0.98499
1 1.88754 23.0825 1.75798 -0.419249 -0.0464045 0.906685
1 1.13727 13.0191 1.75995 -0.127265 0.215734 0.968123
1 11.1708 16.7015 1.61083 0.153283 -0.301919 -0.94093
1 24.5156 4.97267 1.61845 -0.753014 0.17531 -0.634221
1 7.78801 14.1223 1.60505 -0.0924051 0.157009 -0.983265
1 14.1412 25.643 1.61677 0.452581 0.3351 -0.826365
1 18.5647 22.3096 1.60721 -0.13317 -0.352815 -0.926168
1 16.5462 22.3826 1.6073 -0.123264 -0.0323113 -0.991848
1 20.0203 5.62146 1.7491 0.587701 0.430366 0.685122
1 30.8225 5.87138 1.63504 0.256288 0.600895 -0.757127
1 12.7044 4.51349 1.61065 -0.0164022 -0.54159 -0.840483
1 26.5032 2.22224 1.75628 -0.235728 0.0608027 0.969915
1 6.26656 21.2848 1.58967 0.0951652 -0.626121 -0.773897
1 10.5553 23.7088 1.76921 0.614676 0.509074 0.602509
1 29.6704 9.17477 1.6091 0.00142145 -0.532559 -0.846391
1 25.7336 28.3179 1.75904 -0.20417 0.121211 0.971402
1 33.2465 31.8584 1.60726 0.625632 -0.0882462 -0.775111
1 28.3684 34.2064 1.75709 0.217579 0.283933 0.933832
1 32.7447 11.7846 1.75924 0.113486 -0.334761 0.935444
1 12.8934 31.5751 1.7574 0.130758 -0.524752 0.841153
1 2.17918 18.7114 1.75882 0.414435 0.0456159 0.908935
1 10.7476 7.2876 1.60976 0.501795 -0.191493 -0.843524
1 8.68468 32.8705 1.6122 -0.701962 -0.141138 -0.69809
1 19.211 0.195627 1.7573 -0.312985 0.32478 0.892501
1 34.6033 0.306666 1.59746 -0.66624 0.0960457 -0.739526
1 18.7335 24.1174 1.61189 0.172173 -0.392367 -0.903551
1 1.4035 20.4453 1.75955 0.0841879 -0.120569 0.989129
1 15.4937 30.2521 1.76146 0.333328 -0.182271 0.925024
1 1.83192 12.1124 1.75901 0.0197604 0.286003 0.958025
1 5.12657 0.784951 1.61244 -0.203741 0.326027 -0.923145
1 26.4486 16.8682 1.61325 -0.338659 0.112951 -0.934105
1 0.584447 5.59371 1.60923 0.10429 -0.1307 -0.985921
1 17.0072 21.4451 1.60725 -0.277257 -0.106075 -0.954922
1 20.6416 4.97659 1.59384 0.388987 0.713207 -0.583117
1 5.34051 27.0295 1.75898 0.0905368 -0.298168 0.95021
1 2.48215 27.9719 1.76104 -0.132424 -0.711437 0.69016
1 24.0851 16.9132 1.61167 -0.395105 0.379418 -0.836621
1 3.34591 26.2643 1.75859 0.234287 -0.561132 0.793877
1 30.5214 34.2868 1.75486 0.0915138 0.665095 0.74113
1 13.6025 33.5232 1.75728 -0.167242 -0.451843 0.876281
1 30.3241 26.3706 1.61707 -0.110155 0.457862 -0.882172
1 3.33467 0.29372 1.59956 -0.132347 0.581884 -0.802431
1 9.66273 2.32588 1.60816 -0.131784 -0.163346 -0.977728
1 19.0841 10.4335 1.75266 0.0707131 0.315433 0.946309
1 17.5326 20.4545 1.61186 -0.443071 -0.198268 -0.874287
1 18.1313 19.682 1.61885 -0.593227 -0.256242 -0.763166
1 7.77338 28.3345 1.75979 -0.110649 0.0805324 0.990591
1 34.2403 5.57069 1.60864 0.113271 0.0370828 -0.992872
1 18.6254 11.3895 1.75955 -0.0422852 0.222909 0.973922
1 9.94766 33.357 1.62007 -0.572102 -0.382288 -0.725641
1 26.2656 7.13215 1.60935 -0.341146 0.0190954 -0.939817
1 7.94134 7.94306 1.61364 0.62052 0.136175 -0.772277
1 14.8277 28.5371 1.75719 0.641401 -0.228473 0.732397
1 32.2344 29.2121 1.60862 0.214509 0.0465046 -0.975614
1 12.7264 2.39896 1.62424 -0.289218 -0.573444 -0.766495
1 34.1571 3.25773 1.61044 -0.228884 -0.0143806 -0.973348
1 18.1195 31.1394 1.76038 0.204974 0.15086 0.967071
1 32.4849 13.5832 1.75699 -0.21071 -0.345745 0.914364
1 7.83882 17.2558 1.61136 0.253426 0.23585 -0.938163
1 7.3937 5.2156 1.60761 0.212978 0.235095 -0.948352
1 33.4078 5.10666 1.60945 0.042898 0.178358 -0.98303
1 10.4305 17.4415 1.6133 0.235996 -0.168645 -0.957008
1 23.3463 6.37591 1.77575 0.438323 -0.506145 0.742759
1 7.89045 12.2513 1.60874 -0.336409 0.139044 -0.931395
1 24.4402 30.8095 1.75034 -0.663435 -0.181563 0.725871
1 2.47764 14.1651 1.75213 -0.294637 0.497555 0.815861
1 34.1502 28.7044 1.60678 0.119817 -0.299735 -0.946469
1 29.9136 0.771095 1.75693 -0.0604886 0.563748 0.823729
1 25.74 2.96597 1.75644 -0.361269 -0.0425104 0.931492
1 27.4355 32.2863 1.74723 0.578703 0.02712 0.815087
1 28.8653 3.64153 1.74186 -0.498614 0.460742 0.734235
1 19.4165 16.9827 1.75699 -0.537237 0.287746 0.792829
1 26.3359 34.1267 1.75727 0.264563 -0.0433379 0.963394
1 20.489 16.3009 1.75395 -0.431128 0.490025 0.757631
1 5.05078 26.0244 1.7542 0.266094 -0.348713 0.898662
1 17.122 31.3277 1.7589 0.177139 0.0141853 0.984084
1 0.429174 15.3134 1.75051 -0.51388 0.117551 0.84977
1 0.340252 3.82086 1.61049 -0.166311 -0.152168 -0.974262
1 20.0302 1.92502 1.69905 -0.573055 0.494505 0.653508
1 11.3117 28.5438 1.75567 -0.197566 0.619224 0.759953
1 32.0372 11.1737 1.74914 0.243623 -0.454741 0.856655
1 23.1016 22.4276 1.61064 0.567647 0.453016 -0.687426
1 6.03634 19.0151 1.65838 0.596426 0.581834 -0.552943
1 23.6855 2.34482 1.75275 -0.133542 -0.331794 0.933852
1 20.8502 25.8754 1.63283 -0.152668 0.745191 -0.64914
1 13.9183 29.3807 1.75151 0.481827 -0.373358 0.792746
1 25.879 27.3099 1.76022 -0.020502 0.140827 0.989822
1 12.4955 19.3501 1.61839 0.398939 -0.521262 -0.75441
1 4.12315 21.0171 1.75865 -0.00379212 0.321037 0.947059
1 9.17485 23.1472 1.75301 0.720901 0.178376 0.669689
1 9.2541 3.25465 1.60712 -0.0236566 -0.0784074 -0.996641
1 12.8517 11.461 1.74796 -0.218615 -0.727211 0.65067
1 14.478 33.1352 1.75866 -0.0871287 -0.325953 0.941362
1 17.4558 5.57728 1.7608 0.668531 -0.0754651 0.739846
1 25.8832 32.5784 1.75712 0.600483 -0.0984136 0.793559
1 15.3247 32.6675 1.76013 -0.00263637 -0.201139 0.979559
1 32.3769 20.7559 1.76104 0.00347736 -0.770381 0.637574
1 3.32017 27.4295 1.75033 0.00792434 -0.57141 0.820627
1 5.79412 5.46785 1.60214 0.222386 0.540615 -0.811345
1 29.1873 7.22267 1.6064 -0.340809 -0.415776 -0.843196
1 1.79236 17.7991 1.75126 0.59021 -0.0228111 0.806927
1 20.3904 28.4171 1.76592 0.666682 0.542955 0.510623
1 27.436 4.01907 1.76019 -0.687628 0.169362 0.706034
1 25.7106 13.4249 1.62232 0.608092 -0.0765172 -0.79017
1 29.239 18.1232 1.60914 -0.0956127 -0.293501 -0.951165
1 5.22268 15.3528 1.60402 0.0411071 0.593525 -0.803765
1 26.3181 8.13988 1.60771 -0.173449 0.00610291 -0.984824
1 31.2886 12.0713 1.75304 0.10976 -0.610847 0.784104
1 13.2615 17.054 1.61663 0.126499 -0.691367 -0.711344
1 13.5584 28.3903 1.75095 0.623015 -0.44156 0.64566
1 24.9078 21.3496 1.61374 0.377118 0.255553 -0.890211
1 31.8755 25.1307 1.60852 -0.344091 0.0937852 -0.934241
1 15.2978 25.952 1.63712 0.534234 0.153555 -0.831273
1 3.95784 17.9013 1.75238 0.52563 0.465954 0.711758
1 3.35105 30.7449 1.75029 -0.552946 -0.51311 0.656482
1 8.37628 23.9215 1.75538 0.600632 0.0199863 0.799276
1 27.8827 12.0762 1.60013 0.441584 -0.300232 -0.845496
1 22.0854 6.71907 1.60566 -0.422092 0.716547 -0.555337
1 17.6906 32.1273 1.75969 0.0813285 0.095568 0.992095
1 5.79086 12.5101 1.60502 -0.271642 0.523758 -0.807396
1 25.5224 33.5484 1.75713 0.421979 -0.162854 0.891859
1 22.6506 19.9439 1.60827 0.116981 0.587289 -0.800879
1 11.2858 27.3243 1.75502 0.0423193 0.580213 0.813365
1 19.6081 31.7294 1.75679 0.113686 0.347127 0.930902
1 28.7112 32.4202 1.75821 0.570172 0.245745 0.783909
1 25.462 2.02176 1.7595 -0.168945 -0.0841698 0.982025
1 15.1423 16.1311 1.72686 -0.455834 -0.422524 0.783383
1 22.5949 0.388922 1.74818 0.356296 -0.575357 0.736218
1 6.89775 18.6069 1.78126 -0.513439 -0.424292 0.745894
1 18.0976 3.55751 1.75522 -0.711868 0.127861 0.690576
1 8.90704 33.8913 1.60868 -0.536665 -0.196071 -0.820699
1 15.4203 13.3413 1.75983 -0.200946 -0.302575 0.931702
1 25.8821 26.1429 1.75775 0.197616 0.126076 0.972138
1 7.15497 23.9938 1.75546 0.587331 -0.237159 0.77382
1 10.035 12.1431 1.60751 -0.354379 -0.203922 -0.912596
1 31.4881 24.1469 1.61143 -0.470893 0.208118 -0.85729
1 3.87493 5.50916 1.61536 -0.177524 -0.714545 -0.676691
1 26.7788 25.6349 1.75629 0.289856 0.262083 0.920487
1 13.6619 0.063995 1.75428 -0.325146 -0.438084 0.838071
1 29.1354 10.1661 1.60572 0.159299 -0.470235 -0.868045
1 14.261 22.4709 1.60765 -0.100137 0.311697 -0.94489
1 10.5674 14.5591 1.6044 -0.0765307 -0.26753 -0.960505
1 9.84398 1.06679 1.61054 -0.241498 -0.309361 -0.919769
1 26.2183 1.32562 1.75935 -0.0582629 0.00702433 0.998277
1 15.4242 19.812 1.61259 -0.558257 0.138646 -0.818001
1 28.531 28.375 1.75302 -0.128103 0.580368 0.804216
1 4.69688 2.92207 1.64138 0.152236 0.460054 -0.874742
1 26.723 26.7377 1.75919 0.0872115 0.276979 0.95691
1 24.6965 2.68862 1.7569 -0.254574 -0.18466 0.949259
1 27.5673 17.9286 1.60701 -0.128513 -0.0459972 -0.99064
1 25.7954 15.2384 1.66847 -0.702364 0.252828 -0.665404
1 9.45387 30.47 1.754 -0.459919 0.351367 0.815485
1 25.6509 29.4549 1.75767 -0.415513 0.0807802 0.905993
1 20.0426 3.27776 1.74656 0.467791 -0.73999 0.483308
1 17.1968 10.5423 1.76031 0.0753705 -0.00935776 0.997112
1 16.7835 7.64194 1.75848 0.392586 -0.137461 0.909385
1 0.024257 11.5689 1.75885 0.117141 -0.0242557 0.992819
1 31.4663 34.2597 1.77322 -0.00844772 0.816501 0.577282
1 29.8765 33.1819 1.76019 0.355663 0.529121 0.770412
1 25.2132 16.3021 1.61057 -0.474114 0.263676 -0.840054
1 5.97456 3.5644 1.61063 0.148309 0.324441 -0.934207
1 29.9253 4.98825 1.62389 0.141901 0.732647 -0.665652
1 8.80842 17.7349 1.60432 0.31153 0.0796455 -0.946893
1 33.3629 7.86284 1.77096 -0.594837 -0.172008 0.785227
1 18.1381 10.4306 1.759 0.0792689 0.149383 0.985597
1 16.5679 32.1486 1.76018 0.0772503 -0.0515452 0.995678
1 33.4528 21.879 1.75329 -0.214339 -0.529381 0.820862
1 12.75 21.563 1.62639 -0.251288 0.581451 -0.773801
1 23.1624 15.9646 1.7819 0.57138 -0.565682 0.594583
1 1.28454 15.9574 1.74203 -0.680175 0.213112 0.701388
1 15.435 22.4574 1.6076 -0.111335 0.130318 -0.985201
1 7.47964 11.365 1.61114 -0.446095 0.205033 -0.871183
1 25.992 5.20393 1.62157 -0.661303 0.0446888 -0.748787
1 9.23449 15.993 1.60619 0.0822193 0.00157929 -0.996613
1 9.01987 0.322858 1.60761 -0.374251 -0.21237 -0.902682
1 25.0978 26.7659 1.76035 0.0694167 0.0049542 0.997575
1 17.3682 17.9485 1.77063 -0.72455 -0.0513651 0.687306
1 23.0199 11.8297 1.61014 0.302791 0.488849 -0.818134
1 5.6487 31.1861 1.74636 -0.629104 -0.125257 0.767162
1 10.9305 34.2934 1.60608 -0.41832 -0.595932 -0.685473
1 24.7503 24.6048 1.75019 0.51959 -0.055042 0.852641
1 6.61004 7.75129 1.65372 0.613871 0.351225 -0.706968
1 18.7508 5.47004 1.75491 0.664574 0.160333 0.729819
1 16.224 16.2187 1.7596 -0.455071 -0.232338 0.85961
1 23.3087 24.3672 1.76112 0.486964 -0.231084 0.842298
1 21.2664 31.1337 1.76184 0.20647 0.620489 0.756547
1 34.161 2.2643 1.6122 -0.375081 0.00564336 -0.926975
1 2.80317 17.0596 1.74749 0.674986 0.198302 0.710683
1 6.02709 32.1077 1.76208 -0.779015 0.0326287 0.626156
1 21.7201 20.1318 1.60326 0.12866 0.712781 -0.689485
1 24.5725 22.8525 1.61571 0.749903 0.251486 -0.611883
1 1.00433 31.247 1.6169 0.37723 -0.582074 -0.720338
1 4.12614 24.6119 1.62602 0.659809 -0.345211 0.667443
1 14.4133 30.2216 1.7588 0.339513 -0.324276 0.882936
1 29.5618 34.3244 1.76297 0.159553 0.478146 0.863666
1 17.3108 9.5141 1.76065 0.179849 0.00863865 0.983656
1 19.5009 20.1134 1.61571 -0.532728 -0.484833 -0.693641
1 28.2806 22.3741 1.6147 0.557662 -0.0968672 -0.824397
1 2.97217 19.3803 1.75837 0.277909 0.147343 0.94924
1 31.6394 17.2446 1.60941 -0.258121 -0.681453 -0.684832
1 31.8129 4.20928 1.61121 -0.118183 0.452222 -0.884041
1 28.3391 18.5381 1.60753 -0.0293321 -0.164414 -0.985955
1 30.8512 25.157 1.60707 -0.293389 0.302731 -0.906795
1 3.46362 10.3764 1.75304 0.208458 0.576448 0.790097
1 20.0509 22.6339 1.63909 -0.0844741 -0.599177 -0.796148
1 31.3603 21.369 1.60805 0.291271 -0.741472 -0.604467
1 16.1794 33.0898 1.7611 -0.0398179 -0.0997364 0.994217
1 6.26974 15.6571 1.60996 0.0716985 0.41138 -0.90864
1 0.421821 29.069 1.62014 0.138162 -0.467427 -0.873168
1 33.5984 13.5776 1.75844 -0.214274 -0.15591 0.96425
1 33.5723 19.458 1.74589 0.256308 -0.531605 0.807281
1 29.8657 15.235 1.61365 -0.586567 -0.283407 -0.758696
1 9.57761 24.232 1.75377 0.567807 0.269711 0.777722
1 16.4529 20.6053 1.60908 -0.427369 -0.0271743 -0.903669
1 4.32356 14.8263 1.60673 -0.131407 0.735811 -0.664315
1 8.62922 16.7417 1.60913 0.174515 0.098886 -0.979676
1 16.6185 11.333 1.76125 -0.00949072 -0.117883 0.992982
1 13.4689 18.5861 1.60952 0.246701 -0.688769 -0.681715
1 11.5389 29.6462 1.70028 -0.428631 0.639565 0.638147
1 26.1557 3.89023 1.74917 -0.571023 0.0100253 0.820873
1 0.97368 4.68018 1.61086 -0.0573599 -0.229718 -0.971565
1 33.699 30.826 1.60951 0.4511 -0.212865 -0.866716
1 14.0257 4.95778 1.62443 -0.0503882 -0.73071 -0.680826
1 31.2223 3.42196 1.60834 -0.28672 0.541414 -0.790356
1 29.1451 1.48472 1.74977 -0.15131 0.424518 0.892687
1 32.125 1.97796 1.61018 -0.394107 0.410281 -0.822404
1 8.8709 6.14187 1.60945 0.328838 0.0513579 -0.942989
1 22.5498 1.57056 1.75895 0.135352 -0.519629 0.843602
1 31.6393 5.38892 1.60908 0.109653 0.487365 -0.866286
1 11.0211 13.6779 1.60773 -0.174068 -0.384907 -0.906392
1 33.2891 20.6371 1.73809 0.0242939 -0.605941 0.795139
1 2.16628 21.0944 1.7591 -0.0362718 -0.000127613 0.999342
1 13.8647 23.4377 1.60697 0.0628562 0.379727 -0.922961
1 18.0991 14.3819 1.75889 -0.204696 0.111382 0.972468
1 33.8829 15.3051 1.75469 -0.528866 -0.079634 0.844961
1 21.8158 17.6336 1.61544 -0.409009 0.677293 -0.611544
1 27.9045 0.47898 1.75823 0.0608865 0.226258 0.972163
1 7.68673 29.3137 1.75892 -0.268593 0.0778391 0.960104
1 21.6451 32.4309 1.75437 -0.0222284 0.666443 0.745225
1 13.8974 31.2601 1.7576 0.180004 -0.390631 0.902777
1 30.6493 9.13047 1.61029 -0.00349002 -0.685912 -0.727676
1 2.12293 13.0845 1.75343 -0.113595 0.412931 0.90365
1 16.1133 34.54 1.75876 -0.201494 -0.125107 0.971467
1 32.5187 5.96521 1.60873 0.205652 0.32684 -0.922433
1 3.18106 20.7043 1.75781 0.0353692 0.164072 0.985814
1 12.729 33.9243 1.73751 -0.267807 -0.580917 0.768645
1 29.5748 20.9545 1.60871 0.321765 -0.342398 -0.88274
1 7.29819 32.8458 1.6571 -0.751438 0.0927027 -0.653258
1 9.54124 17.079 1.60877 0.206913 -0.0347225 -0.977743
1 32.6529 19.2166 1.74992 0.226948 -0.714447 0.661861
1 30.8258 0.944794 1.75836 -0.230358 0.70128 0.674642
1 24.4963 7.66897 1.61055 -0.232434 0.316856 -0.919553
1 27.0562 30.6409 1.76343 -0.731787 0.211378 0.647925
1 29.9345 2.04755 1.75601 -0.337601 0.557546 0.758399
1 26.2501 21.5814 1.61299 0.42555 0.164239 -0.889906
1 7.75352 1.75704 1.60721 -0.173694 0.00800155 -0.984767
1 9.11701 26.0232 1.75733 0.270927 0.247037 0.930361
1 34.5426 27.7346 1.60799 -0.0225071 -0.423033 -0.905835
1 6.398 33.6492 1.61935 -0.550581 0.174349 -0.816372
1 13.1878 5.52908 1.60498 0.132528 -0.607997 -0.7828
1 20.9516 19.0756 1.61616 -0.139558 0.799352 -0.584432
1 16.3657 25.666 1.62306 0.466411 -0.00516424 -0.884553
1 6.21567 13.4714 1.61685 -0.193262 0.390619 -0.900037
1 15.9537 2.57289 1.75944 -0.56515 -0.227897 0.792886
1 17.6281 11.5045 1.76108 0.000694534 0.0572661 0.998359
1 27.907 29.4209 1.7369 -0.370337 0.447368 0.814071
1 16.4012 28.958 1.7496 0.527792 -0.078406 0.845747
1 1.37832 10.0318 1.7563 0.382018 0.184937 0.905462
1 20.9348 10.0122 1.75278 0.0910483 0.705198 0.70314
1 21.0914 3.64222 1.75649 -0.0543032 -0.730682 0.680555
1 19.6947 29.0244 1.76284 0.561708 0.414003 0.716299
1 13.4438 20.4507 1.63308 -0.431896 0.516489 -0.739395
1 11.7791 15.8011 1.6291 0.0641784 -0.448068 -0.891693
1 19.7143 1.0113 1.75732 -0.453439 0.407961 0.79244
1 30.6945 19.4564 1.61958 0.108773 -0.566887 -0.816583
1 24.1821 32.1677 1.62281 -0.665093 0.394354 -0.634142
1 15.5062 15.2165 1.7504 -0.360662 -0.335039 0.870443
1 27.8983 23.3759 1.61695 0.709134 -0.0329422 -0.704304
1 16.6421 3.65641 1.76286 -0.69994 -0.164884 0.694908
1 30.1969 3.6567 1.61559 -0.216397 0.705519 -0.674844
1 18.91 18.9791 1.60441 -0.770466 -0.253143 -0.585065
1 10.0671 9.52703 1.61907 -0.791403 -0.140402 -0.594952
1 10.6812 24.8805 1.75212 0.449498 0.470088 0.759585
1 29.0327 8.2562 1.60876 -0.161358 -0.411943 -0.896809
1 30.9603 16.0156 1.61997 -0.500371 -0.556322 -0.663426
1 8.95461 12.1195 1.6085 -0.351679 -0.0340017 -0.935503
1 20.6447 33.208 1.74994 -0.146427 0.546459 0.824586
1 18.5316 26.0684 1.61717 0.476573 -0.349566 -0.806648
1 33.7543 4.1617 1.60721 -0.0992072 0.0866605 -0.991286
1 23.8086 8.67023 1.61432 -0.0980471 0.388482 -0.916225
