1 16.2301 32.6273 1.75877 0.0281014 -0.0953888 0.995043
1 28.2038 14.5494 1.63255 -0.761571 0.135783 -0.633697
1 20.633 12.4543 1.74494 -0.134677 0.569089 0.811172
1 26.5319 20.3481 1.60868 0.182488 0.03337 -0.982642
1 4.60659 27.3562 1.75761 0.0435254 -0.400664 0.915191
1 20.2195 5.94533 1.76345 0.572524 0.518427 0.635177
1 14.1333 20.0357 1.61412 -0.453307 0.351509 -0.819118
1 29.3271 20.046 1.6096 0.153741 -0.372721 -0.915119
1 7.98768 6.41605 1.6106 0.487962 0.320584 -0.811861
1 3.14684 11.3825 1.75417 0.147187 0.589897 0.793951
1 19.7291 17.4592 1.7603 -0.568684 0.358228 0.740453
1 1.18347 15.1443 1.7618 -0.548673 0.233028 0.802905
1 24.1556 2.43348 1.75714 -0.252676 -0.352163 0.901186
1 31.3087 15.1034 1.75463 -0.479768 -0.463314 0.745092
1 15.5148 21.2268 1.608 -0.25728 0.0975549 -0.9614
1 26.4547 17.8408 1.6104 -0.22264 0.061666 -0.972949
1 18.0314 0.880696 1.75585 -0.24453 0.120964 0.962067
1 30.9996 20.8514 1.61966 0.275233 -0.658094 -0.700828
1 31.0093 19.5085 1.61576 0.0482309 -0.645089 -0.762584
1 15.0039 19.1536 1.60285 -0.607157 0.194003 -0.770535
1 13.8207 31.6427 1.75659 0.121172 -0.412957 0.902654
1 19.3952 21.2372 1.60801 -0.297579 -0.482319 -0.823902
1 16.1477 29.9929 1.75498 0.363723 -0.1192 0.923849
1 33.8472 34.4059 1.7601 0.192509 0.636167 0.747149
1 33.082 0.550091 1.74752 0.0234038 0.521325 0.853037
1 23.1843 12.9589 1.60774 0.480954 0.418936 -0.770179
1 9.37583 10.4052 1.60898 -0.519692 -0.139942 -0.842815
1 8.40616 16.214 1.60744 0.094017 0.098824 -0.990654
1 6.80516 34.3868 1.61042 -0.356949 0.0118884 -0.934048
1 17.2694 15.7293 1.76083 -0.467611 -0.0108617 0.883868
1 12.7037 14.9979 1.62691 -0.0420554 -0.667444 -0.743472
1 7.63345 26.2454 1.75796 0.162537 -0.0156327 0.986579
1 10.0077 6.2729 1.60805 0.422514 -0.0121445 -0.906275
1 13.7289 25.5949 1.61227 0.450695 0.438535 -0.777535
1 19.9507 7.83953 1.75022 0.36162 0.507044 0.782392
1 25.0662 25.7365 1.75649 0.351051 0.0508407 0.934975
1 8.19249 8.47242 1.63726 0.841072 0.107202 -0.530194
1 3.58433 33.6265 1.6115 -0.402013 0.397927 -0.824645
1 16.5053 31.7066 1.75955 0.138553 -0.0584145 0.988631
1 5.51104 16.4243 1.60473 0.151335 0.589035 -0.793811
1 3.39124 14.3121 1.75439 -0.253617 0.665981 0.701532
1 2.42155 18.6911 1.75578 0.363933 0.0484597 0.930164
1 19.4262 24.3912 1.6088 0.25526 -0.475758 -0.841723
1 18.5013 15.5973 1.75916 -0.387455 0.200172 0.899894
1 5.40025 9.79148 1.61725 -0.483575 0.48295 -0.73001
1 22.8115 30.628 1.75991 -0.564698 -0.428845 0.70513
1 20.7891 8.83621 1.76743 0.207125 0.700183 0.683259
1 30.4252 14.1838 1.75168 -0.262438 -0.605459 0.751363
1 30.174 8.21566 1.61647 -0.142467 -0.71818 -0.681118
1 3.51466 4.71278 1.6082 -0.0655688 -0.493769 -0.867117
1 28.1439 25.4713 1.75981 0.313155 0.593107 0.741726
1 2.12127 17.7546 1.76319 0.54262 0.0404287 0.839005
1 9.54705 7.98318 1.6182 0.680807 0.0420209 -0.731256
1 13.0159 20.1809 1.65948 -0.366278 0.579255 -0.728219
1 22.4921 17.6725 1.61605 -0.234215 0.627644 -0.742432
1 10.1657 28.5858 1.75231 -0.182733 0.396436 0.899693
1 32.5421 27.7616 1.6071 -0.0425459 0.0421064 -0.998207
1 27.1479 24.7828 1.75192 0.47362 0.391314 0.789023
1 18.1393 17.518 1.7463 -0.660373 0.153251 0.735134
1 4.76346 6.34913 1.61018 0.205952 -0.676984 -0.706595
1 7.46247 3.1536 1.60728 0.0569958 0.184942 -0.981095
1 25.1678 24.8019 1.75185 0.523572 0.0422354 0.850934
1 19.7186 8.88883 1.73869 0.269606 0.438805 0.857183
1 33.8889 12.4456 1.75755 0.0284531 -0.0800366 0.996386
1 31.1621 23.9422 1.61051 -0.685634 0.195939 -0.701081
1 2.46297 29.2649 1.74871 -0.176869 -0.8118 0.556505
1 29.0933 7.86426 1.60314 -0.210539 -0.558199 -0.80255
1 22.7299 33.4623 1.76497 -0.139735 0.890576 0.432837
1 16.1938 19.4324 1.61112 -0.567924 -0.000999738 -0.823081
1 33.4984 27.7421 1.6072 -0.0440405 -0.141895 -0.988902
1 32.4968 3.14891 1.60836 -0.323625 0.220624 -0.920104
1 5.21293 1.22902 1.60764 -0.0751436 0.219226 -0.972776
1 11.993 5.64155 1.6104 0.286976 -0.315528 -0.904482
1 18.7698 13.3718 1.75584 -0.158309 0.212824 0.964181
1 15.9303 33.5364 1.75744 -0.0689208 -0.143357 0.987268
1 22.8067 25.0861 1.75637 0.427033 -0.307942 0.850185
1 16.0986 5.64717 1.75807 0.6837 -0.276074 0.675527
1 24.625 26.5849 1.76235 0.174989 -0.00157443 0.984569
1 0.091083 12.9091 1.75959 -0.0752332 0.0489494 0.995964
1 9.34544 25.9866 1.75749 0.202526 0.246019 0.94787
1 30.6671 33.1228 1.75491 0.481195 0.251018 0.839905
1 33.3145 25.9632 1.60869 -0.351413 -0.143087 -0.925222
1 31.9576 26.4938 1.60903 -0.258772 0.13101 -0.957013
1 21.7869 5.82164 1.61045 -0.314755 0.640757 -0.700257
1 15.7852 30.965 1.75967 0.221861 -0.159583 0.961931
1 23.9995 11.0898 1.60981 0.219474 0.293257 -0.930501
1 8.05464 13.1871 1.60864 -0.175954 0.0850185 -0.98072
1 23.8848 7.93318 1.61212 -0.155218 0.260564 -0.952897
1 29.6847 13.1996 1.75792 0.00115556 -0.739109 0.673585
1 2.19865 11.2104 1.76416 0.209964 0.393075 0.895214
1 28.4699 8.68762 1.61156 -0.0419865 -0.44719 -0.893453
1 8.96588 0.461816 1.60888 -0.282286 -0.197137 -0.938857
1 27.6385 4.76466 1.60826 -0.754953 -0.230413 -0.613968
1 18.2537 26.6357 1.78691 -0.673476 0.248376 0.696232
1 14.2482 12.6467 1.73219 -0.166117 -0.545099 0.82175
1 10.1402 34.1617 1.61538 -0.460562 -0.344979 -0.817846
1 27.5775 29.3219 1.75118 -0.299325 0.481932 0.823496
1 4.18019 19.5148 1.75703 0.21536 0.338747 0.915899
1 20.0668 3.14681 1.74077 -0.585791 0.458074 0.668593
1 27.081 17.0531 1.60826 -0.364548 -0.00377019 -0.931177
1 0.177328 34.481 1.59034 0.124531 0.859885 -0.495065
1 22.8338 26.1137 1.75843 0.232409 -0.317948 0.919182
1 28.5087 20.8287 1.60765 0.281227 -0.236698 -0.929992
1 13.9148 14.7467 1.75653 -0.351021 -0.645358 0.678452
1 34.3853 13.8168 1.75934 -0.243017 0.0209314 0.969796
1 22.0575 10.8794 1.61619 0.151932 0.651692 -0.743111
1 0.625591 1.49724 1.63725 0.391979 0.727557 -0.563039
1 29.1566 22.6738 1.60763 0.595738 -0.27758 -0.753688
1 25.5325 16.0913 1.61486 -0.49218 0.234594 -0.838286
1 1.66525 5.08252 1.60588 0.0170965 -0.232328 -0.972487
1 30.7344 18.3139 1.6152 -0.148438 -0.547534 -0.823513
1 19.9463 10.9404 1.75478 0.0297768 0.48684 0.872983
1 4.568 5.04928 1.61227 -0.0325661 -0.647251 -0.761581
1 18.0012 16.554 1.75983 -0.528758 0.127273 0.839176
1 17.31 21.0712 1.60449 -0.319965 -0.163679 -0.933184
1 13.4192 17.7102 1.60841 0.265665 -0.737204 -0.621251
1 10.4744 10.19 1.60579 -0.563523 -0.331038 -0.756872
1 12.352 16.4263 1.61401 0.12163 -0.634779 -0.763061
1 12.1498 28.5231 1.75235 -0.288555 0.67609 0.677966
1 15.6961 26.6678 1.60987 0.663678 0.127079 -0.737145
1 16.1111 3.31143 1.75715 -0.610982 -0.223412 0.759465
1 8.33088 29.769 1.75847 -0.385747 0.14889 0.910512
1 18.7137 8.86472 1.75768 0.266998 0.257624 0.928624
1 24.3488 16.068 1.6154 -0.532277 0.374194 -0.759381
1 25.5165 27.0446 1.76155 0.0943477 0.165013 0.981768
1 25.6421 19.6841 1.60898 0.0804251 0.168959 -0.982336
1 15.0813 32.9561 1.76056 -0.0229226 -0.255389 0.966567
1 4.30096 14.5432 1.62057 -0.136637 0.802705 -0.580513
1 29.4224 9.03384 1.6112 0.0364983 -0.599688 -0.799401
1 31.1022 34.18 1.7573 0.29736 0.339271 0.892453
1 6.67881 28.0998 1.75961 -0.106367 -0.109055 0.988328
1 10.7459 5.49726 1.60942 0.288685 -0.135833 -0.94774
1 15.557 16.7129 1.74889 -0.604734 -0.309238 0.73394
1 12.0779 31.886 1.73876 0.14533 -0.674972 0.723389
1 11.279 16.426 1.61467 0.122882 -0.389613 -0.912744
1 31.3903 13.9719 1.75692 -0.241695 -0.458444 0.855226
1 8.58419 14.0739 1.60705 -0.0759794 0.0232917 -0.996837
1 33.9737 28.6513 1.60865 0.120233 -0.206874 -0.970952
1 2.31918 14.7528 1.76032 -0.436518 0.44501 0.781932
1 11.2471 11.2083 1.60945 -0.377094 -0.504743 -0.776553
1 16.2726 28.2238 1.75831 0.670215 -0.0746144 0.738407
1 31.5808 2.73954 1.61215 -0.411846 0.365681 -0.834662
1 30.3066 9.63256 1.61545 0.190926 -0.736613 -0.648805
1 27.1171 0.33574 1.75937 0.033583 -0.00795789 0.999404
1 19.5778 6.65843 1.75566 0.498642 0.411503 0.762903
1 6.46416 27.1445 1.75993 0.0434581 -0.150746 0.987617
1 6.11318 25.4024 1.76031 0.32822 -0.247415 0.911623
1 28.4617 9.77133 1.61321 0.147516 -0.452605 -0.879425
1 15.9559 9.02895 1.75904 0.267955 -0.263077 0.926818
1 21.6527 28.7659 1.74275 -0.254238 -0.576106 0.77683
1 22.2954 8.21951 1.61246 -0.115848 0.570027 -0.813418
1 10.2712 13.9863 1.61203 -0.092116 -0.238467 -0.966772
1 20.3001 24.8701 1.61436 0.364323 -0.624517 -0.69083
1 23.293 0.801832 1.74385 0.115115 -0.462186 0.87928
1 6.09322 10.6827 1.61214 -0.37155 0.443167 -0.815815
1 8.92157 5.94095 1.60863 0.386495 0.164411 -0.907519
1 6.04525 15.4551 1.61005 -0.00181073 0.488887 -0.872345
1 19.4268 9.90693 1.75115 0.15303 0.375943 0.913919
1 26.0398 26.1939 1.75653 0.256107 0.223721 0.940403
1 3.0221 25.31 1.762 0.528506 -0.626771 0.572573
1 20.3367 16.3653 1.75902 -0.339476 0.508721 0.791176
1 6.80613 23.3649 1.75315 0.616548 -0.153809 0.772147
1 10.9983 0.35826 1.61297 -0.331322 -0.51293 -0.791914
1 3.66784 12.7814 1.74259 -0.102619 0.67143 0.733928
1 27.1363 7.6752 1.61034 -0.199985 -0.240146 -0.949914
1 24.6154 33.7973 1.7552 0.349282 -0.326907 0.878142
1 12.6134 19.088 1.60626 0.502061 -0.641909 -0.579559
1 10.3751 20.3762 1.61446 0.557346 -0.292787 -0.776944
1 4.42222 9.27966 1.77861 0.0541225 0.970461 0.235109
1 17.7425 9.11396 1.75721 0.230596 0.0747114 0.970177
1 26.5596 15.2392 1.63618 -0.687571 0.220386 -0.691865
1 9.12679 6.9687 1.61449 0.536426 0.137822 -0.832617
1 26.6594 10.1112 1.60679 0.151473 -0.149671 -0.977064
1 9.33704 16.3921 1.60956 0.098795 -0.0475837 -0.993969
1 6.61806 9.57265 1.61808 -0.55511 0.291221 -0.77913
1 19.9403 1.56664 1.75341 -0.379325 0.426137 0.821292
1 32.5523 2.11506 1.59491 -0.518477 0.170047 -0.838013
1 4.45632 32.8285 1.59807 -0.58733 0.24457 -0.771511
1 25.2611 13.7954 1.61637 0.64998 -0.00264072 -0.759947
1 33.879 19.147 1.75223 0.237196 -0.491617 0.837884
1 11.6955 3.79285 1.60624 0.036934 -0.346589 -0.93729
1 28.0947 7.64468 1.60817 -0.214768 -0.393151 -0.89404
1 0.465639 30.6876 1.6179 0.472452 -0.409642 -0.780373
1 24.7502 23.9172 1.76893 0.693011 -0.0415694 0.719728
1 7.16518 24.3303 1.7488 0.444137 -0.121458 0.887688
1 10.1444 11.2035 1.60943 -0.407715 -0.282068 -0.86845
1 18.9463 0.471863 1.74887 -0.217793 0.256501 0.941687
1 3.45756 18.7612 1.74402 0.362133 0.226888 0.904092
1 5.30331 17.6373 1.60011 0.310752 0.708318 -0.633813
1 9.64035 17.3603 1.60982 0.203444 -0.086893 -0.975223
1 32.3908 29.47 1.60971 0.265522 0.102466 -0.958644
1 26.2235 25.2301 1.75827 0.429633 0.225485 0.874398
1 20.9848 27.5887 1.59959 0.0640066 0.673607 -0.736313
1 4.83191 28.4039 1.75706 -0.135291 -0.365453 0.920945
1 24.0205 8.98213 1.60829 -0.0322287 0.259705 -0.96515
1 28.3147 26.8542 1.76713 0.0916877 0.738879 0.667571
1 25.127 4.68368 1.64598 -0.755405 0.0465239 -0.653605
1 32.1882 32.5317 1.76412 0.696946 0.269378 0.664607
1 14.5809 20.8933 1.61455 -0.314278 0.246387 -0.9168
1 16.8886 14.0735 1.7595 -0.27143 -0.0799321 0.959133
1 14.2891 22.8427 1.60842 -0.00246374 0.317917 -0.948115
1 7.15703 4.33684 1.61118 0.221071 0.301888 -0.927357
1 33.4087 4.67695 1.60843 -0.032524 0.128865 -0.991129
1 10.6974 4.1678 1.60831 0.131577 -0.17 -0.97662
1 31.6329 3.78937 1.6073 -0.202926 0.375469 -0.904347
1 11.2117 29.7753 1.75148 -0.445553 0.593768 0.670016
1 4.7405 2.14413 1.60859 0.114695 0.274423 -0.954745
1 26.3392 7.04935 1.60876 -0.297155 -0.117261 -0.947601
1 2.57278 16.8713 1.73728 0.708367 0.118162 0.695883
1 25.4307 6.57032 1.6112 -0.372543 0.0235101 -0.927717
1 6.31253 17.6533 1.61373 0.283297 0.527958 -0.800627
1 0.577717 28.4376 1.60357 0.0775224 -0.479541 -0.874089
1 2.43783 22.245 1.75559 -0.284865 0.125237 0.950351
1 5.68055 8.58641 1.68964 0.667578 -0.289604 0.685907
1 0.505274 14.4781 1.7505 -0.375584 0.154515 0.913817
1 34.4713 27.754 1.61102 -0.0282717 -0.324896 -0.945327
1 16.9082 8.46348 1.75838 0.335178 -0.0884871 0.93799
1 23.806 20.2271 1.62038 0.187983 0.41372 -0.890785
1 17.1993 29.9228 1.75516 0.381109 0.0189908 0.924335
1 26.4948 27.1492 1.75801 0.0935742 0.363098 0.92704
1 20.5119 34.1277 1.7521 -0.12397 0.491089 0.862243
1 32.6811 9.0683 1.75913 0.760364 -0.112982 0.639595
1 34.0889 14.7395 1.75376 -0.4024 -0.0147789 0.915344
1 26.5352 12.4193 1.62941 0.464994 -0.13559 -0.874869
1 23.7486 17.1997 1.61855 -0.329616 0.463168 -0.822696
1 27.6708 17.8558 1.60785 -0.216914 -0.0958861 -0.97147
1 13.4318 1.0323 1.72401 -0.355192 -0.582005 0.731511
1 6.93754 6.71379 1.61031 0.54345 0.490017 -0.681576
1 34.4603 18.1435 1.76486 0.470485 -0.358706 0.806209
1 22.4449 6.58907 1.61806 -0.209352 0.557318 -0.803473
1 7.50979 16.5038 1.60747 0.138531 0.242335 -0.960251
1 19.5845 31.2064 1.75867 0.220103 0.342837 0.913246
1 26.0983 28.0982 1.75649 -0.0814656 0.271633 0.958947
1 6.82644 22.3396 1.66369 -0.815965 0.368475 0.445451
1 34.369 5.15115 1.60606 0.0366421 0.0117317 -0.99926
1 26.5475 22.3146 1.61418 0.535584 0.039666 -0.84355
1 8.23361 2.52572 1.60691 -0.00937794 0.0447935 -0.998952
1 10.9117 3.12897 1.60608 -0.0165887 -0.26554 -0.963957
1 1.66553 32.3419 1.76307 -0.218481 0.48472 0.846943
1 29.8055 33.6891 1.76435 0.331062 0.199209 0.922342
1 17.7832 10.5293 1.75627 0.124863 0.0777265 0.989125
1 5.24237 29.379 1.7573 -0.299774 -0.305073 0.903917
1 15.2228 17.7406 1.74967 -0.743407 -0.352035 0.568698
1 1.69319 1.7105 1.68649 0.311363 0.571766 -0.759036
1 27.5028 8.61151 1.60918 -0.0555317 -0.289538 -0.955554
1 9.72475 5.31312 1.6087 0.290024 0.01093 -0.956957
1 27.5691 21.5695 1.60703 0.395285 -0.102244 -0.912851
1 13.3025 16.1833 1.60011 0.0314059 -0.799603 -0.599708
1 1.38721 10.5285 1.75908 0.368856 0.24081 0.897751
1 17.3209 23.3876 1.60757 0.0856687 -0.150622 -0.984873
1 18.8246 1.57476 1.75313 -0.366276 0.25241 0.895618
1 13.5655 23.5613 1.61514 0.101015 0.463005 -0.880581
1 18.4659 9.85818 1.75557 0.152444 0.216115 0.964394
1 9.13081 23.8738 1.75692 0.517001 0.187583 0.835178
1 27.0735 28.1578 1.75318 -0.0872993 0.453349 0.887048
1 18.9667 28.0266 1.73738 0.679127 0.357455 0.641102
1 12.968 31.0822 1.74497 0.223077 -0.532556 0.816469
1 1.75654 30.4501 1.59644 0.0136307 -0.751823 -0.659224
1 33.9622 1.0291 1.70895 -0.0435755 0.657876 0.751865
1 8.54477 1.4495 1.60967 -0.124166 -0.126014 -0.984227
1 30.3225 31.0668 1.61919 0.597676 0.436609 -0.672426
1 30.7314 17.1412 1.61471 -0.35649 -0.527049 -0.77145
1 11.923 14.089 1.6106 -0.147275 -0.552447 -0.820435
1 25.5771 20.6931 1.61163 0.245205 0.164784 -0.955364
1 0.732147 3.34743 1.60976 -0.305852 -0.175741 -0.935719
1 1.87859 12.1381 1.75536 0.0441575 0.333675 0.941654
1 9.27148 20.1455 1.61035 0.533047 -0.0785805 -0.842428
1 27.5692 1.21964 1.76005 -0.135565 0.0834008 0.987252
1 28.6162 16.1849 1.61093 -0.494882 -0.175156 -0.851124
1 31.8118 33.4673 1.76024 0.433822 0.394532 0.810027
1 3.37248 29.1286 1.75538 -0.212783 -0.643039 0.73568
1 25.5571 21.7041 1.61852 0.410257 0.146231 -0.90017
1 30.9447 28.2689 1.61102 0.0249081 0.370109 -0.928654
1 15.9554 2.27276 1.76899 -0.449846 -0.218156 0.866052
1 18.9331 5.42081 1.7543 0.69721 0.231816 0.678351
1 4.65052 12.7603 1.60533 -0.278981 0.765964 -0.579197
1 5.73501 31.4415 1.7517 -0.67905 -0.221134 0.699993
1 12.3419 6.57169 1.6046 0.407223 -0.374585 -0.83298
1 17.0609 0.688725 1.75647 -0.24213 -0.0164075 0.970105
1 11.7154 10.1857 1.61515 -0.522329 -0.544012 -0.656676
1 15.6281 24.0361 1.6084 0.192105 0.123759 -0.97354
1 2.73716 26.6302 1.76207 0.253852 -0.658113 0.708834
1 32.7776 20.8582 1.75802 -0.0572887 -0.683284 0.727902
1 12.218 25.0367 1.74807 0.392935 0.72821 0.561527
1 9.69584 4.31814 1.60468 0.164702 -0.0165985 -0.986204
1 2.95528 19.5653 1.75915 0.213037 0.140004 0.966961
1 4.33765 24.5667 1.75693 0.533212 -0.457801 0.711409
1 24.8374 9.47638 1.6085 0.0317001 0.132243 -0.99071
1 9.93688 23.2076 1.74098 0.652415 0.270564 0.707919
1 33.8542 7.58514 1.62052 0.542128 0.103121 -0.833944
1 23.3901 22.2949 1.61387 0.592438 0.366185 -0.717583
1 27.5386 20.5397 1.60617 0.229096 -0.101875 -0.968058
1 29.4639 21.171 1.6143 0.323492 -0.364345 -0.873273
1 31.0387 4.66225 1.61158 -0.0218766 0.466883 -0.884048
1 8.88344 11.2598 1.61453 -0.399504 -0.061385 -0.914674
1 9.22691 2.4771 1.60786 -0.056308 -0.0937551 -0.994002
1 18.3571 21.1656 1.60863 -0.321599 -0.320978 -0.890813
1 7.27215 29.9936 1.76053 -0.422969 0.00383597 0.906136
1 29.8154 24.467 1.62061 -0.608278 0.449081 -0.654465
1 32.9678 28.6566 1.60802 0.121249 -0.0188417 -0.992443
1 22.5099 19.0622 1.60453 -0.0043317 0.627222 -0.778828
1 33.0265 8.21583 1.60878 0.702328 0.196197 -0.684282
1 16.2495 20.5283 1.60989 -0.382014 -0.0245223 -0.923831
1 27.1331 25.9393 1.75731 0.290267 0.406787 0.866181
1 17.8167 21.979 1.60643 -0.166751 -0.23422 -0.957776
1 22.6911 23.1025 1.78094 -0.816628 -0.207042 0.538751
1 26.6096 9.09328 1.60645 0.00921277 -0.152588 -0.988247
1 17.9228 30.6328 1.7591 0.286097 0.108345 0.952056
1 15.4553 31.9714 1.75966 0.089215 -0.205306 0.974623
1 30.7049 3.50995 1.61167 -0.235385 0.534826 -0.811514
1 7.94961 30.7598 1.75334 -0.56901 0.111777 0.814699
1 20.1304 29.0154 1.67575 0.486806 0.47351 0.734036
1 28.8449 31.6846 1.75462 0.688117 0.104161 0.718084
1 5.57543 27.6285 1.76036 -0.0329847 -0.265349 0.963588
1 26.5319 21.306 1.6109 0.33947 0.0250025 -0.940285
1 28.0765 2.07642 1.76274 -0.30598 0.17295 0.936197
1 26.7669 11.071 1.60465 0.287061 -0.165915 -0.943434
1 32.0237 10.8747 1.75254 0.342797 -0.376794 0.860532
1 30.9507 22.4672 1.60838 0.465415 -0.571998 -0.675431
1 16.336 25.8848 1.61539 0.517377 0.0406874 -0.85479
1 29.8276 5.65937 1.61398 0.284608 0.720254 -0.63264
1 15.9672 22.3587 1.60763 -0.0806127 0.0420555 -0.995858
1 19.7642 20.264 1.61215 -0.468875 -0.495319 -0.73131
1 7.15983 10.4858 1.61182 -0.438812 0.24365 -0.864915
1 14.2015 10.7779 1.75617 0.0150099 -0.530352 0.847645
1 20.1321 27.805 1.78306 0.543868 0.694699 0.470746
1 15.0934 30.2192 1.75597 0.331039 -0.253369 0.908965
1 34.0357 10.379 1.75574 0.420905 -0.0614444 0.905021
1 29.2407 28.712 1.60926 0.0795806 0.668781 -0.739188
1 29.1092 2.02843 1.76324 -0.303707 0.345792 0.8878
1 12.8075 34.3927 1.74026 -0.244638 -0.631567 0.735714
1 0.0792551 8.39891 1.61882 0.76332 0.0664579 -0.642593
1 31.6796 18.0762 1.61851 -0.1935 -0.680168 -0.707057
1 1.96428 3.33828 1.64143 -0.381047 -0.268865 -0.884599
1 19.9311 14.4711 1.75885 -0.0881198 0.395185 0.914365
1 29.2283 27.2651 1.61083 -0.132288 0.72702 -0.673752
1 32.8178 34.0609 1.75809 0.247474 0.494071 0.833457
1 27.3469 6.72583 1.61362 -0.368668 -0.279151 -0.886656
1 26.0524 24.1683 1.75423 0.634916 0.196922 0.747063
1 20.8872 1.87136 1.73516 -0.453408 0.584226 0.673128
1 5.45882 30.394 1.75312 -0.479991 -0.249658 0.840999
1 15.2682 10.8528 1.7555 0.0216826 -0.335729 0.941709
1 10.2939 16.5059 1.60992 0.105891 -0.211731 -0.971575
1 0.453948 9.96556 1.75556 0.475146 0.0879249 0.875503
1 7.98507 23.5823 1.75328 0.545582 0.00917362 0.838007
1 32.5886 6.21041 1.60852 0.273183 0.273505 -0.922261
1 13.5372 13.3297 1.75079 -0.18367 -0.714323 0.675283
1 26.5513 19.4023 1.60776 0.0341458 0.0407841 -0.998584
1 15.8288 14.0111 1.75663 -0.281462 -0.250363 0.926336
1 8.40851 33.168 1.61617 -0.578349 -0.0524282 -0.814103
1 15.3494 14.8411 1.75417 -0.368697 -0.330279 0.868895
1 29.0997 34.4739 1.76185 0.158535 0.160848 0.974164
1 32.3297 13.7099 1.75878 -0.192349 -0.298605 0.934792
1 11.9754 0.212563 1.61408 -0.359362 -0.714249 -0.600589
1 13.835 0.0231492 1.75098 -0.23442 -0.472207 0.849746
1 20.3115 32.0585 1.75655 0.112255 0.463739 0.878831
1 10.9696 8.32047 1.6252 0.761342 -0.120508 -0.637053
1 19.0517 29.0742 1.74161 0.524989 0.278472 0.804264
1 14.3093 16.4774 1.77392 -0.463859 -0.638964 0.613645
1 17.4391 19.24 1.60819 -0.665882 -0.164321 -0.727736
1 5.05261 11.0968 1.61027 -0.297 0.655286 -0.694544
1 14.8585 15.6655 1.75169 -0.44882 -0.432777 0.781834
1 3.32583 30.4533 1.74378 -0.42839 -0.601819 0.674015
1 25.8205 31.85 1.7482 0.734462 -0.158969 0.659769
1 8.52206 17.2669 1.60768 0.202767 0.113463 -0.972631
1 11.7785 2.70022 1.60646 -0.136296 -0.395206 -0.908425
1 2.76912 33.069 1.60531 -0.475164 0.539384 -0.695186
1 27.8013 10.6772 1.60858 0.249564 -0.329403 -0.91061
1 26.883 23.3641 1.61593 0.738532 0.205246 -0.642218
1 25.1187 32.786 1.75795 0.533707 -0.24496 0.809414
1 5.76799 2.24281 1.60763 0.0501992 0.184513 -0.981547
1 10.2358 24.376 1.75496 0.459157 0.380597 0.802696
1 20.2651 18.3754 1.75185 -0.662966 0.425268 0.616136
1 2.47743 10.2201 1.75502 0.402275 0.404555 0.821286
1 12.9614 8.70038 1.75421 0.360866 -0.741188 0.566053
1 25.6119 8.79035 1.60698 -0.0479922 -0.00283535 -0.998844
1 2.84388 34.5008 1.61295 -0.197376 0.501622 -0.84227
1 26.3068 8.1228 1.60823 -0.131451 -0.119509 -0.984093
1 12.8977 27.3504 1.75341 -0.033767 0.776771 0.628877
1 6.98315 15.6072 1.61448 0.0225419 0.317332 -0.948047
1 19.2077 25.5936 1.61448 0.466737 -0.401869 -0.787818
1 8.11972 20.4317 1.61538 0.591384 0.120323 -0.797363
1 9.95506 3.3483 1.60587 0.0364931 -0.113561 -0.992861
1 0.412724 26.9105 1.61666 -0.178267 -0.44031 -0.87997
1 3.77732 5.8691 1.60921 0.158484 -0.521798 -0.838218
1 16.8302 9.50455 1.7598 0.214733 -0.0899537 0.972522
1 25.4705 7.58012 1.60841 -0.205846 0.00997812 -0.978534
1 27.2506 3.83918 1.74305 -0.71733 0.0951731 0.690203
1 15.0361 22.1091 1.60905 -0.119716 0.184973 -0.975425
1 0.995845 12.5247 1.75791 -0.0121063 0.192053 0.98131
1 25.1384 27.9374 1.76043 -0.0696164 0.0960684 0.992937
1 22.8529 11.8239 1.60702 0.299064 0.472765 -0.828887
1 25.9523 16.9855 1.61188 -0.357629 0.152702 -0.921295
1 16.6408 1.57322 1.75793 -0.359428 -0.0934514 0.928482
1 24.3675 13.0803 1.60794 0.534496 0.197631 -0.82174
1 23.8129 10.0209 1.60962 0.0756972 0.32309 -0.943336
1 18.8982 22.1633 1.61062 -0.141518 -0.397327 -0.906699
1 1.38312 27.2817 1.61876 -0.0997289 -0.612766 -0.783946
1 30.9801 0.681474 1.75095 0.0654782 0.408283 0.910504
1 1.46111 9.51507 1.74535 0.6229 0.209622 0.753694
1 8.48339 27.6272 1.76027 -0.0436971 0.134074 0.990007
1 25.8351 33.4764 1.75461 0.362477 -0.18137 0.914175
1 10.0155 0.560795 1.6115 -0.302478 -0.344786 -0.888611
1 4.06249 11.3467 1.74398 0.0443262 0.769504 0.637101
1 0.874526 29.5984 1.61751 0.2464 -0.458112 -0.854061
1 24.8781 11.6486 1.60786 0.31303 0.139799 -0.939398
1 22.7033 27.1701 1.75278 0.0237935 -0.347077 0.937535
1 3.04506 3.64217 1.61321 -0.266133 -0.408738 -0.872987
1 5.87631 28.6458 1.75922 -0.198223 -0.207323 0.95798
1 20.4014 9.92427 1.73619 0.149782 0.544693 0.825151
1 27.5113 5.75275 1.61797 -0.546682 -0.302816 -0.780667
1 5.76602 21.7642 1.72602 -0.26416 0.57605 0.773554
1 34.5699 15.5779 1.75475 -0.558006 0.0587193 0.827757
1 27.8995 13.6596 1.60794 0.684442 -0.347932 -0.640689
1 28.7116 5.70278 1.62971 -0.551608 -0.498471 -0.668771
1 18.0886 7.12832 1.76081 0.473787 0.128286 0.871245
1 17.7063 1.83643 1.75476 -0.378636 0.0714802 0.922781
1 33.446 2.65969 1.59613 -0.410523 0.0361566 -0.911133
1 8.38397 25.5613 1.75703 0.266161 0.0915589 0.95957
1 3.84024 31.772 1.76052 0.918639 0.157055 0.36254
1 23.5551 21.2575 1.61181 0.38914 0.401959 -0.828854
1 8.54726 26.6133 1.75937 0.105582 0.124378 0.986602
1 33.5518 21.7433 1.75721 -0.208185 -0.506106 0.836968
1 28.6608 33.5057 1.76001 0.367369 0.0754037 0.927013
1 34.3168 21.1329 1.75776 -0.113075 -0.372873 0.920967
1 14.3409 26.633 1.60666 0.650142 0.299699 -0.698209
1 9.30627 28.1766 1.75539 -0.126932 0.264524 0.955989
1 25.384 12.6212 1.61839 0.480241 0.058601 -0.875177
1 16.052 0.575138 1.75368 -0.247011 -0.163504 0.955119
1 1.10872 16.0737 1.69764 -0.758178 0.144776 0.635772
1 18.2157 22.924 1.60802 -0.00222684 -0.284852 -0.958569
1 30.2307 29.0919 1.61228 0.164104 0.493396 -0.854184
1 34.3888 25.9552 1.60806 -0.391488 -0.3443 -0.853343
1 13.3381 6.73948 1.6129 0.40602 -0.54877 -0.730753
1 17.4702 27.6244 1.7517 0.829554 0.0614433 0.555035
1 21.7273 9.45949 1.60087 -0.0297867 0.785712 -0.617876
1 24.9329 18.9095 1.60914 -0.0439749 0.277623 -0.959683
1 0.813219 33.0675 1.75072 -0.193691 0.189295 0.962627
1 31.9231 28.5369 1.60844 0.0923277 0.180915 -0.979155
1 11.1419 26.3951 1.75402 0.14093 0.525183 0.839239
1 3.00754 21.386 1.75817 -0.107225 0.170241 0.979551
1 31.6524 6.65368 1.61262 0.343693 0.434131 -0.83271
1 33.0686 10.9248 1.75553 0.33052 -0.210454 0.920036
1 27.441 31.7606 1.75676 0.694593 -0.0725256 0.715738
1 20.9703 17.192 1.76429 -0.425663 0.596784 0.680191
1 15.1477 7.50178 1.75998 0.467759 -0.444893 0.763722
1 4.89544 0.206662 1.60723 -0.244133 0.242334 -0.938975
1 33.4763 24.9852 1.61664 -0.515953 -0.19186 -0.834854
1 28.5905 1.19565 1.75934 -0.132263 0.221065 0.966249
1 24.5502 7.17511 1.60959 -0.256603 0.152668 -0.954383
1 28.5132 11.4693 1.61624 0.364096 -0.477794 -0.799467
1 23.6047 26.7955 1.75746 0.113874 -0.184246 0.976261
1 27.5816 30.7584 1.75955 -0.790727 0.220568 0.571052
1 14.7705 31.2425 1.75613 0.168507 -0.29497 0.940531
1 2.46488 4.44626 1.60676 -0.105659 -0.350162 -0.930711
1 11.7376 12.4583 1.61616 -0.194587 -0.570249 -0.798093
1 3.57514 20.3303 1.75797 0.0716292 0.236648 0.968951
1 17.5195 5.42421 1.75698 0.729156 -0.00878728 0.684291
1 1.19429 17.0336 1.74502 0.689804 -0.0994274 0.717137
1 17.7703 12.3434 1.75832 -0.0861233 0.0819081 0.992912
1 20.7133 7.3269 1.77261 0.351034 0.69312 0.629571
1 7.90107 9.44902 1.62169 -0.639674 0.0975102 -0.762436
1 10.7172 12.1678 1.61043 -0.272982 -0.375382 -0.885759
1 18.1047 2.75438 1.76136 -0.498458 0.138486 0.855781
1 32.9021 30.4326 1.61097 0.437805 0.0046665 -0.899058
1 10.2024 2.33838 1.60306 -0.0868356 -0.239262 -0.967064
1 33.4032 33.183 1.75839 0.454708 0.505738 0.733123
1 0.204644 11.9231 1.7586 0.108686 0.0618619 0.992149
1 30.7155 13.0267 1.75713 -0.0310562 -0.577751 0.815622
1 4.4969 30.8369 1.75796 -0.498961 -0.413755 0.761476
1 9.56191 1.43513 1.60582 -0.17631 -0.247565 -0.952694
1 29.2642 17.1216 1.61273 -0.35231 -0.334392 -0.874105
1 4.74813 22.6455 1.75617 -0.380457 0.43448 0.816382
1 10.2774 25.5059 1.75493 0.288368 0.40285 0.868652
1 6.74177 14.588 1.60879 -0.0988322 0.3394 -0.935436
1 24 24.8624 1.75119 0.487446 -0.140535 0.861769
1 16.4769 21.5474 1.61175 -0.209375 -0.0529769 -0.976399
1 22.6013 28.4231 1.75944 -0.183895 -0.367855 0.911518
1 29.6407 2.83156 1.74392 -0.433724 0.504682 0.746444
1 17.2414 6.37243 1.75943 0.583281 -0.024809 0.811891
1 7.13694 29.0312 1.75556 -0.268983 -0.0291562 0.962703
1 18.9866 10.8706 1.75713 0.0368865 0.313504 0.94887
1 11.0234 33.6456 1.62064 -0.536278 -0.494402 -0.684085
1 14.4939 1.44461 1.75335 -0.363976 -0.424421 0.829089
1 4.13409 3.8778 1.62094 -0.266364 -0.557089 -0.786576
1 13.5933 3.44472 1.62276 -0.310555 -0.618767 -0.721584
1 0.282838 22.0584 1.7597 -0.275133 -0.257662 0.926235
1 19.5179 34.1352 1.75704 -0.109808 0.333457 0.936348
1 0.121539 7.03074 1.61446 0.392075 0.00573313 -0.919915
1 5.07097 25.2017 1.75321 0.387045 -0.392349 0.834421
1 15.4163 34.3358 1.7549 -0.150545 -0.229469 0.961603
1 24.0981 31.1025 1.71908 -0.70214 -0.0866401 0.706749
1 32.2618 14.7746 1.75943 -0.40315 -0.310548 0.860831
1 34.5168 29.4754 1.60488 0.256912 -0.294471 -0.92048
1 11.7896 15.4074 1.61211 0.00808813 -0.507477 -0.861627
1 23.5172 34.282 1.75806 0.289688 -0.490525 0.821868
1 13.5136 4.6189 1.61658 -0.0459969 -0.568442 -0.821436
1 11.1012 14.5574 1.60942 -0.0902794 -0.393818 -0.914744
1 11.1255 18.4332 1.61366 0.337674 -0.331056 -0.881123
1 29.1034 18.957 1.60822 -0.0227915 -0.32632 -0.944985
1 25.7627 9.7551 1.60687 0.0883672 -0.0106384 -0.996031
1 15.9653 10.0887 1.7601 0.132588 -0.237623 0.962266
1 11.6816 27.4606 1.75077 -0.0507997 0.612803 0.788601
1 23.3744 24.0954 1.76258 0.6328 -0.229346 0.739571
1 34.2776 3.29799 1.6046 -0.322778 -0.0614237 -0.944479
1 2.1986 24.8093 1.57692 0.743981 -0.16605 -0.647239
1 30.0337 27.9004 1.61346 -0.0674435 0.543838 -0.836476
1 4.84258 21.5365 1.7496 -0.161204 0.448101 0.879329
1 9.10213 13.1828 1.60987 -0.173602 -0.0858816 -0.981064
1 33.6917 16.3685 1.74056 -0.748505 0.013593 0.662989
1 15.6232 29.1782 1.74866 0.50493 -0.179332 0.844326
1 24.7771 8.30161 1.60856 -0.10791 0.122638 -0.986567
1 21.2461 31.7484 1.76085 0.135831 0.62663 0.767388
1 9.08426 18.1877 1.6102 0.291376 0.0279529 -0.9562
1 34.4961 6.09851 1.60802 0.216287 0.0125256 -0.97625
1 18.034 4.46161 1.75434 -0.815088 0.106617 0.569443
1 13.296 22.4405 1.61694 -0.091474 0.478043 -0.87356
1 12.6405 13.2906 1.62354 -0.13221 -0.777051 -0.615396
1 30.0624 4.4719 1.60163 0.0186107 0.619806 -0.784534
1 33.4608 29.5664 1.60959 0.28567 -0.0985056 -0.953252
1 27.4913 19.5432 1.60656 0.0686866 -0.0904872 -0.993526
1 4.44835 16.1618 1.60612 0.189624 0.761627 -0.619651
1 16.6342 17.4683 1.70352 -0.735734 -0.0559562 0.674955
1 29.6712 11.1617 1.60037 0.421039 -0.683709 -0.596044
1 16.4137 4.37995 1.75526 -0.764444 -0.150116 0.626969
1 30.4746 15.6928 1.6246 -0.645974 -0.480284 -0.593333
1 30.2702 11.9466 1.76627 0.200133 -0.671112 0.713831
1 33.1567 14.3096 1.75751 -0.311144 -0.15937 0.936905
1 33.3827 23.3077 1.75786 -0.503495 -0.476274 0.720871
1 24.8143 14.7798 1.61116 0.790614 -0.0267849 -0.611729
1 3.67197 26.9737 1.75578 0.128113 -0.542907 0.829963
1 31.6375 27.4938 1.6097 -0.0915743 0.210366 -0.973324
1 7.66043 28.1913 1.75932 -0.128241 0.0271234 0.991372
1 12.3835 7.82659 1.61977 0.597728 -0.438453 -0.671178
1 19.6246 15.5611 1.75656 -0.269669 0.391581 0.87974
1 23.3067 18.3062 1.60996 -0.128361 0.510085 -0.850492
1 32.6835 22.1945 1.76076 -0.259508 -0.650634 0.713674
1 17.2546 32.4996 1.75951 0.0556449 0.0320305 0.997937
1 26.5078 29.0786 1.75414 -0.267422 0.313895 0.911019
1 24.5051 29.3916 1.75546 -0.369975 -0.0255234 0.928691
1 5.29418 13.5063 1.6357 -0.262855 0.606546 -0.75034
1 8.96855 3.51424 1.60718 0.0640416 0.041966 -0.997064
1 2.54932 20.4867 1.75989 0.0444355 0.0802908 0.995781
1 19.9584 22.372 1.61015 -0.116662 -0.566564 -0.815717
1 25.9137 11.6941 1.60367 0.354765 -0.0278259 -0.934542
1 18.9364 7.86647 1.76249 0.388825 0.310879 0.867277
1 25.9167 18.6852 1.60864 -0.0846281 0.131757 -0.987663
1 33.3019 18.1184 1.75368 0.4021 -0.557849 0.726031
1 13.8173 19.0916 1.60584 -0.569909 0.465378 -0.67722
1 11.8104 22.4262 1.78803 0.110461 -0.760034 0.640427
1 13.0129 32.3073 1.75347 0.0287267 -0.542937 0.839282
1 34.1854 22.728 1.75903 -0.396658 -0.366139 0.841787
1 6.51447 3.40175 1.61127 0.0911056 0.350593 -0.932086
1 2.85562 6.52558 1.61041 0.314957 -0.354507 -0.880413
1 22.1097 31.2544 1.72833 0.300819 0.758377 0.578249
1 10.6505 17.475 1.60817 0.21478 -0.270627 -0.938419
1 23.9417 19.1549 1.61103 0.0057621 0.416777 -0.908991
1 7.15901 19.6893 1.61289 0.53284 0.332897 -0.777985
1 5.91812 0.341329 1.60859 -0.237895 0.129897 -0.962566
1 1.52681 28.5593 1.60924 0.117281 -0.666591 -0.736139
1 14.4557 33.8101 1.75495 -0.131601 -0.357726 0.924507
1 28.7101 17.9459 1.60882 -0.198624 -0.256585 -0.945893
1 8.18015 19.3078 1.61171 0.46242 0.168105 -0.870579
1 10.1092 21.4667 1.6099 0.691031 -0.318925 -0.648663
1 31.5404 1.65082 1.69437 -0.752295 0.545178 0.369911
1 1.46674 4.11834 1.6096 -0.175255 -0.240226 -0.954765
1 29.097 15.3101 1.61816 -0.670851 -0.169037 -0.72207
1 13.3192 29.9029 1.71562 0.404645 -0.497664 0.767198
1 23.4187 27.9054 1.75973 -0.0956801 -0.211606 0.97266
1 10.3052 7.20273 1.61597 0.546479 -0.0543037 -0.835711
1 30.7213 30.1718 1.60966 0.400624 0.402062 -0.823314
1 11.6919 1.40334 1.61354 -0.19027 -0.578615 -0.793096
1 30.2214 20.3429 1.62288 0.20174 -0.517497 -0.831563
1 32.3559 25.4984 1.61039 -0.420447 0.0367597 -0.906572
1 25.3614 5.60384 1.61017 -0.552091 0.0539302 -0.832038
1 24.0142 5.31893 1.61397 -0.529168 0.22348 -0.818558
1 7.65729 14.2999 1.60147 -0.0826544 0.172059 -0.981613
1 29.5318 6.95864 1.65648 -0.390547 -0.63944 -0.66226
1 34.134 9.34248 1.76542 0.667617 0.00122519 0.744504
1 12.6407 1.88161 1.59849 -0.156839 -0.751697 -0.640588
1 18.8571 14.5645 1.7563 -0.237472 0.234455 0.942676
1 15.0475 3.68461 1.76623 -0.645726 -0.481128 0.59292
1 34.3151 17.2167 1.72879 0.68557 -0.284945 0.669926
1 8.44006 28.7638 1.75856 -0.228426 0.138736 0.963625
1 21.9785 0.29852 1.63846 -0.391874 0.734419 0.554134
1 12.346 11.5066 1.6092 -0.267431 -0.72426 -0.635554
1 15.9962 15.799 1.75155 -0.48959 -0.214844 0.84507
1 30.4157 25.2328 1.61276 -0.439569 0.415403 -0.796379
1 24.7268 30.3185 1.75883 -0.536543 -0.000517024 0.843873
1 8.24417 24.5682 1.75493 0.405938 0.0523133 0.912402
1 3.31127 17.8001 1.76107 0.541445 0.257239 0.800416
1 5.85233 5.76363 1.62114 0.314816 0.730739 -0.605732
1 25.334 34.42 1.75486 0.192609 -0.224215 0.955316
1 6.16124 18.7813 1.62038 0.461558 0.538132 -0.70525
1 22.4618 21.2515 1.60513 0.409513 0.550892 -0.727198
1 19.8049 29.9796 1.74463 0.373383 0.363666 0.853424
1 10.3192 19.3675 1.61606 0.434336 -0.220994 -0.87322
1 31.7237 7.82085 1.61224 0.540406 0.398156 -0.741238
1 15.044 8.65809 1.75823 0.309728 -0.429386 0.848349
1 18.2118 11.4496 1.75641 0.0250403 0.151888 0.98808
1 6.97836 5.58443 1.60401 0.374625 0.467093 -0.800924
1 6.77232 2.18008 1.60513 0.0283402 0.0648265 -0.997494
1 14.0185 30.567 1.75641 0.295234 -0.388287 0.872966
1 28.3715 23.6659 1.60976 0.747877 -0.0748804 -0.659601
1 33.9495 26.8392 1.60823 -0.209351 -0.251597 -0.944919
1 9.19048 32.2501 1.63492 -0.795102 -0.00979584 -0.606397
1 15.2398 27.5573 1.76293 0.851308 -0.12711 0.509036
1 26.5407 32.5924 1.74993 0.535241 -0.138213 0.833315
1 16.963 22.4578 1.60841 -0.064422 -0.114507 -0.991331
1 28.1205 18.7644 1.60782 -0.0604304 -0.175715 -0.982584
1 28.4154 19.7767 1.60693 0.111394 -0.229557 -0.9669
1 16.0293 24.969 1.60812 0.34922 0.0685169 -0.934533
1 12.9774 24.5485 1.60768 0.2656 0.603918 -0.751492
1 3.8767 25.7672 1.74929 0.34342 -0.544233 0.765424
1 7.36608 32.5198 1.62819 -0.760681 0.0385692 -0.647979
1 1.40018 18.8321 1.75724 0.331196 -0.121893 0.935656
1 13.4963 28.6245 1.74769 0.615672 -0.508561 0.601926
1 12.2363 29.9857 1.74539 0.498315 -0.636381 0.588813
1 16.71 12.2476 1.75845 -0.0716362 -0.0936992 0.99302
1 0.698235 23.0754 1.75774 -0.45342 -0.164001 0.876078
1 24.0963 1.33048 1.75376 -0.0356841 -0.349034 0.93643
1 19.1625 16.6264 1.75715 -0.454619 0.318679 0.831724
1 25.675 29.7802 1.75237 -0.413592 0.155455 0.897093
1 31.7231 5.53522 1.61342 0.142642 0.407658 -0.901925
1 10.6707 27.5653 1.75616 -0.039713 0.460026 0.887017
1 26.5389 13.3609 1.62172 0.601608 -0.146035 -0.785329
1 32.1914 11.8995 1.75606 0.147823 -0.350212 0.924932
1 3.957 21.2354 1.75763 -0.0825904 0.307622 0.947917
1 17.0914 25.1394 1.60558 0.383721 -0.0943917 -0.918612
1 28.5966 21.877 1.61114 0.46405 -0.220303 -0.857977
1 15.1993 13.0805 1.76022 -0.181753 -0.36929 0.911367
1 0.31625 10.9184 1.75789 0.297962 0.0783331 0.951358
1 16.963 18.3367 1.77026 -0.859415 0.0109096 0.511162
1 25.692 30.8866 1.75443 -0.686045 0.144599 0.713045
1 26.2916 14.3628 1.63968 0.74214 -0.249357 -0.622133
1 21.5782 7.3689 1.59748 -0.0884057 0.784797 -0.613415
1 7.30345 25.3062 1.75836 0.313953 -0.0767749 0.946329
1 0.528937 20.64 1.75953 -0.00702216 -0.239262 0.97093
1 5.86965 14.3039 1.62204 -0.178864 0.476979 -0.860522
1 11.0712 13.324 1.61214 -0.166623 -0.38265 -0.908744
1 20.4544 21.4025 1.60516 -0.27328 -0.655633 -0.703892
1 3.00327 22.9931 1.75972 -0.426336 0.229526 0.87496
1 8.80236 4.80715 1.61063 0.238142 0.137362 -0.961468
1 5.80659 33.8992 1.6128 -0.416244 0.122884 -0.900911
1 19.3232 32.2443 1.75784 0.100564 0.305296 0.946933
1 19.7021 12.031 1.75113 -0.0665493 0.396513 0.915614
1 28.8029 12.5491 1.6126 0.507648 -0.554283 -0.659594
1 3.48495 10.1053 1.74144 0.334024 0.607954 0.720292
1 25.1203 0.833577 1.75777 -0.00424069 -0.234356 0.972142
1 32.9017 19.4011 1.76437 0.128938 -0.683636 0.718343
1 2.78666 5.46122 1.60975 0.0960108 -0.374848 -0.922101
1 25.9277 1.99625 1.75988 -0.268848 -0.0955782 0.958429
1 2.53865 15.7248 1.75706 -0.659944 0.379682 0.648317
1 14.048 5.67008 1.62013 0.149992 -0.647895 -0.746816
1 14.0821 8.40231 1.75431 0.372682 -0.575929 0.727609
1 20.6846 15.1827 1.76422 -0.104738 0.579165 0.808454
1 5.64585 26.5119 1.75729 0.145178 -0.29882 0.943202
1 16.7945 16.5789 1.75727 -0.597675 -0.0734213 0.798369
1 6.69378 7.70968 1.60121 0.727785 0.45539 -0.512785
1 33.1437 11.8825 1.75765 0.1426 -0.193785 0.970625
1 3.80958 22.2451 1.75996 -0.263187 0.3032 0.915862
1 18.9585 33.2291 1.75795 -0.00818674 0.248914 0.968491
1 9.01737 34.0635 1.61621 -0.432953 -0.202287 -0.878425
1 31.2804 29.3124 1.61054 0.228648 0.308373 -0.923378
1 22.8503 20.2565 1.60494 0.198408 0.542982 -0.815969
1 14.8242 28.5285 1.75768 0.665982 -0.23977 0.706384
1 21.8574 4.14026 1.7678 -0.642441 -0.0275446 0.76584
1 9.3015 29.274 1.75761 -0.304153 0.289867 0.907451
1 20.2605 23.6018 1.61011 0.0958309 -0.616171 -0.781761
1 34.131 31.5458 1.61156 0.633796 -0.231044 -0.738188
1 12.3105 18.0535 1.61766 0.362471 -0.554933 -0.748775
1 12.5058 4.64056 1.61055 0.108313 -0.414496 -0.903582
1 2.66048 1.66764 1.78074 -0.182863 -0.458839 0.869499
1 26.4164 6.06646 1.61162 -0.467549 -0.123801 -0.875255
1 14.0998 32.6979 1.75825 -0.00108484 -0.380011 0.924981
1 1.59336 14.1446 1.75411 -0.338008 0.308322 0.889207
1 23.0538 10.747 1.61228 0.144327 0.456723 -0.877823
1 9.29921 24.9241 1.75475 0.362402 0.229844 0.903237
1 15.7027 12.1681 1.76161 -0.0790601 -0.256757 0.963237
1 27.525 9.63458 1.60661 0.0978689 -0.297466 -0.949703
1 1.96119 19.6398 1.75982 0.189246 -0.0248039 0.981616
1 7.937 0.522923 1.60971 -0.237175 -0.0799111 -0.968175
1 34.5965 23.7992 1.75745 -0.598396 -0.262604 0.756942
1 31.8178 30.2636 1.60981 0.404812 0.206366 -0.890809
1 7.38656 12.3871 1.61057 -0.259445 0.187366 -0.947408
1 0.109227 25.0624 1.62146 -0.578778 -0.399417 -0.710973
1 30.694 6.95535 1.61655 0.409182 0.603229 -0.684605
1 18.5234 34.1847 1.7597 -0.122772 0.186235 0.974804
1 27.4268 27.0852 1.74563 0.103928 0.552456 0.827038
1 29.35 25.7657 1.6079 -0.317377 0.654252 -0.686459
1 3.32913 2.75815 1.77751 0.982551 0.16395 -0.0878275
1 19.3267 23.2094 1.61141 0.0352911 -0.457294 -0.888615
1 16.5471 34.3627 1.7574 -0.152633 -0.0765011 0.985318
1 21.8511 20.0057 1.60291 0.179692 0.693469 -0.697719
1 15.0447 9.78803 1.75795 0.158203 -0.408071 0.899138
1 6.71865 11.5827 1.6101 -0.308325 0.322357 -0.894998
1 17.8984 8.10556 1.75685 0.358965 0.104712 0.927459
1 28.1579 17.0193 1.60993 -0.351927 -0.161556 -0.92198
1 1.22689 24.0478 1.76017 -0.611531 -0.036163 0.790393
1 0.336613 32.1608 1.75279 0.53771 -0.666134 0.516849
1 0.351784 18.9395 1.75884 0.309808 -0.299964 0.902242
1 23.0884 7.40748 1.61387 -0.190428 0.39324 -0.8995
1 4.6811 33.8143 1.60991 -0.413516 0.256352 -0.873663
1 13.4551 11.6764 1.7428 -0.0626309 -0.71543 0.695872
1 16.4835 14.9548 1.75718 -0.384108 -0.137697 0.912963
1 14.1071 9.57951 1.75939 0.182891 -0.564065 0.805221
1 18.4465 24.9279 1.61068 0.355348 -0.284726 -0.890314
1 7.54088 1.54422 1.60793 -0.0834243 -0.00864208 -0.996477
1 2.01906 21.377 1.76038 -0.127786 0.0182854 0.991633
1 7.04821 13.4668 1.61 -0.167872 0.251871 -0.95309
1 0.976019 17.9889 1.76254 0.498206 -0.160736 0.85203
1 32.7033 12.7818 1.7577 -0.0213478 -0.24929 0.968193
1 8.49703 12.2303 1.60971 -0.280569 0.00169733 -0.959832
1 22.5216 13.7549 1.62193 0.566819 0.538549 -0.623443
1 7.89323 15.3325 1.60662 -0.00415387 0.165899 -0.986134
1 21.0099 22.7415 1.6007 -0.0782804 -0.754749 -0.651326
1 14.1274 21.8297 1.61299 -0.165876 0.320905 -0.932473
1 16.3064 23.2764 1.60726 0.0683601 0.00491824 -0.997649
1 21.4725 15.8492 1.76042 -0.171281 0.714752 0.678079
1 3.76845 7.09442 1.61214 0.388299 -0.48697 -0.782358
1 6.87446 33.4339 1.62159 -0.537973 -0.0367429 -0.842161
1 26.059 0.4141 1.75503 0.0376263 -0.125103 0.99143
1 6.76008 20.6671 1.61735 -0.54448 -0.723714 -0.424003
1 8.82246 31.4068 1.75016 -0.70454 0.227953 0.672057
1 23.4266 6.3054 1.61119 -0.327599 0.361282 -0.873014
1 24.2935 27.4798 1.76076 -0.000362365 -0.0542404 0.998528
1 1.0238 26.0452 1.6164 -0.342067 -0.536569 -0.771417
1 26.985 2.08572 1.75867 -0.307875 0.0428825 0.95046
1 1.81542 13.1411 1.75781 -0.141667 0.328636 0.933771
1 21.1073 30.1349 1.75244 0.36353 0.595934 0.716037
1 1.38624 22.3351 1.75876 -0.303917 -0.0566569 0.951012
1 9.75479 33.1661 1.62319 -0.63905 -0.211061 -0.739641
1 3.71535 1.9093 1.61748 0.122404 0.343706 -0.931066
1 14.8067 0.451597 1.76151 -0.235342 -0.326486 0.915435
1 30.8134 5.76397 1.62536 0.185891 0.565545 -0.803494
1 15.2777 20.086 1.61203 -0.449837 0.13957 -0.882138
1 1.52424 20.5334 1.76044 0.0230029 -0.0795085 0.996569
1 19.9784 33.1395 1.75623 0.000126849 0.404563 0.91451
1 33.4938 13.3765 1.75775 -0.141343 -0.12047 0.982603
1 8.12655 7.48815 1.61274 0.675728 0.255611 -0.691415
1 24.6096 21.0074 1.61217 0.331299 0.286302 -0.89904
1 33.344 3.67753 1.60745 -0.223851 0.101624 -0.969311
1 15.2825 23.0903 1.60751 0.0395682 0.162726 -0.985878
1 20.7765 4.94301 1.59638 0.0975648 0.90471 -0.414706
1 9.40435 27.1464 1.75718 0.0312402 0.267681 0.963001
1 11.1634 23.9229 1.75834 0.542629 0.512899 0.665199
1 27.8694 22.7151 1.6091 0.610042 -0.0344841 -0.791618
1 12.1315 26.3413 1.74535 0.173715 0.659797 0.731089
1 26.3389 2.91241 1.76274 -0.464536 -0.0445384 0.884433
1 18.1624 29.5563 1.75919 0.466091 0.143741 0.872982
1 34.0159 30.477 1.6104 0.447208 -0.210387 -0.869334
1 1.17509 0.508306 1.60918 0.110941 0.710745 -0.694647
1 6.94251 0.718527 1.60895 -0.199313 0.0274661 -0.979551
1 17.9242 13.9025 1.75995 -0.212823 0.0819333 0.97365
1 14.6028 23.8356 1.60818 0.159489 0.288339 -0.944152
1 13.9931 24.616 1.60898 0.282309 0.410173 -0.867214
1 7.49299 27.2253 1.76009 0.0203926 -0.0108205 0.999733
1 0.583682 4.48522 1.60746 -0.0833016 -0.123576 -0.988833
1 17.7077 14.8517 1.7612 -0.342522 0.051939 0.938073
1 2.16783 0.760759 1.61245 0.0340079 0.568779 -0.821787
1 24.7915 10.4996 1.60762 0.164029 0.153844 -0.974385
1 12.5988 3.49368 1.62454 -0.06732 -0.498293 -0.864391
1 20.8382 0.659149 1.74909 -0.270719 0.559805 0.783153
1 32.9094 26.8533 1.60667 -0.201248 -0.050982 -0.978213
1 3.87652 0.0267623 1.60875 -0.232292 0.367014 -0.900745
1 33.5973 6.64281 1.6086 0.352659 0.126215 -0.927201
1 17.5597 34.4178 1.75807 -0.136289 0.0604524 0.988823
1 1.13738 11.4906 1.75701 0.177677 0.2107 0.961268
1 10.7636 15.546 1.60722 0.00175976 -0.304476 -0.952518
1 11.4953 4.80154 1.60983 0.180336 -0.254238 -0.95018
1 34.253 4.21497 1.60491 -0.144298 -0.00431993 -0.989525
1 9.58055 12.0503 1.61079 -0.30315 -0.165842 -0.938401
1 23.8257 12.0371 1.76816 -0.368975 -0.301034 0.879338
1 8.08563 18.2254 1.61475 0.322031 0.200671 -0.925217
1 22.0657 24.2581 1.76124 0.577377 -0.426771 0.696062
1 31.2377 11.9029 1.75558 0.164433 -0.51058 0.843961
1 31.1252 25.949 1.60992 -0.344419 0.290227 -0.892829
1 25.1828 2.78468 1.76058 -0.395809 -0.179913 0.900537
1 26.5585 34.1436 1.75621 0.201602 -0.0946152 0.974887
1 30.1565 1.62552 1.74368 -0.197734 0.477402 0.856148
1 24.3105 0.250173 1.75662 0.158336 -0.352001 0.92251
1 14.7768 11.7599 1.75048 -0.0912199 -0.411358 0.906898
1 30.1693 0.0407951 1.76574 0.165058 0.282867 0.94485
1 14.5696 13.9285 1.75053 -0.280768 -0.504167 0.816692
1 10.2039 26.5873 1.75878 0.11325 0.38017 0.917957
1 17.9334 33.3525 1.75985 -0.0316076 0.11127 0.993287
1 31.7544 9.88761 1.75194 0.54684 -0.328284 0.770192
1 32.6015 5.20091 1.60937 0.0710286 0.265881 -0.961386
1 13.8469 2.29979 1.76713 -0.533747 -0.595739 0.600173
1 3.86166 28.1409 1.74755 -0.0874272 -0.519986 0.849689
1 2.66298 13.614 1.75895 -0.228231 0.480288 0.846897
1 31.8273 21.2456 1.60357 0.238688 -0.819576 -0.520887
1 11.1776 21.8113 1.59403 0.67971 -0.537931 -0.498623
1 28.1064 32.6021 1.75452 0.53888 -0.00464699 0.842369
1 20.6694 26.3504 1.59597 -0.209854 0.685632 -0.697044
1 21.5175 33.9757 1.74912 -0.215514 0.653039 0.726012
1 24.2965 28.4513 1.75955 -0.188858 -0.0500263 0.980729
1 10.6522 9.23128 1.62249 -0.741466 -0.261211 -0.618059
1 33.6113 20.3148 1.74996 0.00745789 -0.525973 0.850468
1 10.1799 30.8975 1.75359 -0.57956 0.442732 0.684177
1 8.09086 3.98256 1.60993 0.155584 0.156251 -0.975387
1 18.4397 6.23916 1.76504 0.578811 0.19023 0.792963
1 18.8984 30.3606 1.759 0.329081 0.235927 0.914355
1 20.9055 11.1357 1.73601 0.0282235 0.703137 0.710494
1 32.0709 0.252182 1.7618 0.13444 0.417962 0.898462
1 18.6153 31.4139 1.75981 0.191402 0.204288 0.960016
1 3.92112 17.0755 1.75827 0.56415 0.521779 0.639908
1 11.2247 25.1954 1.75126 0.339729 0.570609 0.747656
1 13.0385 5.64946 1.6119 0.207634 -0.49422 -0.844177
1 22.649 9.67111 1.61623 0.00538509 0.593948 -0.804485
1 1.86188 23.1884 1.75718 -0.450695 0.043266 0.891629
1 18.7553 3.54381 1.75759 -0.647309 0.198532 0.735918
1 22.3759 2.76968 1.74573 -0.0800001 -0.625906 0.775784
1 28.4043 6.67692 1.61715 -0.3842 -0.45444 -0.803663
1 24.3244 18.0735 1.60927 -0.179197 0.372542 -0.91055
1 11.4198 19.4236 1.60392 0.431529 -0.431619 -0.792142
1 25.7772 10.7347 1.60852 0.223804 -0.000530134 -0.974634
1 2.76508 12.4659 1.75307 -0.0279861 0.498959 0.866174
1 8.25578 10.3777 1.61246 -0.492863 0.053264 -0.868475
1 21.9476 32.6693 1.74579 -0.029353 0.737849 0.674328
1 30.0656 19.1966 1.61282 0.0164139 -0.478364 -0.878008
1 31.5961 31.2039 1.62224 0.579153 0.230312 -0.782009
1 18.4061 20.1507 1.6135 -0.51199 -0.3481 -0.785298
1 3.81314 23.5696 1.7532 -0.582327 0.367367 0.725215
1 8.63296 22.717 1.74244 0.7198 0.012129 0.694076
1 9.16407 30.3753 1.75889 -0.504329 0.280877 0.816554
1 26.4062 5.08486 1.61979 -0.625259 -0.113784 -0.772078
1 23.8933 13.9609 1.60546 0.668283 0.238643 -0.70459
1 16.9378 33.4488 1.75905 -0.0543847 -0.00942047 0.998476
1 9.26525 19.155 1.6134 0.412035 -0.0204686 -0.910938
1 29.5263 0.873132 1.76656 -0.0533368 0.332954 0.941433
1 30.1573 21.8646 1.61026 0.423967 -0.45178 -0.78495
1 4.32703 29.6688 1.76745 -0.296248 -0.470244 0.831329
1 16.992 2.65402 1.76259 -0.49586 -0.044614 0.867256
1 28.5017 3.34084 1.75329 -0.519113 0.301256 0.799854
1 27.763 34.0976 1.75927 0.198609 0.0222517 0.979826
1 14.1198 7.24452 1.65448 0.565607 -0.610896 0.55398
1 30.236 32.0642 1.7445 0.685666 0.309328 0.658922
1 11.2886 20.7183 1.78034 -0.55595 0.493142 0.669127
1 12.2992 33.1392 1.75371 -0.0942118 -0.66032 0.745051
1 3.23252 0.909686 1.60824 -0.0309763 0.43701 -0.898923
1 17.0005 7.38282 1.75574 0.449477 -0.0654468 0.890891
1 23.4777 29.008 1.75724 -0.295563 -0.204406 0.933199
1 10.179 29.7098 1.75125 -0.368743 0.447154 0.814912
1 6.5113 16.5486 1.61158 0.143103 0.422991 -0.894763
1 29.5392 29.9727 1.61947 0.33085 0.570755 -0.751517
1 34.5913 2.42828 1.60635 -0.523834 -0.180081 -0.832568
1 23.6158 30.0235 1.75671 -0.491606 -0.210358 0.845028
1 16.8287 29.0527 1.75616 0.52147 -0.0239401 0.852934
1 24.4493 6.2046 1.61025 -0.388848 0.183593 -0.902824
1 17.6629 24.3104 1.60796 0.233551 -0.182839 -0.954999
1 6.30698 12.7953 1.61166 -0.205121 0.377291 -0.903093
1 6.19176 1.33797 1.60983 -0.0840615 0.102868 -0.991137
1 28.1548 0.349635 1.76148 0.0293768 0.119314 0.992422
1 14.9436 25.799 1.60851 0.493357 0.232656 -0.838135
1 21.8811 27.65 1.75671 -0.061865 -0.501409 0.862996
1 11.4591 7.34447 1.60978 0.575234 -0.233001 -0.784102
1 22.5656 29.5053 1.75219 -0.366087 -0.382666 0.848261
1 27.2126 33.3086 1.75109 0.368038 -0.0613224 0.927786
1 24.7249 19.9566 1.61138 0.1359 0.295021 -0.945777
1 21.1704 20.7515 1.61257 0.355113 0.749763 -0.558345
1 4.68033 26.2792 1.7568 0.223791 -0.42197 0.878555
1 23.9254 25.8389 1.75907 0.30708 -0.136903 0.941785
1 21.3157 3.05728 1.74749 0.246102 -0.806989 0.536845
1 17.2379 11.4214 1.75963 0.0156631 -0.00341193 0.999872
1 19.7551 13.134 1.75597 -0.197642 0.380206 0.903538
1 0.832296 13.5256 1.75939 -0.198735 0.180011 0.96338
1 25.7282 3.71613 1.75846 -0.65037 -0.0925656 0.753957
1 27.4917 2.91241 1.76712 -0.499567 0.112894 0.858888
1 24.4969 22.001 1.6152 0.547933 0.22963 -0.804388
1 11.1647 6.40366 1.60978 0.42912 -0.190572 -0.882915
1 2.65252 7.58967 1.61168 0.535488 -0.262368 -0.802755
1 10.0898 12.961 1.60877 -0.197614 -0.224398 -0.95425
1 3.09989 8.44329 1.77207 -0.661744 0.344586 0.66585
1 17.2342 13.1577 1.7567 -0.158068 -0.0211482 0.987202
1 18.2905 32.3842 1.75872 0.0798742 0.160522 0.983795
1 4.43955 18.4372 1.75704 0.400243 0.438289 0.804803
1 17.8224 25.8156 1.61095 0.531348 -0.176229 -0.828621
1 22.5865 15.5166 1.75775 0.399025 -0.750669 0.52657
1 30.9708 10.8399 1.75406 0.369943 -0.542143 0.754469
1 16.658 24.1991 1.60917 0.218967 -0.0327238 -0.975183
1 7.17967 18.5977 1.61229 0.386613 0.369454 -0.845005
1 22.0655 12.4372 1.60765 0.291309 0.660696 -0.691823
1 8.85581 15.2969 1.60645 -0.00673352 0.00915671 -0.999935
1 4.22967 1.04261 1.60632 -0.0669098 0.316068 -0.946374
1 25.409 28.8636 1.75757 -0.240568 0.131458 0.961689
1 13.1448 10.0986 1.75268 0.0717541 -0.732679 0.676781
1 29.2505 10.2402 1.62273 0.283338 -0.563018 -0.776357
1 6.03579 24.4187 1.73995 0.490771 -0.286274 0.822916
1 1.93187 34.1653 1.60466 -0.20788 0.649111 -0.731739
1 26.6789 30.1006 1.74588 -0.479611 0.312715 0.819867
1 14.506 4.49519 1.60263 -0.184609 -0.72282 -0.665921
1 21.4627 14.2865 1.73613 0.119373 0.725911 0.67735
1 16.0261 7.94867 1.75556 0.407266 -0.269371 0.872682
1 28.0394 28.176 1.75308 -0.100838 0.634853 0.766025
1 17.3529 3.61624 1.75961 -0.654873 0.0163519 0.755562
1 32.6713 7.21828 1.61211 0.477502 0.252121 -0.841681
1 2.53851 23.9349 1.7666 -0.586152 0.155673 0.795105
1 5.42599 23.708 1.74192 0.659175 -0.317999 0.681443
1 29.8203 23.3977 1.61595 0.698366 -0.365698 -0.615264
1 31.9371 19.5043 1.61722 0.0677499 -0.796946 -0.60024
1 32.467 24.2643 1.61027 -0.638626 -0.0518949 -0.767766
1 11.1388 28.5876 1.74854 -0.23279 0.536778 0.810974
1 20.9716 32.9767 1.75333 -0.0233471 0.573952 0.818556
1 24.9443 1.81577 1.75466 -0.183835 -0.224275 0.957029
1 18.7634 12.315 1.75715 -0.0583192 0.241294 0.968698
1 12.587 21.7001 1.59923 -0.196521 0.613671 -0.764714
1 29.7808 16.3265 1.62892 -0.512325 -0.381868 -0.76922
1 1.04179 21.442 1.76065 -0.146127 -0.139842 0.979332
1 24.8328 17.0269 1.60994 -0.346833 0.313751 -0.883893
1 0.947515 6.42149 1.61025 0.267053 -0.0984869 -0.958636
1 27.0806 18.6107 1.60858 -0.0911195 -0.0257724 -0.995506
1 32.8664 31.4161 1.6173 0.612573 0.00910134 -0.790362
1 32.3471 15.9656 1.75393 -0.638285 -0.293477 0.711663
1 13.5235 21.0817 1.60703 -0.273804 0.433711 -0.858444
1 27.7508 15.525 1.6284 -0.589061 0.00724231 -0.808056
1 17.5745 31.5605 1.75933 0.166502 0.0695923 0.983582
1 11.6557 17.3785 1.60876 0.241012 -0.451922 -0.858883
1 30.0885 26.4072 1.61116 -0.24644 0.508942 -0.82477
1 34.0057 11.3689 1.75855 0.227517 -0.0632117 0.97172
1 4.62133 20.4671 1.75889 0.048962 0.418212 0.907029
1 21.5529 18.5995 1.6206 -0.133614 0.777786 -0.614163
1 6.61069 30.7626 1.74478 -0.582221 -0.0635579 0.810542
1 15.0056 24.8182 1.60874 0.319259 0.233594 -0.918427
1 8.91599 21.2098 1.60448 0.665592 -0.0936756 -0.740414
1 9.81291 15.4803 1.60716 0.00611634 -0.156283 -0.987693
1 16.828 10.51 1.76233 0.112387 -0.0753853 0.990801
1 9.29128 9.459 1.62543 -0.67881 -0.0785885 -0.730096
1 2.85037 27.915 1.75551 0.0129095 -0.670909 0.741428
1 22.3817 1.48999 1.75119 0.178628 -0.646313 0.74187
1 32.4856 4.21318 1.60551 -0.119923 0.252577 -0.960116
1 31.5102 24.8956 1.6088 -0.517443 0.177103 -0.83719
1 5.71967 32.8651 1.60853 -0.595259 0.0724687 -0.800259
1 1.82209 7.00425 1.61084 0.397543 -0.171374 -0.901438
1 23.2373 1.99586 1.74842 -0.0577975 -0.507341 0.859805
1 0.978295 7.69173 1.61781 0.57283 -0.047309 -0.818308
1 10.7222 1.47515 1.61717 -0.159628 -0.424575 -0.89121
1 29.3392 32.6931 1.75536 0.530122 0.176054 0.829443
1 1.92186 6.02311 1.60793 0.203483 -0.232406 -0.951095
1 5.68914 11.9344 1.61703 -0.246884 0.513002 -0.822118
1 5.18057 19.5037 1.75675 0.241738 0.529909 0.812871
1 0.932286 19.7283 1.75981 0.16497 -0.192563 0.967318
1 18.5686 23.8813 1.60685 0.160042 -0.328736 -0.930763
1 16.23 13.1183 1.75675 -0.177008 -0.182766 0.967091
1 33.0312 9.95877 1.75121 0.538001 -0.191108 0.820995
1 21.9844 22.0805 1.6346 0.590495 0.536049 -0.603297
1 26.5516 1.21831 1.76064 -0.127947 -0.054214 0.990298
1 6.65112 26.1767 1.75844 0.192389 -0.157998 0.968516
1 15.0336 2.59436 1.74858 -0.488963 -0.39178 0.779374
1 20.4868 30.8997 1.75407 0.249123 0.478622 0.841937
1 22.8769 5.3897 1.61239 -0.437822 0.447656 -0.77969
1 31.6893 12.8826 1.75608 -0.0305922 -0.41884 0.907545
1 16.8347 30.8032 1.76025 0.257122 -0.0208981 0.966153
1 0.726908 5.46849 1.60639 0.0969458 -0.110135 -0.989177
1 34.5164 19.9141 1.75474 0.111614 -0.368266 0.922996
1 17.891 28.5654 1.74358 0.659689 0.0998955 0.74487
1 26.7284 16.1816 1.62823 -0.513154 0.0734796 -0.855146
1 5.54088 3.50415 1.61073 0.0870115 0.524217 -0.847128
1 9.45731 14.4871 1.6059 -0.0736852 -0.11385 -0.990762
1 5.55748 20.6506 1.76461 0.00748775 0.577288 0.816506
1 24.4431 3.48108 1.76184 -0.491551 -0.284593 0.823034
1 27.4415 11.7365 1.61972 0.380986 -0.282998 -0.880206
1 21.6764 25.4016 1.75824 0.35395 -0.484234 0.800148
1 23.3468 3.18501 1.75707 -0.284071 -0.476337 0.83211
1 29.7418 18.1132 1.61135 -0.168324 -0.403838 -0.899212
1 7.95938 5.32607 1.60877 0.307516 0.304235 -0.901596
1 6.26214 29.6547 1.75678 -0.359649 -0.146489 0.921517
1 30.7947 27.067 1.61229 -0.169879 0.361753 -0.916666
1 6.15454 4.5101 1.6153 0.241172 0.465763 -0.851411
1 7.87536 34.1089 1.61251 -0.382284 -0.101421 -0.918462
1 24.801 22.9789 1.62807 0.764705 0.117137 -0.633645
1 17.2123 20.1205 1.61256 -0.492588 -0.169427 -0.853611
1 10.0766 18.3947 1.61142 0.310365 -0.150635 -0.938607
1 14.436 29.5229 1.75554 0.471659 -0.313164 0.824297
1 16.1954 11.2794 1.75899 0.0210904 -0.174028 0.984515
1 21.7948 26.5103 1.75914 0.147872 -0.496535 0.855328
1 19.8997 0.498381 1.76182 -0.238997 0.399278 0.885131
1 33.2712 15.3884 1.75755 -0.548884 -0.135302 0.824876
1 18.7771 18.3531 1.76099 -0.779785 0.164033 0.604176
1 23.8978 33.1687 1.76134 0.478372 -0.437419 0.761462
1 19.2503 2.53586 1.76098 -0.496049 0.311841 0.810365
1 17.0889 26.6685 1.60147 0.675785 -0.0446556 -0.735745
1 7.79185 11.3646 1.6104 -0.363858 0.124194 -0.923138
1 13.3823 33.462 1.75289 -0.117435 -0.502898 0.856331
1 25.3564 17.8839 1.60928 -0.211253 0.223307 -0.951581
1 24.1629 32.1952 1.58745 -0.666257 0.350774 -0.658072
1 16.09 6.70827 1.75188 0.534402 -0.226063 0.814439
1 31.6682 16.7674 1.61299 -0.471014 -0.638357 -0.608808
1 11.2803 31.3153 1.76545 0.32709 -0.743891 0.582785
1 1.78278 8.45818 1.62153 0.752323 -0.0955938 -0.651821
1 12.5967 23.3236 1.61126 0.0249765 0.619655 -0.784477
1 5.11891 15.1945 1.61012 -0.0509931 0.658269 -0.751053
1 7.1996 31.632 1.75061 -0.752369 0.0501389 0.656831
1 23.141 8.64689 1.60867 -0.0668622 0.41256 -0.908473
1 23.155 16.4251 1.62806 -0.441555 0.553737 -0.705978
1 7.27938 17.4867 1.61515 0.250585 0.341372 -0.90591
1 15.4995 1.3328 1.75416 -0.332292 -0.255537 0.9079
1 18.8179 19.2921 1.59692 -0.699612 -0.33457 -0.631353
1 33.5056 5.67219 1.60792 0.160337 0.1371 -0.977495
1 27.6351 12.6971 1.60568 0.517312 -0.343211 -0.783961
