1 18.3749 31.8447 1.75935 0.0986004 0.137409 0.985595
1 29.5658 22.5141 1.59629 0.634366 -0.38514 -0.670259
1 14.6066 8.87642 1.76168 0.386262 -0.49969 0.775314
1 28.3237 17.0766 1.61021 -0.22842 -0.185488 -0.955729
1 10.1145 25.8152 1.75595 0.317687 0.405023 0.85734
1 13.3516 14.0429 1.72931 -0.273251 -0.761816 0.587341
1 17.667 25.5378 1.61477 0.447457 -0.184374 -0.875093
1 24.0801 19.5318 1.61005 0.113003 0.318601 -0.941129
1 8.2695 0.17704 1.6084 -0.406747 -0.139002 -0.902904
1 31.8321 15.5437 1.74232 -0.496625 -0.491168 0.715624
1 17.7234 6.31171 1.75798 0.596614 -0.0444275 0.801298
1 32.2397 11.3322 1.75486 0.206729 -0.451253 0.868121
1 27.5337 33.6129 1.75917 0.298571 0.176833 0.937862
1 2.24996 9.04728 1.75158 0.547289 0.323508 0.771892
1 15.7722 25.0155 1.6099 0.347358 0.111473 -0.931083
1 28.008 20.0376 1.60849 0.212675 -0.158808 -0.964131
1 16.0428 30.1439 1.76189 0.343318 -0.155396 0.926275
1 23.0608 17.8242 1.61551 -0.166521 0.465119 -0.869445
1 22.0984 19.4482 1.61366 0.0847449 0.592611 -0.801019
1 17.4267 26.5206 1.61058 0.640141 -0.130136 -0.757155
1 19.8265 32.8611 1.75844 -0.0468699 0.370695 0.927571
1 12.8876 25.3972 1.62356 0.359736 0.619918 -0.697346
1 17.4903 0.956686 1.75888 -0.344946 0.0194927 0.93842
1 30.392 22.9702 1.77597 -0.720479 0.492056 0.488661
1 23.5587 33.7026 1.74793 0.438439 -0.498588 0.747784
1 29.677 7.56433 1.61492 -0.18624 -0.498284 -0.846775
1 11.204 20.092 1.60934 0.516526 -0.392812 -0.760854
1 8.76741 11.9332 1.60797 -0.364693 -0.0410807 -0.930221
1 11.5323 5.86422 1.60652 0.207411 -0.31048 -0.927676
1 18.2132 10.2488 1.75927 0.151679 0.202816 0.967398
1 6.2748 17.0076 1.60669 0.239399 0.436978 -0.867029
1 7.41219 28.7569 1.76159 -0.145475 0.0672196 0.987076
1 6.37902 1.2051 1.60853 -0.222949 0.157032 -0.962099
1 19.0848 21.6079 1.61197 -0.251078 -0.437445 -0.863482
1 12.9603 10.6976 1.74742 0.0704982 -0.777944 0.624367
1 26.2114 29.1896 1.75778 -0.331221 0.198904 0.92235
1 4.74977 9.03904 1.59322 0.961486 0.171265 -0.214971
1 14.5435 5.61373 1.61037 0.0044085 -0.716777 -0.697288
1 18.1864 33.7717 1.75471 -0.125155 0.139999 0.98221
1 11.0397 11.8406 1.61652 -0.351137 -0.477629 -0.80534
1 31.7408 12.3762 1.75697 0.0469885 -0.513907 0.856558
1 2.95758 21.9654 1.7535 -0.174544 0.172517 0.969419
1 15.3426 20.5764 1.60646 -0.398609 0.197737 -0.89555
1 17.5285 8.35127 1.76132 0.366511 -0.00235748 0.930411
1 13.8225 17.3607 1.63 -0.00565688 -0.753397 -0.657541
1 25.5229 24.0122 1.7582 0.633645 0.0692055 0.770522
1 13.9241 9.98819 1.76086 0.208597 -0.616902 0.758893
1 3.31884 9.66508 1.75729 0.381907 0.532035 0.755703
1 22.2865 12.363 1.61218 0.397815 0.593431 -0.699702
1 33.2957 7.50735 1.6072 0.574114 0.277243 -0.770409
1 22.1269 28.9424 1.75453 -0.336411 -0.520431 0.784843
1 3.6533 22.5793 1.73723 -0.311608 0.260923 0.913685
1 6.16741 33.8334 1.61075 -0.513463 0.117424 -0.85004
1 20.3492 23.4885 1.61159 0.0477931 -0.667199 -0.743344
1 30.6057 20.1704 1.59824 0.251279 -0.613298 -0.748815
1 4.00803 27.4076 1.75604 0.0511314 -0.399945 0.915112
1 32.3117 28.2573 1.60663 0.0572695 -0.0129254 -0.998275
1 22.7849 30.0444 1.75979 -0.542289 -0.403512 0.736954
1 19.2757 7.46982 1.75014 0.399483 0.335746 0.853046
1 31.7975 5.44852 1.60817 0.266348 0.519831 -0.811686
1 9.25234 3.75217 1.61051 -0.00805209 -0.0969992 -0.995252
1 26.111 30.1758 1.74877 -0.512429 0.200411 0.835016
1 14.095 13.4058 1.73853 -0.268298 -0.602869 0.751376
1 34.3575 13.045 1.76042 -0.0752792 -0.0552262 0.995632
1 31.8904 30.3788 1.61073 0.402223 0.167335 -0.90012
1 12.2506 28.3052 1.74835 -0.15633 0.723339 0.672563
1 22.1646 11.0565 1.61131 0.191454 0.632251 -0.750735
1 12.1619 30.3401 1.70459 0.412483 -0.693238 0.590998
1 15.2654 25.8833 1.61221 0.508446 0.185898 -0.840788
1 31.7637 27.4498 1.61023 -0.0708039 0.0912473 -0.993308
1 34.4832 6.20169 1.60885 0.34301 0.015695 -0.939201
1 12.7802 4.48748 1.61683 -0.0164138 -0.542617 -0.83982
1 5.61971 1.91494 1.60779 -0.10387 0.285553 -0.952717
1 16.6606 8.96861 1.75859 0.277705 -0.13564 0.951043
1 18.9012 30.982 1.75759 0.231111 0.215555 0.948748
1 28.2475 29.0159 1.76115 -0.250756 0.545435 0.799764
1 16.786 17.6565 1.75725 -0.706226 -0.11819 0.698051
1 26.1123 28.2153 1.75924 -0.139225 0.198919 0.970076
1 0.328393 12.2781 1.76066 0.0597506 0.0301526 0.997758
1 6.38666 29.2468 1.75884 -0.231108 -0.0567414 0.971272
1 24.5107 2.98256 1.74929 -0.223594 -0.124359 0.966716
1 29.9921 27.1086 1.61968 -0.0913736 0.522951 -0.847451
1 32.5763 29.2292 1.60576 0.215819 -0.020063 -0.976227
1 31.3919 8.19112 1.59599 -0.180449 -0.776841 -0.603288
1 18.8437 34.5945 1.75468 -0.277693 0.249509 0.927703
1 29.1904 6.53583 1.60754 -0.381877 -0.402702 -0.831866
1 9.57967 16.7472 1.61097 0.122474 -0.0860004 -0.988739
1 27.2331 10.8175 1.60965 0.305498 -0.147892 -0.940638
1 4.21063 10.6043 1.76771 0.213558 0.754773 0.620251
1 33.8399 15.7864 1.75575 -0.562106 -0.100725 0.820909
1 23.7998 9.65075 1.60948 0.0454413 0.370293 -0.927803
1 10.8439 6.63856 1.60954 0.34189 -0.208628 -0.916289
1 25.4203 14.1925 1.63066 0.801271 -0.109972 -0.588108
1 19.6253 26.4417 1.74861 -0.587034 0.459743 0.666354
1 19.8571 13.6644 1.75826 -0.011986 0.394796 0.918691
1 7.50215 7.00582 1.61978 0.459577 0.127662 -0.878915
1 22.0259 24.2826 1.76511 0.501688 -0.57577 0.645599
1 1.05753 22.4157 1.75849 -0.257934 -0.135388 0.95663
1 14.5089 27.9694 1.76414 0.699048 -0.378014 0.606991
1 27.2028 20.6499 1.60545 0.305104 -0.0550895 -0.950724
1 6.12984 32.8015 1.61597 -0.727125 0.0700239 -0.682925
1 27.976 27.8045 1.75941 -0.0272042 0.557326 0.829848
1 25.0804 17.9971 1.61018 -0.122893 0.225979 -0.966349
1 21.4808 13.0922 1.74383 0.212613 0.793061 0.570833
1 34.2881 11.5421 1.75951 0.188137 -0.0905295 0.977962
1 29.8088 9.15214 1.60712 0.0792834 -0.538316 -0.839005
1 5.06189 33.4697 1.60018 -0.538668 0.246089 -0.805777
1 25.7236 15.9437 1.61395 -0.445497 0.180051 -0.876991
1 27.2977 22.3842 1.61276 0.623176 0.0363572 -0.781236
1 31.2116 4.382 1.61 0.0669686 0.606721 -0.792089
1 22.4341 20.6445 1.61332 0.302457 0.531776 -0.791034
1 14.4463 10.9424 1.75826 0.0813554 -0.503005 0.860446
1 0.736127 7.73389 1.61153 0.697453 -0.0504473 -0.714852
1 18.9145 6.35731 1.75661 0.535393 0.201438 0.82023
1 14.2397 23.9477 1.60925 0.149023 0.348312 -0.925457
1 4.48208 16.9486 1.61272 0.377578 0.708022 -0.596774
1 9.31153 19.7641 1.6098 0.427916 -0.0156717 -0.903683
1 5.19736 15.0134 1.60536 0.0121127 0.601955 -0.798438
1 2.31275 26.6079 1.74903 0.167021 -0.617466 0.768661
1 18.0319 19.5766 1.61604 -0.641653 -0.185239 -0.744291
1 19.4628 27.8173 1.74667 0.735228 0.279435 0.617541
1 5.95038 26.4547 1.75702 0.209149 -0.16141 0.964471
1 14.934 12.9826 1.75421 -0.211328 -0.448295 0.868546
1 28.9112 13.5745 1.5925 -0.812351 0.0489403 -0.581111
1 24.414 27.9928 1.76112 -0.133201 -0.106204 0.985382
1 26.3307 18.5678 1.60823 -0.03034 0.0662744 -0.99734
1 18.824 32.6855 1.76123 -0.0185435 0.204956 0.978596
1 12.1129 12.3212 1.60828 -0.224557 -0.700599 -0.6773
1 22.8957 9.31251 1.61032 0.00636979 0.522552 -0.852583
1 24.0487 2.0336 1.76013 -0.0384416 -0.228184 0.972859
1 8.61028 27.3293 1.76262 0.0851674 0.183209 0.979378
1 7.31695 1.62203 1.60659 -0.175929 0.038012 -0.983669
1 20.1597 9.99581 1.73565 0.217421 0.594011 0.774519
1 17.974 4.13192 1.76662 -0.725341 0.238755 0.64566
1 6.34101 13.6343 1.60324 -0.121322 0.401147 -0.907944
1 1.44861 9.72104 1.75998 0.49103 0.184103 0.851467
1 8.87853 15.1979 1.60844 -0.0219842 0.0184624 -0.999588
1 32.109 26.3413 1.60905 -0.211976 0.00458804 -0.977264
1 31.4314 13.4551 1.75544 -0.138506 -0.555641 0.819805
1 8.88208 20.8096 1.61211 0.566321 0.0607957 -0.821939
1 15.3241 3.78 1.78173 -0.719938 -0.381999 0.579453
1 2.51386 3.62028 1.61548 -0.250793 -0.594538 -0.763955
1 21.9762 9.63715 1.61826 0.0193349 0.69639 -0.717403
1 27.6059 1.02157 1.76279 -0.0601163 0.245102 0.967632
1 14.4653 14.8519 1.73574 -0.426067 -0.569084 0.703285
1 9.55204 27.6744 1.76132 0.015491 0.32919 0.944137
1 10.4654 28.0102 1.76217 -0.0610185 0.460898 0.885353
1 23.56 8.3703 1.6115 -0.121069 0.439128 -0.89023
1 17.8737 15.9023 1.7587 -0.417936 0.0846241 0.904527
1 24.9227 24.9188 1.75542 0.449941 -0.044265 0.891961
1 30.8322 9.55552 1.61611 0.173581 -0.723209 -0.66846
1 6.07904 15.8496 1.61005 0.11208 0.460149 -0.880739
1 13.3274 20.3575 1.63158 -0.463249 0.541359 -0.701663
1 29.3328 0.0630194 1.7553 0.0352327 0.484409 0.874132
1 11.8586 17.9313 1.60972 0.220316 -0.467353 -0.856179
1 7.30176 0.652451 1.60713 -0.318776 0.00447911 -0.947819
1 11.5325 13.3091 1.61309 -0.19314 -0.495723 -0.846732
1 14.0944 12.0859 1.75467 -0.0834973 -0.597098 0.797811
1 25.2211 28.6752 1.75955 -0.244193 0.0367563 0.96903
1 11.5972 29.6252 1.73559 -0.384981 0.637301 0.667561
1 16.5838 6.78191 1.75659 0.556235 -0.271334 0.785481
1 9.42146 31.7933 1.74791 -0.697193 0.289354 0.655893
1 6.17069 8.50238 1.6183 0.765641 0.221429 -0.603956
1 30.9288 14.3882 1.74494 -0.338701 -0.625556 0.702824
1 24.7607 9.63166 1.60904 0.0760299 0.213144 -0.974058
1 28.8402 2.38628 1.74945 -0.329778 0.517825 0.789369
1 6.12617 19.1684 1.59948 0.420609 0.640931 -0.642102
1 4.98172 12.4975 1.61124 -0.253834 0.697454 -0.670169
1 31.2107 11.4275 1.75198 0.214497 -0.653139 0.726223
1 16.1552 14.8197 1.75981 -0.339445 -0.200829 0.918937
1 29.5947 21.4655 1.61786 0.466716 -0.389699 -0.793921
1 6.2698 0.205164 1.60866 -0.362581 0.141952 -0.921078
1 25.3637 8.84545 1.60864 -0.030713 0.129825 -0.991061
1 8.91212 14.169 1.60735 -0.132731 0.00751431 -0.991124
1 12.3516 18.9157 1.6418 0.352997 -0.541171 -0.763235
1 14.1763 29.1568 1.75477 0.491686 -0.437321 0.752991
1 1.86235 7.20668 1.61734 0.485577 -0.28874 -0.825133
1 12.9049 6.80386 1.60544 0.33686 -0.532254 -0.776679
1 24.889 5.56024 1.60689 -0.570692 0.192421 -0.798301
1 4.19668 19.5341 1.75496 0.27795 0.407317 0.869964
1 5.42865 3.83528 1.61304 0.0955571 0.368073 -0.924873
1 22.9816 10.4616 1.61095 0.163607 0.472953 -0.865765
1 29.8719 24.4211 1.64057 -0.495379 0.45199 -0.741825
1 25.0319 30.7246 1.75235 -0.635225 0.0390184 0.771341
1 9.10702 29.7989 1.76051 -0.345564 0.303969 0.8878
1 8.76329 18.8393 1.61088 0.325581 0.050333 -0.944173
1 15.0782 30.6678 1.75744 0.254951 -0.288403 0.922943
1 2.63916 23.0364 1.75096 -0.377521 0.117085 0.918569
1 10.0701 9.05579 1.61464 -0.802847 -0.103808 -0.587078
1 7.78725 13.265 1.61303 -0.15095 0.128543 -0.980148
1 34.1744 28.2135 1.6117 0.058498 -0.383764 -0.921576
1 25.1489 29.6807 1.75577 -0.438724 0.0294213 0.89814
1 20.7843 27.2336 1.58819 0.0253139 0.74189 -0.670044
1 9.03145 25.5564 1.7587 0.353699 0.229363 0.906802
1 27.8707 9.99569 1.60931 0.196098 -0.23422 -0.952201
1 21.5792 27.8318 1.76096 -0.10971 -0.595578 0.795771
1 26.7997 13.5079 1.71029 0.714947 -0.316862 -0.623257
1 22.1309 1.79386 1.69638 0.193533 -0.497025 0.845879
1 16.8508 24.8642 1.61056 0.326466 -0.0602628 -0.943286
1 18.9459 11.0893 1.75735 0.0731962 0.331978 0.940443
1 18.5894 23.7558 1.61143 0.107614 -0.365025 -0.924757
1 9.56674 1.90946 1.60839 -0.224503 -0.160667 -0.961137
1 34.0968 4.53407 1.60727 0.0557808 0.0544888 -0.996955
1 6.57197 2.23388 1.60571 -0.0858259 0.145259 -0.985664
1 0.830156 5.83867 1.60782 0.266439 -0.174503 -0.947923
1 2.92409 25.548 1.76297 0.407169 -0.476581 0.779156
1 10.1849 0.982642 1.6161 -0.304874 -0.325919 -0.89489
1 25.0127 10.5551 1.61083 0.219717 0.148947 -0.964126
1 2.16494 24.1101 1.7642 -0.58271 0.0682698 0.809808
1 25.3513 11.4493 1.60936 0.363341 0.0898982 -0.927309
1 10.5837 12.805 1.6136 -0.257363 -0.329774 -0.908303
1 31.3727 25.6285 1.60889 -0.316593 0.153439 -0.936069
1 34.337 20.2791 1.75759 0.125681 -0.344363 0.930386
1 5.14302 10.2911 1.78559 0.243669 -0.743041 0.62331
1 32.7189 12.2923 1.75674 0.0446274 -0.344788 0.937619
1 31.155 26.7149 1.61174 -0.172957 0.218529 -0.960381
1 17.2097 15.0928 1.75845 -0.327866 -0.0234596 0.944433
1 29.2145 17.6034 1.60938 -0.147752 -0.332852 -0.931332
1 16.4045 0.855299 1.76403 -0.329672 -0.144614 0.932954
1 24.2645 29.0393 1.75813 -0.338237 -0.130482 0.931971
1 13.3926 31.3097 1.74975 0.165555 -0.493468 0.853862
1 3.13096 14.6104 1.75553 -0.328966 0.539517 0.77505
1 33.2886 11.3744 1.75961 0.20788 -0.265545 0.94142
1 25.846 6.15639 1.61575 -0.464556 0.0576895 -0.883663
1 29.6091 20.4059 1.60678 0.28614 -0.41674 -0.862816
1 26.9859 19.6588 1.60746 0.143802 -0.0356125 -0.988965
1 21.0099 31.0641 1.75719 0.199748 0.52921 0.824644
1 8.41762 33.8255 1.61243 -0.561498 -0.195318 -0.804096
1 4.4351 20.6415 1.75751 0.0519319 0.42111 0.905522
1 30.3937 11.0316 1.60168 0.434533 -0.680294 -0.590238
1 9.74242 13.6058 1.6078 -0.174155 -0.151703 -0.972963
1 15.0887 33.7308 1.75927 -0.128666 -0.243713 0.961275
1 23.5029 28.2935 1.75853 -0.208516 -0.262669 0.942086
1 8.79038 22.6098 1.77191 -0.852111 -0.0103652 0.523258
1 32.5082 2.51052 1.60843 -0.243203 0.334072 -0.910631
1 26.407 15.0422 1.6213 -0.593522 0.121154 -0.795646
1 8.02197 5.28552 1.60913 0.172006 0.0869401 -0.981252
1 6.72592 3.85063 1.60888 0.0652956 0.218155 -0.973727
1 2.64938 31.9918 1.76897 0.569371 -0.0525921 0.820397
1 25.0893 2.15025 1.75748 -0.13015 -0.0616832 0.989574
1 15.9396 13.7025 1.76411 -0.262098 -0.266657 0.927469
1 7.9051 25.4883 1.75922 0.370622 0.0495123 0.927463
1 21.0054 9.553 1.75341 0.177407 0.783449 0.595595
1 3.04817 33.6886 1.61011 -0.449299 0.62058 -0.642659
1 23.9925 10.7077 1.60782 0.212255 0.305012 -0.928394
1 8.2443 1.27829 1.60976 -0.224877 -0.106381 -0.968563
1 26.3284 16.699 1.60971 -0.302656 0.0912321 -0.948723
1 8.39822 21.716 1.60157 0.713916 0.130417 -0.687979
1 0.464574 15.8196 1.75783 -0.582896 0.0506504 0.810967
1 15.314 22.2596 1.60882 -0.130477 0.181006 -0.974789
1 15.1085 29.6261 1.75518 0.425817 -0.293661 0.855829
1 19.4785 24.1357 1.61249 0.157428 -0.511169 -0.84494
1 15.8323 12.6741 1.75899 -0.151084 -0.278838 0.948379
1 7.09839 31.1248 1.7517 -0.587924 0.0435842 0.807741
1 22.5551 27.9455 1.76034 -0.145374 -0.433519 0.889341
1 13.4766 1.15459 1.75708 -0.459423 -0.47434 0.750954
1 20.6959 34.4411 1.72004 -0.319954 0.507197 0.800238
1 28.7468 25.1023 1.58552 -0.0545256 0.850281 -0.523498
1 24.4274 32.7646 1.76148 0.608036 -0.293272 0.737756
1 8.98699 5.67057 1.60873 0.210707 -0.0287323 -0.977127
1 32.7998 24.344 1.61273 -0.569389 -0.163131 -0.80572
1 23.4976 21.0699 1.60647 0.376197 0.37304 -0.848126
1 5.58524 17.6775 1.62709 0.321661 0.555461 -0.76681
1 27.1574 17.7336 1.60993 -0.141002 -0.0348829 -0.989395
1 34.3364 7.15386 1.60911 0.514018 0.0758482 -0.854419
1 33.796 14.8317 1.75332 -0.387485 -0.12837 0.912895
1 6.09889 10.0982 1.61271 -0.451023 0.534772 -0.714561
1 26.7258 0.623415 1.75978 0.0403862 0.091793 0.994959
1 25.7753 22.1545 1.61851 0.577921 0.110923 -0.808519
1 22.8163 2.45861 1.74364 0.015241 -0.384069 0.923179
1 10.981 24.0199 1.76402 0.611048 0.542116 0.576828
1 28.0913 16.0809 1.60956 -0.399014 -0.135776 -0.906837
1 1.31086 28.9013 1.60895 0.0132278 -0.748304 -0.663224
1 18.4888 29.3128 1.74952 0.495208 0.153652 0.855079
1 13.8435 15.5456 1.77726 -0.500231 -0.682062 0.533442
1 13.1101 16.1167 1.60079 -0.0664937 -0.69681 -0.714167
1 8.33011 23.5728 1.75947 0.661978 -0.0145015 0.749383
1 3.68956 1.43044 1.60696 -0.0782522 0.592981 -0.801405
1 17.1046 30.2591 1.75678 0.336634 -0.0238589 0.941333
1 9.78016 21.5956 1.60495 0.680108 -0.107854 -0.725135
1 17.4265 22.1866 1.60785 -0.141928 -0.160289 -0.976813
1 12.2936 26.8616 1.74524 0.136626 0.740896 0.657576
1 5.65702 22.1812 1.76227 -0.307407 0.546479 0.779013
1 3.43868 30.7805 1.75524 -0.503544 -0.484818 0.715119
1 8.28604 3.4228 1.60815 -0.0140795 0.0135069 -0.99981
1 2.0195 22.2723 1.75774 -0.227028 0.0188012 0.973707
1 10.5507 29.7749 1.72167 -0.351817 0.475784 0.806135
1 27.4188 9.11563 1.6064 0.0480065 -0.159882 -0.985968
1 6.07075 31.8642 1.75626 -0.766067 -0.0522438 0.640634
1 0.045161 3.78907 1.60828 -0.0653638 -0.0689628 -0.995476
1 27.6335 14.1866 1.69444 -0.678235 0.175851 -0.713495
1 26.0756 17.6401 1.61214 -0.16536 0.103081 -0.980831
1 25.2729 16.9621 1.60991 -0.284946 0.225165 -0.931722
1 1.75409 6.15843 1.61249 0.286109 -0.342758 -0.894795
1 10.3378 19.4408 1.60867 0.402587 -0.205182 -0.89209
1 7.07187 5.00908 1.61358 0.159181 0.212658 -0.964074
1 13.7153 21.3274 1.61298 -0.295882 0.443898 -0.845818
1 5.2976 25.7291 1.7538 0.349121 -0.222705 0.910229
1 34.4389 32.2648 1.60931 0.577515 -0.263214 -0.772784
1 32.7299 27.2444 1.60762 -0.0915484 -0.115421 -0.989089
1 31.0221 17.4908 1.60201 -0.184612 -0.658078 -0.729967
1 34.0246 0.696412 1.61708 -0.515456 0.045832 -0.85569
1 14.6472 24.9638 1.60829 0.33224 0.284084 -0.899396
1 24.0507 30.0146 1.75597 -0.530334 -0.159279 0.832692
1 13.317 23.4933 1.60917 0.0702562 0.483273 -0.872646
1 22.7166 22.7464 1.74085 -0.75152 -0.261983 0.605461
1 26.61 7.39101 1.60938 -0.236403 -0.0474711 -0.970495
1 16.8226 0.0146718 1.75666 -0.233123 -0.0655495 0.970236
1 19.111 33.5953 1.756 -0.137574 0.269665 0.953076
1 2.73303 5.96943 1.62447 0.0939069 -0.527704 -0.844221
1 4.49501 26.4823 1.75734 0.226075 -0.319631 0.920177
1 12.283 0.295438 1.76305 -0.429868 -0.603086 0.671938
1 20.9684 2.96591 1.7511 0.194014 -0.675547 0.711333
1 9.45371 26.6044 1.75985 0.188662 0.30376 0.933882
1 27.3549 16.7747 1.61022 -0.278164 -0.0443694 -0.959508
1 25.6766 33.9543 1.75618 0.302419 -0.123014 0.945204
1 27.6143 7.29196 1.60961 -0.241245 -0.181485 -0.953344
1 3.14667 12.3174 1.75167 0.0278886 0.556947 0.830079
1 22.0192 18.1559 1.61772 -0.139137 0.627513 -0.766073
1 17.491 20.4039 1.61163 -0.454656 -0.162616 -0.875696
1 33.8431 34.318 1.60114 -0.684185 0.0950891 -0.723083
1 16.2171 24.0666 1.60709 0.174603 0.0340036 -0.984052
1 14.0372 25.7685 1.61296 0.456556 0.394432 -0.797483
1 11.346 19.0054 1.60633 0.358453 -0.375861 -0.854541
1 19.8076 14.8484 1.76191 -0.17478 0.420137 0.89047
1 20.5119 25.1319 1.78009 -0.326123 0.719553 0.613097
1 19.5938 0.54613 1.75395 -0.397003 0.384771 0.833271
1 1.72602 13.5104 1.75688 -0.141549 0.292079 0.945861
1 0.568322 26.0269 1.61207 -0.299738 -0.576088 -0.760447
1 24.8779 0.102011 1.75518 0.218197 -0.222721 0.95015
1 19.1341 1.95935 1.7564 -0.486616 0.31894 0.813316
1 32.6056 34.0245 1.58865 -0.67364 0.381174 -0.633179
1 22.264 21.7279 1.60976 0.527677 0.480499 -0.700484
1 2.95207 7.22121 1.61399 0.277489 -0.535166 -0.79787
1 15.7018 8.69611 1.75765 0.300109 -0.32079 0.898348
1 1.58347 30.3645 1.59685 0.196926 -0.756104 -0.624121
1 22.8587 0.343996 1.76045 0.318042 -0.582749 0.747832
1 23.1917 11.5965 1.61089 0.330525 0.431483 -0.83939
1 23.7329 30.9313 1.7387 -0.704543 -0.155138 0.692497
1 13.1995 28.7696 1.75568 0.488563 -0.627693 0.606059
1 6.25514 25.0902 1.75553 0.413443 -0.142814 0.89926
1 17.7499 13.5636 1.76088 -0.151089 0.0592381 0.986744
1 8.02102 14.634 1.612 -0.0758831 0.144987 -0.986519
1 1.4802 15.301 1.75744 -0.453608 0.2098 0.866155
1 8.55335 31.1155 1.76037 -0.594628 0.151814 0.789538
1 2.35358 4.79733 1.642 -0.0332354 -0.490888 -0.870588
1 21.8115 14.7595 1.75676 -0.0199626 0.752973 0.657748
1 29.1836 18.6486 1.60874 0.0136217 -0.335543 -0.941927
1 18.991 14.198 1.76045 -0.13665 0.261574 0.955461
1 9.94225 7.22004 1.61373 0.496055 -0.0926389 -0.863335
1 19.322 12.2639 1.76067 -0.00779531 0.367397 0.930032
1 25.8752 1.38716 1.75459 -0.0495791 0.0182893 0.998603
1 0.562404 10.3949 1.75518 0.38784 0.0349239 0.921065
1 9.56977 8.15698 1.62189 0.719583 -0.11478 -0.684855
1 22.5456 32.2346 1.75885 -0.10441 0.699119 0.707341
1 14.6201 32.7889 1.76263 -0.0267132 -0.32443 0.945532
1 4.3096 0.466079 1.60872 -0.244139 0.447182 -0.860479
1 14.7995 1.78354 1.75224 -0.504862 -0.397023 0.766477
1 20.8874 11.094 1.74158 0.0179732 0.701758 0.712188
1 16.0839 26.6943 1.61642 0.669117 0.0452098 -0.741781
1 12.8617 17.675 1.61663 0.15701 -0.636034 -0.755519
1 19.9098 11.1975 1.74988 0.0766408 0.511752 0.855708
1 9.64096 23.6965 1.75631 0.644276 0.256151 0.720621
1 22.6328 3.73428 1.75748 -0.188731 -0.431563 0.882119
1 7.76927 12.1999 1.60763 -0.281302 0.11043 -0.953244
1 6.11068 5.73206 1.6114 0.291314 0.360814 -0.885974
1 14.6244 4.2495 1.59469 -0.301547 -0.753615 -0.584066
1 25.9432 8.08156 1.60868 -0.134865 0.0453915 -0.989824
1 22.3897 16.74 1.62168 -0.347033 0.640345 -0.68522
1 23.6264 4.0576 1.76238 -0.342189 -0.263012 0.902071
1 10.6004 2.17708 1.61494 -0.233659 -0.312495 -0.920734
1 5.60339 30.9328 1.75414 -0.57645 -0.106732 0.810132
1 19.6428 5.48851 1.75477 0.602929 0.333838 0.724589
1 34.5762 16.6665 1.63537 -0.785783 -0.0242572 0.618026
1 19.7796 18.4955 1.74649 -0.705977 0.348007 0.616837
1 26.3984 8.98256 1.60755 0.0114034 -0.0150559 -0.999822
1 12.5979 3.19673 1.61914 -0.204516 -0.595198 -0.777118
1 25.7608 9.77366 1.60794 0.119486 0.0649845 -0.990707
1 2.45497 29.7642 1.76713 -0.30749 -0.726066 0.615043
1 10.687 15.2435 1.60993 -0.0523785 -0.272364 -0.960768
1 14.2658 19.2815 1.6021 -0.618152 0.391699 -0.681513
1 7.26489 9.56538 1.63069 -0.622316 0.303053 -0.721721
1 7.31887 3.02976 1.60801 -0.0313137 0.119187 -0.992378
1 29.6148 25.6985 1.63501 -0.251396 0.569258 -0.782781
1 31.0963 6.03218 1.65549 0.416414 0.647549 -0.638184
1 16.9149 14.1036 1.76068 -0.223552 -0.0791617 0.971472
1 26.1041 10.7001 1.60877 0.26669 0.00110491 -0.963782
1 28.9751 32.1348 1.75412 0.444653 0.429243 0.786152
1 17.1772 23.892 1.60655 0.151107 -0.121814 -0.980983
1 33.403 13.3202 1.75728 -0.125407 -0.214604 0.968617
1 25.3097 27.6338 1.76041 -0.0439079 0.0556468 0.997485
1 29.0952 8.39695 1.61208 -0.047889 -0.409594 -0.91101
1 27.7395 21.472 1.60505 0.462436 -0.0984301 -0.881172
1 17.3566 29.3124 1.75252 0.483593 -0.00520725 0.875277
1 27.5643 4.81165 1.59824 -0.742347 -0.0502703 -0.668127
1 28.3915 9.10763 1.61058 0.0677525 -0.304915 -0.949967
1 14.182 22.4358 1.60425 -0.0968301 0.363379 -0.926596
1 29.0738 26.9332 1.61932 -0.0109081 0.736631 -0.676207
1 24.9778 1.14778 1.75044 0.039444 -0.117793 0.992254
1 1.43725 16.4158 1.74435 -0.709453 0.177906 0.681929
1 5.72393 27.9224 1.75994 -0.0207815 -0.164882 0.986094
1 27.1864 3.98764 1.77341 -0.690622 0.280324 0.666678
1 7.11348 6.03704 1.61283 0.298999 0.211874 -0.930435
1 30.6284 12.7446 1.7404 0.0272029 -0.71068 0.70299
1 30.6148 25.0002 1.60885 -0.412025 0.317684 -0.853998
1 28.1021 6.46355 1.61168 -0.402162 -0.219823 -0.888788
1 27.0784 25.5914 1.75113 0.350802 0.433522 0.830058
1 32.3589 6.54246 1.60893 0.436896 0.414681 -0.798224
1 8.44626 26.351 1.76124 0.232399 0.144298 0.961857
1 13.1636 12.3845 1.73959 -0.0950495 -0.759165 0.643921
1 24.6148 12.6791 1.61462 0.535402 0.164346 -0.828454
1 32.1338 21.5834 1.76196 -0.0459811 -0.737464 0.67382
1 32.7628 9.2177 1.75112 0.560336 -0.372207 0.739923
1 22.9714 6.98337 1.60478 -0.320111 0.499862 -0.804778
1 24.3045 13.5964 1.60508 0.680766 0.164425 -0.713809
1 16.1734 16.7304 1.75074 -0.547017 -0.214314 0.809223
1 16.2162 29.1652 1.74963 0.489395 -0.147278 0.859536
1 0.812491 6.78395 1.60649 0.469913 -0.127992 -0.873384
1 7.28405 29.7079 1.75834 -0.298065 0.0680137 0.952119
1 1.28165 0.396224 1.77459 0.520916 0.66205 0.538828
1 30.0655 16.0162 1.62002 -0.419053 -0.457944 -0.784016
1 6.62577 28.227 1.75974 -0.0693796 -0.0454908 0.996553
1 5.21443 19.94 1.75228 0.185629 0.570812 0.799822
1 25.4693 3.226 1.75044 -0.356051 0.0343122 0.933836
1 2.16715 18.5531 1.75785 0.436432 0.0636988 0.89748
1 19.3826 19.716 1.60795 -0.63245 -0.389577 -0.669505
1 4.73657 28.1462 1.75814 -0.07009 -0.301841 0.950778
1 28.5357 5.57883 1.61157 -0.560516 -0.26632 -0.784152
1 19.3088 30.0776 1.75839 0.36735 0.279339 0.887144
1 34.0589 8.72553 1.74771 0.699496 -0.121962 0.704152
1 14.8553 23.1684 1.60949 0.0206714 0.249025 -0.968276
1 1.08298 27.2553 1.61136 -0.0841242 -0.708902 -0.700272
1 30.5478 29.0229 1.61174 0.151851 0.349103 -0.924699
1 3.2868 3.0582 1.68963 0.357417 0.708527 -0.608476
1 11.286 33.8277 1.74216 -0.257978 -0.77666 0.574671
1 30.4816 8.29962 1.61503 -0.068343 -0.64607 -0.760213
1 30.1507 18.2069 1.61191 -0.050014 -0.492892 -0.868652
1 4.16925 32.2955 1.75427 0.787408 0.244175 0.56601
1 34.5561 29.3625 1.61822 0.199719 -0.402841 -0.893214
1 4.53334 29.3106 1.75833 -0.265875 -0.315842 0.910799
1 0.414379 21.0044 1.75894 -0.0073909 -0.236114 0.971697
1 1.62962 2.7942 1.61094 -0.24525 -0.381179 -0.891378
1 2.20202 12.5358 1.7568 0.013999 0.373601 0.927484
1 23.5589 3.05522 1.75788 -0.153124 -0.283884 0.946553
1 18.3199 5.39823 1.75725 0.708169 0.0357731 0.705136
1 16.4829 18.5328 1.68564 -0.849934 -0.135559 0.509152
1 11.0785 4.42596 1.61418 0.0207624 -0.312018 -0.949849
1 31.3556 31.2273 1.61844 0.538442 0.300042 -0.787436
1 26.6379 34.2779 1.75893 0.210366 0.0433825 0.97666
1 26.5182 11.5919 1.61005 0.414558 -0.0626664 -0.907863
1 24.8825 7.80724 1.60685 -0.194783 0.199403 -0.960364
1 27.172 26.7829 1.75328 0.148411 0.451509 0.879837
1 26.7936 24.2719 1.74666 0.583687 0.325834 0.743735
1 19.8923 34.0333 1.74811 -0.222414 0.39565 0.891063
1 32.23 4.53456 1.60782 0.0965734 0.406025 -0.908745
1 8.26196 19.9077 1.60896 0.415013 0.186096 -0.89058
1 0.159267 21.9892 1.7588 -0.183321 -0.280047 0.94232
1 15.3377 17.5753 1.74793 -0.662672 -0.352729 0.660642
1 3.45693 23.6281 1.75356 -0.529231 0.233482 0.815721
1 17.5917 9.34241 1.75962 0.238295 0.0624457 0.969183
1 13.2869 9.19557 1.73901 0.380903 -0.68466 0.621413
1 13.4263 18.7276 1.6192 0.365655 -0.700486 -0.612875
1 7.69672 18.7887 1.61333 0.328329 0.22229 -0.918034
1 17.0448 28.3609 1.75005 0.65684 -0.0681349 0.750945
1 33.1186 26.2931 1.60713 -0.246747 -0.199998 -0.948218
1 8.13414 6.25297 1.61103 0.304879 0.0821759 -0.948839
1 23.1315 1.4187 1.7584 0.165181 -0.35582 0.919841
1 34.3307 14.0139 1.75989 -0.247222 -0.0522312 0.96755
1 2.48997 10.2357 1.75672 0.35369 0.382743 0.85347
1 8.45257 24.5888 1.75562 0.50106 0.125877 0.856209
1 9.94784 6.10677 1.60933 0.269142 -0.127887 -0.954572
1 24.3468 20.5874 1.61538 0.29008 0.29075 -0.911766
1 32.4699 20.1647 1.75323 0.171449 -0.667437 0.72466
1 5.44977 29.9027 1.75747 -0.367636 -0.16488 0.915237
1 11.433 16.0011 1.60803 0.00928613 -0.387579 -0.92179
1 27.2529 28.7708 1.75425 -0.24381 0.373881 0.894857
1 15.2342 24.125 1.60751 0.181201 0.189128 -0.965089
1 26.0903 24.9622 1.7553 0.454327 0.200943 0.867876
1 26.2682 31.9633 1.75261 0.689418 -0.0286636 0.723796
1 17.3995 16.8121 1.75785 -0.562302 -0.0121835 0.826842
1 7.47258 26.6505 1.75997 0.174605 0.0247895 0.984326
1 15.0554 11.8564 1.75748 -0.0568585 -0.412998 0.908955
1 8.52656 7.54699 1.62571 0.571356 -0.00182646 -0.8207
1 21.3695 29.9482 1.73549 0.370448 0.605109 0.704707
1 3.91502 7.51753 1.60274 0.28916 -0.689269 -0.6643
1 7.78252 8.41697 1.63204 0.791267 -0.0450904 -0.609807
1 0.714494 18.3777 1.7533 0.484033 -0.149149 0.862245
1 14.3657 31.4937 1.75524 0.131524 -0.359656 0.923769
1 34.4553 2.82804 1.60806 -0.22591 -0.047622 -0.972983
1 9.9892 29.0242 1.76402 -0.222914 0.409456 0.884678
1 19.9809 30.9947 1.75789 0.225434 0.374494 0.899407
1 24.2672 24.1999 1.75381 0.572498 -0.180295 0.799838
1 33.7432 9.68665 1.7592 0.509255 -0.184934 0.840511
1 32.3137 25.2652 1.60961 -0.370629 -0.0623121 -0.926688
1 6.15123 14.7272 1.60436 -0.0114294 0.434216 -0.900736
1 25.8026 4.14982 1.76086 -0.579307 0.0936757 0.809709
1 5.2696 5.00617 1.61663 0.208555 0.543586 -0.813031
1 6.65028 18.2576 1.61448 0.374007 0.406596 -0.833545
1 6.79008 11.7471 1.60885 -0.337825 0.285642 -0.896818
1 25.1508 20.0396 1.61119 0.194133 0.199141 -0.96055
1 27.0697 8.22045 1.60673 -0.0952972 -0.100453 -0.990367
1 16.8129 12.9554 1.76194 -0.130682 -0.112235 0.985051
1 2.91909 28.7373 1.76015 -0.181957 -0.575701 0.797157
1 26.8832 30.8398 1.75945 -0.700985 0.258095 0.664836
1 33.4367 6.45429 1.6143 0.388483 0.219522 -0.894925
1 1.51572 24.9227 1.63438 0.707334 0.0602543 -0.704307
1 0.1987 31.1368 1.60775 0.401849 -0.39467 -0.826289
1 33.0946 21.6898 1.75962 -0.142362 -0.569927 0.809269
1 9.21525 17.7262 1.60894 0.205447 -0.0147368 -0.978557
1 0.946996 8.70292 1.73776 0.722476 0.0826364 0.68644
1 18.5481 1.06211 1.75616 -0.379787 0.187943 0.905781
1 26.7968 9.91955 1.60777 0.160537 -0.0798509 -0.983795
1 12.4307 33.7247 1.75821 -0.175333 -0.616802 0.767342
1 8.96994 10.9667 1.60688 -0.502007 -0.078041 -0.861335
1 33.4832 2.60041 1.60688 -0.243696 0.144934 -0.958961
1 17.7855 27.4988 1.70749 0.816923 0.0267758 0.576125
1 18.6666 24.9826 1.61087 0.315935 -0.377297 -0.870535
1 7.20262 19.7551 1.61111 0.376563 0.391051 -0.839809
1 0.399978 1.16852 1.60394 -0.481169 -0.195071 -0.854648
1 33.7295 27.1889 1.60942 -0.103774 -0.320952 -0.941393
1 27.3227 18.7051 1.60755 0.00683178 -0.0672653 -0.997712
1 10.735 10.0132 1.60308 -0.649973 -0.29644 -0.699756
1 20.0049 6.83213 1.75779 0.430209 0.47328 0.768718
1 21.7857 8.11794 1.60243 -0.135872 0.771826 -0.621146
1 20.5862 28.802 1.75819 0.572954 0.498681 0.650416
1 24.8184 22.7447 1.6086 0.697522 0.218142 -0.682551
1 4.08235 12.049 1.75643 0.00540907 0.729615 0.683836
1 34.0881 10.5908 1.75879 0.354907 -0.141227 0.924173
1 4.74009 18.7445 1.76292 0.419963 0.536629 0.731888
1 22.0462 6.65142 1.60295 -0.360047 0.649088 -0.670112
1 11.213 26.2305 1.7496 0.252584 0.577248 0.776522
1 33.2433 28.1754 1.60904 0.0517947 -0.200833 -0.978255
1 7.49672 27.6489 1.76002 0.0249625 0.0604016 0.997862
1 2.76504 1.68359 1.61477 0.0988282 0.736918 -0.668719
1 15.9902 9.81561 1.75699 0.178182 -0.242903 0.953546
1 29.9906 19.3189 1.61134 0.126416 -0.474169 -0.871311
1 6.28225 22.9656 1.76812 -0.573007 0.504672 0.645732
1 17.8168 32.8791 1.76012 -0.0134298 0.0756787 0.997042
1 22.6871 26.8641 1.75861 0.0688006 -0.420215 0.904812
1 23.5317 26.255 1.75963 0.174763 -0.266766 0.947784
1 12.4116 14.0869 1.6117 -0.137324 -0.691271 -0.709427
1 7.70654 4.23234 1.60848 0.0674631 0.104012 -0.992285
1 1.28729 21.4711 1.7592 -0.0919296 -0.101253 0.990604
1 12.5753 21.4989 1.63083 -0.263334 0.623771 -0.735911
1 27.3399 5.7015 1.61178 -0.563985 -0.075976 -0.822282
1 15.5534 15.6038 1.75496 -0.412758 -0.324175 0.8512
1 28.6252 20.8436 1.60867 0.348282 -0.241543 -0.905736
1 4.62856 22.7426 1.75351 -0.410834 0.386256 0.825846
1 19.564 25.271 1.60833 0.352873 -0.532725 -0.76921
1 11.379 22.8642 1.75438 -0.165718 -0.753875 0.635775
1 21.6198 33.4655 1.7384 -0.241844 0.644553 0.725302
1 2.73556 17.6612 1.75848 0.559999 0.212134 0.800874
1 9.97468 2.99443 1.61307 -0.119296 -0.203106 -0.971862
1 32.1397 1.52012 1.61549 -0.396576 0.410124 -0.821295
1 11.8109 32.6552 1.76077 0.0333433 -0.714976 0.698354
1 7.17799 14.1058 1.61486 -0.0941774 0.271135 -0.957923
1 31.0165 18.8386 1.60814 0.0592065 -0.654607 -0.753647
1 8.57824 9.25404 1.62242 -0.729341 0.0912244 -0.678042
1 11.9262 4.90223 1.60107 0.0662905 -0.402099 -0.913193
1 29.7001 28.282 1.61481 0.113882 0.555206 -0.823879
1 19.4561 31.8746 1.75797 0.0976511 0.293394 0.950991
1 26.1854 20.4249 1.60926 0.251509 0.0715089 -0.96521
1 9.35882 10.026 1.59972 -0.634795 -0.0841723 -0.768082
1 4.45374 14.1354 1.60702 -0.168908 0.747676 -0.642223
1 0.38375 33.1311 1.75405 -0.742476 0.201454 0.638863
1 32.7931 5.54378 1.61344 0.240928 0.331216 -0.912277
1 26.5065 23.1495 1.62512 0.806016 0.119824 -0.579638
1 16.547 4.65527 1.76019 -0.828788 -0.00395555 0.559548
1 26.3356 26.1949 1.76076 0.23462 0.265217 0.935208
1 5.21996 34.4578 1.61001 -0.384306 0.284506 -0.878274
1 0.100503 27.16 1.61234 -0.105575 -0.515444 -0.850395
1 6.30771 6.76086 1.61622 0.467823 0.285504 -0.836438
1 24.0071 18.4582 1.6102 -0.0628357 0.336418 -0.939614
1 31.3825 28.4482 1.61023 0.068639 0.176907 -0.981831
1 25.7137 12.3264 1.62448 0.504263 0.0327446 -0.862929
1 28.2038 12.5183 1.60924 0.588139 -0.301152 -0.7506
1 9.83247 14.6615 1.60939 -0.081614 -0.13061 -0.988069
1 22.9882 13.5827 1.61069 0.623196 0.447659 -0.641271
1 2.51327 15.6933 1.75856 -0.51167 0.365785 0.777429
1 5.47427 7.41477 1.61699 0.579132 0.410216 -0.704507
1 17.7067 7.33902 1.75662 0.49759 -0.00496656 0.867398
1 22.007 31.1207 1.74372 0.149478 0.66126 0.735113
1 5.12253 23.555 1.63751 -0.694019 0.240472 0.67861
1 6.57076 27.2159 1.75999 0.0894822 -0.0821607 0.992594
1 13.2627 30.1029 1.74576 0.318173 -0.55982 0.765093
1 7.62043 20.8108 1.60887 0.545756 0.266016 -0.794598
1 19.4203 8.92325 1.7392 0.307403 0.394624 0.865896
1 33.7054 31.5145 1.61672 0.474775 -0.169193 -0.863691
1 22.9648 24.7203 1.75945 0.512723 -0.36056 0.779174
1 8.04018 30.3189 1.75327 -0.427406 0.156259 0.890454
1 0.812358 23.9903 1.74883 -0.55306 -0.151719 0.81921
1 8.24148 32.8298 1.59703 -0.743889 -0.158301 -0.649284
1 29.0557 1.24946 1.75421 -0.132238 0.449421 0.883478
1 10.2402 10.8414 1.60439 -0.522558 -0.286578 -0.802998
1 30.0663 14.9124 1.62966 -0.586968 -0.504036 -0.633575
1 14.3846 0.660239 1.74987 -0.328433 -0.372681 0.867894
1 6.8866 10.6895 1.60782 -0.475116 0.307765 -0.824345
1 0.80212 3.25148 1.6103 -0.159015 -0.22165 -0.962074
1 18.6109 16.6892 1.76219 -0.501086 0.200082 0.84195
1 16.0169 11.7065 1.75488 -0.038091 -0.231085 0.972188
1 9.14038 0.855143 1.60921 -0.305687 -0.205912 -0.9296
1 10.9302 3.31362 1.61386 -0.116182 -0.329693 -0.936912
1 20.3075 1.13368 1.74706 -0.5275 0.497596 0.68858
1 24.5338 16.2758 1.61269 -0.437006 0.306707 -0.845551
1 30.449 26.0912 1.61165 -0.244645 0.369343 -0.896512
1 11.9868 7.90558 1.60442 0.513533 -0.422822 -0.746663
1 14.1356 2.41129 1.77225 -0.62722 -0.498392 0.598498
1 26.5233 3.28638 1.74687 -0.44918 0.208614 0.868745
1 15.845 23.1311 1.60767 0.0179416 0.0937038 -0.995438
1 25.9459 19.4571 1.60937 0.100013 0.0933523 -0.990597
1 24.9768 19.0151 1.60963 0.0261244 0.204773 -0.978461
1 18.0186 21.3498 1.60792 -0.288751 -0.257058 -0.922249
1 19.7768 20.8835 1.61372 -0.392027 -0.524539 -0.755761
1 11.1844 28.6648 1.75058 -0.205363 0.56347 0.800205
1 13.9264 6.78118 1.61872 0.289856 -0.667675 -0.685707
1 3.55908 21.1847 1.75863 -0.0293705 0.262647 0.964445
1 17.1107 2.74679 1.75269 -0.598866 -0.0220533 0.800546
1 16.7022 3.66047 1.76042 -0.718622 -0.0722061 0.691642
1 17.7389 12.5741 1.7581 -0.0482286 0.0471302 0.997724
1 34.1379 18.4851 1.75165 0.473461 -0.322449 0.819671
1 30.0204 0.90287 1.75478 -0.13602 0.595641 0.79165
1 16.6084 7.861 1.75788 0.423034 -0.203877 0.88288
1 23.5504 27.3013 1.75982 -0.0195433 -0.261436 0.965023
1 3.29121 4.93491 1.61794 -0.157257 -0.663516 -0.731448
1 3.04009 27.5257 1.75598 0.00316453 -0.562749 0.826622
1 24.8162 6.6191 1.61049 -0.369422 0.20902 -0.905449
1 2.46435 11.4137 1.75628 0.184307 0.406829 0.894718
1 34.0193 21.3275 1.75571 -0.0640895 -0.408635 0.910445
1 16.9357 21.2999 1.60801 -0.294035 -0.0764344 -0.952733
1 26.9533 15.8676 1.61145 -0.437641 0.0330335 -0.898543
1 18.7516 15.2571 1.76212 -0.304164 0.239007 0.92215
1 1.12276 14.3512 1.75962 -0.282478 0.176952 0.942812
1 20.9157 7.81391 1.77283 0.256581 0.741463 0.619999
1 23.3551 23.6653 1.77776 0.728824 -0.27531 0.626913
1 23.8925 6.23288 1.609 -0.427772 0.340672 -0.83723
1 30.4726 6.98089 1.6073 -0.313018 -0.628658 -0.711905
1 8.26007 29.2939 1.75829 -0.240273 0.193427 0.951239
1 2.09219 19.6293 1.75734 0.234908 0.042589 0.971084
1 12.2592 15.4309 1.62086 -0.0315583 -0.537719 -0.842533
1 7.25311 17.4808 1.61188 0.258241 0.288391 -0.922032
1 13.5369 26.7212 1.60696 0.545135 0.527823 -0.65133
1 32.9603 18.8986 1.75797 0.380775 -0.547581 0.745094
1 8.06523 2.33431 1.60856 -0.115496 0.00290826 -0.993304
1 12.5385 5.77175 1.60951 0.185475 -0.470591 -0.862637
1 15.6659 32.9037 1.75888 -0.0244788 -0.174941 0.984275
1 15.4533 10.8068 1.75745 0.0824351 -0.332134 0.939623
1 23.9616 7.3258 1.61137 -0.258573 0.344647 -0.902418
1 32.9072 16.3999 1.75205 -0.652135 -0.271393 0.70786
1 28.4349 0.485247 1.76306 0.00950175 0.344242 0.938833
1 5.31302 21.1329 1.75682 -0.072782 0.542844 0.836674
1 30.3185 4.68083 1.60945 0.199708 0.756998 -0.62215
1 27.2255 32.6242 1.75792 0.497824 0.117099 0.859336
1 31.9248 10.2519 1.75106 0.377569 -0.534585 0.756082
1 4.44008 3.74724 1.61575 0.206426 0.509966 -0.835059
1 20.3035 16.5182 1.7576 -0.366182 0.506881 0.780373
1 15.5812 7.57361 1.74816 0.422968 -0.422257 0.801746
1 10.4577 26.9086 1.75736 0.131987 0.455836 0.880223
1 20.1553 8.36437 1.73353 0.307426 0.564096 0.766345
1 7.22302 33.3534 1.6179 -0.596583 -0.0483718 -0.801092
1 1.20835 12.6772 1.75957 -0.00744498 0.184838 0.982741
1 33.3289 20.5674 1.75609 0.0809882 -0.516667 0.852348
1 15.245 31.9496 1.76112 0.0854777 -0.246382 0.965396
1 9.07102 6.67712 1.60674 0.375164 -0.0165306 -0.926811
1 0.68286 30.0148 1.60993 0.219535 -0.578052 -0.785914
1 30.0484 17.094 1.61345 -0.228535 -0.465852 -0.854841
1 16.9484 1.75344 1.76603 -0.447016 -0.0661236 0.892079
1 22.0733 5.13924 1.76114 -0.831033 0.275232 0.483355
1 5.14351 27.1634 1.75862 0.101654 -0.244123 0.964402
1 12.3158 22.7588 1.64189 -0.0139848 0.639469 -0.768689
1 30.9301 23.709 1.60305 -0.613633 0.218873 -0.75865
1 5.40724 13.676 1.60649 -0.107425 0.567988 -0.815996
1 5.03709 2.77569 1.61863 0.00703367 0.419679 -0.907645
1 3.2912 0.19607 1.77529 0.247035 -0.629195 0.736945
1 24.2954 11.7083 1.60719 0.378184 0.243172 -0.893221
1 20.7138 33.2066 1.75129 -0.12626 0.51691 0.846678
1 32.3815 13.302 1.75733 -0.121454 -0.392877 0.911535
1 28.969 9.85914 1.60651 0.195122 -0.41712 -0.887659
1 6.46549 30.3129 1.75624 -0.421664 -0.0182097 0.906569
1 18.0331 14.5285 1.76132 -0.240811 0.111579 0.964137
1 24.4059 8.71824 1.60976 -0.0753655 0.285186 -0.955505
1 2.25468 21.314 1.7578 -0.0567466 0.0607673 0.996538
1 10.6595 5.36783 1.60973 0.145689 -0.222919 -0.963889
1 1.54393 17.6469 1.75657 0.59425 0.00497238 0.804265
1 0.476592 28.3223 1.63145 0.0637049 -0.55504 -0.82938
1 10.2245 17.4636 1.6118 0.197916 -0.189348 -0.961757
1 2.19314 33.1129 1.60121 0.627208 -0.399124 -0.668812
1 0.622455 2.22441 1.60842 -0.331497 -0.220451 -0.917339
1 15.8861 31.1469 1.76173 0.19726 -0.174753 0.96465
1 23.2098 29.2014 1.7581 -0.385279 -0.321657 0.864926
1 1.02815 31.7147 1.6083 0.474553 -0.534908 -0.699052
1 2.25264 0.332154 1.60331 -0.110227 0.806301 -0.581145
1 14.3995 20.3045 1.61521 -0.442284 0.360515 -0.821227
1 17.8235 31.0523 1.75996 0.219676 0.0738353 0.972775
1 31.2402 16.2907 1.6178 -0.457474 -0.666253 -0.588918
1 19.4906 15.9497 1.76419 -0.356468 0.360444 0.861981
1 11.2232 17.1276 1.61212 0.14684 -0.355888 -0.92292
1 15.112 14.1713 1.74739 -0.360808 -0.417845 0.8338
1 25.4237 21.0809 1.6135 0.36971 0.161036 -0.915086
1 3.90461 17.5896 1.76427 0.606931 0.433688 0.665996
1 29.8526 31.1279 1.61684 -0.459511 -0.716268 -0.525175
1 3.52646 20.1785 1.7541 0.156217 0.277845 0.947839
1 29.0932 11.4721 1.61871 0.47865 -0.435576 -0.762344
1 13.6903 4.35226 1.62702 -0.123378 -0.6582 -0.742664
1 21.4115 16.1772 1.75806 -0.25356 0.69522 0.67259
1 19.2042 10.0617 1.76191 0.184354 0.404155 0.89592
1 20.7301 15.3351 1.75576 -0.145786 0.578186 0.802775
1 16.3968 20.448 1.61221 -0.437618 0.0150164 -0.899035
1 9.71046 4.96895 1.60906 0.106305 -0.122486 -0.986761
1 0.748602 20.0487 1.76014 0.162585 -0.173511 0.971319
1 9.75179 15.7137 1.60877 0.0157363 -0.114122 -0.993342
1 4.40193 21.7435 1.75889 -0.178221 0.387521 0.90447
1 1.55352 11.7493 1.75873 0.142363 0.23256 0.962106
1 9.79157 18.5748 1.61032 0.305547 -0.114308 -0.945291
1 28.9506 4.71415 1.60524 -0.69585 -0.31419 -0.645815
1 8.75956 13.1376 1.60988 -0.232405 -0.0097355 -0.97257
1 13.2173 22.3657 1.60594 -0.113355 0.505596 -0.855291
1 17.856 24.5221 1.60831 0.253955 -0.236132 -0.937949
1 16.8312 23.0113 1.608 0.00250655 -0.062112 -0.998066
1 16.9007 5.58025 1.75549 0.693828 -0.242912 0.677935
1 30.5852 3.27745 1.61976 -0.127832 0.708908 -0.69362
1 11.8539 6.8399 1.60891 0.35396 -0.373194 -0.857577
1 28.0566 1.87898 1.75623 -0.213054 0.370935 0.903889
1 6.57715 21.1815 1.62023 -0.498915 -0.827046 -0.258996
1 7.00027 23.689 1.76011 0.647833 -0.302465 0.699162
1 27.7096 11.682 1.61137 0.448634 -0.222844 -0.865487
1 26.2134 27.1979 1.75881 0.0555456 0.22955 0.971711
1 30.7313 30.1585 1.61508 0.347324 0.381969 -0.856426
1 26.5185 33.3267 1.75784 0.373516 0.0162139 0.927482
1 32.9526 14.2073 1.75816 -0.270843 -0.269436 0.924147
1 13.2965 34.6002 1.75713 -0.284218 -0.482704 0.828382
1 0.131275 19.2783 1.75604 0.309641 -0.258896 0.914929
1 6.76882 7.72074 1.62944 0.635092 0.156023 -0.756514
1 10.4824 34.3797 1.6049 -0.393499 -0.581421 -0.712115
1 20.4965 32.0315 1.75709 0.0660705 0.451755 0.889692
1 1.44256 1.67798 1.61467 -0.40272 -0.430908 -0.807549
1 16.5157 25.8013 1.61617 0.501881 0.00505532 -0.864922
1 1.61335 20.5216 1.75897 0.0767912 -0.044571 0.99605
1 13.7245 32.3799 1.75036 0.0192601 -0.434333 0.900546
1 0.653748 11.3449 1.75836 0.221051 0.0723986 0.972571
1 7.2462 34.3007 1.60879 -0.461275 -0.0134773 -0.887155
1 29.1243 16.5107 1.60763 -0.326802 -0.305177 -0.894465
1 33.77 5.46762 1.60938 0.214783 0.139549 -0.966641
1 17.8253 23.1354 1.60908 0.0196231 -0.228464 -0.973354
1 20.707 4.85109 1.60406 0.53085 0.626241 -0.570983
1 5.44208 28.8863 1.75902 -0.184109 -0.186941 0.964965
1 4.62856 31.4878 1.7531 -0.651014 -0.28084 0.705201
1 27.7701 15.1417 1.61871 -0.555134 -0.0433718 -0.830629
1 3.61124 29.6961 1.7549 -0.331869 -0.452422 0.827755
1 30.0085 32.6978 1.7556 0.256124 0.616041 0.744912
1 15.4693 1.14409 1.74022 -0.393466 -0.272011 0.878177
1 31.6257 24.4639 1.60906 -0.48965 0.0844201 -0.867822
1 4.02003 33.9988 1.60572 -0.403412 0.457969 -0.792164
1 10.1843 4.05852 1.61439 0.00293334 -0.206961 -0.978345
1 18.542 8.1152 1.75676 0.382296 0.17775 0.906783
1 19.3282 22.9578 1.60909 -0.0459274 -0.499265 -0.865232
1 20.0449 22.1938 1.60887 -0.181308 -0.620343 -0.763087
1 8.26384 28.2592 1.76066 -0.0668503 0.178137 0.981732
1 33.1652 4.54312 1.61101 0.0706391 0.23239 -0.970054
1 18.5208 9.1798 1.75641 0.259341 0.229944 0.938013
1 12.4 1.89916 1.61901 -0.416167 -0.581802 -0.698793
1 28.6631 7.38623 1.6106 -0.227585 -0.333167 -0.914989
1 5.21109 6.21864 1.61884 0.397875 0.491502 -0.774675
1 12.3684 31.464 1.76139 0.239252 -0.616407 0.7502
1 30.7349 27.7321 1.61666 -0.0371603 0.333474 -0.942027
1 13.5329 5.60625 1.60822 0.10364 -0.602547 -0.791326
1 0.737374 4.44509 1.60952 0.0263707 -0.200077 -0.979425
1 16.8503 31.2021 1.76022 0.197615 -0.0516206 0.97892
1 0.24848 14.8988 1.75385 -0.403818 0.0453424 0.913715
1 7.05333 15.1912 1.61249 0.01693 0.298413 -0.954287
1 6.00275 3.02481 1.60588 0.00440251 0.255404 -0.966824
1 32.804 3.53186 1.60925 -0.0842733 0.278857 -0.956628
1 8.22359 17.8994 1.61225 0.230855 0.122007 -0.965308
1 26.4341 5.20688 1.7831 0.671815 -0.0915434 0.73504
1 9.57062 12.6141 1.60515 -0.287659 -0.1605 -0.944189
1 27.2902 29.782 1.74503 -0.450026 0.362707 0.81604
1 3.35271 11.0456 1.75162 0.207066 0.582856 0.78575
1 33.5876 29.214 1.6076 0.212643 -0.216416 -0.952863
1 29.2801 33.4378 1.75292 0.213041 0.489348 0.845667
1 27.874 3.0255 1.76256 -0.433315 0.324952 0.840621
1 24.6919 33.6963 1.76087 0.41927 -0.284631 0.862089
1 31.0213 34.5573 1.73115 -0.238478 0.750395 0.61647
1 20.8601 14.1082 1.7568 0.0958466 0.607691 0.788369
1 25.8037 0.359594 1.75665 0.126166 -0.0639249 0.989947
1 20.3588 12.3207 1.74985 -0.08326 0.52969 0.844095
1 3.81788 28.4784 1.75756 -0.134827 -0.439271 0.88818
1 16.2728 32.0599 1.76009 0.083574 -0.109944 0.990418
1 2.71563 13.4638 1.74975 -0.137766 0.486507 0.862747
1 1.47 5.08027 1.60845 0.109354 -0.328006 -0.938325
1 22.5667 33.6095 1.77004 -0.352778 0.752527 0.556103
1 10.6989 25.0155 1.7475 0.445992 0.504195 0.739513
1 31.9959 14.4616 1.75314 -0.306713 -0.436186 0.845973
1 21.0723 19.3064 1.59876 -0.0335964 0.73657 -0.675526
1 4.24261 15.5515 1.60707 0.0849607 0.721526 -0.687155
1 24.6791 3.99356 1.74903 -0.412546 -0.0866586 0.906805
1 21.2329 25.8153 1.59613 -0.273314 0.696573 -0.663389
1 12.7712 32.5404 1.75456 0.0359354 -0.576405 0.816373
1 25.3776 26.6515 1.75939 0.138109 0.0687653 0.988027
1 10.052 20.5298 1.60903 0.5412 -0.162549 -0.825034
1 3.59278 18.5265 1.7525 0.447033 0.327102 0.832566
1 3.76519 24.792 1.63111 0.604462 -0.307606 0.73485
1 8.72642 4.60225 1.60801 0.0778844 -0.00945333 -0.996918
1 15.0169 16.4368 1.75916 -0.490125 -0.420506 0.763514
1 15.3823 0.113749 1.75532 -0.255041 -0.211246 0.943573
1 14.3685 7.84235 1.7016 0.511244 -0.617663 0.597596
1 23.9074 34.6135 1.76418 0.290104 -0.388034 0.874797
1 16.1051 33.8803 1.75822 -0.135579 -0.118991 0.983595
1 34.1412 23.6313 1.74793 -0.550542 -0.374712 0.745985
1 4.51866 30.4265 1.7547 -0.465822 -0.289538 0.836169
1 4.09803 2.55354 1.6154 0.0848253 0.585653 -0.806111
1 29.7637 10.3417 1.6263 0.316785 -0.555356 -0.768913
1 33.6915 19.5086 1.75539 0.275749 -0.428563 0.860405
1 16.1454 27.6448 1.75754 0.802285 -0.164279 0.573891
1 29.8014 2.41042 1.76817 -0.294771 0.724861 0.622644
1 23.4534 12.6965 1.61046 0.507814 0.36533 -0.780166
1 28.9783 19.6967 1.61225 0.179911 -0.311119 -0.933187
1 5.97749 12.5787 1.61022 -0.240515 0.471118 -0.848646
1 28.0687 8.18079 1.60865 -0.0853046 -0.244913 -0.965785
1 32.8246 15.2615 1.75439 -0.451416 -0.294251 0.842401
1 12.323 20.1291 1.6339 0.532059 -0.606867 -0.590445
1 11.1247 31.8196 1.74033 0.322523 -0.750063 0.577395
1 23.0158 18.924 1.61302 0.0159098 0.450655 -0.892556
1 34.1535 26.153 1.61233 -0.274054 -0.403125 -0.873146
1 12.4769 24.0644 1.62019 0.185005 0.610591 -0.770034
1 0.226316 17.5537 1.75207 0.679841 -0.167441 0.713988
1 7.87778 31.9433 1.70926 -0.775974 0.056478 0.628232
1 4.23205 25.5727 1.73375 0.404403 -0.351856 0.844189
1 25.6258 13.2537 1.62881 0.658576 -0.0525444 -0.750678
1 23.0503 5.73083 1.60802 -0.544448 0.436011 -0.716569
1 17.3405 32.0399 1.76027 0.0887498 0.0113038 0.99599
1 8.06849 10.2355 1.60487 -0.575653 0.112092 -0.809975
1 24.058 0.998983 1.75327 0.136342 -0.2428 0.960447
1 24.2232 17.3862 1.611 -0.242579 0.349617 -0.904944
1 9.58091 24.7244 1.75503 0.473512 0.310285 0.824324
1 18.1849 30.1846 1.75744 0.359502 0.12074 0.9253
1 25.5995 32.8395 1.75771 0.507615 -0.111355 0.854358
1 26.0807 2.37864 1.76065 -0.242929 0.0854151 0.966276
1 18.2088 18.5936 1.74946 -0.814644 0.0773767 0.574777
1 21.0564 1.71511 1.71189 0.529077 -0.561995 0.635798
1 5.14805 16.1093 1.77695 -0.216536 -0.600905 0.769432
1 21.6857 0.0336254 1.62886 -0.509916 0.566301 0.647525
1 11.2615 1.31902 1.61881 -0.356348 -0.445924 -0.821077
1 16.6895 15.9113 1.75739 -0.441815 -0.123784 0.888525
1 24.5065 25.9588 1.75993 0.245512 -0.0975907 0.964469
1 3.44663 26.4371 1.7584 0.210613 -0.466578 0.859039
1 11.5023 14.6133 1.61163 -0.0978149 -0.449077 -0.888123
1 34.31 25.0316 1.60176 -0.499639 -0.437551 -0.747603
1 3.65653 6.22256 1.60253 0.0412235 -0.689802 -0.722824
1 23.8172 25.2351 1.75144 0.37679 -0.240123 0.894634
1 16 2.11382 1.74725 -0.517128 -0.206481 0.830629
1 26.8907 12.4845 1.62513 0.573732 -0.126505 -0.809214
1 15.8548 21.3725 1.60847 -0.279185 0.101355 -0.954873
1 10.5169 16.3835 1.60874 0.0700724 -0.239546 -0.968353
1 11.85 3.78124 1.60347 -0.0990861 -0.454856 -0.885036
1 26.7886 1.58937 1.76205 -0.127948 0.15096 0.980225
1 18.6501 20.5367 1.61023 -0.448976 -0.332198 -0.829497
1 27.8624 25.0709 1.76915 0.395404 0.608889 0.687684
1 5.39652 0.853108 1.6094 -0.235707 0.299522 -0.924515
1 25.4741 25.7059 1.76161 0.307214 0.0796025 0.948305
1 27.1428 2.43609 1.75575 -0.274902 0.23522 0.932256
1 28.2146 18.0595 1.6078 -0.0830608 -0.181375 -0.9799
1 28.7855 14.5266 1.62868 -0.656685 -0.141141 -0.74084
1 11.4238 27.4657 1.7497 0.0266621 0.606217 0.794852
1 27.0017 27.8067 1.75666 -0.0471031 0.363439 0.930427
1 19.9701 2.92354 1.77562 0.387702 -0.773008 0.502141
1 17.5153 10.9638 1.75929 0.0885616 0.0462917 0.994994
1 14.9769 9.85852 1.75842 0.231435 -0.426183 0.874532
1 33.6864 12.3339 1.75894 0.0447157 -0.176017 0.983371
1 31.9857 33.2365 1.77608 -0.201272 0.856988 0.474407
1 27.7466 31.8101 1.74146 0.650947 0.174891 0.738702
1 28.9596 15.4959 1.60948 -0.503956 -0.250737 -0.826535
1 4.65257 1.60129 1.61064 -0.0892615 0.442941 -0.892096
1 31.0099 1.78514 1.5989 -0.356702 0.63783 -0.682596
1 7.03576 16.301 1.61374 0.14179 0.304334 -0.941954
1 31.9803 7.42551 1.76925 -0.559821 -0.551538 0.61839
1 16.9634 10.0427 1.75742 0.163668 -0.0508583 0.985204
1 16.6942 32.9465 1.759 -0.0187872 -0.0452936 0.998797
1 1.56583 23.2737 1.75472 -0.420706 -0.0485704 0.905896
1 15.4061 19.5563 1.61287 -0.578195 0.182135 -0.79531
1 22.9757 15.0447 1.76938 0.541522 -0.610219 0.578263
1 3.67162 13.3941 1.75724 -0.167473 0.669306 0.723867
1 16.364 22.1814 1.60782 -0.142001 0.0144483 -0.989761
1 9.91379 11.7386 1.61185 -0.404887 -0.247725 -0.88017
1 29.7599 5.79073 1.61555 -0.498886 -0.514688 -0.697287
1 8.77584 16.2096 1.60984 0.095001 0.0328724 -0.994934
1 11.6151 2.54667 1.61301 -0.237178 -0.464068 -0.853456
1 24.4556 26.9666 1.76002 0.0576436 -0.0999815 0.993318
1 20.7718 17.4461 1.74431 -0.49707 0.561951 0.66116
1 22.6736 8.17786 1.60176 -0.149516 0.60418 -0.782695
1 9.64278 30.6057 1.7448 -0.48781 0.345242 0.801779
1 13.4747 2.92114 1.5978 -0.339055 -0.701095 -0.627302
1 22.607 25.7759 1.76295 0.290874 -0.413375 0.862852
1 4.29005 5.01855 1.64365 0.327476 0.736428 -0.591974
1 15.5981 6.29438 1.74239 0.564214 -0.536602 0.627472
1 19.477 17.4937 1.74908 -0.555442 0.351328 0.753693
1 21.7796 26.6167 1.76704 0.133904 -0.579001 0.804256
1 18.4497 28.3848 1.75339 0.650651 0.105678 0.751987
1 1.57834 3.94839 1.61315 -0.0854829 -0.381567 -0.92038
1 33.482 17.7634 1.7568 0.614581 -0.377726 0.692541
1 10.605 30.9369 1.75069 -0.533106 0.52826 0.660863
1 23.4521 16.7396 1.61879 -0.351698 0.455168 -0.818004
1 21.4208 20.6647 1.59759 0.291093 0.680213 -0.672738
1 32.6048 31.2084 1.61478 0.525836 0.0600832 -0.848461
1 2.11368 27.9042 1.7591 -0.0897763 -0.74408 0.662031
1 13.4083 33.4655 1.75689 -0.109698 -0.471753 0.87488
1 28.313 32.9295 1.75782 0.375977 0.31002 0.873229
1 16.465 10.8547 1.75634 0.0672905 -0.143166 0.987408
1 21.2978 23.0958 1.61506 0.0290365 -0.815653 -0.577813
1 24.5806 21.6655 1.61493 0.481957 0.234807 -0.844147
1 1.23489 19.162 1.75585 0.323774 -0.0944579 0.941407
1 30.7889 21.4325 1.61397 0.475098 -0.602046 -0.641734
1 33.2024 1.55853 1.61007 -0.389172 0.203739 -0.898352
1 28.2377 19.0561 1.60843 0.0720895 -0.190993 -0.978941
1 33.3556 25.3247 1.61659 -0.400986 -0.269183 -0.875643
1 0.275065 9.48296 1.76309 0.551851 0.00338419 0.833936
1 18.6231 26.1161 1.61775 0.509566 -0.329916 -0.794668
1 28.3018 23.2413 1.6074 0.745783 -0.107351 -0.657482
1 17.2198 33.7602 1.75741 -0.122249 0.00534609 0.992485
1 6.93845 12.7762 1.60551 -0.206973 0.27202 -0.93977
1 32.9932 30.1941 1.60933 0.370742 -0.0470791 -0.927542
1 0.626433 13.4967 1.75932 -0.146279 0.0959518 0.984579
1 33.9134 22.4968 1.75662 -0.301755 -0.42334 0.854241
1 31.9728 18.1954 1.6697 0.0451045 -0.826328 -0.561379
1 5.25402 24.681 1.7532 0.576413 -0.233565 0.783068
1 18.4502 22.3658 1.60953 -0.114588 -0.335259 -0.935132
1 5.80708 11.3915 1.60759 -0.337134 0.475146 -0.812759
1 7.92642 15.693 1.61046 0.0493679 0.165182 -0.985027
1 17.0086 11.8452 1.76071 -0.0111279 -0.0683324 0.997601
1 11.1625 21.1779 1.59972 0.682381 -0.377522 -0.625966
1 11.8234 25.3762 1.74129 0.361908 0.705221 0.609661
1 28.8118 3.52787 1.76314 -0.584266 0.438664 0.682793
1 0.127439 5.22005 1.60637 0.162603 -0.0587945 -0.984938
1 31.5603 29.4197 1.60584 0.238729 0.172932 -0.955564
1 13.0849 7.97494 1.60512 0.532623 -0.579196 -0.617126
1 32.9121 0.538948 1.60756 -0.531408 0.267832 -0.803661
1 28.4794 34.0403 1.75767 0.184071 0.336449 0.923537
1 34.2179 1.82681 1.60875 -0.37847 -0.0127637 -0.925525
1 6.15168 4.66808 1.60818 0.156501 0.34647 -0.924914
1 21.9371 2.93598 1.73825 -0.000628984 -0.533937 0.845524
1 31.5261 2.5807 1.63444 -0.243551 0.513602 -0.822737
1 12.2165 16.7516 1.61493 0.0669583 -0.528306 -0.84641
1 0.317801 23.0311 1.75729 -0.390373 -0.254725 0.884717
1 2.63001 20.4459 1.76007 0.0938398 0.129816 0.987088
1 14.7172 21.4674 1.60658 -0.25524 0.285597 -0.923735
1 18.6784 13.1258 1.75954 -0.0537535 0.202259 0.977856
1 2.15653 14.4426 1.75263 -0.298849 0.359706 0.883912
1 24.9798 15.2365 1.61325 -0.636982 0.227731 -0.736473
1 27.5748 34.6163 1.75933 0.121796 0.201489 0.971889
1 9.12255 28.6605 1.75618 -0.141099 0.301472 0.942977
1 19.5375 29.0339 1.75638 0.530225 0.3278 0.781926
1 14.2319 34.1878 1.75667 -0.181458 -0.353959 0.917489
1 29.511 12.3587 1.61219 0.630823 -0.49098 -0.600833
1 1.59322 10.7393 1.75884 0.311742 0.220837 0.924147
1 17.8372 0.0623941 1.75599 -0.237055 0.0830493 0.96794
1 31.8685 3.54104 1.61845 -0.079984 0.44227 -0.893308
1 3.01678 19.2737 1.75676 0.318723 0.206034 0.925184
1 15.5529 2.89669 1.73295 -0.634729 -0.271062 0.723633
1 26.5661 21.4502 1.61091 0.42646 0.0512422 -0.903054
1 9.56956 33.3438 1.60678 -0.581783 -0.399415 -0.708517
1 7.97117 16.7824 1.60962 0.177794 0.147604 -0.972935
1 32.9186 22.86 1.7506 -0.402118 -0.569086 0.717246
1 30.9926 33.0669 1.74483 0.0833887 0.765316 0.63823
1 26.9007 6.52153 1.62102 -0.391262 -0.0771038 -0.917044
1 28.1969 30.2402 1.76241 -0.481282 0.52108 0.704871
1 30.1753 34.0364 1.75663 0.0182441 0.651074 0.758795
1 23.1818 20.0023 1.61209 0.198061 0.421858 -0.884764
1 9.00986 2.73125 1.61074 -0.120407 -0.081529 -0.989371
1 6.86839 25.861 1.75689 0.292106 -0.0667235 0.954055
1 34.0491 30.4134 1.61298 0.331221 -0.261002 -0.906736
1 9.42267 34.4877 1.60956 -0.43206 -0.358535 -0.827512
1 10.914 7.69225 1.61074 0.511827 -0.259401 -0.81899
1 23.706 15.6198 1.60687 -0.542441 0.436903 -0.717547
1 13.5461 24.6516 1.60979 0.276864 0.463802 -0.841566
1 7.81397 11.215 1.60851 -0.431535 0.114151 -0.894845
1 18.0005 2.03827 1.75882 -0.481594 0.117499 0.868482
1 18.2386 11.7432 1.75366 0.0313351 0.173857 0.984272
1 28.0232 26.445 1.76307 0.193604 0.655483 0.729972
1 14.1774 30.357 1.75365 0.294228 -0.423154 0.856954
1 32.9287 10.4391 1.75398 0.362282 -0.333379 0.870408
1 20.7678 6.29018 1.74609 0.478452 0.607479 0.634077
1 21.5279 4.05927 1.76678 -0.148956 -0.646403 0.748315
1 15.3569 28.5842 1.75704 0.609081 -0.243711 0.754735
1 16.6607 19.5174 1.60552 -0.618452 -0.0286748 -0.785299
1 10.8069 18.2221 1.61601 0.278464 -0.286118 -0.916839
1 21.491 32.2247 1.75324 -0.0139506 0.585294 0.810701
1 28.5159 22.1457 1.61366 0.56929 -0.207656 -0.795479
1 24.4122 31.856 1.60227 -0.793765 0.203441 -0.573192
1 18.159 17.6497 1.75223 -0.66735 0.119 0.735175
1 23.5338 22.0696 1.6556 0.542144 0.334935 -0.770648
1 18.3608 3.0151 1.74945 -0.602558 0.225248 0.765629
1 31.7572 0.581011 1.60473 -0.538101 0.490824 -0.68523
1 20.8224 21.5904 1.6083 -0.291777 -0.738385 -0.607991
1 11.6545 10.9958 1.61227 -0.464461 -0.544132 -0.69871
1 7.30869 24.6405 1.7606 0.518566 -0.049956 0.853577
1 28.3985 10.8103 1.60991 0.334021 -0.328163 -0.883595
1 31.572 19.9935 1.66521 0.251419 -0.786932 -0.563494
1 10.6797 13.97 1.61403 -0.135924 -0.30165 -0.94368
1 20.3496 29.9898 1.75753 0.372107 0.447961 0.812938
1 14.7844 26.7516 1.60821 0.647978 0.261483 -0.715368
1 33.7388 3.58705 1.60787 -0.09127 0.105018 -0.990273
1 25.6548 7.12503 1.60712 -0.293389 0.0833211 -0.952355
