1 16.5314 33.462 1.75756 -0.0649431 -0.0649674 0.995772
1 30.5233 15.6827 1.61817 -0.529521 -0.433566 -0.729129
1 19.9328 7.65168 1.75612 0.355604 0.488686 0.7967
1 25.3819 19.2212 1.61064 0.0340317 0.167563 -0.985274
1 6.2956 29.8764 1.76028 -0.394862 -0.123652 0.910382
1 17.4715 5.16867 1.76561 0.759256 0.0301212 0.650095
1 17.5445 20.1658 1.61108 -0.436004 -0.219599 -0.872741
1 27.8641 21.0664 1.60639 0.328974 -0.0750546 -0.941352
1 5.87548 3.13617 1.61251 0.0841528 0.293898 -0.952125
1 1.31891 9.13156 1.75092 0.587155 0.124265 0.799879
1 20.6482 13.1717 1.74614 0.00560162 0.642867 0.765957
1 3.20557 11.4975 1.75403 0.080159 0.533551 0.841961
1 26.5644 3.05692 1.75728 -0.409282 0.0301825 0.911909
1 1.65828 15.9047 1.73593 -0.690418 0.276479 0.668493
1 17.7575 21.9239 1.60904 -0.145196 -0.247524 -0.957941
1 28.8174 17.6805 1.60731 -0.16296 -0.205229 -0.965052
1 19.5233 33.4657 1.75633 -0.0588509 0.337314 0.939551
1 27.9975 22.9393 1.60779 0.618011 0.00575077 -0.786149
1 29.1 22.42 1.60605 0.530259 -0.218516 -0.819192
1 18.5506 19.6508 1.60908 -0.528033 -0.331517 -0.781843
1 15.271 34.5827 1.75026 -0.217694 -0.244627 0.944863
1 19.517 24.7516 1.61514 0.308274 -0.481339 -0.820536
1 14.2192 31.8315 1.75704 0.113929 -0.400365 0.909246
1 30.3742 31.3793 1.74549 0.65424 0.697397 0.292587
1 31.7374 33.4851 1.74354 0.0542692 0.445309 0.893731
1 22.5708 7.4067 1.61461 -0.237078 0.534356 -0.811331
1 11.6272 12.7765 1.61551 -0.214149 -0.518541 -0.827802
1 6.91643 15.5409 1.60862 0.0381359 0.323363 -0.945506
1 9.78333 0.92868 1.60751 -0.306341 -0.216171 -0.927052
1 19.1358 15.4278 1.76021 -0.3606 0.307876 0.880443
1 11.4223 19.0546 1.61547 0.434261 -0.417465 -0.798211
1 6.35806 27.0602 1.75795 0.0793658 -0.168416 0.982516
1 7.28272 6.0002 1.61409 0.377057 0.263439 -0.887934
1 13.243 21.8924 1.6097 -0.176878 0.462215 -0.868949
1 18.7816 5.53133 1.75711 0.61613 0.251766 0.746323
1 23.8696 26.4347 1.76025 0.220669 -0.16992 0.960433
1 6.19609 8.34171 1.59284 0.805947 0.264923 -0.5294
1 8.57785 32.6653 1.66216 -0.78743 -0.0703811 -0.612373
1 15.8425 32.7175 1.75801 0.0275578 -0.151696 0.988043
1 5.64323 12.5481 1.60497 -0.249828 0.521767 -0.815687
1 3.48536 9.90089 1.75607 0.210338 0.552488 0.806545
1 34.277 19.5549 1.75667 0.127684 -0.40278 0.906347
1 15.2587 26.0775 1.6134 0.549123 0.174344 -0.817354
1 19.2506 13.253 1.75637 -0.0596009 0.329859 0.942147
1 8.54305 9.19573 1.64496 -0.780073 -0.0450284 -0.624067
1 26.8156 30.2048 1.75244 -0.493599 0.246821 0.83393
1 19.611 6.43329 1.73231 0.460656 0.44248 0.769421
1 34.0477 16.38 1.74255 -0.75299 0.075029 0.653741
1 28.9674 12.73 1.61005 0.522129 -0.550117 -0.651731
1 3.66801 6.5076 1.6084 0.108154 -0.737717 -0.66639
1 24.8512 23.7029 1.7593 0.749745 0.00869352 0.66167
1 33.4604 18.9557 1.75507 0.212436 -0.545975 0.810421
1 5.33153 5.49564 1.61523 0.354403 0.606919 -0.71137
1 15.8436 18.5848 1.61243 -0.742422 -0.0354592 -0.668994
1 25.3059 15.9821 1.60958 -0.64476 0.049762 -0.762764
1 10.7947 26.3363 1.75473 0.195947 0.5349 0.82188
1 33.3492 27.8889 1.60745 -0.0366249 -0.185096 -0.982038
1 23.4189 23.9514 1.7638 0.669873 -0.294299 0.681659
1 20.2295 15.1871 1.75737 -0.290748 0.488183 0.822887
1 2.66159 6.57429 1.60988 0.201308 -0.569605 -0.796885
1 7.76217 2.35475 1.60796 -0.0822829 0.0906737 -0.992476
1 22.9464 26.0531 1.76312 0.291877 -0.335786 0.895576
1 17.5546 6.09788 1.74066 0.615641 0.0664333 0.785222
1 33.8369 12.4832 1.76104 -0.0060073 -0.0998828 0.994981
1 0.579284 25.7012 1.60595 -0.389054 -0.568181 -0.725126
1 3.3879 30.6604 1.7624 -0.37195 -0.607047 0.702244
1 28.5854 11.7753 1.60894 0.387961 -0.464942 -0.795811
1 20.3918 28.2786 1.7683 0.605125 0.626703 0.490986
1 19.5423 21.4224 1.63446 -0.234814 -0.554043 -0.798686
1 32.8786 28.7826 1.60711 0.110172 -0.084087 -0.990349
1 0.115081 2.70748 1.61387 -0.366872 -0.1888 -0.910911
1 6.45178 34.1948 1.60418 -0.467015 0.174767 -0.866807
1 9.50528 6.75449 1.61169 0.431323 -0.0235163 -0.901891
1 18.8728 10.9128 1.76074 0.0676844 0.258728 0.963576
1 17.2285 0.0165339 1.75808 -0.169069 0.00685696 0.98558
1 22.5333 28.031 1.76006 -0.0681758 -0.448787 0.891035
1 12.917 8.82395 1.75902 0.354667 -0.754981 0.551556
1 23.9406 27.3845 1.75884 0.041018 -0.173331 0.984009
1 0.105783 12.7584 1.75954 -0.0578581 0.0531623 0.996908
1 6.54832 26.0049 1.76105 0.246746 -0.147942 0.957721
1 26.7187 32.5494 1.75907 0.561981 -0.0347497 0.82642
1 0.170047 28.9602 1.62408 0.151204 -0.428024 -0.891029
1 33.8672 26.9421 1.61162 -0.191635 -0.302293 -0.933753
1 24.7453 5.00235 1.61773 -0.70222 0.0521921 -0.710044
1 14.8166 32.84 1.75574 0.00206932 -0.306242 0.951951
1 23.5385 8.91258 1.61715 -0.0906268 0.375267 -0.922476
1 9.10919 13.6982 1.60674 -0.14418 -0.0558231 -0.987976
1 26.248 6.8276 1.61203 -0.363327 -0.121168 -0.923749
1 32.7206 16.1036 1.75213 -0.636331 -0.18963 0.747745
1 33.7994 10.0107 1.74971 0.490336 -0.17104 0.854585
1 27.3375 11.7347 1.61241 0.366279 -0.241965 -0.898495
1 10.3947 1.89409 1.61518 -0.191252 -0.268398 -0.944132
1 30.3408 8.57948 1.61124 -0.0714259 -0.705629 -0.704973
1 18.7105 26.7958 1.76831 -0.707501 0.264726 0.655257
1 16.1047 15.5761 1.75637 -0.43664 -0.242124 0.866442
1 11.6746 3.56601 1.60396 -0.0821114 -0.408466 -0.909073
1 28.0494 25.9817 1.76179 0.235612 0.664475 0.709197
1 1.44273 18.5777 1.75661 0.351396 -0.0966431 0.931225
1 22.3216 33.077 1.76709 -0.019998 0.808356 0.588355
1 29.8234 17.5859 1.61027 -0.17136 -0.352738 -0.919898
1 1.33861 33.5486 1.60331 -0.149477 0.680302 -0.717527
1 23.0308 29.0821 1.76415 -0.257963 -0.39143 0.88331
1 26.7693 20.7925 1.60815 0.264716 0.0515131 -0.962949
1 16.5461 17.6892 1.75518 -0.723569 -0.194008 0.662427
1 1.00479 13.0021 1.75964 -0.102506 0.210792 0.972142
1 23.3931 6.56942 1.61949 -0.361966 0.33662 -0.869292
1 0.584772 0.0508885 1.59623 0.12763 0.792273 -0.596669
1 24.7583 21.7496 1.61433 0.478668 0.214624 -0.85136
1 29.3614 15.7914 1.61387 -0.488271 -0.235332 -0.840363
1 0.598744 6.76266 1.60862 0.359761 -0.198273 -0.911735
1 30.0978 21.7065 1.60808 0.408594 -0.387306 -0.826465
1 18.8597 7.73475 1.75448 0.370216 0.288926 0.882872
1 4.62327 6.58907 1.59549 -0.0195171 -0.873318 -0.486759
1 20.0047 14.0952 1.75383 -0.111015 0.473966 0.873517
1 18.4504 22.7796 1.60969 -0.0109452 -0.326786 -0.945035
1 10.884 20.2357 1.6176 0.620495 -0.369805 -0.691542
1 12.1022 14.4519 1.65331 -0.116688 -0.582666 -0.804291
1 10.2831 19.4935 1.61398 0.513656 -0.225524 -0.827826
1 11.4943 24.2925 1.76429 0.488198 0.581544 0.650745
1 12.7894 23.9009 1.60913 0.1747 0.571586 -0.801729
1 19.891 2.69525 1.75607 -0.504724 0.448315 0.737745
1 9.65364 27.8824 1.76174 -0.057524 0.339367 0.938893
1 16.7878 7.65435 1.75975 0.41138 -0.0795115 0.907989
1 28.7376 14.1071 1.62809 -0.71183 0.241898 -0.659381
1 24.9272 26.384 1.76082 0.237574 0.0122875 0.971292
1 26.2714 18.8256 1.6071 -0.0340697 0.0704997 -0.99693
1 16.2403 34.3819 1.75671 -0.165542 -0.111726 0.979854
1 5.99028 10.3162 1.6195 -0.564803 0.382776 -0.731082
1 27.6882 12.6431 1.61879 0.505887 -0.317338 -0.802106
1 27.741 33.0909 1.76021 0.390641 0.0950628 0.915622
1 7.66824 28.3534 1.75979 -0.13541 0.0583804 0.989068
1 8.12992 5.41329 1.61247 0.258765 0.139867 -0.95576
1 18.9878 17.2687 1.75944 -0.648457 0.211305 0.731337
1 13.7463 1.83498 1.7633 -0.512181 -0.58849 0.62558
1 9.77539 18.6759 1.60642 0.393992 -0.094071 -0.914287
1 0.466198 15.6516 1.74651 -0.559813 0.148305 0.815239
1 8.78997 15.0467 1.60696 -0.0171283 0.0202683 -0.999648
1 32.0599 29.2875 1.60954 0.190327 0.0686123 -0.97932
1 2.68455 10.4914 1.75209 0.232308 0.365716 0.901268
1 12.4369 15.7945 1.61417 -0.0117119 -0.574706 -0.818276
1 13.1159 29.8845 1.73788 0.369555 -0.553089 0.746674
1 33.3531 0.320581 1.60103 -0.651451 0.131639 -0.747183
1 27.5762 13.7692 1.74641 0.644676 -0.445785 -0.621022
1 26.5757 0.801834 1.76093 -0.000158163 0.0246246 0.999697
1 16.5192 6.6041 1.75107 0.549312 -0.10609 0.828855
1 6.63601 28.3535 1.76063 -0.127991 -0.100898 0.98663
1 4.91661 28.4403 1.75941 -0.136399 -0.372635 0.917899
1 26.5246 12.6337 1.61926 0.479217 -0.134466 -0.867335
1 15.3576 11.0706 1.75702 0.016147 -0.326092 0.9452
1 25.6355 30.7262 1.75179 -0.613889 0.0815826 0.785165
1 23.4353 5.26989 1.61683 -0.57214 0.296936 -0.764516
1 10.8706 17.2334 1.60972 0.198274 -0.281189 -0.938946
1 16.2529 26.8034 1.60661 0.711168 0.035486 -0.702126
1 24.8031 3.76769 1.75728 -0.532304 -0.218618 0.817838
1 9.44928 9.96909 1.61121 -0.628609 -0.165702 -0.759864
1 6.58892 4.00679 1.61399 0.155733 0.281071 -0.946967
1 6.62563 12.5482 1.59938 -0.27978 0.325652 -0.903147
1 17.6987 7.11199 1.76068 0.465435 0.0859932 0.880894
1 24.2502 25.5352 1.75737 0.400444 -0.1147 0.909114
1 2.41555 29.6456 1.76274 -0.254741 -0.813397 0.522965
1 20.7026 11.6954 1.73754 0.106305 0.662168 0.741777
1 2.58273 26.2212 1.7501 0.273999 -0.739395 0.614995
1 13.3956 4.82609 1.60781 0.0847405 -0.609299 -0.7884
1 2.49143 9.33852 1.75033 0.40771 0.35576 0.840957
1 27.5338 10.2122 1.60929 0.164142 -0.261533 -0.951135
1 24.0948 1.77381 1.7576 -0.120182 -0.351605 0.928402
1 11.3736 21.047 1.60907 0.671812 -0.541755 -0.505144
1 8.26584 20.5441 1.6129 0.609923 0.155912 -0.776972
1 4.38741 9.50515 1.76317 0.240333 0.705847 0.666349
1 16.0364 9.36895 1.7617 0.222211 -0.230434 0.947377
1 29.5496 14.8703 1.62446 -0.653987 -0.155734 -0.740302
1 6.29184 5.27007 1.60517 0.298875 0.423883 -0.854983
1 25.3616 11.2874 1.60664 0.266789 0.0665041 -0.961458
1 8.30689 16.1995 1.60901 0.101247 0.112031 -0.988533
1 10.5278 9.46702 1.6062 -0.784073 -0.263665 -0.561881
1 21.5082 32.2047 1.75932 0.11958 0.652878 0.747964
1 1.02132 2.3001 1.61369 -0.484034 -0.373074 -0.791535
1 9.42739 33.4762 1.60218 -0.623358 -0.233823 -0.746158
1 22.6833 11.1026 1.60793 0.179814 0.52788 -0.830066
1 33.6233 22.4448 1.75969 -0.409342 -0.446982 0.795391
1 11.4811 5.92388 1.61262 0.295434 -0.280043 -0.913397
1 28.1398 10.9196 1.61492 0.275451 -0.359068 -0.891738
1 31.0736 30.7263 1.6155 0.439996 0.24931 -0.862698
1 21.9646 25.7284 1.75829 0.345543 -0.51194 0.786459
1 4.06842 27.2535 1.75429 0.0774648 -0.534631 0.841528
1 11.2118 13.7797 1.61917 -0.132907 -0.38944 -0.911412
1 19.8169 32.4456 1.76055 0.0623632 0.38145 0.922283
1 34.3944 18.3514 1.75412 0.366074 -0.376887 0.85085
1 4.69468 12.6598 1.67048 -0.203321 0.711198 -0.672947
1 8.08107 17.3216 1.60747 0.220393 0.162845 -0.961722
1 30.9922 27.6207 1.6099 -0.107123 0.264949 -0.958294
1 23.015 25.0139 1.75858 0.477167 -0.323245 0.817205
1 20.983 27.2652 1.58402 -0.106698 0.684056 -0.721584
1 7.47385 30.1003 1.75763 -0.427726 0.0550799 0.902229
1 25.5756 7.5661 1.60787 -0.252643 0.00635321 -0.967539
1 26.3513 24.0828 1.74878 0.654023 0.252033 0.713256
1 29.9648 7.177 1.60852 -0.350507 -0.713076 -0.60718
1 26.8477 31.6163 1.72339 0.738714 -0.0236554 0.673603
1 17.1329 21.0688 1.60964 -0.293164 -0.168789 -0.941045
1 18.0258 14.5675 1.76138 -0.286696 0.136578 0.948236
1 15.2153 20.5983 1.60754 -0.401245 0.136178 -0.905792
1 6.46654 2.34224 1.60619 -0.0322139 0.191099 -0.981042
1 34.1212 4.38181 1.60817 -0.0661042 -0.02473 -0.997506
1 9.13205 5.72695 1.61188 0.279023 0.00774319 -0.960253
1 0.0203976 1.59949 1.61841 -0.539414 -0.15407 -0.827826
1 12.4843 25.4628 1.72722 0.343719 0.783722 0.517336
1 4.34079 0.514074 1.6096 -0.259356 0.479805 -0.838166
1 27.6383 9.20093 1.60779 0.0183214 -0.283584 -0.958772
1 33.3786 17.8149 1.75011 0.444001 -0.524868 0.726207
1 28.2921 7.54331 1.60921 -0.23505 -0.414398 -0.879219
1 5.42932 13.7837 1.6158 -0.135981 0.511313 -0.848568
1 33.2421 30.7801 1.61087 0.460382 -0.146202 -0.875599
1 3.4313 20.2806 1.75824 0.0914496 0.253979 0.962877
1 6.09414 9.20956 1.78173 0.740953 -0.325029 0.587661
1 2.3547 12.0456 1.75566 0.0605618 0.374289 0.925333
1 33.0063 29.7638 1.6094 0.282131 -0.105415 -0.953567
1 15.1521 10.0474 1.76193 0.151119 -0.372107 0.915805
1 24.3324 18.4157 1.61469 -0.121491 0.319361 -0.939813
1 14.7248 30.8411 1.75713 0.243411 -0.331977 0.911341
1 25.3404 25.52 1.75655 0.392346 0.0830338 0.916062
1 20.0066 30.5475 1.75304 0.338357 0.396622 0.85335
1 30.2701 12.9777 1.75814 -0.0618864 -0.682948 0.727841
1 1.93802 13.0787 1.75701 -0.10235 0.379512 0.919508
1 23.4684 12.0609 1.60703 0.344771 0.41601 -0.841468
1 27.2462 16.3315 1.62084 -0.435647 0.0357844 -0.899406
1 29.0665 18.6397 1.6064 -0.0195633 -0.256351 -0.966386
1 17.34 3.42149 1.72813 -0.645011 0.00531038 0.764155
1 4.88131 2.93063 1.6225 0.155178 0.444058 -0.882458
1 33.5501 21.3322 1.75918 -0.189931 -0.509362 0.839331
1 26.1909 5.07559 1.60172 -0.724484 -0.184386 -0.664172
1 7.1809 14.434 1.60806 -0.0797337 0.239321 -0.967661
1 16.5932 30.0768 1.76731 0.380388 -0.055529 0.923159
1 26.1495 26.1668 1.76083 0.26645 0.244921 0.932211
1 7.50894 22.2294 1.71084 -0.867818 -0.117657 0.482751
1 34.1763 5.37723 1.6092 0.120582 -0.0265664 -0.992348
1 22.6376 21.3678 1.60667 0.365157 0.466759 -0.805479
1 8.77369 2.5649 1.60855 -0.07492 -0.0317208 -0.996685
1 10.776 5.19547 1.60928 0.167677 -0.206225 -0.964031
1 3.00522 32.8101 1.77151 -0.0606133 0.744111 0.665301
1 26.6516 33.4999 1.76069 0.374635 -0.0254157 0.926824
1 16.9748 9.79324 1.75984 0.168544 -0.070418 0.983176
1 8.62469 30.0138 1.7538 -0.421684 0.234194 0.875977
1 19.5492 18.1742 1.74439 -0.761103 0.278572 0.585765
1 1.49739 1.48236 1.59314 0.51145 0.696847 -0.502815
1 26.7587 10.8923 1.60886 0.23402 -0.125268 -0.964128
1 7.18508 4.96001 1.61315 0.231586 0.272927 -0.933745
1 25.5769 20.2269 1.61015 0.196732 0.149506 -0.968992
1 12.1906 19.6568 1.61873 0.487245 -0.596877 -0.637441
1 32.4707 10.3411 1.75993 0.453856 -0.299447 0.839253
1 16.0201 24.2362 1.60557 0.224522 0.0577566 -0.972756
1 20.6997 32.793 1.75132 0.0189189 0.519086 0.854513
1 14.3176 20.0926 1.61277 -0.485811 0.291655 -0.823969
1 16.9147 8.68417 1.76141 0.286018 -0.0780916 0.955037
1 4.67618 25.2291 1.74961 0.462795 -0.430028 0.775176
1 26.4116 25.156 1.75884 0.44175 0.272881 0.85463
1 14.506 27.8315 1.75971 0.764054 -0.274028 0.584063
1 14.3285 0.269044 1.74942 -0.278603 -0.394572 0.87561
1 0.036271 32.6049 1.60894 0.479802 -0.304484 -0.822848
1 32.7874 33.1696 1.7629 0.285225 0.486657 0.825719
1 9.7624 2.82676 1.61031 -0.0711496 -0.152251 -0.985778
1 29.2793 27.2768 1.61562 -0.0702671 0.622027 -0.779837
1 30.7611 20.6493 1.61561 0.268597 -0.552747 -0.788877
1 12.4679 18.3818 1.61647 0.300078 -0.560412 -0.77194
1 24.5257 19.6477 1.60487 0.0801912 0.272711 -0.958748
1 2.11429 4.43305 1.61038 -0.171806 -0.451111 -0.875775
1 34.4868 10.7032 1.75576 0.326505 -0.0801149 0.941794
1 5.89919 18.7184 1.63306 0.496956 0.646804 -0.578514
1 27.4432 0.384175 1.7612 0.0541719 0.131852 0.989788
1 30.8347 17.5386 1.61079 -0.160947 -0.506228 -0.847248
1 27.985 32.1405 1.75202 0.553758 0.102854 0.826301
1 7.04765 31.7508 1.75649 -0.739477 -0.00134595 0.673181
1 23.7287 20.1735 1.6193 0.15751 0.355813 -0.921188
1 30.8452 25.6795 1.60225 -0.413605 0.300747 -0.85935
1 19.0577 2.09993 1.75428 -0.440649 0.277289 0.853779
1 16.174 5.64075 1.75892 0.673629 -0.187021 0.715016
1 7.13791 9.57171 1.60973 -0.678582 0.170848 -0.714379
1 10.2543 31.0752 1.74242 -0.563039 0.517639 0.644234
1 8.66607 7.42962 1.60775 0.572829 0.0655398 -0.817051
1 19.0563 34.4479 1.7571 -0.159171 0.268546 0.950025
1 13.0509 14.7432 1.5962 -0.0757398 -0.755915 -0.650274
1 14.9993 22.5932 1.60671 -0.0514899 0.190867 -0.980265
1 4.4974 30.8271 1.75227 -0.475271 -0.409853 0.778549
1 0.443949 24.0366 1.75462 -0.640224 -0.151428 0.753116
1 7.79615 23.1575 1.74302 0.664966 -0.0460637 0.745452
1 8.78735 4.6468 1.60901 0.14693 0.0378274 -0.988423
1 0.519338 19.0106 1.75798 0.245089 -0.253343 0.935815
1 3.07512 28.7944 1.74651 -0.20013 -0.669051 0.715765
1 25.4193 8.51395 1.60798 -0.114218 0.0385893 -0.992706
1 4.90922 24.138 1.6887 0.668436 -0.42094 0.613191
1 31.7741 5.17424 1.61259 0.102639 0.38441 -0.917439
1 21.8288 20.3556 1.6104 0.19067 0.603231 -0.77444
1 26.5441 19.814 1.60709 0.114897 0.0630371 -0.991375
1 26.9354 21.7757 1.61377 0.415356 0.0377506 -0.908875
1 33.7771 2.21074 1.60893 -0.405978 0.00181099 -0.913881
1 10.5917 12.6535 1.60898 -0.243855 -0.340113 -0.908217
1 10.0498 3.89554 1.61237 0.0325819 -0.154814 -0.987406
1 18.5201 24.6958 1.61113 0.313349 -0.3207 -0.893848
1 10.1967 28.7259 1.74938 -0.187648 0.420731 0.887566
1 33.805 24.732 1.61419 -0.618619 -0.372231 -0.691921
1 32.325 28.01 1.60777 -0.0241254 0.0106323 -0.999652
1 24.041 17.4229 1.61508 -0.319735 0.31616 -0.893204
1 30.151 5.61155 1.62571 0.272267 0.663698 -0.696689
1 18.6871 21.7733 1.60812 -0.181675 -0.39094 -0.902308
1 24.1829 24.6034 1.74693 0.57142 -0.133424 0.809739
1 18.1101 23.7261 1.60912 0.144675 -0.252704 -0.956666
1 22.0294 23.5 1.77368 -0.83515 0.163667 0.525107
1 25.7417 10.3799 1.61037 0.152514 0.00661726 -0.988279
1 15.7263 31.0282 1.75933 0.243243 -0.173105 0.954394
1 15.497 33.6319 1.75643 -0.0889762 -0.205621 0.974579
1 33.5286 1.25318 1.61685 -0.519288 0.108534 -0.84768
1 10.6343 27.5416 1.75738 -0.0158879 0.486875 0.873327
1 16.3195 27.6563 1.76828 0.808682 -0.138142 0.571796
1 24.4752 32.6871 1.74774 0.457709 -0.391864 0.798088
1 7.06661 29.214 1.76068 -0.27486 -0.0216751 0.96124
1 24.6782 20.73 1.60786 0.281683 0.239596 -0.929111
1 28.9643 1.07966 1.75564 -0.0706851 0.400306 0.913651
1 24.6101 10.645 1.60927 0.169008 0.192305 -0.966672
1 31.8433 14.3283 1.75965 -0.360001 -0.411749 0.837175
1 26.7442 23.2449 1.60781 0.77927 0.204726 -0.592305
1 13.8592 24.1816 1.60804 0.223029 0.404285 -0.887024
1 31.2929 2.1189 1.59705 -0.430225 0.623527 -0.652779
1 16.8071 22.0464 1.60819 -0.130032 -0.09674 -0.986779
1 20.3801 22.7282 1.59653 -0.0676723 -0.611672 -0.788212
1 10.372 10.7437 1.61242 -0.501666 -0.304664 -0.809636
1 15.23 14.6934 1.73909 -0.34206 -0.369963 0.863784
1 19.7696 25.8479 1.75308 -0.485664 0.550493 0.679035
1 13.8409 32.8905 1.75626 -0.0224104 -0.461752 0.886726
1 32.1995 12.4366 1.76063 0.0184332 -0.388066 0.921447
1 29.4139 24.3832 1.62307 -0.692701 0.445239 -0.567386
1 29.4254 34.5674 1.75928 0.0815337 0.398476 0.913547
1 14.9693 3.73794 1.78256 -0.638276 -0.571878 0.515325
1 30.8389 6.86333 1.62722 0.437141 0.535559 -0.722554
1 31.0555 22.2917 1.60494 0.378827 -0.55702 -0.739066
1 3.03371 4.17587 1.61664 -0.311962 -0.568667 -0.761116
1 19.47 9.73291 1.74408 0.124206 0.381031 0.916181
1 31.0804 23.9247 1.61825 -0.704991 0.148478 -0.6935
1 29.7336 32.3131 1.75158 0.571002 0.264306 0.777238
1 28.4662 9.7685 1.61211 0.122335 -0.423978 -0.897372
1 22.0247 24.5597 1.75709 0.559858 -0.48454 0.672146
1 22.2921 31.4896 1.75612 0.272262 0.754917 0.596635
1 9.89509 29.8166 1.7592 -0.375246 0.399075 0.836618
1 16.3023 12.4906 1.76006 -0.118443 -0.166387 0.978921
1 9.04143 16.9607 1.6085 0.188885 0.00573366 -0.981982
1 31.4206 10.8329 1.7555 0.322493 -0.491707 0.80884
1 3.68136 26.2055 1.76281 0.301228 -0.579462 0.757288
1 32.4423 3.55021 1.61384 -0.206869 0.282627 -0.936657
1 15.2763 17.1748 1.7555 -0.553138 -0.43141 0.712688
1 27.0562 18.2384 1.60714 -0.115325 -0.0230129 -0.993061
1 17.0529 15.1147 1.7631 -0.376396 -0.0457692 0.925328
1 11.9146 1.38041 1.61966 -0.307586 -0.520382 -0.796614
1 17.1697 16.1425 1.75306 -0.50392 -0.0503901 0.862279
1 27.6079 34.0502 1.76153 0.225095 0.114088 0.967634
1 0.472995 14.6949 1.76086 -0.401246 0.142289 0.904851
1 14.1486 4.01228 1.59243 -0.0819479 -0.75675 -0.648548
1 16.199 2.92137 1.7567 -0.55847 -0.142332 0.817223
1 18.1811 29.7747 1.75048 0.44143 0.139475 0.88639
1 6.34662 7.39258 1.61399 0.635651 0.367916 -0.678665
1 15.3147 28.5213 1.75938 0.612385 -0.238629 0.753685
1 18.012 18.0409 1.75592 -0.776435 0.00630778 0.630165
1 19.7 20.2238 1.61455 -0.448864 -0.544091 -0.708863
1 8.19574 10.1599 1.60987 -0.606123 0.0100294 -0.795307
1 17.5548 17.0949 1.75432 -0.637994 -0.0136038 0.769921
1 8.75937 31.7541 1.7361 -0.746147 0.179857 0.641027
1 22.2712 1.14356 1.64881 0.371003 -0.649871 0.663344
1 7.38199 16.5344 1.60974 0.128019 0.257814 -0.957676
1 12.2332 6.57106 1.61028 0.415763 -0.372181 -0.829833
1 6.73802 32.678 1.64871 -0.78876 0.0569784 -0.612055
1 25.2773 12.2526 1.61064 0.418983 0.0703534 -0.905264
1 22.4607 22.3806 1.65298 0.561355 0.381999 -0.734138
1 23.2248 1.33127 1.73426 0.0323234 -0.527127 0.849171
1 5.25076 0.962296 1.60835 -0.202768 0.357701 -0.911556
1 6.04289 24.3982 1.7473 0.502226 -0.305406 0.809009
1 21.158 14.3826 1.75295 -0.167547 0.670946 0.72233
1 32.9875 9.37442 1.75479 0.688543 -0.22363 0.689854
1 13.5014 12.9153 1.7467 -0.224568 -0.718653 0.658108
1 26.7104 8.84844 1.60744 -0.0567134 -0.142238 -0.988206
1 5.72841 33.5036 1.60889 -0.595869 0.239218 -0.766625
1 26.6447 9.89235 1.60901 0.0860815 -0.134261 -0.9872
1 10.3371 23.5112 1.75148 0.56575 0.36665 0.738576
1 7.56941 13.3835 1.60862 -0.202567 0.173135 -0.963842
1 14.6877 26.9311 1.61585 0.737845 0.154954 -0.656943
1 4.79545 17.1759 1.63528 0.402678 0.693435 -0.597493
1 9.78854 4.91522 1.60858 0.151835 -0.0882672 -0.984457
1 34.4118 30.7038 1.60023 0.44418 -0.36201 -0.819544
1 0.753198 7.70924 1.60922 0.523625 -0.239257 -0.817663
1 16.1385 10.4032 1.7602 0.10011 -0.203147 0.974017
1 27.5375 8.18499 1.60808 -0.137576 -0.282338 -0.949399
1 30.3243 2.07732 1.76524 -0.253375 0.696077 0.671772
1 16.0721 21.2676 1.60817 -0.279214 0.000610527 -0.960229
1 0.3748 11.79 1.75995 0.115558 0.0487888 0.992102
1 24.8766 27.338 1.75905 0.0556875 -0.010694 0.998391
1 23.5009 7.80645 1.60949 -0.215662 0.364868 -0.905738
1 29.148 16.7509 1.61053 -0.314487 -0.239377 -0.918584
1 19.8661 0.330287 1.75188 -0.20814 0.393963 0.895249
1 22.0879 9.92715 1.61029 0.0892473 0.676434 -0.731076
1 24.6035 7.89307 1.61014 -0.206962 0.164981 -0.964338
1 17.5472 24.5544 1.60982 0.282291 -0.158573 -0.946132
1 0.661919 31.1683 1.59637 0.406011 -0.574295 -0.710873
1 28.8269 32.8424 1.76064 0.393669 0.224213 0.891489
1 31.6384 9.69128 1.75174 0.538622 -0.45235 0.71082
1 8.277 26.3588 1.75967 0.181385 0.109446 0.977303
1 24.0187 0.717601 1.75107 0.054754 -0.355088 0.933228
1 12.519 4.25319 1.60846 0.0118411 -0.491772 -0.870644
1 3.36388 8.69182 1.76286 0.435162 0.500544 0.748391
1 32.1248 31.2386 1.61716 0.549742 0.0431782 -0.834218
1 23.9959 9.84163 1.60964 0.0475755 0.306974 -0.950528
1 23.6995 29.9777 1.76182 -0.438903 -0.291031 0.850097
1 3.12138 5.40286 1.61713 -0.0674009 -0.620866 -0.781014
1 8.13098 29.1926 1.75738 -0.277739 0.143597 0.949864
1 18.6189 6.63982 1.75516 0.481217 0.257786 0.837841
1 29.3978 9.23402 1.61483 0.053324 -0.577755 -0.814467
1 4.00407 17.565 1.75784 0.540341 0.456237 0.707021
1 2.87472 13.0173 1.75257 -0.0651272 0.560137 0.825836
1 24.7511 14.9628 1.60771 0.807574 0.112708 -0.578897
1 30.174 9.92734 1.60823 0.188012 -0.696336 -0.692653
1 14.6899 8.04834 1.74479 0.435829 -0.481001 0.760718
1 20.383 33.8974 1.75415 -0.121071 0.46928 0.87471
1 1.05935 3.34441 1.62245 -0.287446 -0.305413 -0.907798
1 5.61663 26.4919 1.75147 0.170479 -0.287647 0.942441
1 2.15331 32.3106 1.76664 0.400058 -0.487824 0.775874
1 22.517 19.1143 1.61163 -0.0478831 0.564738 -0.82388
1 7.32465 26.5792 1.75938 0.150143 -0.0298479 0.988214
1 1.23356 23.2215 1.75523 -0.484541 -0.038924 0.873902
1 25.6552 33.9901 1.76001 0.278359 -0.146917 0.949174
1 1.91732 22.4167 1.75774 -0.321884 0.0466896 0.945627
1 12.4927 22.7297 1.61096 -0.0512298 0.591044 -0.805011
1 9.18328 26.0293 1.75735 0.226521 0.243966 0.942958
1 23.0335 9.91852 1.61154 0.0409951 0.497929 -0.866249
1 18.2326 0.553953 1.75709 -0.24249 0.149073 0.958632
1 3.77847 12.6095 1.7675 -0.0459705 0.744768 0.665738
1 16.9581 23.8064 1.60693 0.159671 -0.0843298 -0.983562
1 30.27 24.918 1.60232 -0.552442 0.370081 -0.746892
1 0.690282 29.8547 1.60438 0.253446 -0.543388 -0.800309
1 9.23805 8.33877 1.61724 0.743765 0.0588688 -0.665844
1 13.0811 28.5708 1.74808 0.568459 -0.595925 0.567211
1 22.5731 6.13391 1.64075 -0.386626 0.477532 -0.788976
1 26.1787 17.7113 1.61112 -0.188808 0.0980783 -0.977104
1 2.30288 33.8512 1.75846 -0.0865302 0.510733 0.855374
1 31.8989 27.1686 1.60796 -0.169861 0.0863132 -0.981681
1 8.41435 24.1013 1.75623 0.502237 0.0591894 0.862702
1 2.42464 19.6701 1.75966 0.178297 0.0780323 0.980878
1 31.7136 2.99768 1.63136 -0.336077 0.427929 -0.839005
1 32.237 13.4668 1.75533 -0.187132 -0.356617 0.915317
1 23.3618 33.381 1.76473 0.319249 -0.587939 0.743242
1 21.5628 12.6603 1.71807 0.021865 0.835327 0.549319
1 13.489 11.4912 1.75131 -0.0463771 -0.633631 0.772244
1 7.52719 34.4784 1.61237 -0.438973 0.0234823 -0.898193
1 0.659151 27.9121 1.62303 -0.00504493 -0.529834 -0.848087
1 28.4163 0.206615 1.75939 0.0659824 0.264002 0.962263
1 27.2548 7.17755 1.60946 -0.298458 -0.257841 -0.918934
1 25.4417 13.1755 1.6242 0.558491 0.00737106 -0.829478
1 24.0777 29.1146 1.7562 -0.286216 -0.194414 0.938234
1 27.9965 30.5539 1.759 -0.719635 0.275866 0.6372
1 14.4858 33.8278 1.75507 -0.13206 -0.36055 0.923344
1 1.62348 6.47872 1.60936 0.247055 -0.378159 -0.892166
1 12.5862 17.1416 1.60922 0.108025 -0.595738 -0.795881
1 2.4529 18.7085 1.7596 0.351166 0.0836173 0.932572
1 13.9977 7.43477 1.75127 0.493072 -0.638533 0.590894
1 32.6147 19.7271 1.7544 0.0772761 -0.740958 0.667091
1 18.0176 11.4461 1.75915 0.0219477 0.112068 0.993458
1 20.054 5.59784 1.77179 0.587306 0.490379 0.643894
1 11.5039 10.5328 1.6195 -0.552832 -0.476832 -0.68338
1 11.4533 15.2685 1.60523 -0.0330397 -0.429379 -0.90252
1 20.876 0.191387 1.74009 -0.280072 0.559491 0.780083
1 30.5358 28.9114 1.61331 0.116136 0.344007 -0.931757
1 10.9615 4.20878 1.60799 0.0245144 -0.273254 -0.96163
1 28.8363 31.4095 1.72362 0.768544 0.097907 0.632261
1 34.0217 11.5535 1.76273 0.159428 -0.0982456 0.982309
1 33.9028 15.3938 1.75371 -0.550915 -0.0361581 0.833777
1 9.19625 30.7692 1.76297 -0.562211 0.303506 0.769287
1 10.7428 3.06973 1.6095 -0.0883967 -0.278445 -0.956376
1 30.4125 19.6404 1.61337 0.148848 -0.444922 -0.883113
1 5.13638 19.1974 1.74802 0.347199 0.576966 0.739299
1 6.83713 25.0357 1.75963 0.402657 -0.14417 0.903926
1 7.7021 12.3221 1.60427 -0.323962 0.139 -0.935803
1 23.0228 27.0973 1.75794 0.0937025 -0.33331 0.938149
1 17.4372 22.9041 1.60792 0.0120756 -0.170855 -0.985222
1 24.7934 29.9901 1.76009 -0.455005 -0.0813953 0.886761
1 30.9092 0.704277 1.76937 -0.0930214 0.736876 0.669597
1 13.8625 9.10925 1.74731 0.299931 -0.619015 0.725852
1 8.67505 28.188 1.75917 -0.105786 0.20298 0.973452
1 17.8486 8.1333 1.75766 0.344865 0.0956478 0.933766
1 13.2345 3.50575 1.62403 -0.0901355 -0.623045 -0.776975
1 17.3754 2.47907 1.76277 -0.512037 0.0406769 0.857999
1 4.02087 5.06894 1.61298 -0.249135 -0.750302 -0.612355
1 14.4853 5.34067 1.59713 0.271176 -0.705093 -0.655215
1 3.02665 22.3047 1.75863 -0.282205 0.234142 0.930343
1 19.4684 31.4356 1.75746 0.202065 0.314717 0.927428
1 32.3608 6.04377 1.60732 0.258025 0.273366 -0.926657
1 3.94393 28.4145 1.75607 -0.127707 -0.531848 0.837155
1 17.3378 1.02877 1.7595 -0.296666 0.020938 0.954752
1 27.9168 29.5242 1.7573 -0.432701 0.462527 0.773847
1 1.52422 14.9425 1.75657 -0.468698 0.321095 0.822934
1 32.1046 30.2833 1.60971 0.376097 0.0602281 -0.924621
1 10.7724 18.3315 1.60948 0.34188 -0.270838 -0.899869
1 23.1621 2.44482 1.76536 -0.187548 -0.445626 0.875353
1 11.4941 7.53085 1.6134 0.578033 -0.256229 -0.774741
1 11.6994 17.7836 1.61284 0.240885 -0.432503 -0.868859
1 7.89941 18.3304 1.6115 0.350723 0.238621 -0.905568
1 28.7025 20.3888 1.60759 0.234427 -0.19433 -0.952512
1 25.863 9.35924 1.60688 0.00592648 -0.0120818 -0.999909
1 16.2245 11.4871 1.76162 -0.0156137 -0.1818 0.983212
1 9.60575 24.3377 1.75498 0.468758 0.27138 0.840606
1 22.0589 26.8776 1.76124 0.13848 -0.499764 0.85502
1 1.15368 4.34959 1.61798 -0.109889 -0.291334 -0.950289
1 2.14956 24.9864 1.59302 0.751172 -0.213292 -0.624698
1 31.6146 24.8753 1.61147 -0.549347 0.0732562 -0.832377
1 4.10338 18.668 1.75135 0.363362 0.374094 0.853242
1 9.64382 14.5545 1.60711 -0.0498257 -0.11697 -0.991885
1 3.40185 14.0085 1.75352 -0.243709 0.659904 0.710727
1 13.2386 31.7569 1.74834 0.135511 -0.549305 0.824561
1 26.5444 7.86132 1.60926 -0.194296 -0.12979 -0.972319
1 18.1986 28.7936 1.75465 0.610401 0.170092 0.773615
1 6.39983 16.619 1.61075 0.203049 0.4039 -0.891984
1 33.3147 5.83642 1.61097 0.221306 0.116598 -0.968209
1 21.1311 1.23971 1.66746 -0.462029 0.622683 0.631502
1 15.3692 19.5416 1.61382 -0.574815 0.0792893 -0.814433
1 13.5214 17.8643 1.62729 0.278847 -0.736835 -0.615888
1 32.0705 0.859759 1.59823 -0.60876 0.425524 -0.669582
1 31.4456 28.5042 1.61003 0.0483513 0.177135 -0.982998
1 27.3509 19.1738 1.60674 0.0321851 -0.0407318 -0.998652
1 5.03483 11.304 1.61259 -0.401106 0.634806 -0.660405
1 20.3221 17.0256 1.75029 -0.581125 0.470006 0.664371
1 26.3266 14.6779 1.64931 0.77087 -0.266556 -0.578539
1 19.1428 3.81902 1.76431 -0.670972 0.313076 0.672146
1 31.7553 19.3403 1.60453 0.163557 -0.714208 -0.680556
1 31.6431 15.3146 1.75638 -0.543099 -0.458462 0.70346
1 1.30709 13.9655 1.75875 -0.276659 0.281393 0.918846
1 3.03487 24.1514 1.7582 -0.601275 0.335319 0.725278
1 22.92 13.5606 1.61144 0.457179 0.438008 -0.774039
1 5.50428 30.5137 1.75543 -0.486537 -0.237773 0.840682
1 32.8525 27.0191 1.60592 -0.186868 -0.0992148 -0.977362
1 8.09048 27.363 1.75967 0.0241745 0.10067 0.994626
1 7.69678 8.0866 1.60961 0.699773 0.174754 -0.692661
1 19.8596 10.8113 1.75326 0.00104876 0.421712 0.906729
1 26.1755 16.7137 1.61212 -0.356252 0.115194 -0.927262
1 1.72748 24.1061 1.75437 -0.62201 0.0965767 0.777031
1 16.9426 32.5671 1.7594 0.0504778 -0.0162925 0.998592
1 27.1191 26.0556 1.7642 0.266986 0.456703 0.848611
1 26.311 27.8595 1.75799 -0.0436767 0.236829 0.970569
1 7.0558 10.5924 1.60545 -0.533547 0.209516 -0.819409
1 9.10239 3.66215 1.60945 0.0375294 -0.0368804 -0.998615
1 1.41821 19.5418 1.76142 0.178972 -0.092799 0.979468
1 17.6367 25.5136 1.6103 0.457677 -0.165352 -0.873608
1 23.635 10.878 1.61094 0.183028 0.366973 -0.912048
1 15.7073 7.38988 1.74434 0.458208 -0.265029 0.848414
1 28.0948 16.9946 1.60902 -0.267817 -0.0969384 -0.958581
1 32.6086 22.6245 1.7499 -0.39823 -0.626178 0.670309
1 17.4811 18.8543 1.60971 -0.739774 -0.225669 -0.633883
1 11.5835 22.2805 1.78613 0.125154 -0.726404 0.675776
1 14.5401 1.37981 1.76047 -0.430399 -0.437044 0.789778
1 2.42251 23.2528 1.75942 -0.454828 0.163203 0.875498
1 6.12188 1.37451 1.61101 -0.159288 0.238328 -0.958033
1 33.0551 7.65645 1.62812 0.602953 0.131492 -0.786866
1 18.0324 27.7835 1.74311 0.788453 0.129261 0.601359
1 8.93015 17.9704 1.60682 0.306107 0.0472811 -0.950822
1 25.1486 17.2077 1.61182 -0.304911 0.20449 -0.930168
1 4.23247 15.7817 1.61898 0.0987421 0.739083 -0.666337
1 8.69239 0.449333 1.60783 -0.356743 -0.122148 -0.926182
1 1.39724 31.7581 1.6138 0.5463 -0.655959 -0.52084
1 16.3556 0.739661 1.7632 -0.279399 -0.122683 0.952305
1 29.42 19.5902 1.60607 0.127239 -0.300545 -0.945242
1 5.29907 16.2934 1.61358 0.237694 0.591745 -0.770285
1 8.58946 21.5169 1.62127 0.724029 0.0646305 -0.686735
1 32.8241 34.1552 1.63688 -0.84413 0.3098 0.437571
1 2.20447 5.54614 1.60861 0.0403714 -0.471356 -0.881019
1 31.8599 17.9035 1.60996 -0.0772846 -0.685082 -0.724355
1 12.4839 34.059 1.73452 -0.246656 -0.688374 0.68213
1 25.1019 29.0605 1.7589 -0.272663 -0.0070922 0.962084
1 6.31403 6.35662 1.60954 0.466719 0.396657 -0.790466
1 29.8064 26.0969 1.60968 -0.328289 0.560205 -0.760524
1 12.5259 5.47577 1.6068 0.214645 -0.4501 -0.866797
1 28.0665 22.0012 1.60926 0.473432 -0.0724885 -0.877842
1 34.3283 27.9096 1.61027 -0.0220316 -0.366017 -0.930347
1 28.9109 6.7822 1.61929 -0.348229 -0.527651 -0.774804
1 28.9856 5.63413 1.61987 -0.533084 -0.580518 -0.615484
1 8.19617 14.2024 1.60792 -0.11529 0.0862465 -0.989581
1 29.688 11.3552 1.60847 0.370061 -0.671438 -0.642049
1 30.5085 11.6435 1.75072 0.220439 -0.701269 0.677959
1 13.4274 6.03101 1.60777 0.317609 -0.532126 -0.784835
1 18.9201 12.0488 1.76372 -0.0151387 0.285591 0.958232
1 17.7645 4.29654 1.76817 -0.782799 0.0370684 0.621169
1 32.5664 21.2139 1.75713 -0.145726 -0.705151 0.69392
1 9.0155 27.0933 1.76072 0.0660021 0.239237 0.968715
1 21.444 29.8552 1.73788 0.44432 0.726938 0.523585
1 13.3886 16.3986 1.61651 -0.00569791 -0.758265 -0.651921
1 18.4842 16.4048 1.76074 -0.527288 0.169325 0.832645
1 34.1605 25.8408 1.6108 -0.390575 -0.369711 -0.843069
1 27.2129 28.0822 1.75696 -0.0968263 0.405117 0.909123
1 4.68884 26.2875 1.76037 0.252187 -0.427984 0.867889
1 0.00161978 17.2483 1.75568 0.629038 -0.31648 0.710036
1 3.91396 2.51013 1.6554 0.164209 0.593371 -0.788001
1 25.0616 2.05933 1.75963 -0.20512 -0.183601 0.961362
1 4.34588 14.3427 1.60835 -0.172342 0.726402 -0.665311
1 22.1399 17.9484 1.61264 -0.274839 0.599424 -0.751767
1 16.0355 29.1926 1.73892 0.50228 -0.163255 0.849154
1 7.01299 18.7802 1.61608 0.381831 0.462189 -0.800367
1 30.8293 4.88785 1.60382 0.0690439 0.56758 -0.820418
1 15.3295 12.1565 1.7562 -0.12297 -0.34307 0.931226
1 17.7932 9.18706 1.76059 0.221956 0.0772902 0.971989
1 5.43505 2.09131 1.61355 -0.0127385 0.340681 -0.940093
1 7.09558 1.56238 1.6073 -0.168915 0.105769 -0.979939
1 13.5089 34.0019 1.7496 -0.179838 -0.518092 0.836205
1 23.6376 22.2122 1.61635 0.504195 0.283463 -0.815743
1 34.0302 29.8232 1.61901 0.304906 -0.290897 -0.906869
1 12.9671 2.15121 1.63225 -0.311553 -0.693118 -0.650017
1 11.9972 30.0932 1.70361 0.427309 -0.6956 0.577536
1 23.7138 34.3704 1.75956 0.209227 -0.438548 0.874014
1 16.4086 23.0119 1.60683 0.0263591 -0.0132417 -0.999565
1 28.3735 19.397 1.60703 0.0839501 -0.161751 -0.983254
1 27.6175 20.1239 1.60664 0.182503 -0.0579391 -0.981497
1 14.4243 23.3741 1.60812 0.0798419 0.299961 -0.950604
1 12.3355 21.4672 1.6072 -0.271544 0.605885 -0.747775
1 3.96737 29.6672 1.75663 -0.299033 -0.486689 0.8208
1 11.7303 34.606 1.61119 -0.456986 -0.674188 -0.580202
1 34.3351 20.6988 1.75652 -0.0599294 -0.389846 0.918928
1 11.2655 31.4647 1.75958 0.163817 -0.819616 0.548994
1 11.949 32.5168 1.75778 -0.0144515 -0.737532 0.675158
1 17.2249 13.0586 1.75878 -0.147915 -0.00479327 0.988988
1 4.13326 22.0609 1.75355 -0.219354 0.40409 0.888029
1 25.4331 2.9961 1.75783 -0.387217 -0.128234 0.913027
1 19.8749 12.3469 1.75305 0.0547214 0.475179 0.878186
1 26.8324 27.0361 1.75715 0.105456 0.351582 0.930198
1 32.8095 2.61309 1.60982 -0.354409 0.19096 -0.915384
1 9.96762 25.4697 1.75718 0.312531 0.366409 0.876395
1 24.076 13.9546 1.60672 0.596569 0.21471 -0.773308
1 33.0744 14.1009 1.75647 -0.295013 -0.207114 0.932776
1 3.34445 19.2534 1.75796 0.264362 0.236249 0.93504
1 14.9615 24.2941 1.60724 0.235194 0.229104 -0.944561
1 25.7604 21.2496 1.61013 0.369048 0.131032 -0.920127
1 16.1845 14.4782 1.7665 -0.315284 -0.202156 0.927216
1 32.2398 11.3767 1.75624 0.229148 -0.368522 0.900935
1 21.1011 17.6245 1.73814 -0.615532 0.618236 0.488779
1 28.1073 28.3682 1.76565 -0.165708 0.566823 0.807002
1 23.1796 14.7091 1.61116 0.669981 0.388558 -0.632573
1 22.0961 5.31637 1.58846 -0.495832 0.542128 -0.678416
1 4.99601 27.3458 1.75314 0.047515 -0.384102 0.922067
1 1.50398 21.5035 1.76033 -0.161876 -0.0508735 0.985499
1 7.06687 11.5794 1.60791 -0.400688 0.235097 -0.885538
1 11.7332 16.6074 1.60692 0.0901463 -0.432814 -0.896965
1 20.4003 24.0285 1.6018 0.140891 -0.629997 -0.76371
1 5.20405 20.3837 1.75939 0.108454 0.534412 0.838237
1 7.8087 4.23351 1.60709 0.137801 0.160976 -0.977291
1 9.60246 34.5192 1.60895 -0.454014 -0.272642 -0.848256
1 17.686 30.6104 1.75831 0.321436 0.0849513 0.943113
1 18.7293 8.80066 1.75671 0.25728 0.257731 0.931333
1 25.3396 14.1041 1.61214 0.688407 -0.021075 -0.725018
1 0.00238998 9.16085 1.76496 0.693535 -0.124608 0.709564
1 26.1097 2.22858 1.75626 -0.252811 -0.0179553 0.967349
1 33.7435 23.5594 1.74937 -0.630936 -0.407182 0.660396
1 34.2257 7.29344 1.61441 0.513383 -0.0418948 -0.857136
1 28.41 2.04793 1.75471 -0.23274 0.333303 0.913642
1 4.12402 10.9378 1.754 -0.00254785 0.737164 0.675709
1 10.7325 8.49084 1.60755 0.721711 -0.12622 -0.68059
1 14.4115 12.5201 1.74761 -0.160988 -0.517533 0.840383
1 20.4111 9.77129 1.74479 0.107645 0.560819 0.820911
1 5.84067 28.9567 1.75797 -0.230501 -0.204755 0.951286
1 19.7018 16.2687 1.75536 -0.483141 0.378869 0.789324
1 4.56369 3.99862 1.62569 0.312507 0.624689 -0.715613
1 33.045 12.9943 1.75981 -0.0954876 -0.232424 0.967916
1 4.29184 19.7786 1.75755 0.192888 0.402992 0.894646
1 18.4044 31.3846 1.75766 0.199741 0.167383 0.965446
1 11.3624 2.24576 1.61394 -0.197296 -0.399849 -0.895095
1 31.2411 26.5217 1.61452 -0.280111 0.210325 -0.936644
1 23.1567 18.1209 1.61192 -0.222029 0.458945 -0.860274
1 12.4307 31.1333 1.76239 0.218665 -0.673227 0.706364
1 21.421 4.11645 1.76359 -0.161061 0.223584 0.961285
1 9.92948 26.7623 1.75846 0.121953 0.385679 0.914538
1 17.6269 26.4923 1.60161 0.627104 -0.128849 -0.768205
1 30.193 29.921 1.61188 0.301183 0.419725 -0.856224
1 9.15304 19.8733 1.61801 0.526812 0.00317498 -0.849976
1 10.7881 6.76251 1.61664 0.448319 -0.173853 -0.876804
1 2.37752 1.2088 1.78579 -0.379671 -0.621696 0.685087
1 28.5065 8.64835 1.60985 -0.0585237 -0.44002 -0.896079
1 15.3913 0.956188 1.75458 -0.346961 -0.268584 0.898599
1 1.88445 11.1188 1.75569 0.202104 0.237536 0.950121
1 24.2229 7.01611 1.60762 -0.324437 0.195664 -0.925449
1 5.70533 25.4537 1.75326 0.337522 -0.296259 0.893482
1 16.314 13.4913 1.76246 -0.210079 -0.165559 0.963565
1 26.2436 11.7494 1.61026 0.347146 -0.0678007 -0.935357
1 0.546499 20.0863 1.75901 0.0586677 -0.242486 0.968379
1 9.39592 1.81789 1.60923 -0.187896 -0.129555 -0.973607
1 3.54404 23.0702 1.73376 -0.403883 0.349574 0.845385
1 30.3042 26.928 1.63173 -0.227686 0.408274 -0.884009
1 9.53679 12.6826 1.60711 -0.256795 -0.15502 -0.953952
1 1.35936 28.7478 1.60104 0.051893 -0.704699 -0.707606
1 30.6969 3.66851 1.60588 -0.223538 0.624439 -0.748403
1 18.8792 32.2961 1.76045 0.0798432 0.245346 0.966142
1 25.3893 24.5932 1.75672 0.561224 0.0784201 0.82394
1 32.4591 24.1321 1.61899 -0.68434 -0.137728 -0.716037
1 2.76022 2.67034 1.7508 0.643529 0.596221 -0.479991
1 16.5283 25.9107 1.61727 0.537788 0.023324 -0.842758
1 18.125 34.1907 1.75779 -0.129862 0.130415 0.982918
1 23.0079 17.0016 1.6033 -0.464151 0.433894 -0.772205
1 15.3177 13.2985 1.7529 -0.249665 -0.348157 0.903579
1 9.16775 10.902 1.61015 -0.492571 -0.122985 -0.861538
1 15.9279 8.35296 1.76065 0.340064 -0.243125 0.908431
1 30.0445 18.6281 1.60795 -0.00769066 -0.401889 -0.915656
1 4.53699 23.2931 1.75801 -0.552918 0.462812 0.692883
1 32.8774 32.0012 1.75108 0.927395 -0.217333 0.304476
1 34.486 21.872 1.75806 -0.264521 -0.330408 0.906013
1 25.5309 5.81425 1.61429 -0.562611 -0.068965 -0.82384
1 8.49962 34.0171 1.60914 -0.513778 -0.117918 -0.849781
1 14.2534 16.2593 1.75013 -0.391737 -0.693886 0.604205
1 18.0508 15.5369 1.7565 -0.410503 0.121029 0.903791
1 14.4691 13.7411 1.73215 -0.281059 -0.512386 0.811459
1 14.4833 25.1613 1.60923 0.388709 0.311247 -0.867197
1 8.41079 1.54848 1.60916 -0.202169 -0.0101539 -0.979298
1 2.49978 20.6192 1.76091 0.0101094 0.0975601 0.995178
1 8.51385 12.8988 1.60744 -0.238674 0.0198119 -0.970898
1 33.4627 20.1822 1.76363 0.0226613 -0.558614 0.829118
1 33.9276 13.4685 1.75937 -0.185307 -0.0711645 0.9801
1 10.1421 13.5986 1.60572 -0.149292 -0.220813 -0.963822
1 21.7304 8.531 1.60367 -0.0571111 0.749859 -0.659128
1 7.83809 15.2478 1.60717 0.0126348 0.166879 -0.985896
1 18.7261 25.7105 1.60996 0.505035 -0.346315 -0.790573
1 16.302 20.3396 1.61056 -0.441189 -0.0542893 -0.895771
1 15.8618 22.2106 1.6065 -0.11073 0.0530726 -0.992432
1 21.327 10.7055 1.75227 0.182945 0.825884 0.533335
1 34.1985 8.22565 1.61573 0.699438 -0.0811076 -0.710076
1 10.5525 34.1068 1.61149 -0.469726 -0.452684 -0.757915
1 25.7924 1.34953 1.75954 -0.0925346 -0.0738825 0.992965
1 6.09167 20.7536 1.5923 -0.0909673 -0.684149 -0.723647
1 12.153 28.27 1.74442 -0.266636 0.685195 0.6778
1 26.7843 6.03459 1.60881 -0.507168 -0.199273 -0.838493
1 24.4596 28.2384 1.75798 -0.119464 -0.101213 0.987666
1 1.58672 30.2363 1.60439 0.191193 -0.735152 -0.650382
1 27.9301 1.21414 1.76106 -0.0986935 0.228169 0.968606
1 0.888294 10.9222 1.75552 0.285139 0.0765644 0.955423
1 16.9488 28.424 1.73928 0.669085 -0.0651656 0.740323
1 3.42349 21.3179 1.75773 -0.0909189 0.267897 0.959148
1 12.2944 2.81889 1.60977 -0.196332 -0.54579 -0.814596
1 3.38559 0.132429 1.61465 -0.28487 0.637727 -0.715649
1 16.6361 1.73949 1.76127 -0.408265 -0.0790261 0.909436
1 32.4563 1.72455 1.62278 -0.469866 0.351504 -0.809735
1 18.5862 20.7036 1.61169 -0.349565 -0.368161 -0.861546
1 1.4892 20.5194 1.76043 0.00769592 -0.0712639 0.997428
1 18.9285 30.5312 1.75478 0.326009 0.228235 0.917402
1 0.282006 13.7442 1.7599 -0.235611 0.0981715 0.966876
1 5.60979 4.20969 1.61731 0.200423 0.451631 -0.869402
1 23.5496 19.1221 1.61449 -0.0208883 0.418848 -0.907816
1 0.203789 3.75918 1.61188 -0.183638 -0.15997 -0.96989
1 15.0662 21.6013 1.6066 -0.22558 0.168711 -0.959505
1 20.7546 5.08674 1.60169 0.239442 0.838851 -0.488873
1 7.79724 25.4632 1.75699 0.316967 -0.000899987 0.948436
1 6.44909 23.2895 1.74945 0.676832 -0.282549 0.679753
1 23.6786 21.1947 1.61558 0.331392 0.33648 -0.881454
1 9.09365 23.2928 1.75037 0.616987 0.15457 0.771644
1 28.6427 3.04418 1.75967 -0.400095 0.366782 0.839878
1 14.6912 29.6216 1.76427 0.430306 -0.361176 0.827278
1 31.1893 29.725 1.61068 0.26011 0.22881 -0.938077
1 1.61797 0.218735 1.59062 0.201524 0.657101 -0.726365
1 7.71016 0.798826 1.60676 -0.297472 0.0279649 -0.954321
1 18.2312 13.5546 1.75904 -0.164183 0.16831 0.971965
1 14.1849 21.1729 1.6093 -0.299693 0.303617 -0.904434
1 13.2984 20.7587 1.61653 -0.35409 0.436316 -0.827193
1 7.15617 27.5448 1.76051 -0.00227754 -0.0392871 0.999225
1 1.28414 5.37826 1.61799 0.0678647 -0.312707 -0.947422
1 19.0281 14.3604 1.75971 -0.20975 0.307851 0.928026
1 3.74378 33.3599 1.61148 -0.52049 0.636957 -0.568661
1 24.4829 8.8776 1.60778 -0.0740114 0.205744 -0.975803
1 12.9541 7.21154 1.60866 0.516177 -0.490929 -0.701819
1 21.1328 30.9453 1.75021 0.346845 0.573136 0.742438
1 33.827 28.8331 1.61122 0.130917 -0.255049 -0.958024
1 7.42585 33.4921 1.60458 -0.61882 0.0462606 -0.78417
1 32.4679 4.54086 1.60569 -0.0220864 0.268739 -0.96296
1 18.5722 33.288 1.75787 -0.0361247 0.202443 0.978628
1 33.2713 10.9259 1.75699 0.295191 -0.212043 0.931612
1 9.93159 17.6767 1.60803 0.261489 -0.11788 -0.957981
1 10.1585 5.97432 1.61073 0.300116 -0.122426 -0.946014
1 0.360879 4.83989 1.60937 0.00432501 -0.163349 -0.986559
1 10.6291 14.5936 1.60427 -0.0473419 -0.274618 -0.960387
1 22.6698 8.49122 1.77108 0.0776393 -0.566915 0.820109
1 5.96773 15.5902 1.60918 0.0919179 0.470049 -0.877841
1 21.6011 28.0074 1.76585 -0.05382 -0.602056 0.796638
1 32.776 15.0685 1.7524 -0.469365 -0.238669 0.850138
1 33.1878 26.1108 1.61203 -0.336524 -0.185195 -0.923285
1 27.5733 3.40469 1.76804 -0.522243 0.15862 0.837916
1 24.8896 1.06242 1.75747 -0.0224467 -0.217414 0.975821
1 30.5017 34.155 1.75882 0.0737459 0.51302 0.855203
1 24.3213 2.78477 1.758 -0.320985 -0.287286 0.902461
1 15.0222 15.6973 1.7617 -0.46433 -0.459465 0.757159
1 28.6374 33.8208 1.75811 0.232785 0.24831 0.940294
1 16.2198 16.6524 1.74185 -0.569153 -0.229768 0.789475
1 8.82175 25.0565 1.75611 0.368547 0.152012 0.917096
1 17.9388 32.5019 1.75866 0.0607393 0.114537 0.99156
1 31.2626 13.2178 1.75504 -0.135601 -0.526394 0.839358
1 33.277 3.94502 1.60791 -0.138565 0.123085 -0.982675
1 16.3515 4.01814 1.75079 -0.682419 -0.251936 0.686172
1 6.65916 30.8343 1.75048 -0.570168 -0.049641 0.820027
1 1.69347 10.1049 1.75177 0.384574 0.176355 0.906091
1 28.7983 23.6603 1.60746 0.714619 -0.168282 -0.67897
1 9.95509 21.782 1.60298 0.729937 -0.218311 -0.647713
1 24.6381 33.6719 1.76044 0.320483 -0.309046 0.895423
1 20.756 26.0341 1.59289 -0.372236 0.710078 -0.597686
1 20.2938 29.5035 1.7538 0.44264 0.536289 0.718654
1 25.4106 28.1325 1.75806 -0.0926863 0.0705058 0.993196
1 12.6174 13.3233 1.62934 -0.219413 -0.70736 -0.671938
1 0.0946776 22.9817 1.7551 -0.469333 -0.252729 0.846082
1 12.6535 27.0015 1.74886 0.024294 0.743078 0.668763
1 8.16207 3.32255 1.60675 0.0308359 0.0681966 -0.997195
1 15.1919 6.54863 1.74967 0.55969 -0.383719 0.734511
1 15.5259 30.0974 1.75702 0.362314 -0.219962 0.905729
1 20.6952 7.0326 1.76161 0.3302 0.705741 0.626815
1 30.776 32.9585 1.7551 0.333378 0.375304 0.864873
1 16.7358 30.9922 1.75812 0.253315 -0.0366232 0.96669
1 1.45848 16.9209 1.75402 0.708301 -0.104936 0.698068
1 7.22718 24.0672 1.7568 0.538976 -0.11973 0.833768
1 10.146 7.61657 1.61382 0.590922 -0.0517403 -0.805068
1 24.3499 5.96448 1.61723 -0.513322 0.145607 -0.845754
1 4.31856 20.888 1.75852 -0.0090952 0.412476 0.910923
1 21.913 34.5588 1.74771 -0.297959 0.723277 0.62297
1 23.6633 3.51152 1.76162 -0.406937 -0.408702 0.816924
1 29.1537 10.475 1.61492 0.255592 -0.537364 -0.803687
1 27.1061 17.2824 1.61837 -0.255855 -0.00883374 -0.966675
1 7.97035 19.5203 1.60706 0.480222 0.263778 -0.836546
1 24.9748 9.71804 1.61002 0.046063 0.129525 -0.990506
1 0.599486 9.95546 1.74876 0.492464 -0.0245113 0.869987
1 11.0653 11.6962 1.61099 -0.362796 -0.433267 -0.825021
1 19.2904 28.4899 1.74303 0.616264 0.393258 0.682325
1 28.9994 21.393 1.60885 0.378062 -0.216906 -0.900012
1 30.0335 27.9997 1.61663 -0.0367987 0.428251 -0.90291
1 19.1537 23.7179 1.61105 0.145896 -0.424934 -0.89339
1 5.60199 22.4281 1.74781 -0.340329 0.610723 0.714978
1 3.60085 25.0746 1.74234 0.536761 -0.581564 0.611286
1 11.6151 27.2017 1.74972 0.00456676 0.638039 0.769991
1 29.3138 8.01353 1.61445 -0.174544 -0.582808 -0.793643
1 22.5142 12.3632 1.60168 0.264882 0.630812 -0.729324
1 17.523 33.4193 1.76009 -0.0561716 0.0523715 0.997047
1 5.95562 17.5197 1.61974 0.359588 0.497247 -0.789583
1 29.6761 33.496 1.75759 0.260662 0.377565 0.888538
1 25.9362 22.2659 1.61409 0.547263 0.110063 -0.829692
1 7.94147 30.9794 1.7598 -0.579164 0.11878 0.806511
1 19.0486 1.06792 1.75904 -0.298412 0.277199 0.913297
1 29.938 0.939473 1.75586 -0.0624365 0.571815 0.818003
1 25.6956 0.368862 1.75942 0.0900253 -0.113054 0.989502
1 13.0574 10.2308 1.75552 0.105705 -0.727473 0.677945
1 25.5613 32.0055 1.75475 0.63094 -0.224062 0.742773
1 9.43093 20.8018 1.77147 -0.635394 0.0923095 0.766651
1 14.9697 2.63085 1.72523 -0.561661 -0.362291 0.74383
1 4.49964 33.9646 1.61117 -0.490044 0.468064 -0.735373
1 14.9912 9.01268 1.76422 0.29573 -0.420784 0.857604
1 26.1137 28.8152 1.75507 -0.22654 0.180751 0.957083
1 11.6288 25.856 1.75094 0.264371 0.673861 0.689942
1 6.55589 13.5751 1.61573 -0.164693 0.319852 -0.933044
1 28.8888 25.8718 1.59687 -0.16115 0.817618 -0.552749
1 2.07799 3.30603 1.61768 -0.405343 -0.448828 -0.796399
1 27.0243 29.144 1.74991 -0.299216 0.341665 0.890918
1 13.8011 30.5527 1.76827 0.270795 -0.474428 0.837609
1 27.8641 6.46601 1.61366 -0.414288 -0.352043 -0.839304
1 15.5953 25.1719 1.60962 0.38573 0.1446 -0.91121
1 8.8015 11.8976 1.60643 -0.363674 -0.048374 -0.930269
1 6.66838 0.528531 1.60759 -0.316973 0.171288 -0.932839
1 26.5889 34.4545 1.76065 0.186469 -0.00152863 0.98246
1 13.4559 23.0763 1.60797 0.0274949 0.454227 -0.890462
1 24.3657 30.8897 1.73637 -0.631336 -0.154476 0.759968
1 7.45112 7.04498 1.61335 0.535734 0.231348 -0.812076
1 25.8714 29.7579 1.75514 -0.407209 0.109344 0.906766
1 24.7838 0.0317068 1.76036 0.159765 -0.251027 0.954704
1 25.3179 18.2212 1.61077 -0.120537 0.196829 -0.973
1 21.5141 19.0785 1.61678 -0.0418188 0.706175 -0.706801
1 5.00069 29.5318 1.75495 -0.317729 -0.322007 0.891829
1 23.481 28.2217 1.7584 -0.111161 -0.277805 0.954184
1 20.8698 3.14633 1.75861 0.353071 -0.799455 0.486017
1 17.805 10.407 1.75683 0.113284 0.0802125 0.99032
1 19.7201 8.69635 1.73423 0.250337 0.441887 0.861433
1 1.35264 12.0282 1.75986 0.0654728 0.204708 0.976631
1 29.5999 3.32215 1.76163 -0.424327 0.558541 0.712726
1 29.3684 2.10891 1.75397 -0.227657 0.520535 0.822931
1 22.7809 20.2617 1.61246 0.155677 0.481862 -0.862307
1 8.35963 6.43949 1.61176 0.414036 0.112264 -0.903311
1 32.7949 8.53345 1.5986 0.784364 0.0861192 -0.614294
1 10.8752 16.1487 1.61224 0.0636529 -0.290825 -0.954656
1 1.78851 7.62858 1.77671 -0.450506 0.42598 0.784592
1 18.0547 12.5185 1.76001 -0.0724794 0.135645 0.988103
1 17.4306 31.6645 1.75775 0.164685 0.0434408 0.985389
1 0.822109 17.8484 1.75362 0.494954 -0.203184 0.84483
1 14.0071 25.9968 1.61218 0.544623 0.345365 -0.76427
1 23.2246 15.7564 1.77146 0.787355 -0.141287 0.600092
1 30.7895 14.2208 1.73731 -0.334454 -0.599064 0.727504
1 15.4864 23.4254 1.60635 0.0862539 0.127001 -0.988145
1 5.10918 15.0417 1.6141 -0.0160324 0.606516 -0.79491
1 21.6706 7.03727 1.60409 -0.229089 0.714765 -0.660779
1 9.26089 15.9512 1.60688 0.0696446 -0.031113 -0.997087
1 5.33669 34.5379 1.60795 -0.396181 0.327064 -0.857945
1 25.7777 27.0417 1.75781 0.112549 0.154167 0.981613
1 13.9651 14.6421 1.76402 -0.329198 -0.686716 0.648113
1 26.5363 13.5965 1.60052 0.611714 -0.234916 -0.755394
1 3.13283 27.396 1.75169 0.0313797 -0.690383 0.722763
1 5.08726 32.7599 1.61551 -0.71231 0.305762 -0.631763
1 27.8222 27.1817 1.75693 0.064574 0.540183 0.839066
1 12.1016 8.34963 1.61227 0.659434 -0.389195 -0.643175
1 20.8045 8.64998 1.76108 0.223755 0.707166 0.670708
1 14.4492 11.3672 1.75293 -0.000789266 -0.476782 0.879021
1 27.4432 24.8223 1.75549 0.457887 0.455565 0.763414
1 20.0004 1.41438 1.74315 -0.344368 0.449831 0.824053
1 31.5653 4.11691 1.61042 -0.108421 0.449112 -0.886873
1 5.09663 21.5401 1.76024 -0.140563 0.547784 0.824727
1 2.22821 27.7625 1.76222 -0.0449573 -0.833307 0.550979
1 24.8598 22.7997 1.61704 0.726051 0.165968 -0.667312
1 29.9605 22.9697 1.61973 0.574951 -0.37038 -0.729555
1 1.24981 26.8999 1.61939 -0.112545 -0.694442 -0.710693
1 10.7189 24.8589 1.75347 0.396792 0.484236 0.779789
1 19.2132 29.5476 1.74985 0.46788 0.327373 0.820923
1 27.4626 2.46014 1.75509 -0.320666 0.172733 0.931309
1 18.5552 9.84496 1.75841 0.147757 0.219471 0.964365
1 14.4673 18.7316 1.60968 -0.653896 0.252041 -0.713369
1 31.0137 18.6713 1.61898 0.0458185 -0.563694 -0.824712
1 2.4614 21.5636 1.76061 -0.155889 0.113269 0.981259
1 28.3323 15.1279 1.64232 -0.553231 0.0395382 -0.832089
1 33.2018 6.75742 1.61067 0.415996 0.129599 -0.900084
1 28.0571 18.3721 1.60542 -0.0772373 -0.131923 -0.988246
1 29.4907 28.9638 1.61759 0.112777 0.557296 -0.822619
1 2.7537 15.1553 1.75286 -0.452848 0.48239 0.749819
1 16.5948 19.4501 1.61788 -0.586346 -0.128224 -0.799848
1 31.3974 16.6641 1.61189 -0.334038 -0.585903 -0.738333
1 16.273 31.846 1.75948 0.138455 -0.0918705 0.986098
1 8.77591 18.9503 1.60839 0.415713 0.0886253 -0.905168
1 32.7812 25.148 1.61609 -0.516658 -0.165755 -0.839994
1 33.0538 11.9244 1.75771 0.101285 -0.243491 0.9646
1 3.12864 18.0288 1.75381 0.473497 0.228975 0.850512
1 24.1312 16.4052 1.60638 -0.510306 0.206185 -0.834911
1 11.1738 28.4388 1.72196 -0.176505 0.557823 0.810974
1 14.1276 22.2482 1.6078 -0.11462 0.328589 -0.937492
1 7.03655 19.9843 1.62131 0.568649 0.44744 -0.690243
1 10.0068 16.6485 1.60948 0.135457 -0.146863 -0.979838
1 17.0121 10.9284 1.75892 0.0542839 -0.0510411 0.99722
1 12.1459 11.7768 1.61764 -0.332746 -0.637844 -0.694575
1 5.60067 31.5483 1.74965 -0.676721 -0.213643 0.70456
1 22.6219 3.41428 1.75017 -0.275145 -0.602081 0.749529
1 33.8818 3.20766 1.60713 -0.258076 -0.0165157 -0.965983
1 0.232474 26.805 1.6137 -0.202101 -0.49258 -0.846475
1 10.3275 32.8833 1.62553 -0.669257 -0.429984 -0.605977
1 32.0588 6.97082 1.61107 0.435879 0.303751 -0.847198
1 26.0243 3.8804 1.74329 -0.565727 -0.0471856 0.823242
1 31.2962 6.02454 1.60696 0.283639 0.456966 -0.843049
1 11.7257 4.87984 1.60949 0.114017 -0.356121 -0.927458
1 25.6014 33.0006 1.75896 0.460255 -0.187639 0.867731
1 34.1943 6.357 1.60993 0.319079 -0.0294579 -0.94727
1 8.06673 11.1403 1.6098 -0.455041 0.0572487 -0.888628
1 2.02912 17.7454 1.74805 0.528291 -0.00431031 0.849053
1 0.597344 21.155 1.75944 -0.120123 -0.219591 0.968168
1 16.6434 24.9905 1.61087 0.36384 -0.0161713 -0.931321
1 17.155 14.0818 1.75978 -0.255879 -0.0126175 0.966627
1 31.3456 12.0401 1.75563 0.111357 -0.549026 0.828354
1 20.7532 19.9537 1.60743 0.289727 0.751729 -0.59242
1 26.9749 1.65627 1.75799 -0.160461 0.0982918 0.982136
1 5.77893 27.9082 1.76029 -0.0459311 -0.243334 0.968854
1 18.4984 3.04261 1.75368 -0.578963 0.194152 0.791901
1 17.1982 29.3086 1.74474 0.51552 0.00326806 0.856871
1 27.6751 5.41565 1.61138 -0.624506 -0.339772 -0.703241
1 34.0691 14.44 1.75885 -0.365612 -0.0360444 0.930069
1 15.2109 31.8987 1.7557 0.125107 -0.243958 0.961682
1 0.428544 5.8262 1.61136 0.186618 -0.170322 -0.967556
1 0.854489 22.2561 1.7586 -0.315574 -0.145036 0.937751
1 14.0455 28.9348 1.74879 0.549924 -0.423808 0.719702
1 30.1866 16.6055 1.60856 -0.349151 -0.397112 -0.848761
1 3.56445 1.31302 1.63512 -0.0606492 0.570468 -0.819077
1 10.1262 15.4877 1.60771 0.0338652 -0.165083 -0.985698
1 2.82223 16.942 1.75178 0.641719 0.164333 0.749127
1 28.555 4.13736 1.76089 -0.59504 0.316678 0.738676
1 24.384 11.6661 1.61136 0.317023 0.236789 -0.918383
1 22.0854 29.162 1.74613 -0.275595 -0.571514 0.772929
1 27.2132 4.30721 1.75509 -0.721852 0.0575072 0.689654
1 29.7558 20.5914 1.60783 0.272429 -0.35895 -0.892714
1 7.16238 3.18953 1.60879 0.0441141 0.186874 -0.981393
1 9.19416 29.0507 1.75435 -0.241766 0.288793 0.926363
1 32.1266 25.9717 1.61148 -0.374145 0.0166517 -0.927221
1 4.51265 1.69548 1.60845 -0.0191741 0.471455 -0.881682
1 10.8458 0.877311 1.61623 -0.35007 -0.373997 -0.858823
1 21.5336 21.4601 1.61248 0.40125 0.624226 -0.670328
1 19.4193 22.6203 1.61824 -0.0358516 -0.480422 -0.876304
1 7.05602 17.5967 1.61116 0.258481 0.327459 -0.908822
1 12.8841 32.9248 1.75138 -0.047044 -0.603682 0.795836
1 17.1623 11.9755 1.76004 -0.0491935 -0.0246182 0.998486
1 22.8109 30.3434 1.74761 -0.454426 -0.51226 0.728758
1 20.4817 31.6602 1.75174 0.202377 0.48131 0.852868
1 2.35493 14.1022 1.7559 -0.267162 0.467128 0.842862
1 21.0397 15.8051 1.75575 -0.376739 0.608906 0.69807
1 22.0082 2.35436 1.74705 0.117343 -0.57199 0.811824
1 21.386 33.5718 1.74603 -0.109292 0.6471 0.754531
1 13.3148 25.0064 1.61378 0.367439 0.49834 -0.785268
1 9.94394 11.7154 1.60884 -0.373872 -0.239603 -0.895997
1 15.6132 1.9638 1.76175 -0.461917 -0.237507 0.854531
1 28.3287 16.072 1.61903 -0.416841 -0.0912324 -0.90439
1 23.5087 32.307 1.58143 -0.508742 0.542524 -0.668468
1 14.1106 10.2809 1.75347 0.156323 -0.54882 0.821194
1 31.6131 21.0459 1.62155 0.17616 -0.754259 -0.632504
1 13.3483 0.534007 1.74863 -0.348164 -0.543517 0.763787
1 31.6673 7.85904 1.60905 0.589247 0.306772 -0.747448
1 13.4556 19.6059 1.62888 -0.520707 0.498999 -0.692722
1 6.06563 11.4041 1.61293 -0.409289 0.424882 -0.807439
1 11.008 29.7291 1.74596 -0.389214 0.588189 0.708905
1 25.1916 6.68355 1.6157 -0.401633 0.0316 -0.915255
1 27.0678 15.373 1.62237 -0.59885 0.279456 -0.750522
1 6.15795 14.5412 1.6087 -0.037513 0.389183 -0.920396
1 18.0988 1.68253 1.76137 -0.385548 0.133724 0.912946
1 20.5211 21.4937 1.61397 -0.303548 -0.710112 -0.635294
1 33.3234 4.90856 1.6081 0.0415475 0.116038 -0.992375
1 24.285 12.9139 1.61177 0.46466 0.222095 -0.857184
