1 18.1412 31.7161 1.7607 0.11379 0.13592 0.984163
1 28.0672 23.0833 1.61724 0.761639 -0.116977 -0.637355
1 13.7765 10.3511 1.75911 0.112898 -0.614312 0.780945
1 28.888 17.4162 1.60939 -0.180125 -0.296431 -0.937914
1 9.27402 25.2908 1.75973 0.371215 0.229066 0.899849
1 14.2797 16.2571 1.76755 -0.409794 -0.644195 0.645818
1 15.9967 26.0822 1.60936 0.520823 0.0422865 -0.852617
1 24.1388 18.5204 1.61151 -0.016851 0.328665 -0.944296
1 9.02641 0.655496 1.61016 -0.320442 -0.349445 -0.880457
1 33.3845 16.4366 1.75454 -0.614859 -0.208662 0.760532
1 16.6475 6.68124 1.75368 0.569163 -0.269962 0.776643
1 31.6442 12.5954 1.75743 0.0270642 -0.524567 0.850939
1 26.61 33.3661 1.7591 0.31663 0.0469094 0.947389
1 0.565349 8.70539 1.74579 0.740294 0.0489805 0.670496
1 14.9802 24.3726 1.60978 0.187978 0.196794 -0.962256
1 27.4513 20.3341 1.60865 0.294477 -0.106096 -0.949751
1 15.238 30.7088 1.76167 0.290678 -0.206567 0.934257
1 24.019 16.7319 1.6136 -0.30468 0.379581 -0.873549
1 22.2519 18.13 1.61437 -0.137406 0.603409 -0.785504
1 15.489 26.9575 1.60135 0.702695 0.117625 -0.701701
1 19.6288 31.7413 1.7597 0.098182 0.311464 0.945172
1 12.2337 23.7708 1.60901 0.0656165 0.633441 -0.771004
1 18.0232 0.513579 1.75689 -0.276593 0.153132 0.948708
1 30.8212 22.7901 1.69963 -0.668803 0.531362 0.519958
1 22.6792 0.0135384 1.70397 0.412823 -0.573868 0.707286
1 30.1805 8.49997 1.60911 -0.0125995 -0.531067 -0.847236
1 9.8488 20.5238 1.61158 0.574397 -0.0595682 -0.816407
1 9.36373 12.3999 1.6104 -0.342764 -0.146848 -0.927873
1 11.1431 6.49047 1.60788 0.251476 -0.104882 -0.962164
1 18.3365 9.71027 1.75501 0.223541 0.166137 0.960431
1 5.97264 15.9165 1.60849 0.068468 0.511214 -0.856722
1 7.98102 28.6115 1.75891 -0.133553 0.0951008 0.986468
1 6.9139 1.07866 1.60849 -0.243563 -0.0273835 -0.969499
1 19.2473 22.37 1.61069 -0.122915 -0.501079 -0.856628
1 13.0977 12.4638 1.76388 -0.339219 -0.692268 0.636942
1 26.9738 28.4061 1.75694 -0.203181 0.246469 0.947613
1 4.53711 8.89828 1.60444 0.860608 0.160664 -0.483262
1 14.1747 6.23769 1.60931 0.226234 -0.594466 -0.77164
1 18.9541 33.4055 1.75798 -0.101475 0.260135 0.960225
1 11.829 13.8128 1.61894 -0.134798 -0.607498 -0.7828
1 31.6915 13.7478 1.75509 -0.193181 -0.491976 0.848905
1 3.6337 21.4383 1.75846 -0.0594484 0.260711 0.963585
1 16.3704 20.455 1.61323 -0.442855 -0.0622403 -0.89443
1 16.4309 8.80394 1.75608 0.262236 -0.174 0.949187
1 12.8766 18.4614 1.62204 0.246376 -0.648859 -0.719917
1 24.3488 23.6154 1.76599 0.716658 -0.117959 0.687377
1 13.6738 11.5886 1.75636 -0.152863 -0.602365 0.783447
1 1.94309 8.98137 1.74645 0.632986 0.28823 0.718507
1 21.7563 10.289 1.60598 0.124893 0.74225 -0.658382
1 32.1381 6.69669 1.59828 0.458163 0.44274 -0.770758
1 23.1945 30.19 1.76153 -0.588919 -0.375656 0.715582
1 4.60109 21.7871 1.7578 -0.140106 0.398015 0.906617
1 7.30065 33.7362 1.61748 -0.578983 -0.0795546 -0.811449
1 19.5795 24.7 1.61901 0.282067 -0.54778 -0.787639
1 29.6478 21.3954 1.61086 0.456157 -0.413218 -0.788144
1 4.37545 28.6393 1.7595 -0.141153 -0.405079 0.90332
1 32.2509 28.0431 1.60592 0.067436 -0.00131572 -0.997723
1 24.6757 30.7498 1.75235 -0.705969 -0.140886 0.694089
1 17.6888 7.20314 1.75741 0.492231 -0.000414436 0.870464
1 31.2383 4.06608 1.60695 0.0521403 0.608446 -0.791881
1 9.21884 4.38928 1.62007 -0.0859539 0.145961 -0.985549
1 27.5638 29.2751 1.75701 -0.352973 0.315777 0.880736
1 14.6617 15.3004 1.74974 -0.35152 -0.473235 0.807764
1 34.449 13.0419 1.76004 -0.0488792 -0.0401049 0.997999
1 31.2964 29.2825 1.60714 0.296145 0.260625 -0.918897
1 12.0371 26.346 1.74968 0.212575 0.672892 0.708539
1 21.4252 8.42803 1.58769 -0.0604739 0.841241 -0.537267
1 10.9611 31.8608 1.73752 0.315653 -0.689955 0.651402
1 14.1923 25.0624 1.61189 0.299221 0.333603 -0.893966
1 32.0916 27.0509 1.60725 -0.0910762 -0.0510271 -0.994536
1 33.8587 5.79598 1.60946 0.290958 0.159965 -0.943268
1 12.6934 5.18329 1.61556 0.0544409 -0.408997 -0.91091
1 5.99835 1.54383 1.60862 -0.179909 0.123276 -0.975928
1 15.8458 9.66539 1.75631 0.188275 -0.254282 0.948627
1 18.0476 30.6922 1.75927 0.251332 0.106643 0.962008
1 28.3784 27.2773 1.77135 0.0419658 0.527703 0.848392
1 18.4794 17.8023 1.74126 -0.685108 0.110905 0.719949
1 26.4233 27.5445 1.75885 -0.0499805 0.175185 0.983266
1 0.40284 12.2351 1.76145 0.0903298 0.0564652 0.99431
1 7.24463 29.4705 1.75855 -0.251656 0.0189604 0.967631
1 25.4138 3.10913 1.75015 -0.34555 -0.0190843 0.938206
1 29.876 25.5804 1.61504 -0.19208 0.338482 -0.921159
1 32.2881 29.0462 1.60858 0.227583 0.0608044 -0.971858
1 31.3037 8.90522 1.5987 0.196954 -0.714396 -0.671452
1 19.807 33.8427 1.75012 -0.194276 0.392477 0.89901
1 29.8721 7.38569 1.60779 -0.209344 -0.489001 -0.84679
1 9.32417 16.7285 1.60787 0.11814 -0.0354282 -0.992365
1 26.2098 11.1981 1.60854 0.339256 -0.0286226 -0.940258
1 3.14318 9.49184 1.75491 0.450869 0.516107 0.728252
1 0.788013 15.8492 1.75826 -0.548324 0.129359 0.826201
1 23.8478 8.55003 1.61076 -0.038088 0.291101 -0.955934
1 10.3464 7.12045 1.60458 0.326768 0.081963 -0.941544
1 24.0361 14.1126 1.59331 0.82299 0.151367 -0.547517
1 19.15 26.539 1.7745 -0.49313 0.473008 0.730127
1 19.5973 13.0012 1.7597 0.0486706 0.374987 0.925751
1 6.05222 6.5593 1.61007 0.43029 0.12961 -0.893337
1 22.1669 24.8092 1.75834 0.484393 -0.458689 0.744962
1 1.90968 22.4972 1.75986 -0.266451 -0.014169 0.963744
1 13.1671 29.2735 1.75693 0.485056 -0.600145 0.63604
1 26.3962 20.2292 1.60933 0.26024 0.0272042 -0.965161
1 7.69572 32.8446 1.61678 -0.746168 -0.0509777 -0.663803
1 27.7409 26.326 1.75839 0.184724 0.424462 0.886402
1 25.6832 17.5068 1.61217 -0.160711 0.118015 -0.979921
1 20.9021 10.7969 1.72296 0.0738513 0.768745 0.635278
1 34.0796 12.1152 1.76054 0.107098 -0.109269 0.988226
1 29.306 10.3877 1.61283 0.285683 -0.463808 -0.83861
1 6.24008 33.059 1.61214 -0.684829 0.0964664 -0.722291
1 26.9758 15.2569 1.61892 -0.54852 0.0302129 -0.835591
1 25.6262 22.0646 1.61779 0.57662 0.0453604 -0.815752
1 31.3722 2.85389 1.60634 -0.170288 0.541273 -0.823423
1 22.0618 19.4474 1.61292 0.0744837 0.626389 -0.775944
1 14.5828 12.301 1.75527 -0.153556 -0.3986 0.904179
1 33.4366 7.46017 1.61051 0.582499 0.270004 -0.766676
1 17.8479 6.22284 1.75562 0.623535 -0.0266375 0.781342
1 14.1135 22.8699 1.61321 -0.0622093 0.314628 -0.947174
1 4.12773 15.9156 1.60378 0.0169272 0.820616 -0.57123
1 8.20716 19.3624 1.61144 0.401346 0.213569 -0.890679
1 5.61404 13.7747 1.61107 -0.195175 0.53477 -0.822148
1 2.48698 28.5779 1.74333 -0.132397 -0.718652 0.68265
1 19.5893 20.0438 1.61284 -0.527533 -0.52084 -0.671144
1 17.564 27.8055 1.73622 0.78586 -0.00137668 0.618403
1 5.00088 26.926 1.7577 0.146883 -0.323842 0.93464
1 15.1292 14.4646 1.74706 -0.268235 -0.360722 0.893269
1 29.4157 14.419 1.61323 -0.659884 -0.300026 -0.688867
1 24.8239 28.1893 1.76192 -0.196881 -0.0970744 0.97561
1 26.3534 18.2627 1.60825 -0.0321822 0.0366237 -0.998811
1 18.8843 32.3766 1.75655 0.0342317 0.226992 0.973295
1 12.8205 14.0903 1.61678 -0.201717 -0.773455 -0.600897
1 22.9741 8.10307 1.60298 -0.051182 0.42581 -0.903364
1 24.9481 2.154 1.75934 -0.158013 -0.12969 0.978883
1 8.49189 27.033 1.75995 0.0960306 0.125772 0.9874
1 7.64554 1.77499 1.60848 -0.135338 -0.144028 -0.980275
1 19.652 8.40921 1.74877 0.302473 0.458574 0.835596
1 18.8835 3.47108 1.75543 -0.56729 0.44324 0.694061
1 6.44456 12.8245 1.60157 -0.294271 0.378227 -0.877695
1 34.4997 9.53885 1.75741 0.581435 -0.0485712 0.812142
1 9.48362 15.1773 1.60824 -0.0208113 -0.104667 -0.99429
1 32.8654 26.4955 1.60826 -0.209213 -0.199136 -0.957379
1 32.223 14.7852 1.75811 -0.355168 -0.409186 0.840489
1 7.49509 20.073 1.60354 0.469757 0.404745 -0.784544
1 16.1866 4.54782 1.75159 -0.791814 -0.104906 0.601686
1 2.664 4.59145 1.61642 -0.0232474 -0.490589 -0.871081
1 22.1522 7.2999 1.61551 -0.0498196 0.57514 -0.816536
1 27.5164 0.929628 1.75708 -0.0588098 0.233996 0.970457
1 15.3787 16.4445 1.75502 -0.447069 -0.414906 0.792453
1 9.48892 27.0932 1.76086 0.0828964 0.281297 0.956034
1 10.4814 27.1835 1.75982 0.0514307 0.437709 0.897644
1 23.8899 7.49469 1.61077 -0.168127 0.285742 -0.943443
1 18.5927 15.931 1.76207 -0.378511 0.179425 0.90804
1 23.8024 25.3116 1.75901 0.37425 -0.251325 0.892621
1 30.1185 10.9216 1.61363 0.362215 -0.633611 -0.683621
1 6.03888 14.7785 1.61074 -0.0631177 0.457202 -0.887121
1 14.6528 19.0603 1.61561 -0.69176 0.218322 -0.688334
1 29.1388 33.7338 1.7502 0.193905 0.454857 0.869198
1 11.0836 18.5913 1.60797 0.353084 -0.338785 -0.872099
1 7.92136 0.78514 1.60843 -0.295417 -0.181701 -0.937931
1 12.3687 15.2646 1.62523 -0.0571265 -0.635439 -0.770035
1 14.3276 13.3283 1.75228 -0.278464 -0.478634 0.832687
1 25.8811 28.3937 1.75998 -0.215159 0.073825 0.973785
1 12.6402 27.5095 1.75646 -0.078785 0.703709 0.706106
1 15.2483 7.50111 1.74785 0.407134 -0.473324 0.781157
1 11.3948 30.0776 1.66451 -0.576204 0.558598 0.596621
1 4.81142 7.9266 1.60212 0.683828 0.254811 -0.683703
1 32.2019 15.866 1.75076 -0.542614 -0.444386 0.712805
1 24.6027 9.23452 1.60861 0.0448287 0.196194 -0.97954
1 29.3884 1.27674 1.75104 -0.143151 0.577559 0.8037
1 5.03844 17.6813 1.60924 0.355869 0.777173 -0.518998
1 5.67977 10.8799 1.61287 -0.400578 0.506919 -0.763263
1 30.6477 13.5126 1.74751 -0.157797 -0.638001 0.753694
1 16.8098 15.4774 1.75757 -0.333263 -0.103394 0.937148
1 28.5131 22.0535 1.61123 0.58798 -0.196269 -0.784702
1 7.11773 0.0693113 1.61027 -0.411843 -0.0597768 -0.909292
1 25.4854 8.79728 1.60752 -0.0118038 0.0749897 -0.997114
1 8.94274 14.3635 1.60821 -0.106283 -0.0486827 -0.993143
1 11.1064 20.1744 1.63545 0.60657 -0.338179 -0.719519
1 13.1041 30.5143 1.71929 0.346498 -0.459477 0.817814
1 0.192571 7.66798 1.61181 0.68391 0.077976 -0.725388
1 12.3978 7.47278 1.60566 0.445661 -0.298136 -0.844098
1 26.0911 5.59442 1.60416 -0.558819 0.0351181 -0.828546
1 3.49733 18.5589 1.75617 0.448938 0.297785 0.842484
1 4.9293 2.96542 1.61283 0.0135785 0.310853 -0.950361
1 22.2402 9.01587 1.61649 -0.0784841 0.656886 -0.749894
1 30.6677 24.3102 1.60601 -0.452315 0.153564 -0.878538
1 27.0605 30.2167 1.75125 -0.529084 0.192361 0.826479
1 9.85121 29.1593 1.75169 -0.26598 0.390881 0.881173
1 7.88892 18.1876 1.60904 0.258592 0.21941 -0.940739
1 14.4642 31.4789 1.75603 0.165544 -0.29079 0.942357
1 3.69792 22.4904 1.75577 -0.263924 0.256947 0.92969
1 10.668 9.91452 1.60713 -0.639486 -0.434042 -0.634559
1 8.35271 12.7338 1.60986 -0.29198 0.0280532 -0.956013
1 34.0746 29.0872 1.60996 0.211524 -0.29182 -0.932791
1 26.418 29.3108 1.75773 -0.382249 0.136275 0.913955
1 20.9944 27.2968 1.59707 -0.0470552 0.651203 -0.757443
1 8.11792 25.5779 1.75899 0.345116 0.0447313 0.937493
1 27.4543 10.2496 1.6124 0.226723 -0.172817 -0.958505
1 22.2193 29.1676 1.75936 -0.424004 -0.569315 0.704344
1 25.5689 13.7574 1.6348 0.775739 -0.14635 -0.61385
1 22.2977 2.56932 1.75872 -0.0822488 -0.534686 0.841038
1 15.9348 24.7195 1.6088 0.251229 0.043035 -0.966971
1 18.8868 10.6422 1.75364 0.128729 0.276397 0.952383
1 17.7669 24.8892 1.61069 0.307964 -0.237288 -0.921332
1 10.6351 3.01384 1.6097 -0.284616 -0.133426 -0.949311
1 33.7372 4.50835 1.60537 0.0778866 0.143439 -0.98659
1 6.7394 2.17793 1.60796 -0.0899253 0.00443356 -0.995939
1 0.313915 6.00051 1.60761 0.325763 -0.0107144 -0.945391
1 2.24934 27.1436 1.73732 0.123958 -0.77464 0.620136
1 11.1721 2.18831 1.61133 -0.376664 -0.332638 -0.864567
1 24.433 10.2657 1.60855 0.173998 0.231393 -0.957174
1 3.65869 23.5362 1.74776 -0.475788 0.229376 0.849125
1 24.4214 11.324 1.60829 0.335166 0.245606 -0.909583
1 10.8834 13.9883 1.61119 -0.150017 -0.41659 -0.896631
1 32.2656 25.5758 1.60979 -0.301934 -0.109437 -0.947027
1 34.259 21.2072 1.75971 -0.0702384 -0.373911 0.924801
1 5.42886 9.77798 1.7832 0.562402 -0.566653 0.60217
1 32.5035 13.1666 1.76046 -0.0786127 -0.371857 0.924955
1 31.4936 26.2149 1.60864 -0.187796 0.0516759 -0.980848
1 17.8397 15.2961 1.75416 -0.298231 0.0669762 0.952141
1 29.6137 18.3115 1.61045 -0.0509701 -0.398744 -0.915645
1 16.9581 0.777336 1.76016 -0.308362 0.00991517 0.951217
1 25.235 29.1779 1.7556 -0.38453 -0.0193729 0.922909
1 13.1657 32.4782 1.75116 0.0558117 -0.448122 0.892228
1 3.70655 13.339 1.76586 -0.0616567 0.699096 0.712365
1 32.6963 12.0811 1.76267 0.125048 -0.363162 0.923296
1 27.0358 6.17277 1.60958 -0.403007 -0.0649249 -0.912891
1 28.7121 21.0293 1.60637 0.406198 -0.2592 -0.876253
1 26.9885 19.3952 1.60721 0.134934 -0.0387205 -0.990098
1 20.3124 29.7772 1.76009 0.384201 0.429294 0.817371
1 9.56817 34.4765 1.60822 -0.467459 -0.41243 -0.781911
1 4.04954 19.6518 1.75556 0.269146 0.36583 0.890915
1 29.5866 12.3319 1.62567 0.521829 -0.597256 -0.609081
1 9.91235 14.1549 1.61076 -0.137001 -0.227039 -0.964201
1 15.2127 34.4216 1.75672 -0.237823 -0.208667 0.94863
1 24.2073 28.871 1.75548 -0.337245 -0.196324 0.920719
1 10.1172 22.7719 1.76675 -0.777158 -0.452128 0.437728
1 33.2006 1.79938 1.611 -0.325737 0.17367 -0.929373
1 28.106 14.7145 1.61764 -0.645306 -0.0902357 -0.758576
1 7.0657 5.12391 1.61069 0.20959 -0.0345484 -0.977179
1 6.52411 3.29909 1.6075 0.0341554 0.0550675 -0.997898
1 2.7079 32.2969 1.7735 0.575507 -0.00594686 0.817775
1 25.9188 2.25094 1.75863 -0.216012 0.0178087 0.976228
1 16.163 14.571 1.75813 -0.236289 -0.191618 0.952602
1 6.9761 25.8795 1.75942 0.295365 -0.101264 0.950003
1 20.5659 8.19673 1.76334 0.258181 0.660345 0.705186
1 4.04812 34.2384 1.60614 -0.390982 0.466118 -0.793642
1 23.663 9.59516 1.60554 0.0717674 0.357543 -0.931135
1 8.63548 1.56431 1.61079 -0.168613 -0.299858 -0.938965
1 27.1049 16.1992 1.60795 -0.381783 -0.0305387 -0.923747
1 7.43034 21.1527 1.61155 0.614879 0.41424 -0.671066
1 1.71234 15.23 1.7593 -0.393436 0.259562 0.88195
1 15.8059 21.7965 1.60792 -0.227031 0.0447302 -0.97286
1 14.1975 30.4855 1.75651 0.315565 -0.332461 0.888757
1 18.6496 25.4982 1.60933 0.397732 -0.373511 -0.838033
1 16.5059 13.6108 1.75791 -0.127746 -0.112433 0.985413
1 8.73433 31.0192 1.76119 -0.594984 0.201812 0.777989
1 23.2391 29.0835 1.76021 -0.380558 -0.381904 0.842214
1 14.9806 2.46813 1.73173 -0.585117 -0.27762 0.761948
1 21.6422 33.1201 1.7345 -0.23221 0.625804 0.744613
1 28.7368 24.2034 1.61405 -0.380129 0.511599 -0.770564
1 23.6459 33.2871 1.7558 0.461552 -0.47777 0.747466
1 8.10474 5.87441 1.61425 0.243976 -0.157477 -0.95691
1 33.859 24.8292 1.61271 -0.549383 -0.473109 -0.688728
1 23.0193 19.9315 1.6084 0.195759 0.471243 -0.860005
1 5.09206 16.2862 1.60732 0.12541 0.673349 -0.728611
1 27.9189 17.6704 1.60848 -0.134591 -0.152245 -0.979136
1 33.1164 6.40144 1.61153 0.388963 0.293203 -0.87335
1 0.393546 14.9727 1.75535 -0.382515 0.0767228 0.920758
1 6.55201 9.5624 1.59796 -0.634981 0.355377 -0.685934
1 26.6137 0.635528 1.75927 0.0202711 0.0858502 0.996102
1 24.4551 21.6319 1.61247 0.52249 0.224839 -0.822467
1 23.3515 2.86006 1.75744 -0.176866 -0.355588 0.917756
1 9.04689 23.2685 1.7464 0.666067 0.234624 0.70803
1 28.9925 16.3825 1.61166 -0.348183 -0.305229 -0.886343
1 1.56958 30.0918 1.59426 0.233095 -0.730933 -0.641408
1 17.2498 29.3425 1.75064 0.463535 -0.0355462 0.885365
1 14.9235 17.5522 1.76371 -0.63479 -0.465471 0.616749
1 13.7589 17.6198 1.60328 0.00571851 -0.806986 -0.590543
1 6.64862 24.1636 1.75287 0.611174 -0.222734 0.75951
1 4.34055 0.671419 1.61214 -0.243168 0.419335 -0.874658
1 16.2471 30.8877 1.75651 0.233105 -0.100796 0.967214
1 8.74563 21.534 1.60928 0.659169 0.167056 -0.733204
1 17.6647 22.8459 1.60799 -0.0389711 -0.242839 -0.969283
1 11.3965 25.0839 1.74995 0.407628 0.596879 0.691068
1 5.45209 21.0872 1.75367 -0.00843308 0.540802 0.841108
1 4.77642 31.7833 1.75337 -0.695031 -0.247178 0.675156
1 8.15084 3.53992 1.60615 0.11963 -0.242113 -0.962845
1 2.8123 22.0708 1.7581 -0.174248 0.122866 0.977006
1 11.5754 28.5022 1.74742 -0.212871 0.617255 0.757418
1 27.4698 9.25772 1.60966 0.0805217 -0.159171 -0.983962
1 7.93101 31.9185 1.75877 -0.780617 0.147085 0.607457
1 34.6169 4.11807 1.60614 0.0228821 -0.0337766 -0.999167
1 28.2026 13.7649 1.61032 -0.810288 -0.0215186 -0.585637
1 26.9413 17.3721 1.6082 -0.181604 -0.0217737 -0.983131
1 26.2076 16.6828 1.61307 -0.297036 0.0712713 -0.952203
1 0.937996 6.85771 1.60876 0.491056 -0.0450773 -0.869961
1 9.27921 19.6328 1.60991 0.449096 0.016752 -0.893326
1 6.34863 4.42141 1.61051 0.154849 0.0996871 -0.982896
1 14.4982 20.4008 1.6124 -0.493305 0.239804 -0.836149
1 4.08706 26.5274 1.75187 0.219864 -0.454622 0.863122
1 33.721 32.5387 1.60524 0.716801 -0.0163396 -0.697086
1 33.1093 27.5185 1.60814 -0.0323008 -0.187572 -0.98172
1 31.181 19.2608 1.61998 0.0780394 -0.643072 -0.761819
1 0.492379 1.0018 1.59915 -0.45852 -0.229735 -0.858476
1 14.068 23.9334 1.60978 0.120412 0.354806 -0.927153
1 25.6375 30.0805 1.7466 -0.567331 0.0227194 0.823176
1 13.4598 22.1483 1.60606 -0.196287 0.393338 -0.898196
1 22.5482 22.6941 1.77318 -0.74767 -0.282977 0.600761
1 27.5646 7.08063 1.60713 -0.257874 -0.171852 -0.950772
1 17.253 34.4603 1.75958 -0.189967 0.0395925 0.980992
1 19.7971 32.7651 1.75749 -0.0438772 0.365855 0.929637
1 2.23732 6.78587 1.60869 0.443426 -0.205469 -0.872443
1 4.12918 27.609 1.75519 0.0374014 -0.451844 0.891313
1 13.6518 2.05966 1.75102 -0.607783 -0.506279 0.611785
1 21.2641 2.79793 1.7488 0.174251 -0.721008 0.67066
1 8.95612 26.1985 1.75932 0.2328 0.178989 0.955912
1 28.026 16.7056 1.60876 -0.288827 -0.158283 -0.944206
1 24.7907 34.5269 1.75412 0.204738 -0.227345 0.952049
1 28.2027 7.8729 1.60557 -0.128185 -0.250275 -0.959651
1 3.21352 10.8552 1.75437 0.261854 0.548525 0.794074
1 22.8463 16.8785 1.61023 -0.28411 0.549124 -0.785967
1 18.5728 20.5149 1.60219 -0.481212 -0.355181 -0.801425
1 33.8154 33.8688 1.6047 -0.743885 0.0078647 -0.668261
1 15.891 23.7672 1.60737 0.100704 0.0419243 -0.994033
1 13.2461 24.4846 1.60751 0.225502 0.519096 -0.824432
1 10.4289 19.5171 1.60495 0.4879 -0.220233 -0.84466
1 19.4582 14.0552 1.75965 -0.094319 0.336922 0.936797
1 20.1477 25.6368 1.77727 -0.345291 0.699656 0.625504
1 20.6891 34.1653 1.72768 -0.304936 0.513097 0.802338
1 2.21916 12.4066 1.75506 0.0745502 0.384853 0.919962
1 1.21999 27.5819 1.61267 -0.072198 -0.688294 -0.721831
1 24.1329 0.756003 1.73547 0.105685 -0.319227 0.941767
1 20.5315 0.817844 1.74004 -0.524668 0.461119 0.715606
1 32.3601 33.8554 1.59263 -0.697468 0.359784 -0.619753
1 21.9693 21.6792 1.60698 0.522346 0.541092 -0.659071
1 1.59481 7.68084 1.6149 0.648336 -0.0939224 -0.755539
1 14.8651 10.0082 1.76045 0.20297 -0.4393 0.87511
1 1.52806 31.5187 1.61914 0.50305 -0.590361 -0.6312
1 22.2424 1.35485 1.74044 0.145562 -0.571708 0.807441
1 22.7823 9.96166 1.6292 0.049521 0.52035 -0.852516
1 26.1074 30.9604 1.75688 -0.728772 0.0816681 0.679869
1 11.977 30.7861 1.73511 0.437359 -0.588184 0.680262
1 5.09443 25.8763 1.75385 0.335751 -0.313931 0.888098
1 17.5522 13.4658 1.75965 -0.0834458 0.0501856 0.995248
1 8.19971 13.7375 1.60953 -0.166836 0.0669771 -0.983707
1 2.2769 14.3217 1.75544 -0.235881 0.384377 0.892533
1 9.99854 30.5671 1.75204 -0.523597 0.372567 0.766185
1 2.3339 5.7242 1.6072 0.217496 -0.37912 -0.899424
1 21.6149 13.0548 1.75428 0.347809 0.707024 0.615748
1 29.1624 19.2717 1.60924 0.116771 -0.331051 -0.93636
1 18.6117 13.4639 1.75844 -0.0478182 0.200459 0.978534
1 8.68812 7.62825 1.62768 0.511434 -0.340743 -0.788879
1 19.4084 11.8964 1.74948 0.180185 0.33255 0.925713
1 25.8798 1.29278 1.75864 -0.0642698 -0.0292787 0.997503
1 33.9496 10.4626 1.75418 0.400763 -0.137408 0.905819
1 7.42914 7.96019 1.62289 0.620811 -0.159727 -0.767516
1 21.975 30.7293 1.74684 0.176615 0.661474 0.728875
1 14.6857 33.4888 1.75838 -0.103553 -0.260571 0.959885
1 5.1594 34.5749 1.61004 -0.388989 0.254576 -0.885369
1 16.1669 2.61657 1.74911 -0.542782 -0.0821452 0.835847
1 20.3845 9.46573 1.74888 0.153376 0.574397 0.804079
1 14.6459 26.1507 1.60456 0.495633 0.233073 -0.836675
1 11.8379 19.1246 1.62603 0.426921 -0.474798 -0.769614
1 19.5014 9.86996 1.75797 0.207403 0.384106 0.899692
1 7.85606 23.6566 1.75191 0.641979 0.00799024 0.76668
1 23.7946 3.83743 1.7588 -0.371821 -0.269576 0.888301
1 8.34643 11.7436 1.60334 -0.41085 -0.00178556 -0.911701
1 5.43672 4.79697 1.61122 0.21328 0.266247 -0.940013
1 14.8084 5.18218 1.60309 0.0164837 -0.704404 -0.709608
1 26.3324 8.31215 1.60796 -0.0712004 -0.0335675 -0.996897
1 23.7575 15.7052 1.60652 -0.451269 0.501289 -0.738286
1 24.9013 3.97961 1.74517 -0.472333 -0.0793522 0.877841
1 11.523 3.51174 1.60637 -0.216093 -0.29052 -0.932149
1 7.01095 31.2499 1.75467 -0.592844 0.0725751 0.80204
1 18.3628 5.29266 1.75093 0.740415 0.0684493 0.668656
1 1.59647 16.519 1.75505 -0.712768 0.243648 0.657721
1 21.0191 17.2482 1.74977 -0.504766 0.550741 0.664753
1 26.4274 9.28451 1.60743 0.0692502 -0.0428776 -0.996677
1 13.3319 4.0666 1.61477 -0.174595 -0.564482 -0.806769
1 25.4587 9.82055 1.60753 0.130343 0.0798352 -0.98825
1 3.52691 31.1167 1.74371 -0.568726 -0.480309 0.667722
1 11.0497 16.1111 1.6098 0.0622752 -0.320877 -0.945071
1 16.1308 18.9785 1.61538 -0.756505 -0.109542 -0.644748
1 7.8971 8.97268 1.6043 -0.789391 0.121694 -0.601709
1 7.41119 2.88878 1.60637 0.00786846 -0.111736 -0.993707
1 29.6294 24.5572 1.60437 -0.338805 0.351188 -0.872856
1 30.3901 4.52354 1.61351 0.180439 0.743059 -0.644442
1 17.1948 14.4725 1.75891 -0.203313 -0.0251045 0.978792
1 25.2842 10.8077 1.60865 0.26322 0.102045 -0.959324
1 27.7708 31.843 1.76209 0.567367 0.186272 0.802121
1 16.8797 24.3333 1.6085 0.199937 -0.105186 -0.974146
1 33.7587 13.7173 1.76268 -0.166878 -0.155382 0.973657
1 25.3749 27.4516 1.76067 -0.0456886 -0.00131133 0.998955
1 29.3661 9.25854 1.61123 0.100968 -0.417023 -0.90327
1 26.48 21.2493 1.61054 0.406456 0.00256945 -0.913667
1 16.2153 29.8165 1.75461 0.382986 -0.1424 0.912712
1 28.6876 4.58131 1.62389 -0.74421 -0.056375 -0.665563
1 28.4444 9.86655 1.60992 0.188217 -0.305671 -0.933349
1 14.4318 21.5089 1.60593 -0.293387 0.245483 -0.923939
1 28.9363 25.4234 1.62272 -0.151304 0.530459 -0.834099
1 24.959 1.14676 1.75793 0.0034879 -0.186113 0.982522
1 2.66936 15.6908 1.75288 -0.471701 0.413494 0.778794
1 6.01295 28.3822 1.75994 -0.0949921 -0.167724 0.981247
1 28.6849 3.40763 1.75262 -0.522993 0.456427 0.719829
1 6.16925 5.55555 1.61018 0.28094 0.118166 -0.952423
1 31.1865 14.7233 1.74225 -0.413066 -0.581542 0.700847
1 31.6275 24.7497 1.60832 -0.412852 -0.0255181 -0.91044
1 28.8388 7.16877 1.61097 -0.255185 -0.323688 -0.911102
1 25.8806 24.8035 1.75648 0.46278 0.107725 0.879903
1 31.2286 5.66119 1.61102 0.322967 0.621754 -0.713522
1 7.7033 26.5037 1.75875 0.18726 0.0135874 0.982216
1 13.7973 14.2576 1.75619 -0.290532 -0.691563 0.661311
1 23.3513 12.071 1.61823 0.410915 0.422289 -0.807973
1 32.686 22.7888 1.75319 -0.433827 -0.58736 0.683229
1 31.2066 10.9342 1.73414 0.317696 -0.647497 0.692688
1 24.0224 6.42208 1.61423 -0.311475 0.288456 -0.905415
1 23.0595 13.1019 1.62021 0.583678 0.427174 -0.690538
1 17.334 17.2588 1.75685 -0.594864 -0.0590392 0.801655
1 15.1349 29.752 1.75977 0.440506 -0.254079 0.861045
1 34.2487 6.75939 1.60657 0.481735 0.110823 -0.869281
1 8.23593 29.5771 1.7585 -0.278922 0.151213 0.948334
1 1.46511 0.434605 1.76728 0.304992 0.722478 0.620488
1 30.866 17.1115 1.61371 -0.267265 -0.611052 -0.745108
1 6.99886 28.4549 1.75977 -0.0955401 -0.0450647 0.994405
1 4.62342 18.8404 1.75293 0.392658 0.494896 0.775176
1 26.4196 3.48061 1.74498 -0.524994 0.128092 0.841411
1 1.2152 18.6147 1.76064 0.423365 -0.108407 0.89945
1 20.5471 21.1863 1.60793 -0.323979 -0.723012 -0.610157
1 5.2839 29.0767 1.7595 -0.213967 -0.263523 0.940624
1 29.3372 6.35116 1.61615 -0.401503 -0.383625 -0.831641
1 18.2725 29.722 1.75809 0.405499 0.109616 0.907499
1 32.1056 9.94492 1.73544 0.460968 -0.465097 0.755773
1 14.9573 22.3281 1.60948 -0.145454 0.177998 -0.973221
1 1.18955 28.9165 1.61981 0.138348 -0.610135 -0.780125
1 30.1957 27.5734 1.61226 0.0620234 0.304866 -0.950373
1 3.11137 2.12998 1.6146 0.0775495 0.649057 -0.756777
1 12.5179 0.772463 1.75404 -0.487225 -0.575192 0.657089
1 30.3046 9.64535 1.61192 0.178862 -0.549816 -0.815911
1 30.1771 19.2992 1.61174 0.103582 -0.490927 -0.865021
1 4.04971 32.5021 1.76112 0.71262 0.277093 0.644509
1 34.0135 30.2757 1.61235 0.39275 -0.243109 -0.88693
1 5.50259 30.1166 1.75566 -0.406491 -0.198497 0.891832
1 0.630469 21.5882 1.75824 -0.130175 -0.201764 0.970745
1 1.8876 3.85581 1.60707 -0.0913335 -0.360046 -0.928453
1 2.34373 11.3306 1.75698 0.24371 0.375713 0.894117
1 24.3734 2.98298 1.75476 -0.271109 -0.194165 0.942762
1 16.9239 5.54094 1.75377 0.725135 -0.211648 0.655274
1 18.6132 18.7078 1.764 -0.824992 0.0283084 0.564436
1 10.9252 5.20642 1.6052 0.0458424 -0.132956 -0.990061
1 30.8069 30.1284 1.6125 0.418936 0.409923 -0.81022
1 26.3952 34.3322 1.75829 0.16321 0.0132711 0.986502
1 25.4191 11.8266 1.61007 0.437962 0.0897596 -0.894501
1 25.6321 7.60947 1.60831 -0.174895 0.0578876 -0.982884
1 26.7496 25.5279 1.76087 0.330089 0.293162 0.897272
1 25.6609 23.8377 1.75924 0.644716 0.0904236 0.759055
1 20.7102 32.9841 1.74629 -0.123273 0.502549 0.855715
1 32.1465 3.41694 1.61262 -0.0954448 0.410234 -0.906972
1 7.18786 18.8985 1.61487 0.321317 0.377839 -0.868328
1 0.899957 22.5552 1.75872 -0.308715 -0.171066 0.935645
1 17.1191 18.2191 1.75805 -0.747164 -0.138805 0.649984
1 4.62282 22.8477 1.75493 -0.349927 0.380274 0.856121
1 17.4047 9.18494 1.75906 0.226971 -0.0227605 0.973635
1 12.6857 10.972 1.74909 -0.0707477 -0.760097 0.645946
1 12.4876 19.7939 1.61725 0.504401 -0.614162 -0.606947
1 6.94149 17.699 1.61432 0.210845 0.379085 -0.901021
1 15.2966 28.7714 1.7558 0.608602 -0.213216 0.764292
1 33.8541 26.8083 1.60736 -0.161068 -0.361375 -0.918404
1 7.08123 6.12132 1.60895 0.344778 -0.0227005 -0.93841
1 23.0628 1.85862 1.75875 0.0188918 -0.422025 0.906388
1 0.104153 14.0444 1.75903 -0.217792 0.0186211 0.975817
1 1.15169 9.65081 1.7578 0.549509 0.151374 0.821661
1 7.30368 24.9101 1.75647 0.468331 -0.0947814 0.878455
1 9.04215 6.5047 1.62356 0.28699 -0.277204 -0.916949
1 23.92 19.5604 1.60811 0.149515 0.3519 -0.924019
1 32.4319 21.4735 1.76026 -0.161579 -0.667513 0.726856
1 6.61665 30.3363 1.75587 -0.429337 -0.025556 0.902782
1 11.3081 17.2328 1.61477 0.170381 -0.351896 -0.920402
1 27.4141 27.4233 1.7569 -0.0131244 0.349452 0.936862
1 14.9761 23.3564 1.60845 0.0258654 0.186262 -0.98216
1 24.7177 24.5377 1.7572 0.530346 -0.0913592 0.842844
1 24.629 32.5564 1.71203 0.566683 -0.226992 0.792051
1 18.4998 16.8758 1.75644 -0.533789 0.145347 0.833032
1 6.83472 27.0215 1.75837 0.0990047 -0.0861268 0.991353
1 15.4436 13.5318 1.74768 -0.164471 -0.279494 0.945956
1 6.98747 7.09276 1.61601 0.482835 -0.0280387 -0.875262
1 20.3476 28.58 1.75623 0.570185 0.427726 0.701384
1 2.89203 7.70127 1.60804 0.561598 -0.30479 -0.769227
1 6.04441 8.49591 1.62563 0.769488 -0.0565146 -0.636156
1 33.9761 18.666 1.75741 0.38007 -0.399933 0.834027
1 14.2446 32.5126 1.7593 0.0379118 -0.308497 0.95047
1 0.1409 3.12648 1.60687 -0.129868 -0.114862 -0.984856
1 10.6675 28.2865 1.75218 -0.145041 0.492363 0.85822
1 19.3114 29.9992 1.75572 0.352841 0.260188 0.89878
1 23.4259 24.4544 1.7541 0.551761 -0.276943 0.786678
1 32.7975 10.7112 1.75526 0.344794 -0.331292 0.878273
1 33.3367 25.6554 1.61136 -0.378954 -0.316068 -0.869767
1 6.60171 13.8495 1.61188 -0.155688 0.348225 -0.924392
1 27.341 3.98406 1.76667 -0.64838 0.300307 0.699585
1 4.70076 3.98611 1.61209 0.141638 0.394312 -0.907996
1 5.99421 17.1602 1.60886 0.20002 0.5445 -0.814562
1 7.51296 11.1266 1.60329 -0.477508 0.144405 -0.86668
1 24.858 19.2701 1.6091 0.110006 0.222229 -0.968769
1 27.3099 8.25953 1.60917 -0.072507 -0.149903 -0.986039
1 16.7873 12.615 1.7606 -0.0184453 -0.0579043 0.998152
1 3.49825 29.8923 1.75588 -0.359067 -0.557765 0.748311
1 28.2848 30.2201 1.7528 -0.538667 0.399144 0.741971
1 32.228 5.63734 1.61416 0.266558 0.442841 -0.85606
1 1.44024 25.5243 1.6586 0.714425 0.429923 -0.552054
1 33.9529 31.3328 1.60592 0.553362 -0.179972 -0.813265
1 33.8566 23.1002 1.7522 -0.415112 -0.410241 0.812025
1 8.59062 17.4609 1.60907 0.175882 0.0814203 -0.981038
1 33.7471 8.73618 1.76581 0.719834 -0.213362 0.660542
1 19.7014 0.343645 1.74235 -0.355275 0.383223 0.852596
1 26.4061 10.2556 1.60952 0.207798 -0.0414381 -0.977294
1 13.4733 0.457775 1.75724 -0.341437 -0.460993 0.819089
1 9.36109 11.4109 1.60692 -0.458608 -0.170952 -0.87204
1 33.9852 2.45109 1.60794 -0.232161 0.0254638 -0.972344
1 15.7754 27.8238 1.73337 0.796222 -0.128989 0.591094
1 17.5236 25.8956 1.61116 0.481367 -0.183555 -0.857084
1 6.14587 18.4821 1.61656 0.326037 0.560757 -0.761086
1 1.30265 1.81686 1.60889 -0.316283 -0.367761 -0.874481
1 34.0467 27.9287 1.60983 0.0276143 -0.340567 -0.939815
1 27.3483 18.4578 1.60779 -0.00766952 -0.0887598 -0.996024
1 11.2249 11.1867 1.61206 -0.437957 -0.518496 -0.734408
1 19.0953 6.21678 1.75151 0.580629 0.224792 0.782521
1 21.2743 6.3041 1.63378 0.0412344 0.765036 -0.642666
1 19.11 27.9478 1.74946 0.697517 0.195481 0.689388
1 23.2462 21.9256 1.62335 0.550832 0.35759 -0.754131
1 4.08831 10.3949 1.76271 0.249626 0.72156 0.645785
1 33.4892 11.3813 1.75823 0.233218 -0.21264 0.948891
1 3.9931 17.7234 1.76878 0.571546 0.424749 0.702085
1 22.2534 6.00843 1.61737 -0.235306 0.602117 -0.762946
1 10.3382 25.1538 1.75981 0.388088 0.418301 0.821226
1 33.199 28.5725 1.60779 0.143149 -0.142533 -0.979384
1 7.659 27.6332 1.75979 0.0118566 0.0271331 0.999562
1 2.46078 0.945989 1.6273 -0.0352474 0.781281 -0.623184
1 15.6146 10.7081 1.75839 0.100151 -0.285093 0.953253
1 29.5355 20.2566 1.60865 0.273512 -0.40587 -0.872044
1 6.00628 23.1705 1.76415 -0.458849 0.507187 0.729533
1 18.0611 32.9273 1.75842 -0.0238564 0.128635 0.991405
1 22.7076 28.0455 1.75723 -0.170811 -0.422496 0.890124
1 23.2493 27.0609 1.75794 0.017833 -0.324352 0.945768
1 13.262 15.8476 1.60211 -0.0671913 -0.808263 -0.584976
1 7.25392 4.01473 1.6074 0.103897 -0.0550524 -0.993063
1 1.669 21.56 1.75875 -0.1041 -0.0405763 0.993739
1 13.5819 19.9553 1.61726 -0.530165 0.4749 -0.702421
1 28.5665 5.50877 1.61235 -0.557931 -0.201521 -0.805048
1 16.479 16.4583 1.75633 -0.462467 -0.19772 0.86431
1 27.6384 21.325 1.60951 0.466336 -0.0970224 -0.879271
1 5.57282 22.228 1.76183 -0.225118 0.530436 0.817288
1 18.0997 26.6489 1.61035 0.591616 -0.281331 -0.755542
1 11.6317 22.1642 1.78282 0.233091 -0.681056 0.694141
1 21.5272 31.9014 1.75168 -0.0139704 0.588651 0.808266
1 1.54122 17.6535 1.7551 0.61347 -0.0545394 0.787832
1 9.91147 3.70795 1.60757 -0.17907 0.00954676 -0.98379
1 33.4387 0.800786 1.60855 -0.482167 0.139601 -0.864885
1 11.862 34.1689 1.75175 -0.219435 -0.634889 0.740786
1 7.39932 13.1657 1.61161 -0.228797 0.200174 -0.952671
1 30.515 20.4186 1.61498 0.278876 -0.583072 -0.763057
1 9.48792 8.86675 1.59828 -0.832076 -0.258691 -0.490641
1 11.7828 5.65403 1.60904 0.133692 -0.248161 -0.959449
1 29.5538 26.635 1.62334 -0.0117261 0.463906 -0.885807
1 19.0121 30.9402 1.75593 0.203707 0.221241 0.953706
1 25.3639 20.1255 1.60988 0.241007 0.149123 -0.958998
1 10.0157 10.6835 1.60516 -0.561007 -0.297167 -0.772634
1 4.81052 11.96 1.60542 -0.276435 0.775856 -0.567126
1 0.359116 32.9226 1.76703 -0.820804 0.143398 0.552917
1 32.1308 4.54392 1.61265 0.0773669 0.42945 -0.89977
1 24.4532 22.625 1.61893 0.731352 0.154765 -0.664208
1 17.7198 4.36909 1.76152 -0.771741 0.209084 0.600582
1 25.788 25.7627 1.76069 0.278513 0.101383 0.955067
1 6.15512 34.0518 1.60948 -0.502816 0.0861811 -0.860087
1 0.328191 28.3861 1.61278 0.0839698 -0.482235 -0.872008
1 5.1926 5.89132 1.61316 0.345551 0.274406 -0.897383
1 24.5994 17.5747 1.6118 -0.159954 0.275637 -0.94786
1 31.1325 27.2166 1.60901 -0.0173532 0.124817 -0.992028
1 24.4905 12.3126 1.60984 0.507987 0.227128 -0.83088
1 26.9131 12.9783 1.62509 0.648213 -0.176581 -0.740701
1 10.4898 15.0418 1.60822 -0.031674 -0.297163 -0.954301
1 22.1537 12.0431 1.6193 0.362924 0.647372 -0.67022
1 3.2348 14.5674 1.75373 -0.262937 0.566486 0.780998
1 4.99348 6.90141 1.60414 0.489041 0.320633 -0.811193
1 16.2111 7.74477 1.75884 0.396469 -0.277647 0.875057
1 21.2926 29.5892 1.75284 0.404335 0.591379 0.697699
1 4.95877 23.7158 1.62507 -0.562462 0.329117 0.758497
1 5.90016 27.3721 1.75985 0.0522652 -0.194099 0.979589
1 12.3763 31.784 1.75503 0.220144 -0.571251 0.790701
1 6.20526 19.9755 1.62323 0.447532 0.783621 -0.430875
1 18.7529 7.58378 1.75775 0.426892 0.241631 0.871423
1 32.7848 31.7687 1.61157 0.601143 0.0940683 -0.793585
1 21.9692 25.9759 1.74664 0.245437 -0.530572 0.811329
1 9.12086 30.0261 1.76074 -0.405798 0.263401 0.875184
1 2.41465 24.1094 1.75656 -0.589341 0.122868 0.798487
1 9.21683 32.8117 1.59902 -0.76455 -0.252992 -0.592839
1 29.0301 0.215969 1.75172 0.0209153 0.443442 0.896059
1 10.4068 11.8285 1.61072 -0.384202 -0.347395 -0.855398
1 31.6724 16.6338 1.61862 -0.444716 -0.684148 -0.578074
1 15.4483 1.63916 1.75897 -0.461177 -0.199656 0.864554
1 7.8335 9.91079 1.63254 -0.649924 0.104406 -0.752794
1 0.937799 3.96728 1.60932 -0.0158012 -0.202456 -0.979164
1 19.6398 15.9901 1.75322 -0.344561 0.369663 0.862918
1 15.8226 12.6261 1.75842 -0.0703564 -0.194631 0.97835
1 10.1242 1.84396 1.61119 -0.40565 -0.136275 -0.903813
1 10.8139 4.13116 1.60655 -0.127541 -0.147954 -0.980736
1 21.667 34.3518 1.70964 -0.477416 0.594976 0.646589
1 25.9253 15.7743 1.61386 -0.453381 0.151078 -0.87842
1 30.8581 25.4111 1.60747 -0.288298 0.146349 -0.946291
1 11.4938 8.50304 1.60304 0.565278 -0.121961 -0.815835
1 15.014 3.50305 1.77354 -0.6932 -0.436107 0.573834
1 27.7485 2.96815 1.76498 -0.438858 0.293182 0.849381
1 15.8503 22.7929 1.60767 -0.0587499 0.0405982 -0.997447
1 25.9495 19.2233 1.60757 0.1073 0.0888524 -0.990248
1 25.2687 18.3858 1.61026 -0.0238484 0.172856 -0.984658
1 18.5166 21.5351 1.60584 -0.278797 -0.382205 -0.881018
1 20.2322 22.4559 1.6123 -0.105237 -0.672432 -0.732639
1 11.4681 27.3205 1.75779 0.0182793 0.580889 0.813778
1 13.4933 7.29587 1.61223 0.410019 -0.492858 -0.767447
1 3.39392 20.4211 1.75837 0.129367 0.241639 0.961704
1 18.4208 2.47637 1.75788 -0.459185 0.324763 0.826848
1 17.6425 3.39612 1.76426 -0.631155 0.176651 0.755273
1 17.6997 12.3223 1.76221 0.00413604 0.0716 0.997425
1 33.4304 19.6767 1.75243 0.186408 -0.513578 0.83755
1 29.9452 34.4695 1.75541 0.00633624 0.592058 0.80587
1 15.3886 8.69542 1.75304 0.291498 -0.361943 0.885452
1 23.6877 27.9956 1.75869 -0.162115 -0.258134 0.95241
1 3.26819 5.59542 1.66811 0.100176 -0.548014 -0.830449
1 3.44284 28.6747 1.75487 -0.139479 -0.562293 0.81509
1 25.9388 6.60457 1.61694 -0.357427 0.0346162 -0.933299
1 1.5068 10.6375 1.75891 0.364866 0.218833 0.904978
1 34.4783 22.3004 1.75711 -0.26383 -0.331208 0.905922
1 17.6159 21.8494 1.61504 -0.202303 -0.246935 -0.94768
1 28.0617 15.6941 1.60926 -0.467844 -0.150555 -0.870893
1 19.0455 15.0184 1.76123 -0.23481 0.263713 0.935585
1 1.78576 13.412 1.7589 -0.0879428 0.314458 0.945189
1 20.4262 6.65808 1.76129 0.409126 0.659769 0.630334
1 22.8021 23.6941 1.77089 0.730276 -0.313619 0.606911
1 25.0156 5.97742 1.6132 -0.431608 0.160698 -0.887632
1 30.9146 7.6913 1.60456 -0.100357 -0.675347 -0.73064
1 8.96471 28.8764 1.7543 -0.186041 0.251453 0.949821
1 0.998366 19.7141 1.75822 0.212405 -0.14883 0.965781
1 12.8123 17.1226 1.60874 0.0682839 -0.626238 -0.776636
1 6.83578 16.4861 1.61476 0.100486 0.365195 -0.925492
1 12.5005 25.0794 1.62804 0.340169 0.667934 -0.661929
1 32.4886 20.1345 1.75318 0.0871629 -0.692272 0.716354
1 8.30927 2.52883 1.6186 -0.0242445 -0.269367 -0.962732
1 12.1571 6.54542 1.60732 0.290184 -0.270966 -0.917808
1 15.7282 33.6029 1.75828 -0.114166 -0.127681 0.985223
1 15.3439 11.7073 1.76205 -0.019891 -0.307217 0.951432
1 24.844 7.00862 1.60828 -0.263579 0.15716 -0.951749
1 0.138549 16.6597 1.71234 -0.701009 -0.00774688 0.71311
1 28.0914 0.107249 1.76059 0.0647668 0.298652 0.952162
1 5.11698 19.9678 1.75531 0.198043 0.531186 0.823784
1 30.4076 3.10907 1.6212 -0.200844 0.716137 -0.668438
1 25.7279 32.823 1.75553 0.431172 -0.0878638 0.897981
1 30.7443 12.2197 1.75218 0.102306 -0.683219 0.723011
1 3.97318 2.85949 1.60415 0.106289 0.470381 -0.876039
1 21.063 14.9962 1.76424 -0.12235 0.629846 0.767023
1 14.3078 9.18985 1.76167 0.343556 -0.549097 0.76188
1 9.99281 26.1715 1.76094 0.228639 0.35471 0.90659
1 19.6899 7.25503 1.74994 0.434896 0.443968 0.783427
1 8.6684 33.6204 1.61702 -0.611649 -0.241784 -0.753277
1 1.306 12.4972 1.75976 0.0602952 0.221021 0.973403
1 33.4359 21.9967 1.75469 -0.222468 -0.496922 0.838795
1 15.3095 32.673 1.76001 0.0148735 -0.184843 0.982656
1 8.04898 6.89604 1.61495 0.40578 -0.172586 -0.897528
1 0.488652 30.7074 1.6051 0.426997 -0.469658 -0.772719
1 30.6062 18.2315 1.6124 -0.0842364 -0.550167 -0.830795
1 17.7254 1.51949 1.75779 -0.393787 0.132186 0.909648
1 24.0332 4.87739 1.63277 -0.988427 -0.122717 -0.0891823
1 5.09462 27.974 1.75694 -0.0347823 -0.306983 0.951079
1 12.4706 21.3667 1.60787 -0.395692 0.565178 -0.723879
1 31.6433 23.7342 1.60392 -0.602569 -0.0427009 -0.796924
1 5.52821 12.5885 1.63894 -0.34218 0.559122 -0.755179
1 4.99242 1.94596 1.60892 -0.116871 0.292808 -0.949002
1 3.44552 0.575202 1.77268 0.186055 -0.608992 0.771046
1 23.535 10.748 1.6099 0.212184 0.393123 -0.894669
1 20.5772 31.8425 1.75486 0.0514046 0.455732 0.888632
1 32.9262 14.1716 1.75841 -0.253871 -0.29514 0.921109
1 28.2818 10.9194 1.60983 0.347607 -0.322036 -0.880603
1 7.7928 30.4721 1.7546 -0.428483 0.118213 0.895784
1 18.2441 14.3854 1.75783 -0.169758 0.135499 0.976126
1 24.7417 8.09338 1.60845 -0.101589 0.168267 -0.980493
1 2.60745 21.1245 1.75904 -0.00335887 0.101265 0.994854
1 10.2953 5.94132 1.61346 0.152695 -0.0100467 -0.988222
1 0.337397 17.992 1.75619 0.516273 -0.232266 0.824327
1 0.310023 29.6149 1.61459 0.268706 -0.434353 -0.85973
1 9.52391 17.7581 1.60715 0.229635 -0.0665268 -0.971001
1 2.45632 33.3215 1.59746 0.641309 -0.356323 -0.679527
1 1.08796 2.90181 1.60948 -0.166558 -0.315103 -0.934328
1 15.429 31.6735 1.75686 0.137763 -0.182343 0.973536
1 24.2363 29.811 1.75841 -0.522071 -0.17291 0.835191
1 0.280271 31.8645 1.60534 0.622353 -0.323088 -0.712945
1 2.97732 34.2199 1.61344 -0.396811 0.64532 -0.652766
1 15.486 19.8034 1.61421 -0.603025 0.03271 -0.797052
1 17.2103 31.3011 1.75958 0.172107 0.0172911 0.984926
1 31.7338 18.0831 1.61703 -0.0898616 -0.759351 -0.644446
1 20.0876 14.9054 1.75363 -0.173634 0.462881 0.869248
1 10.4951 17.8874 1.61078 0.265794 -0.220585 -0.938454
1 15.7523 15.5042 1.75395 -0.353404 -0.281392 0.892146
1 24.3976 20.529 1.61555 0.305174 0.269723 -0.913301
1 2.76858 17.5188 1.75882 0.599332 0.174641 0.781218
1 30.9107 31.4744 1.60575 -0.652308 -0.658698 -0.374982
1 2.99996 19.3954 1.758 0.308153 0.189248 0.932323
1 27.7715 12.0014 1.61231 0.511176 -0.27401 -0.814627
1 13.7233 5.19683 1.61129 0.0391634 -0.553749 -0.831762
1 22.0495 14.4929 1.75106 0.0440137 0.759917 0.648528
1 18.9098 8.95321 1.75629 0.298505 0.269126 0.915678
1 20.6002 13.8296 1.75632 0.0240504 0.540014 0.841312
1 17.5425 20.797 1.61209 -0.383544 -0.228686 -0.894761
1 9.35739 5.39293 1.62742 0.0657004 0.0673898 -0.995561
1 0.496492 20.5997 1.7599 0.046877 -0.229158 0.97226
1 10.0509 15.9826 1.60688 0.0565845 -0.160009 -0.985492
1 4.40787 20.7217 1.75693 0.0700903 0.396959 0.915156
1 1.07415 11.4991 1.75993 0.228007 0.162107 0.96007
1 8.85524 18.5739 1.60881 0.316449 0.0614719 -0.946616
1 29.7282 5.42104 1.64315 -0.564601 -0.438409 -0.699302
1 9.1895 13.3893 1.60961 -0.225703 -0.110619 -0.967896
1 13.5471 21.0734 1.60866 -0.364665 0.383823 -0.848351
1 16.7123 25.3237 1.61032 0.370278 -0.0670572 -0.926497
1 16.7975 23.3451 1.60786 0.037867 -0.102439 -0.994018
1 15.6169 6.26506 1.74505 0.596626 -0.5064 0.622573
1 31.1517 1.73619 1.61082 -0.353794 0.592257 -0.72392
1 11.3189 7.50612 1.60599 0.415989 -0.0888333 -0.90502
1 28.4431 1.16111 1.75835 -0.119805 0.397256 0.909854
1 7.61936 22.2459 1.707 -0.802765 -0.263855 -0.534742
1 5.30068 24.7949 1.73903 0.569048 -0.318938 0.757933
1 26.5572 12.0955 1.61272 0.50271 -0.0884971 -0.859913
1 25.9057 26.6968 1.75837 0.100974 0.0964417 0.990204
1 30.2991 28.8193 1.61353 0.208656 0.440994 -0.872919
1 25.6092 33.8142 1.75485 0.273397 -0.118867 0.954529
1 33.9302 14.7182 1.75961 -0.33798 -0.113725 0.934257
1 14.2753 1.40516 1.7601 -0.484717 -0.389645 0.783088
1 34.3021 20.0701 1.76008 0.132167 -0.371985 0.918781
1 5.99886 7.55751 1.60722 0.60331 0.10408 -0.790686
1 11.9309 1.55218 1.61058 -0.492777 -0.53239 -0.688282
1 20.046 30.8222 1.7615 0.224323 0.37817 0.898146
1 2.06551 2.80989 1.63494 -0.248299 -0.520489 -0.816969
1 15.2167 25.3706 1.60674 0.360614 0.152001 -0.920246
1 1.49645 20.5955 1.75941 0.0642843 -0.0639187 0.995882
1 13.6573 33.4009 1.75627 -0.0832687 -0.387066 0.918285
1 0.00623984 11.2816 1.76085 0.258841 -0.0206615 0.965699
1 8.22145 34.465 1.61296 -0.455149 -0.222837 -0.862081
1 29.8713 17.2709 1.60937 -0.227405 -0.44433 -0.866521
1 33.0271 5.14043 1.6085 0.17937 0.292954 -0.939151
1 17.7873 23.8548 1.60897 0.130448 -0.255577 -0.957948
1 20.7579 4.75346 1.59763 -0.00828238 0.847238 -0.531149
1 6.24423 29.3842 1.75892 -0.25487 -0.115627 0.960037
1 6.16913 32.0621 1.76306 -0.766327 0.026104 0.64192
1 29.1414 15.3517 1.60988 -0.522447 -0.288133 -0.802514
1 4.53082 30.729 1.75567 -0.514939 -0.323899 0.793679
1 28.9318 31.6817 1.75748 0.543206 0.397819 0.739369
1 16.5799 1.69315 1.75904 -0.426669 -0.0290187 0.903942
1 32.6524 24.4838 1.61279 -0.484277 -0.229513 -0.844275
1 5.07148 33.6127 1.59211 -0.538275 0.258771 -0.802059
1 10.0888 4.75177 1.60868 -0.0366307 -0.0164156 -0.999194
1 17.1456 8.06189 1.75841 0.359469 -0.0856176 0.929221
1 18.7007 24.2885 1.61044 0.209173 -0.407198 -0.889065
1 19.592 23.4873 1.61173 0.0755823 -0.552727 -0.829928
1 8.76675 27.935 1.76057 -0.0403843 0.18601 0.981718
1 32.9416 3.97052 1.60621 -0.0132909 0.270163 -0.962723
1 18.11 8.31621 1.76332 0.33122 0.0869506 0.939539
1 13.1603 2.78716 1.5985 -0.419046 -0.61558 -0.66743
1 29.2044 8.18438 1.61036 -0.0780884 -0.388015 -0.918339
1 4.46339 5.01766 1.62124 0.286264 0.452755 -0.844432
1 12.3005 33.0197 1.75849 -0.00745478 -0.574764 0.818285
1 30.5076 26.4312 1.60968 -0.106896 0.254278 -0.961205
1 13.1546 6.22963 1.61313 0.229328 -0.439425 -0.868513
1 0.81903 5.01386 1.60945 0.1406 -0.1369 -0.980556
1 16.3823 31.8807 1.7578 0.0977472 -0.0776389 0.992178
1 1.20136 14.2946 1.75892 -0.238722 0.199869 0.950297
1 7.4065 14.374 1.61058 -0.10509 0.213799 -0.971209
1 5.82147 2.57159 1.60748 -0.0448352 0.162004 -0.985771
1 33.0383 2.87455 1.60808 -0.171403 0.221864 -0.959895
1 7.70324 17.0194 1.61098 0.141213 0.215758 -0.966182
1 27.583 5.17787 1.7839 0.615351 -0.0198996 0.788002
1 10.1964 13.1047 1.61359 -0.268466 -0.304325 -0.913954
1 28.0281 28.2983 1.75248 -0.158821 0.417735 0.89458
1 2.31332 10.0758 1.75493 0.427632 0.362671 0.82801
1 33.1495 29.6738 1.60929 0.31339 -0.090887 -0.945265
1 28.5261 32.7205 1.76197 0.388946 0.350372 0.852033
1 28.6664 2.24962 1.75657 -0.308687 0.463328 0.830686
1 23.8222 34.335 1.75947 0.298536 -0.379816 0.875566
1 30.5047 33.4352 1.73791 0.135169 0.711744 0.689312
1 20.4887 12.5675 1.75974 0.184796 0.506746 0.842056
1 25.636 0.345176 1.75807 0.0912018 -0.0947344 0.991316
1 19.9883 11.08 1.75021 0.194856 0.548345 0.813233
1 4.47035 29.6847 1.75881 -0.329136 -0.378938 0.864914
1 16.3621 32.8584 1.75952 -0.0198499 -0.0698315 0.997361
1 3.11571 12.187 1.74576 0.107289 0.550309 0.82804
1 1.34455 5.90648 1.60815 0.291506 -0.19178 -0.937147
1 22.4892 31.8781 1.77269 -0.0938286 0.71188 0.696005
1 9.42656 24.3074 1.75506 0.511696 0.256284 0.820052
1 33.1806 15.3901 1.75275 -0.440047 -0.244201 0.864132
1 21.0902 19.0545 1.60226 -0.149309 0.734474 -0.662008
1 4.58154 13.7854 1.60793 -0.20104 0.756957 -0.621771
1 26.0188 4.41929 1.74798 -0.699701 0.0679457 0.711197
1 20.9278 26.013 1.59711 -0.317825 0.68595 -0.654569
1 12.8733 34.0338 1.75681 -0.17388 -0.500179 0.848285
1 24.954 26.4796 1.75867 0.145759 -0.0580088 0.987618
1 8.63428 20.4949 1.61053 0.531171 0.179624 -0.828005
1 2.36236 18.4278 1.75801 0.46332 0.0859331 0.882015
1 3.22916 25.0237 1.72808 0.517647 -0.463009 0.719489
1 7.97821 4.82669 1.62524 0.116904 -0.178447 -0.97698
1 16.1131 17.4133 1.7566 -0.586595 -0.26861 0.764039
1 15.8774 0.768244 1.76021 -0.332344 -0.13181 0.933902
1 13.0855 9.54475 1.75023 0.262332 -0.725579 0.636174
1 23.1981 0.781989 1.76362 0.21857 -0.461402 0.859846
1 16.2546 34.4831 1.75907 -0.200031 -0.0695403 0.977319
1 1.19961 24.3342 1.74909 -0.598596 -0.130019 0.790429
1 5.73244 31.1114 1.75402 -0.592514 -0.11085 0.797897
1 4.02728 1.73753 1.6065 -0.062708 0.474564 -0.877984
1 28.9701 11.5915 1.61612 0.462119 -0.450585 -0.763819
1 33.31 20.8381 1.75488 -0.0147346 -0.53158 0.84688
1 14.2771 28.2203 1.75246 0.660168 -0.390852 0.641415
1 30.3638 1.0025 1.76224 -0.184126 0.759106 0.624384
1 22.629 11.1023 1.61534 0.233787 0.547062 -0.803783
1 28.4895 20.0846 1.6115 0.25798 -0.238295 -0.936302
1 6.39571 11.6421 1.60725 -0.394419 0.335135 -0.855639
1 28.4118 8.85126 1.60827 0.0282378 -0.274943 -0.961046
1 34.2496 15.7271 1.7529 -0.50652 -0.054126 0.860528
1 11.4515 21.0289 1.59694 0.697258 -0.465914 -0.544752
1 11.3473 32.9822 1.76098 0.0433725 -0.697904 0.714877
1 23.4538 17.735 1.61254 -0.15351 0.433794 -0.887839
1 0.232328 27.1633 1.61197 -0.118181 -0.534125 -0.837104
1 12.4948 22.569 1.60986 -0.170446 0.553299 -0.815358
1 33.5952 17.78 1.72574 0.608515 -0.32423 0.724282
1 9.56436 31.7312 1.7555 -0.714982 0.371004 0.592585
1 3.17957 26.1987 1.76794 0.285667 -0.594889 0.751333
1 24.3652 13.2322 1.63349 0.676943 0.169528 -0.716246
1 23.2734 5.813 1.59736 -0.373586 0.40645 -0.833805
1 17.2708 32.3391 1.76005 0.0423828 0.0359247 0.998455
1 9.16799 9.77077 1.61727 -0.719807 -0.154047 -0.676866
1 24.0241 1.85608 1.75495 -0.0656811 -0.27936 0.957937
1 25.1542 16.6603 1.61524 -0.300197 0.220096 -0.928138
1 8.37412 24.5942 1.75781 0.486499 0.0823073 0.869795
1 17.1222 30.2976 1.76053 0.31492 -0.0122814 0.949039
1 24.6756 33.5119 1.76343 0.392561 -0.27018 0.879147
1 26.8411 2.57767 1.75999 -0.336195 0.146911 0.930263
1 19.9163 18.1098 1.75372 -0.662176 0.299149 0.687046
1 21.0615 1.61732 1.65257 0.469989 -0.681131 0.5614
1 5.05666 14.7758 1.77492 0.0651574 -0.63245 0.771856
1 22.6321 33.144 1.74716 -0.367153 0.732608 0.573135
1 12.1592 2.81228 1.62853 -0.289323 -0.47609 -0.83044
1 17.5579 16.285 1.75783 -0.442824 -0.00239766 0.896605
1 23.9679 26.2961 1.75891 0.181681 -0.217522 0.958998
1 3.17186 27.4687 1.75798 0.0737168 -0.616713 0.783729
1 12.0092 16.424 1.61705 0.0524018 -0.477576 -0.877027
1 0.877439 26.2535 1.60494 -0.343135 -0.641585 -0.686022
1 3.36719 6.66027 1.59794 0.348901 -0.408815 -0.84329
1 22.9637 26.0366 1.75766 0.20926 -0.378274 0.901731
1 17.299 2.48537 1.75504 -0.51208 0.112124 0.851588
1 25.6239 12.7846 1.62098 0.612769 0.0306197 -0.789668
1 16.704 21.3655 1.60599 -0.286811 -0.0958557 -0.95318
1 10.3324 16.9256 1.61058 0.157363 -0.18722 -0.969632
1 11.6954 4.63247 1.60424 -0.0422671 -0.276815 -0.959993
1 26.7788 1.61724 1.75943 -0.155265 0.126422 0.97975
1 19.5428 21.2822 1.61286 -0.315463 -0.553609 -0.770714
1 26.8429 24.2626 1.75407 0.532869 0.292505 0.794035
1 6.1232 0.430414 1.61059 -0.335336 0.0956404 -0.937231
1 24.8098 25.509 1.75929 0.333463 -0.0783506 0.939502
1 27.7109 1.94467 1.75949 -0.24387 0.285561 0.926813
1 28.6102 18.4083 1.6084 -0.0154563 -0.244698 -0.969476
1 30.4804 15.3737 1.61746 -0.524104 -0.554253 -0.646621
1 11.0139 26.1902 1.75947 0.218523 0.519538 0.826031
1 26.8287 26.5616 1.75621 0.137705 0.258641 0.956108
1 20.2124 3.06706 1.76528 0.248623 -0.861816 0.442108
1 17.6439 10.3866 1.75902 0.157677 0.0460549 0.986416
1 14.5483 11.0963 1.75756 0.0195412 -0.474391 0.880098
1 33.3963 12.7899 1.76208 -0.00668587 -0.225978 0.974109
1 31.5146 33.4747 1.77683 -0.226262 0.851472 0.473076
1 26.558 32.0961 1.75597 0.581331 -0.00449198 0.813655
1 30.0057 16.2049 1.60799 -0.400895 -0.452727 -0.796443
1 5.2399 0.958216 1.60926 -0.246921 0.24737 -0.93693
1 31.6502 0.458022 1.60448 -0.518332 0.512382 -0.684688
1 6.90091 15.3219 1.61258 -0.0139891 0.326832 -0.944979
1 32.1703 7.67187 1.78413 -0.610426 -0.466996 0.639762
1 16.6251 10.3663 1.76098 0.150416 -0.117639 0.981599
1 17.1734 33.4465 1.76005 -0.0883279 0.0114889 0.996025
1 2.71396 23.0977 1.75534 -0.374041 0.111953 0.92063
1 17.1264 19.7864 1.6178 -0.555278 -0.180829 -0.811768
1 22.901 15.4207 1.77707 0.439959 -0.667366 0.600882
1 3.97967 11.8346 1.76397 0.0733367 0.720687 0.689371
1 16.7411 22.3501 1.60754 -0.12629 -0.0997027 -0.98697
1 11.1332 12.7672 1.60899 -0.273883 -0.502449 -0.820081
1 30.4031 6.49785 1.60303 -0.343897 -0.580723 -0.737899
1 8.73626 15.8789 1.60767 0.0524479 0.0344733 -0.998028
1 12.4133 4.03197 1.62995 -0.119863 -0.423254 -0.898047
1 24.3318 27.2582 1.75905 -0.00991933 -0.160706 0.986953
1 21.6732 15.9385 1.75316 -0.246424 0.731822 0.635383
1 23.0724 6.9205 1.60877 -0.191536 0.4344 -0.88012
1 10.725 29.4629 1.75367 -0.378292 0.514787 0.769343
1 14.2374 3.93591 1.59274 -0.281094 -0.694756 -0.662043
1 22.254 27.0176 1.75925 0.0379355 -0.48245 0.875102
1 3.67844 3.86389 1.66614 0.259583 0.595098 -0.760576
1 14.0704 8.08373 1.74635 0.467433 -0.702335 0.536872
1 20.5963 16.2621 1.76094 -0.331378 0.543683 0.771101
1 21.7148 27.9876 1.75878 -0.152549 -0.57318 0.805105
1 16.637 28.5667 1.75847 0.612485 -0.0848398 0.785916
1 1.75381 4.90185 1.61273 0.0860594 -0.307621 -0.947609
1 32.8321 18.818 1.74948 0.353833 -0.59061 0.725246
1 12.4061 28.8637 1.72221 -0.375945 0.689995 0.618524
1 24.8048 15.7653 1.61215 -0.423288 0.324771 -0.845784
1 21.299 20.4522 1.59879 0.227781 0.706451 -0.670107
1 31.7961 30.9883 1.61623 0.511389 0.246856 -0.82313
1 2.5032 30.0169 1.76646 -0.349082 -0.741339 0.5732
1 14.135 34.3616 1.75594 -0.233088 -0.349004 0.907671
1 27.452 32.8006 1.75752 0.410704 0.159634 0.897685
1 16.2982 11.5318 1.75987 0.0227686 -0.1603 0.986806
1 20.5444 23.9087 1.61203 0.104598 -0.715161 -0.691089
1 23.4857 20.9635 1.60907 0.372571 0.373339 -0.849593
1 0.228604 19.1089 1.75665 0.305405 -0.274884 0.911683
1 29.5092 22.5641 1.61324 0.659174 -0.348325 -0.666453
1 34.198 1.45348 1.60957 -0.386577 -0.0273065 -0.921853
1 28.0119 19.2298 1.60737 0.124881 -0.173272 -0.976925
1 34.4246 25.9794 1.61247 -0.306013 -0.474794 -0.825183
1 33.2769 9.72614 1.75691 0.522681 -0.244184 0.81681
1 16.831 26.7836 1.61113 0.653189 -0.0713857 -0.753823
1 26.4213 23.0252 1.61644 0.817182 0.155425 -0.555029
1 18.0901 33.9402 1.75756 -0.147758 0.147843 0.977911
1 7.32253 12.141 1.6041 -0.348743 0.174461 -0.920838
1 32.1166 30.0463 1.60987 0.383942 0.12231 -0.915221
1 0.787801 13.333 1.7593 -0.0811201 0.130255 0.988156
1 0.414602 23.3747 1.7557 -0.47471 -0.254749 0.842469
1 31.4858 20.561 1.63182 0.221929 -0.777922 -0.587865
1 4.17447 25.4333 1.74197 0.39956 -0.417176 0.816282
1 18.6026 23.1828 1.60612 0.0119084 -0.394323 -0.918895
1 6.7809 10.4954 1.63941 -0.512709 0.293999 -0.806656
1 8.1742 14.9991 1.60775 -0.0488815 0.0905657 -0.99469
1 17.2381 11.3026 1.76054 0.0488483 -0.0241816 0.998513
1 10.0617 21.508 1.60409 0.671017 -0.0996416 -0.734716
1 10.4716 24.0273 1.74495 0.576479 0.410606 0.706452
1 29.6531 2.43579 1.75363 -0.347231 0.65384 0.672253
1 34.4961 5.10149 1.60672 0.173691 0.0289545 -0.984375
1 31.2474 28.2383 1.606 0.145472 0.186958 -0.971537
1 12.6986 8.37711 1.59655 0.582852 -0.402642 -0.705807
1 34.4024 0.147121 1.6128 -0.583737 -0.0444377 -0.810726
1 28.1506 33.654 1.75997 0.243895 0.288596 0.925866
1 0.356496 2.12508 1.6085 -0.280467 -0.174597 -0.943851
1 5.63599 3.70456 1.61057 0.0849926 0.213782 -0.973177
1 22.721 3.67394 1.7574 -0.301657 -0.449195 0.840968
1 32.2993 1.17798 1.60721 -0.435178 0.363858 -0.823546
1 12.0188 17.9312 1.60858 0.222816 -0.491078 -0.842137
1 1.57272 23.4192 1.75768 -0.455205 -0.0434114 0.889328
1 2.39706 20.1791 1.75818 0.161715 0.0751813 0.98397
1 15.3819 20.9157 1.60738 -0.387062 0.100089 -0.916605
1 18.6605 12.4659 1.76118 0.0703863 0.218143 0.973375
1 2.77284 13.3357 1.75695 -0.073866 0.509694 0.857179
1 26.9405 14.3172 1.65713 -0.693684 0.149142 -0.70467
1 27.3164 34.1136 1.75742 0.164795 0.161927 0.972945
1 9.73619 28.0957 1.75772 -0.0801648 0.347819 0.934128
1 18.1904 28.6971 1.75491 0.599608 0.0522996 0.798583
1 14.7875 0.648339 1.7586 -0.368122 -0.288288 0.883955
1 28.2885 12.7845 1.63006 0.650322 -0.35052 -0.673956
1 0.444094 10.4038 1.75579 0.412924 0.0426445 0.909767
1 18.8864 34.4813 1.75365 -0.241688 0.270652 0.931845
1 32.2565 2.25513 1.61044 -0.257793 0.361498 -0.896026
1 1.94057 19.3165 1.75862 0.303169 0.00398484 0.952928
1 16.389 3.60473 1.75744 -0.668746 -0.0975358 0.737065
1 25.3579 21.0958 1.61582 0.401714 0.126841 -0.906938
1 10.2928 33.8393 1.60776 -0.552864 -0.546093 -0.629383
1 7.72547 15.9354 1.60799 0.0486908 0.190728 -0.980435
1 34.5 24.1807 1.75874 -0.63781 -0.384405 0.667406
1 30.1693 32.0403 1.7625 0.472099 0.63248 0.614078
1 28.1534 6.3366 1.61681 -0.400597 -0.21613 -0.890399
1 28.6969 29.0678 1.75679 -0.305472 0.51685 0.799721
1 29.5618 32.7933 1.75407 0.329305 0.545319 0.770834
1 23.0888 18.8057 1.61196 0.0101268 0.479629 -0.877413
1 9.66604 2.75235 1.61427 -0.304573 0.0612534 -0.950517
1 5.99554 26.3518 1.75847 0.218974 -0.206265 0.95368
1 32.9745 30.7567 1.61194 0.471572 -0.0153644 -0.881694
1 10.7477 1.03025 1.61698 -0.509649 -0.298622 -0.806897
1 10.39 8.12234 1.60736 0.527625 0.123763 -0.840413
1 25.6127 14.8452 1.63523 -0.612795 0.278082 -0.739698
1 13.201 23.3213 1.61254 -0.000807801 0.474893 -0.880043
1 8.58761 10.6569 1.60831 -0.568185 -0.0388073 -0.821985
1 18.8299 1.27383 1.75241 -0.362313 0.285542 0.88724
1 18.2298 11.3902 1.7582 0.0940247 0.13585 0.986258
1 27.6297 25.1798 1.75898 0.367153 0.485671 0.793298
1 13.4775 31.4229 1.76236 0.197401 -0.408698 0.891066
1 31.9588 11.4668 1.75907 0.237114 -0.501531 0.832012
1 19.7496 5.3748 1.76329 0.618924 0.423197 0.661692
1 21.7222 3.9652 1.76354 -0.10417 -0.662487 0.741794
1 14.1963 29.387 1.75407 0.470217 -0.424892 0.773539
1 18.2613 19.4942 1.61563 -0.680356 -0.304792 -0.666497
1 9.88443 18.7318 1.60719 0.36776 -0.116229 -0.922628
1 21.0207 30.7911 1.75705 0.201889 0.530053 0.82358
1 27.2415 22.2547 1.61153 0.639439 0.0413318 -0.76773
1 24.2438 31.5772 1.59915 -0.798316 -0.0933324 -0.594963
1 19.6383 17.1218 1.75785 -0.513559 0.34659 0.784941
1 22.3848 20.724 1.61424 0.329517 0.54854 -0.768454
1 19.5104 2.27108 1.76158 -0.358325 0.538496 0.762644
1 32.8654 0.0478043 1.60771 -0.60034 0.244717 -0.761384
1 21.2391 22.7715 1.60361 -0.126746 -0.831743 -0.540499
1 12.0972 12.5452 1.62454 -0.33022 -0.677064 -0.657677
1 6.19239 25.2843 1.75184 0.40664 -0.231588 0.883748
1 27.236 11.2256 1.60895 0.369247 -0.174384 -0.912824
1 30.6133 21.6933 1.6327 0.466381 -0.565579 -0.680154
1 11.4421 15.0107 1.61899 -0.017165 -0.471452 -0.881725
1 19.3726 29.0001 1.75884 0.519638 0.251595 0.816503
1 13.5296 25.8439 1.61757 0.410459 0.447458 -0.794547
1 33.8265 3.48176 1.60688 -0.0821704 0.0838662 -0.993083
1 26.6241 7.37479 1.61327 -0.217306 -0.0641395 -0.973994
