1 17.4221 31.2404 1.7598 0.162071 0.0290559 0.986351
1 24.717 22.602 1.62074 0.745857 0.166565 -0.644945
1 13.9723 12.9023 1.74522 -0.20389 -0.544164 0.813827
1 29.562 18.8018 1.60791 0.0993454 -0.368058 -0.92448
1 7.27299 25.1855 1.74837 0.437093 -0.0876304 0.895137
1 14.5744 17.4695 1.76566 -0.54394 -0.58984 0.59684
1 14.1311 25.4241 1.61364 0.431658 0.398115 -0.809429
1 25.1329 17.192 1.60951 -0.229038 0.194819 -0.953723
1 9.77253 2.50166 1.60968 -0.109942 -0.280572 -0.953516
1 1.83396 16.2193 1.75447 -0.56893 0.365982 0.736462
1 14.272 9.03025 1.74576 0.387019 -0.517908 0.762881
1 32.5019 14.7467 1.75919 -0.350606 -0.367075 0.861587
1 25.1095 33.8895 1.75732 0.266134 -0.153877 0.951575
1 32.5175 9.2081 1.75374 0.63356 -0.37195 0.678421
1 14.4231 23.2429 1.60809 0.0374306 0.296339 -0.954349
1 25.7655 20.1267 1.60935 0.267442 0.1203 -0.956035
1 14.1983 31.9514 1.75665 0.10395 -0.354231 0.929363
1 25.7998 15.5827 1.62303 -0.503373 0.0950277 -0.858828
1 23.8226 16.0442 1.60943 -0.477986 0.342948 -0.808651
1 13.1211 25.6623 1.61334 0.45989 0.580311 -0.672116
1 18.5437 31.2111 1.7595 0.160289 0.163183 0.973488
1 12.7054 21.0816 1.62235 -0.308776 0.572087 -0.759851
1 19.8677 33.583 1.75555 -0.170528 0.427294 0.887885
1 30.6479 22.3619 1.78786 -0.631327 0.525262 0.570549
1 21.7677 0.857088 1.71752 0.401053 -0.604432 0.688345
1 29.4412 10.7237 1.60742 0.333002 -0.496051 -0.8019
1 7.43006 19.8303 1.61599 0.493473 0.373799 -0.78534
1 10.7077 13.7094 1.61408 -0.152859 -0.369835 -0.916437
1 9.60633 6.46769 1.60762 0.380148 0.180502 -0.907142
1 17.168 9.12164 1.76011 0.296238 -0.0305522 0.954625
1 6.52282 14.3333 1.6155 -0.0901764 0.353786 -0.930969
1 8.35402 28.3857 1.76112 -0.0681593 0.13718 0.988198
1 7.90972 1.41838 1.60804 -0.251088 -0.0674252 -0.965613
1 18.2362 24.3088 1.61074 0.261582 -0.263029 -0.92865
1 14.059 15.9772 1.76474 -0.336767 -0.708162 0.620559
1 27.2459 26.8779 1.75668 0.0134939 0.262276 0.964899
1 3.01703 8.6435 1.62603 0.783282 0.284923 -0.552529
1 13.0113 7.9185 1.61466 0.537953 -0.464377 -0.703534
1 19.8609 32.4309 1.75978 -0.0169989 0.393019 0.919373
1 12.5489 16.8635 1.61159 0.0491459 -0.598573 -0.799559
1 33.3089 15.4989 1.75923 -0.476714 -0.19954 0.856112
1 3.17729 20.1601 1.75836 0.218606 0.179641 0.959135
1 18.5804 21.2546 1.61185 -0.310554 -0.358407 -0.880398
1 15.5231 10.402 1.76174 0.164346 -0.328311 0.930163
1 10.798 20.5039 1.61232 0.606519 -0.349528 -0.714118
1 22.7737 23.5622 1.76805 0.717593 -0.247871 0.650861
1 14.5625 15.0837 1.73594 -0.320063 -0.503231 0.802694
1 33.9385 8.98695 1.75648 0.708986 -0.13912 0.691364
1 21.6354 7.36359 1.60992 -0.102235 0.586772 -0.803272
1 30.6366 5.20498 1.59931 0.297418 0.71851 -0.628718
1 25.8606 30.6339 1.75051 -0.738792 0.125721 0.662103
1 4.18772 20.4288 1.75875 0.169583 0.347115 0.922363
1 9.63667 0.234873 1.61304 -0.417149 -0.343741 -0.841326
1 17.7202 26.0413 1.61071 0.575288 -0.120453 -0.809033
1 27.3917 22.1549 1.607 0.632308 0.0283669 -0.774197
1 5.70542 30.1429 1.75538 -0.351452 -0.207629 0.912892
1 32.9888 28.0783 1.6084 -0.0447494 -0.152786 -0.987246
1 27.4345 30.2946 1.76387 -0.610915 0.343052 0.713511
1 15.4572 7.93157 1.7534 0.423407 -0.431878 0.796371
1 31.5607 1.34514 1.61363 -0.4204 0.427434 -0.800352
1 10.0968 3.65033 1.60512 -0.00109001 -0.144449 -0.989512
1 28.2729 27.1302 1.75587 -0.0236809 0.421614 0.906466
1 15.9021 17.6962 1.75302 -0.635387 -0.320072 0.702736
1 0.090284 13.3266 1.7604 -0.0939571 0.0254809 0.99525
1 31.2274 27.6545 1.60782 -0.109627 0.115393 -0.987252
1 10.2365 24.1491 1.74836 0.605918 0.362573 0.7081
1 21.7251 6.01476 1.63538 -0.291599 0.616694 -0.731203
1 12.0634 34.0493 1.74307 -0.248818 -0.669674 0.699733
1 13.4601 23.3398 1.61197 0.0658484 0.455548 -0.887772
1 33.071 27.0031 1.61037 -0.22063 -0.238954 -0.945634
1 32.7792 4.66647 1.60717 0.105098 0.279374 -0.954413
1 11.7755 6.55468 1.61089 0.350438 -0.218914 -0.910642
1 6.9757 1.0215 1.60944 -0.30138 0.0461738 -0.952386
1 15.5174 11.5228 1.76104 0.0379169 -0.299186 0.953441
1 16.8206 30.4524 1.75777 0.282983 -0.0468069 0.957982
1 27.4561 24.9641 1.76027 0.322961 0.354476 0.877521
1 21.0078 17.1175 1.74927 -0.494335 0.489088 0.718628
1 26.2706 26.5563 1.75924 0.0734033 0.115008 0.990649
1 0.241158 12.3934 1.76056 0.0689739 0.037698 0.996906
1 8.57446 29.3503 1.75956 -0.226908 0.178642 0.957392
1 27.1642 3.05006 1.75492 -0.471791 0.22993 0.851202
1 30.9334 24.3762 1.60213 -0.644989 -0.129316 -0.753171
1 32.0403 28.3581 1.60782 0.0156724 0.0280918 -0.999482
1 29.7055 11.8489 1.62287 0.45749 -0.656483 -0.599777
1 20.6075 31.6008 1.75428 0.0962408 0.461777 0.88176
1 29.8722 9.50469 1.60963 0.166775 -0.552826 -0.816437
1 9.02275 16.4008 1.60722 0.122526 -0.0193459 -0.992277
1 25.0587 11.0343 1.60943 0.296224 0.122759 -0.947197
1 0.732769 9.01854 1.75221 0.692267 0.0786942 0.717338
1 2.61983 15.0392 1.75936 -0.307034 0.523767 0.794606
1 24.64 7.25198 1.60892 -0.262709 0.147422 -0.953546
1 8.5607 5.92796 1.61459 0.255107 0.350781 -0.90104
1 22.787 12.6959 1.62001 0.506591 0.44538 -0.738243
1 19.0467 27.2067 1.76965 -0.837771 0.0972441 0.537292
1 18.9993 10.6281 1.75466 0.204885 0.36286 0.90904
1 5.06278 5.85077 1.62222 0.330298 0.115396 -0.936796
1 22.1317 26.7312 1.75747 -0.00888653 -0.564857 0.825141
1 3.34286 22.1159 1.75586 -0.14256 0.177804 0.973685
1 11.7537 31.1181 1.7303 0.365536 -0.688674 0.626188
1 25.5692 19.143 1.61047 0.100306 0.147668 -0.983938
1 9.28992 33.7845 1.60553 -0.586107 -0.264236 -0.765936
1 26.4334 24.7427 1.75105 0.412004 0.168144 0.895534
1 27.0418 16.8506 1.60909 -0.226034 -0.0388565 -0.973344
1 20.3376 8.16667 1.76479 0.336615 0.662141 0.669522
1 33.9385 12.5831 1.75989 0.0298334 -0.113398 0.993102
1 27.5507 11.9426 1.60918 0.463664 -0.26785 -0.844554
1 8.28249 33.0192 1.61303 -0.774204 -0.107804 -0.623687
1 28.9382 15.0411 1.614 -0.500757 -0.267195 -0.823316
1 23.478 20.868 1.61637 0.385684 0.369241 -0.845523
1 32.6713 0.831667 1.611 -0.504175 0.218692 -0.835453
1 22.3361 17.8223 1.61311 -0.147177 0.55762 -0.816945
1 15.2099 14.4233 1.75247 -0.275564 -0.340232 0.899059
1 31.5709 6.12549 1.61416 0.376821 0.478489 -0.793129
1 15.6065 6.75873 1.74927 0.584527 -0.385904 0.713727
1 14.6793 21.3984 1.61528 -0.278885 0.240637 -0.929686
1 4.66155 12.1942 1.60038 -0.261399 0.784965 -0.561695
1 6.56819 17.7056 1.61157 0.236039 0.42805 -0.872387
1 6.11259 12.3697 1.60938 -0.270371 0.413387 -0.869489
1 3.8056 31.1934 1.74963 -0.48521 -0.476325 0.733271
1 20.864 22.9753 1.60965 -0.0671123 -0.669474 -0.739798
1 14.2871 28.0107 1.74321 0.704634 -0.325577 0.630469
1 4.29662 28.7086 1.75833 -0.0832745 -0.444453 0.891923
1 16.2551 16.7303 1.75559 -0.504556 -0.23842 0.829807
1 30.9892 15.8247 1.6069 -0.403929 -0.650663 -0.643023
1 25.6736 28.2218 1.75971 -0.237765 0.0384055 0.970563
1 27.0715 17.8357 1.60696 -0.0729308 -0.0380235 -0.996612
1 18.9486 32.12 1.76111 0.0278285 0.236552 0.97122
1 13.4335 17.4285 1.60708 0.0943593 -0.765096 -0.636965
1 23.5814 7.03194 1.60568 -0.284577 0.288588 -0.914184
1 25.4909 2.05906 1.75454 -0.212 -0.012746 0.977187
1 8.13745 27.4081 1.761 0.0892794 0.0980949 0.991164
1 7.95096 2.41746 1.60718 -0.114612 -0.0631999 -0.991398
1 18.1615 7.27703 1.75471 0.517463 0.132063 0.845453
1 20.4138 0.958382 1.74236 -0.389878 0.612789 0.687376
1 6.67295 11.2978 1.61193 -0.396794 0.350664 -0.848286
1 32.1736 10.3202 1.74593 0.405736 -0.430294 0.806365
1 9.58988 15.5281 1.60805 0.0468351 -0.136861 -0.989482
1 33.9433 27.782 1.60973 -0.102896 -0.333779 -0.937019
1 34.0767 16.2592 1.75843 -0.607154 -0.033011 0.793898
1 5.4835 17.2913 1.60988 0.31878 0.609243 -0.726087
1 18.7179 3.99568 1.75811 -0.65822 0.367952 0.656779
1 2.36806 6.06762 1.60558 0.277241 -0.42308 -0.862636
1 23.385 6.02868 1.61163 -0.440816 0.293759 -0.848167
1 27.3679 0.678089 1.76164 -0.0285959 0.223418 0.974303
1 17.2345 17.4456 1.75064 -0.64961 -0.0727791 0.756776
1 8.5748 26.5196 1.76047 0.230658 0.146631 0.961923
1 9.58909 25.7572 1.76284 0.354188 0.294777 0.887501
1 25.441 6.56259 1.61317 -0.383274 0.0230411 -0.923347
1 19.9322 15.2974 1.75837 -0.186868 0.406361 0.8944
1 23.0796 26.4192 1.757 0.0751062 -0.408774 0.90954
1 27.8764 12.9183 1.61127 0.659477 -0.318472 -0.68093
1 6.85151 13.1036 1.60618 -0.199556 0.295096 -0.934396
1 17.263 19.2801 1.5968 -0.69007 -0.234371 -0.684744
1 27.6408 32.6098 1.75498 0.424632 0.229101 0.8759
1 9.55147 19.8421 1.61161 0.525045 -0.0540725 -0.849355
1 8.85692 1.88293 1.60743 -0.194586 -0.191458 -0.962019
1 12.4586 18.1273 1.61557 0.272389 -0.589962 -0.760098
1 15.5463 15.7017 1.75366 -0.36091 -0.307672 0.880387
1 26.5163 27.6011 1.75896 -0.11819 0.162827 0.97955
1 11.4672 25.0556 1.74998 0.515289 0.605795 0.606209
1 13.6564 10.2454 1.75226 0.174041 -0.641915 0.746763
1 12.7397 28.1236 1.75451 -0.220425 0.783871 0.580481
1 3.77772 7.95369 1.60973 0.613265 0.234248 -0.754344
1 0.53423 16.8082 1.73597 -0.753774 0.156212 0.638297
1 24.9267 8.21703 1.60812 -0.116578 0.134459 -0.984038
1 28.9704 34.0091 1.7602 0.155244 0.479687 0.863597
1 4.56435 14.6632 1.62617 -0.0540193 0.769759 -0.636045
1 7.27482 9.40022 1.58973 -0.66896 0.288342 -0.685093
1 32.4643 16.0394 1.75645 -0.574416 -0.384061 0.722871
1 18.2939 15.972 1.7609 -0.372954 0.122086 0.919783
1 25.8132 22.0151 1.60976 0.579303 0.105686 -0.808231
1 8.72354 0.837305 1.60299 -0.340033 -0.180498 -0.922929
1 25.9243 8.43282 1.60806 -0.0799945 0.00287344 -0.996791
1 9.15461 14.5809 1.60662 -0.0581982 -0.0837255 -0.994788
1 8.5093 20.4047 1.61618 0.585141 0.137581 -0.799175
1 12.1197 32.7573 1.75055 -0.0163062 -0.638836 0.76917
1 32.1797 7.16671 1.60096 0.574781 0.325553 -0.750761
1 11.0135 7.67192 1.61179 0.555121 -0.0474292 -0.830416
1 27.9865 5.53815 1.61809 -0.598694 -0.161767 -0.784472
1 1.9537 18.3803 1.75626 0.525031 -0.0268049 0.850661
1 5.12735 1.98447 1.61093 -0.14429 0.340349 -0.929162
1 22.4811 6.65945 1.618 -0.277994 0.443903 -0.851863
1 31.9228 23.6902 1.60601 -0.693951 -0.370504 -0.61738
1 28.4319 28.3175 1.76338 -0.181862 0.485893 0.854889
1 10.958 27.5323 1.75922 0.0299925 0.55347 0.832329
1 7.00674 16.6494 1.61392 0.118586 0.32712 -0.937513
1 13.9117 33.0439 1.75627 -0.0438061 -0.401083 0.914994
1 4.41276 21.4305 1.75784 -0.0201669 0.343249 0.939028
1 12.1334 12.8678 1.6354 -0.336424 -0.643719 -0.687346
1 9.00166 12.7685 1.60581 -0.265992 -0.0853666 -0.960188
1 33.4123 30.0452 1.60925 0.24174 -0.136592 -0.960679
1 27.5085 27.9253 1.75768 -0.162738 0.323012 0.932298
1 21.2337 27.3247 1.59947 0.151007 0.689047 -0.70881
1 6.61623 26.2221 1.75331 0.27912 -0.163125 0.946299
1 26.1151 10.9015 1.60875 0.293373 -0.0251893 -0.955666
1 24.3129 30.7023 1.75502 -0.674369 -0.186067 0.714567
1 23.5197 13.7249 1.60215 0.65821 0.252697 -0.709157
1 23.014 3.48883 1.75595 -0.29869 -0.434641 0.84963
1 14.9528 24.1026 1.60826 0.19048 0.220274 -0.956659
1 18.0987 8.73883 1.75905 0.346717 0.129014 0.929055
1 16.3584 25.3182 1.60659 0.411564 0.0423676 -0.910395
1 11.9255 3.6176 1.61049 -0.0761767 -0.429641 -0.899781
1 33.1164 3.7059 1.60907 -0.0503393 0.20786 -0.976862
1 6.98496 2.01458 1.6076 -0.161503 0.0595296 -0.985075
1 33.2914 5.5737 1.60838 0.253698 0.197358 -0.946936
1 2.78647 30.3522 1.76104 -0.322282 -0.670603 0.668151
1 12.8729 3.46779 1.63709 -0.252927 -0.556798 -0.791204
1 24.2621 9.00753 1.60711 -0.00390709 0.2442 -0.969717
1 5.32404 22.276 1.74716 -0.210075 0.470538 0.857008
1 23.6903 9.84586 1.61232 0.104857 0.33999 -0.934565
1 11.7107 16.2064 1.61256 -0.00260043 -0.438897 -0.898534
1 33.9806 26.6706 1.60519 -0.291691 -0.385798 -0.875258
1 0.420813 22.6013 1.75724 -0.294159 -0.247437 0.923171
1 6.58523 8.8451 1.7912 0.720763 -0.464201 0.5148
1 33.5013 14.526 1.75867 -0.31225 -0.176593 0.933442
1 32.2416 26.1297 1.61098 -0.334975 -0.17344 -0.926127
1 18.9093 15.1356 1.76029 -0.247523 0.238721 0.939013
1 29.4382 19.8776 1.61251 0.280419 -0.33064 -0.901134
1 17.9898 0.0829357 1.75808 -0.260185 0.163705 0.95158
1 26.6845 28.6258 1.75731 -0.299665 0.209288 0.930806
1 14.0013 34.1731 1.75746 -0.240425 -0.410649 0.879524
1 4.09949 10.5774 1.76547 0.129391 0.760013 0.636898
1 32.7408 13.7367 1.75809 -0.17634 -0.313182 0.933178
1 29.0062 6.20409 1.61642 -0.467874 -0.332567 -0.818837
1 26.6529 21.3138 1.61133 0.446617 0.0367321 -0.893971
1 26.5603 19.4917 1.60798 0.159278 0.0227944 -0.986971
1 18.0001 28.7613 1.75841 0.537126 0.0976341 0.837833
1 10.6403 2.11499 1.61893 -0.180184 -0.386513 -0.904512
1 3.12379 18.5358 1.75982 0.504947 0.192418 0.84143
1 26.2396 13.6666 1.71093 0.736015 -0.241988 -0.632237
1 10.5629 15.6945 1.60988 0.00647615 -0.282026 -0.959385
1 16.0125 0.583675 1.75825 -0.328347 -0.127287 0.935941
1 25.7546 29.1774 1.75692 -0.40117 0.0667811 0.913566
1 11.8527 23.995 1.77388 -0.321369 -0.671317 0.667874
1 34.4379 2.46424 1.6087 -0.242028 -0.0750517 -0.967362
1 29.9467 15.868 1.61161 -0.361923 -0.472171 -0.803783
1 5.83511 5.20468 1.61416 0.220363 0.0609784 -0.97351
1 6.17724 3.41035 1.61132 0.023108 0.142983 -0.989455
1 2.95743 32.5558 1.76644 0.647171 -0.312129 0.695518
1 26.4061 2.42201 1.76099 -0.328852 0.119332 0.936812
1 17.5109 15.2745 1.75839 -0.293708 0.0283507 0.955475
1 5.54476 27.0531 1.75898 0.188347 -0.264563 0.945797
1 20.0817 6.74563 1.75434 0.531253 0.527733 0.662774
1 6.39687 34.0528 1.61122 -0.552532 0.0745373 -0.830152
1 23.9145 8.00678 1.60748 -0.144625 0.270665 -0.951748
1 8.90281 2.91195 1.6056 -0.0509735 -0.168206 -0.984433
1 29.0347 16.212 1.6115 -0.317018 -0.304649 -0.898159
1 5.35188 18.5599 1.61743 0.441404 0.754599 -0.485532
1 2.82326 13.8001 1.75129 -0.106462 0.535554 0.837764
1 16.7413 21.7491 1.60859 -0.219279 -0.0833223 -0.972098
1 13.1812 32.3537 1.75648 0.065443 -0.500823 0.863072
1 17.6154 27.003 1.59884 0.754626 0.0314789 -0.6554
1 16.9947 14.3517 1.75903 -0.183941 -0.0340182 0.982348
1 10.7108 29.7646 1.75277 -0.32668 0.487319 0.809815
1 25.0065 29.9129 1.75476 -0.563743 -0.0254307 0.825559
1 17.486 3.64407 1.76186 -0.660766 0.0912141 0.745029
1 21.1685 30.6838 1.75416 0.215805 0.535693 0.816371
1 29.2338 23.9253 1.61789 -0.613116 0.101615 -0.78343
1 23.0058 34.3489 1.75138 0.280569 -0.52725 0.802053
1 7.05534 6.35634 1.61329 0.331002 -0.341946 -0.879494
1 1.02465 26.7069 1.61291 -0.284001 -0.659096 -0.696373
1 23.3437 17.8901 1.61086 -0.130475 0.420335 -0.897939
1 5.0536 13.2784 1.68156 -0.194807 0.615505 -0.763678
1 28.744 18.2653 1.60767 0.0137996 -0.251275 -0.967817
1 31.421 4.66953 1.61006 0.160828 0.578943 -0.799349
1 1.85953 14.2317 1.75696 -0.219577 0.35195 0.909899
1 8.59124 9.14306 1.60538 -0.710205 0.00166141 -0.703993
1 26.5006 0.301397 1.75871 0.0547666 0.0827618 0.995063
1 22.6021 19.9765 1.6159 0.230117 0.508858 -0.829524
1 25.104 4.00527 1.7443 -0.551848 -0.0928897 0.828755
1 5.07922 24.6878 1.66316 0.721929 -0.310979 0.618151
1 30.279 18.0177 1.6111 -0.0158103 -0.493773 -0.869447
1 0.915977 31.8684 1.61192 0.488353 -0.484518 -0.725778
1 15.0657 29.8626 1.75786 0.387856 -0.250751 0.886957
1 17.1949 18.3693 1.75909 -0.800052 -0.107034 0.590305
1 12.0338 20.4244 1.61741 0.611069 -0.6009 -0.515281
1 3.74 25.2994 1.76053 0.582925 -0.550936 0.597217
1 5.326 34.505 1.61204 -0.457474 0.271446 -0.846779
1 15.2961 31.5964 1.75848 0.139047 -0.219804 0.965584
1 6.53855 20.3025 1.61216 0.501214 0.590992 -0.632071
1 17.4724 23.661 1.6065 0.116652 -0.167956 -0.978868
1 8.80359 23.6797 1.71784 0.687562 0.111978 0.71744
1 4.48364 18.8441 1.75676 0.437501 0.455924 0.775066
1 8.06615 32.1571 1.74127 -0.753094 0.0845643 0.652455
1 7.34802 4.1132 1.6073 0.120566 -0.0506908 -0.99141
1 3.39209 21.1308 1.75806 0.0390808 0.193959 0.980231
1 11.4201 26.2882 1.75589 0.270728 0.600459 0.752433
1 26.7809 10.1232 1.60724 0.167126 -0.106545 -0.980162
1 10.7878 30.9349 1.72813 -0.495508 0.583568 0.643367
1 0.0173312 4.34873 1.60754 0.0469103 -0.062964 -0.996913
1 30.0294 14.784 1.62394 -0.537219 -0.441962 -0.718377
1 28.0069 17.589 1.60661 -0.105716 -0.156132 -0.982063
1 28.0713 16.6218 1.60905 -0.263108 -0.160692 -0.95129
1 32.7828 6.41084 1.61459 0.416182 0.269014 -0.868576
1 7.45549 18.6842 1.61125 0.357357 0.344636 -0.868057
1 5.45405 4.11011 1.61042 0.124862 0.234868 -0.963974
1 16.6942 20.0354 1.61478 -0.54002 -0.137885 -0.830281
1 3.36224 28.7664 1.75143 -0.0900979 -0.612897 0.785009
1 31.1641 31.4683 1.60506 0.466116 0.453948 -0.759386
1 33.7432 28.8478 1.61205 0.0747242 -0.249558 -0.965472
1 30.0276 21.4887 1.6112 0.53374 -0.393608 -0.748462
1 1.9228 2.41074 1.6158 -0.226767 -0.521973 -0.822266
1 13.9911 22.2943 1.60884 -0.121243 0.36076 -0.924744
1 27.6016 29.1022 1.7544 -0.365449 0.367446 0.855237
1 14.4502 20.4258 1.60571 -0.432592 0.291761 -0.853077
1 22.6072 22.6179 1.76314 -0.791098 -0.263502 0.552024
1 28.8958 7.88211 1.60763 -0.141935 -0.357491 -0.923068
1 18.2438 33.6984 1.75564 -0.133778 0.183897 0.973799
1 19.6233 31.3693 1.75966 0.138419 0.317754 0.938015
1 0.212131 7.10645 1.61477 0.557213 -0.0183382 -0.830167
1 4.72814 29.684 1.7568 -0.254046 -0.357175 0.898825
1 15.8533 4.32013 1.77275 -0.735629 -0.331715 0.590606
1 21.1009 3.58569 1.75708 -0.0754139 -0.769151 0.634602
1 7.6837 26.0448 1.75834 0.303446 -0.0016229 0.952847
1 28.9392 17.2651 1.61229 -0.142243 -0.300503 -0.943114
1 24.3177 1.15036 1.75083 -0.00316049 -0.231011 0.972946
1 28.1626 9.19699 1.60832 0.0549344 -0.273346 -0.960346
1 1.06546 9.9768 1.74982 0.505659 0.155954 0.848521
1 24.5968 15.1053 1.60739 -0.658936 0.205726 -0.723519
1 19.5853 21.9493 1.6264 -0.224757 -0.547131 -0.806308
1 0.479795 0.52226 1.60504 -0.54362 -0.241053 -0.803972
1 15.4632 23.2886 1.60793 0.0531273 0.132804 -0.989717
1 13.0057 22.2508 1.61061 -0.100861 0.522368 -0.846734
1 8.39941 19.3852 1.60674 0.454573 0.170195 -0.874298
1 18.9804 11.7447 1.75527 0.0768817 0.337083 0.938331
1 20.3205 26.3258 1.75776 -0.299476 0.812007 0.500957
1 21.6364 31.7653 1.75541 0.00523392 0.594275 0.804245
1 1.49919 10.9909 1.7569 0.317163 0.24139 0.917136
1 1.65155 30.7484 1.61232 0.243491 -0.648325 -0.721378
1 23.4945 1.62437 1.76242 -0.0284361 -0.36832 0.929264
1 22.5862 33.0483 1.76072 -0.301817 0.795069 0.526091
1 33.81 33.3335 1.60601 -0.817617 0.034771 -0.574712
1 21.6984 21.6946 1.60328 0.590359 0.515631 -0.620968
1 33.4412 7.31162 1.60793 0.569569 0.116541 -0.81364
1 14.7003 12.1939 1.7575 -0.077806 -0.422598 0.902971
1 33.4612 32.3691 1.60903 0.657345 -0.0364344 -0.752709
1 21.8577 2.07635 1.71292 0.0989836 -0.638652 0.763103
1 22.7686 7.7289 1.60507 -0.148163 0.411798 -0.89915
1 28.5415 29.5297 1.76014 -0.376357 0.550769 0.744989
1 11.163 32.4471 1.76937 0.0800121 -0.766138 0.637676
1 3.78728 27.6652 1.75283 0.116442 -0.531622 0.83894
1 17.5443 13.5286 1.76055 -0.0840034 0.0751602 0.993627
1 9.58769 13.667 1.6052 -0.162905 -0.179084 -0.970253
1 2.77048 12.4735 1.75905 0.0396234 0.479236 0.876791
1 11.3353 28.6297 1.76316 -0.187788 0.613256 0.767237
1 1.33856 6.72148 1.61115 0.440218 -0.217809 -0.871072
1 20.7377 9.88274 1.75871 0.285947 0.713697 0.63943
1 28.3202 20.2764 1.61266 0.33472 -0.159997 -0.928635
1 18.1469 12.169 1.75704 0.0554637 0.179221 0.982244
1 5.96418 8.2076 1.62438 0.645426 -0.225352 -0.729823
1 18.9568 9.46923 1.75602 0.297518 0.321559 0.898934
1 26.1883 1.24273 1.75739 -0.101187 0.0752041 0.992021
1 32.3537 11.8434 1.75802 0.155537 -0.378082 0.912613
1 4.9443 7.75489 1.61076 0.58091 -0.00034152 -0.813968
1 20.1874 28.398 1.75441 0.592774 0.375207 0.712628
1 15.4171 34.3448 1.75674 -0.227649 -0.214356 0.949857
1 7.57184 33.7817 1.6241 -0.595578 -0.0944649 -0.797724
1 18.1951 1.93353 1.7557 -0.447408 0.211769 0.868896
1 19.346 7.34431 1.75954 0.473242 0.386264 0.791734
1 13.0396 24.4412 1.60703 0.272718 0.503208 -0.820004
1 9.56009 20.9282 1.62097 0.655304 -0.090154 -0.749966
1 18.8908 8.18449 1.74927 0.395495 0.276484 0.875866
1 4.63585 25.7235 1.74837 0.507421 -0.403812 0.761223
1 26.3075 4.2328 1.75635 -0.684651 0.0995904 0.722035
1 9.53301 11.9003 1.61239 -0.375968 -0.170663 -0.910781
1 4.48121 3.75244 1.61314 0.119312 0.431743 -0.894071
1 13.8021 6.85943 1.62241 0.31023 -0.583732 -0.750343
1 26.8151 7.99104 1.60871 -0.146282 -0.103791 -0.983783
1 26.2949 14.611 1.64373 -0.705068 0.209426 -0.67751
1 27.5944 3.87409 1.76212 -0.6226 0.276587 0.73203
1 12.8839 4.63394 1.61321 -0.0308627 -0.473284 -0.880369
1 9.78416 30.7019 1.75655 -0.45635 0.391167 0.799208
1 16.4516 5.71665 1.75892 0.725621 -0.230932 0.648186
1 3.63019 14.5514 1.75172 -0.184828 0.717091 0.672026
1 22.0716 14.5792 1.74715 -0.0209311 0.750297 0.66077
1 26.2646 9.31929 1.6069 0.0498751 -0.0340437 -0.998175
1 13.4709 5.66599 1.61024 0.104701 -0.533793 -0.839108
1 25.242 9.18058 1.60734 0.0270905 0.104714 -0.994133
1 6.3951 32.1133 1.739 -0.73481 -0.10161 0.670619
1 10.7161 17.73 1.60634 0.230494 -0.272194 -0.934229
1 18.8508 19.64 1.60406 -0.660332 -0.36899 -0.65407
1 9.95703 9.42571 1.60745 -0.71003 -0.230035 -0.665538
1 7.11183 3.03983 1.60777 -0.0212665 0.0414581 -0.998914
1 30.4597 23.4248 1.61015 -0.78761 -0.0355598 -0.615147
1 30.7339 2.41448 1.62406 -0.281774 0.656921 -0.699327
1 18.1137 14.4161 1.76042 -0.175583 0.149288 0.973079
1 24.6524 10.0558 1.609 0.143996 0.19292 -0.970591
1 25.47 32.0185 1.75965 0.566848 -0.161094 0.807918
1 15.906 24.3842 1.60678 0.234608 0.0846957 -0.968393
1 34.4866 14.2575 1.75955 -0.258053 0.00361281 0.966124
1 25.5562 27.2514 1.75994 -0.0602622 0.00942371 0.998138
1 28.3066 10.9629 1.6153 0.337373 -0.327425 -0.882594
1 24.4634 20.5355 1.61446 0.329326 0.239967 -0.913215
1 14.6011 30.8894 1.75635 0.241918 -0.303824 0.921502
1 29.5176 5.43782 1.607 -0.636032 -0.337858 -0.693769
1 27.2307 11.0041 1.61144 0.314386 -0.170443 -0.933869
1 16.2441 20.8731 1.60843 -0.384654 -0.0302998 -0.922564
1 28.7756 24.8204 1.63375 -0.401474 0.115526 -0.908555
1 24.5007 2.10846 1.75491 -0.170174 -0.174711 0.969802
1 3.63982 13.0803 1.76086 0.0213252 0.693833 0.71982
1 6.51087 28.5311 1.75922 -0.0825769 -0.126561 0.988516
1 29.974 1.1501 1.75459 -0.166141 0.646805 0.744339
1 4.82042 4.85518 1.61832 0.224691 0.30853 -0.924296
1 33.3672 17.034 1.73985 -0.742864 -0.15047 0.652313
1 33.2202 25.7853 1.60481 -0.469684 -0.316366 -0.824203
1 29.0929 8.90309 1.6103 0.0297219 -0.410752 -0.911263
1 24.2219 24.566 1.75839 0.455024 -0.181552 0.871776
1 30.29 3.79355 1.61726 -0.0413923 0.736161 -0.675539
1 7.2975 26.9291 1.76241 0.165871 -0.0338734 0.985566
1 15.1324 16.6396 1.75378 -0.440313 -0.470789 0.764515
1 22.7459 9.77789 1.60883 0.0931728 0.486513 -0.868691
1 0.575162 24.7548 1.75293 -0.671609 -0.19174 0.715665
1 30.8327 13.4784 1.75676 -0.0592366 -0.630724 0.773743
1 26.3398 6.00986 1.62719 -0.530608 -0.08393 -0.843452
1 21.8789 10.1949 1.6163 0.151107 0.655501 -0.739922
1 19.6557 17.2363 1.75492 -0.516896 0.304919 0.799902
1 13.5361 31.1939 1.74863 0.208235 -0.444783 0.871095
1 32.2335 5.44849 1.61684 0.242639 0.380638 -0.892323
1 9.36878 28.6209 1.75872 -0.107999 0.294032 0.949674
1 1.8171 0.620852 1.76539 0.407572 0.580756 0.704704
1 31.3838 19.5496 1.61396 0.245505 -0.618592 -0.746372
1 7.4604 28.8597 1.75978 -0.148256 0.0200702 0.988745
1 2.47862 17.5092 1.74415 0.657935 0.0892692 0.747765
1 28.3972 2.88166 1.75678 -0.463912 0.414287 0.78304
1 34.1707 19.1611 1.75583 0.350371 -0.40572 0.844175
1 20.4638 24.1863 1.61734 0.184887 -0.608345 -0.771838
1 6.54939 29.5188 1.75839 -0.243695 -0.101232 0.964554
1 29.9323 8.31781 1.60854 -0.0712852 -0.52379 -0.84886
1 16.2016 29.6723 1.7558 0.41585 -0.111656 0.902553
1 30.4103 12.336 1.76317 0.177001 -0.721304 0.66962
1 15.6501 21.6346 1.60927 -0.243947 0.0747758 -0.966901
1 34.4511 31.7025 1.60898 0.51489 -0.249051 -0.820282
1 30.3616 25.9798 1.60571 -0.367706 0.15703 -0.916588
1 3.19029 0.552892 1.615 -0.324983 0.670555 -0.66689
1 14.8896 3.1329 1.76442 -0.640824 -0.436325 0.631637
1 28.6508 11.8859 1.60497 0.455928 -0.458537 -0.762806
1 29.1394 20.9281 1.61353 0.445219 -0.268572 -0.854195
1 4.55986 32.6509 1.75437 0.85227 0.0473319 0.520957
1 32.4343 30.2897 1.60594 0.323036 0.0678822 -0.943949
1 7.88052 30.669 1.7589 -0.434345 0.0786742 0.897304
1 1.50424 22.1569 1.75831 -0.18709 -0.0921598 0.97801
1 1.44654 5.70803 1.60795 0.256437 -0.266791 -0.929012
1 0.425448 10.7465 1.75929 0.368073 0.0569207 0.928053
1 26.0083 3.3346 1.74682 -0.496726 0.0658762 0.865404
1 14.318 7.83774 1.7097 0.548343 -0.61679 0.564703
1 20.1931 18.1269 1.75806 -0.673085 0.255869 0.693893
1 10.0349 4.69513 1.60555 0.149378 -0.0404475 -0.987953
1 30.336 28.1449 1.60544 -0.0755973 0.315091 -0.946046
1 25.5605 0.168129 1.75727 0.101136 -0.0618344 0.992949
1 23.9476 10.8839 1.61316 0.253895 0.284355 -0.924489
1 27.5393 7.33161 1.61092 -0.245829 -0.191263 -0.950256
1 25.3415 24.5299 1.75824 0.471093 0.00269031 0.882079
1 23.1305 24.4599 1.76629 0.478042 -0.362394 0.800091
1 20.1402 30.4644 1.75049 0.28357 0.388545 0.87671
1 32.6963 1.86196 1.61256 -0.332163 0.245908 -0.910603
1 6.0099 16.4047 1.61286 0.175337 0.505335 -0.844922
1 2.43693 22.667 1.75781 -0.261953 0.0494927 0.963811
1 19.0046 18.7909 1.75277 -0.82813 0.00603606 0.560504
1 5.37783 21.1198 1.7522 0.0267804 0.519878 0.853821
1 16.2914 9.65712 1.75944 0.229575 -0.179238 0.956645
1 13.6324 14.0663 1.74865 -0.284942 -0.73127 0.61972
1 10.5372 21.599 1.6032 0.766003 -0.296741 -0.570249
1 6.46606 15.469 1.60616 0.0530147 0.388316 -0.92
1 13.9754 30.1089 1.75434 0.352439 -0.385856 0.852586
1 0.13357 28.5604 1.6131 0.0145027 -0.439397 -0.898176
1 6.05045 6.18993 1.61607 0.337087 -0.121979 -0.933538
1 23.7013 2.64872 1.75986 -0.209969 -0.315665 0.925348
1 0.991327 13.7547 1.75868 -0.16554 0.184019 0.968883
1 33.304 9.91723 1.75642 0.513364 -0.232631 0.826039
1 5.61104 26.0362 1.75314 0.351555 -0.297099 0.887773
1 7.09205 7.4392 1.628 0.508585 -0.405141 -0.759738
1 24.4102 17.9679 1.60724 -0.11023 0.286529 -0.951709
1 34.0116 24.022 1.75219 -0.577103 -0.396405 0.714013
1 8.88371 30.2693 1.75454 -0.37791 0.226277 0.897765
1 10.3127 18.6857 1.6111 0.373884 -0.193308 -0.907107
1 26.8472 25.7581 1.75911 0.212521 0.207947 0.954774
1 14.9917 22.3905 1.60862 -0.108751 0.192513 -0.97525
1 23.4939 25.3853 1.75748 0.287768 -0.319013 0.903006
1 23.5939 33.1128 1.75883 0.402193 -0.499139 0.767529
1 20.4426 16.2768 1.75698 -0.335306 0.465986 0.818796
1 6.43798 27.4349 1.75915 0.0906876 -0.146566 0.985035
1 16.6176 15.8056 1.75519 -0.380492 -0.112469 0.91792
1 5.07584 6.80224 1.62227 0.448552 0.0218096 -0.893491
1 17.2433 27.9251 1.72666 0.733713 0.0648483 0.676358
1 34.4086 8.02846 1.6081 0.763493 0.014296 -0.645658
1 4.64397 8.79054 1.62815 0.735329 -0.00990546 -0.677638
1 33.4666 20.943 1.75784 -0.031668 -0.501976 0.864302
1 14.7475 33.5824 1.75748 -0.12987 -0.297489 0.945851
1 0.951636 4.20226 1.61095 0.0380295 -0.247166 -0.968227
1 10.4677 26.4943 1.76107 0.219588 0.454864 0.863064
1 17.371 29.58 1.75536 0.410166 0.0152673 0.911883
1 22.4498 25.5194 1.75689 0.242083 -0.501406 0.830655
1 32.0621 12.903 1.75938 -0.0170686 -0.431169 0.90211
1 0.236755 27.3584 1.61131 -0.167553 -0.505687 -0.84629
1 7.2421 12.0999 1.60928 -0.327765 0.218727 -0.919091
1 29.6056 2.43879 1.74637 -0.391122 0.614073 0.68552
1 4.31292 2.60605 1.61518 -0.0325964 0.480344 -0.876474
1 5.57904 14.8638 1.61023 -0.0327469 0.568987 -0.821695
1 8.9315 11.0476 1.61253 -0.477437 -0.0606201 -0.876572
1 25.3922 18.1716 1.60726 -0.0506323 0.173844 -0.983471
1 27.1951 8.9532 1.60765 0.0144014 -0.145694 -0.989225
1 16.5795 13.1383 1.75843 -0.0901136 -0.0850385 0.992294
1 5.88062 31.1465 1.75609 -0.540317 -0.155437 0.82698
1 29.4641 27.6335 1.72488 -0.074298 0.997205 -0.0078794
1 31.2386 3.45109 1.60846 -0.0777445 0.572174 -0.816439
1 1.84013 25.4686 1.58676 0.777446 -0.0917762 -0.622218
1 32.18 31.2434 1.6144 0.453756 0.233446 -0.860005
1 1.42567 24.1093 1.75809 -0.528311 -0.0810733 0.845171
1 8.07861 16.7648 1.60634 0.148729 0.136569 -0.979402
1 31.1805 11.022 1.7613 0.342269 -0.650081 0.678415
1 21.6397 32.9998 1.72579 -0.220383 0.665905 0.712743
1 25.6418 10.0819 1.6064 0.164848 0.0445123 -0.985314
1 16.148 2.4412 1.74256 -0.526416 -0.120376 0.841663
1 10.0894 12.8026 1.61115 -0.265463 -0.270067 -0.925523
1 0.40428 3.33378 1.60926 -0.103078 -0.168503 -0.980297
1 13.2643 29.0924 1.74599 0.524181 -0.575502 0.62772
1 15.186 26.0497 1.61087 0.573873 0.199314 -0.794319
1 5.03208 15.9541 1.61612 0.127483 0.663701 -0.737054
1 2.30799 3.7119 1.61712 -0.0883119 -0.563417 -0.821439
1 34.3518 29.6525 1.60964 0.190757 -0.360293 -0.913127
1 27.7567 18.5771 1.60789 0.0554041 -0.102609 -0.993178
1 12.7483 14.2265 1.61458 -0.201231 -0.722751 -0.661163
1 17.3461 6.45688 1.7511 0.6248 -0.061734 0.77834
1 22.7339 5.28904 1.6071 -0.507522 0.427345 -0.748196
1 15.7763 27.9245 1.74589 0.717536 -0.131682 0.683961
1 21.6178 20.0806 1.62094 0.260644 0.64758 -0.716034
1 2.07008 9.24153 1.75528 0.603323 0.354503 0.714374
1 32.9931 12.7126 1.75782 0.000459458 -0.272499 0.962156
1 1.15847 17.6443 1.74926 0.674 -0.163825 0.720337
1 24.0266 5.12921 1.60046 -0.638144 0.1715 -0.750573
1 8.11834 24.4848 1.75338 0.566224 0.015206 0.824111
1 32.7898 29.1698 1.60809 0.129616 -0.0582109 -0.989854
1 7.30183 27.9168 1.76027 0.00419362 -0.012833 0.999909
1 4.01701 33.9826 1.60931 -0.561829 0.484667 -0.670408
1 15.6641 12.6371 1.75968 -0.0799602 -0.245161 0.966179
1 27.893 21.217 1.60811 0.482133 -0.0881959 -0.871647
1 6.42057 22.4013 1.77597 -0.345338 0.563259 0.750653
1 17.9861 32.0448 1.76075 0.0488173 0.113858 0.992297
1 23.9466 29.4371 1.75383 -0.475717 -0.250628 0.843136
1 23.7788 28.3168 1.75801 -0.265486 -0.274083 0.924335
1 13.1603 18.9191 1.61966 0.431321 -0.682348 -0.590223
1 6.4077 4.37958 1.61362 0.127996 0.0595408 -0.989986
1 2.43558 21.6575 1.75858 -0.0726508 0.0443762 0.99637
1 15.8839 19.1789 1.61313 -0.670087 -0.00336842 -0.742275
1 30.2229 6.46909 1.60733 -0.430756 -0.514987 -0.741106
1 18.4239 16.954 1.75965 -0.526493 0.141401 0.838338
1 25.4763 21.0466 1.61389 0.408859 0.1255 -0.903927
1 5.03389 19.9657 1.74892 0.252424 0.516902 0.817982
1 15.629 27.0014 1.62191 0.773831 0.108116 -0.624097
1 11.2101 22.7317 1.77165 -0.026105 -0.76666 0.641522
1 20.6152 29.595 1.76442 0.416544 0.480047 0.77204
1 33.2704 18.591 1.74623 0.39392 -0.601593 0.694919
1 10.9791 4.4269 1.61312 0.0711791 -0.191259 -0.978955
1 0.168918 1.48282 1.61151 -0.394433 -0.161533 -0.904616
1 13.6464 1.85694 1.77108 -0.612164 -0.477374 0.630372
1 8.37702 11.9588 1.60578 -0.361074 0.0261459 -0.932171
1 28.6742 21.9417 1.60733 0.595037 -0.192189 -0.780381
1 10.9915 10.2584 1.60536 -0.540211 -0.407446 -0.736315
1 10.4 5.73625 1.60568 0.272792 -0.00993468 -0.962022
1 29.8738 24.8306 1.60751 -0.472969 -0.0421272 -0.880071
1 17.9615 30.3978 1.75946 0.277364 0.0818968 0.957268
1 24.6649 19.5643 1.60583 0.165269 0.241603 -0.956198
1 11.0295 12.4759 1.61592 -0.266017 -0.449442 -0.852782
1 5.06142 10.377 1.60414 -0.385577 0.717021 -0.580699
1 1.63888 32.5056 1.76237 -0.463904 0.690725 0.5547
1 31.7387 2.38286 1.61303 -0.244773 0.448175 -0.859782
1 22.4562 21.1 1.61943 0.421423 0.498404 -0.757626
1 19.694 2.38801 1.70855 -0.522259 0.566036 0.637847
1 24.7701 25.3979 1.75947 0.29618 -0.118966 0.947694
1 8.51064 34.464 1.61301 -0.468744 -0.17947 -0.86491
1 0.614985 30.7777 1.60967 0.334425 -0.438489 -0.834198
1 3.8264 4.5293 1.62827 0.254127 0.549242 -0.796086
1 26.0002 16.519 1.60898 -0.325326 0.0859524 -0.941687
1 31.2975 26.5188 1.60801 -0.274835 0.0179074 -0.961324
1 22.8942 10.8769 1.61121 0.24724 0.442692 -0.861914
1 24.0706 12.8272 1.61015 0.547421 0.201924 -0.812131
1 10.875 16.7109 1.60635 0.0937354 -0.306007 -0.947404
1 21.3659 8.73732 1.60412 0.0539702 0.786967 -0.61463
1 3.50401 11.6316 1.73904 0.146719 0.580782 0.800728
1 4.05813 5.98267 1.60309 0.29876 0.308176 -0.9032
1 14.6698 9.95325 1.75664 0.219161 -0.469005 0.855572
1 18.8874 28.1639 1.75519 0.658536 0.186774 0.729003
1 5.62732 23.4399 1.75264 -0.599845 0.428089 0.675962
1 5.65432 28.0878 1.7564 0.0023355 -0.257326 0.966322
1 13.2073 0.0540332 1.74175 -0.351654 -0.516385 0.780824
1 4.37036 16.8817 1.60572 0.252023 0.794111 -0.553057
1 16.5242 7.3046 1.75239 0.510706 -0.22102 0.83086
1 30.2617 30.4625 1.60644 0.311592 0.572835 -0.758137
1 21.9854 28.1404 1.76186 -0.285268 -0.573664 0.76781
1 10.3753 28.6869 1.74658 -0.130927 0.458929 0.878773
1 4.49061 23.3649 1.72505 -0.373842 0.345043 0.860922
1 10.4951 34.1171 1.61584 -0.478613 -0.5079 -0.716217
1 27.9965 33.6233 1.76014 0.24843 0.305891 0.919083
1 11.72 13.9343 1.6191 -0.214695 -0.545678 -0.810026
1 32.2526 18.4927 1.61286 0.143932 -0.800091 -0.582356
1 17.309 2.65161 1.75078 -0.537339 0.0642664 0.840914
1 9.73303 10.3687 1.60694 -0.567154 -0.206158 -0.797393
1 0.637643 5.1576 1.60759 0.182546 -0.143385 -0.972686
1 20.1558 14.1781 1.75897 -0.000844451 0.480702 0.876884
1 16.1664 14.8893 1.75707 -0.273557 -0.157301 0.948906
1 11.6343 2.37866 1.61099 -0.222091 -0.514729 -0.828088
1 11.9186 4.71011 1.60613 0.0741647 -0.319606 -0.944644
1 22.6281 31.5752 1.7586 -0.00467611 0.719003 0.694991
1 28.1173 15.6674 1.60946 -0.41981 -0.124997 -0.898964
1 32.1721 24.8382 1.60788 -0.518418 -0.269843 -0.811435
1 9.01773 8.125 1.60576 0.664929 0.322308 -0.673786
1 17.3532 4.59803 1.76133 -0.794914 0.0660364 0.603117
1 28.9227 1.76683 1.75807 -0.26764 0.493612 0.827476
1 16.0611 22.5189 1.60744 -0.081839 0.0325237 -0.996115
1 26.3666 18.5142 1.60779 0.0175182 0.0396022 -0.999062
1 26.1431 17.4823 1.60825 -0.155133 0.0757584 -0.984984
1 18.8254 23.415 1.60956 0.0926575 -0.368837 -0.924864
1 19.3765 24.2675 1.6112 0.251782 -0.44027 -0.86184
1 10.4838 25.3368 1.75798 0.42647 0.454166 0.782212
1 11.8376 8.60233 1.61121 0.658645 -0.191412 -0.727701
1 2.51753 19.3644 1.75643 0.358442 0.0805988 0.930066
1 19.7363 0.258585 1.75447 -0.324522 0.443515 0.835452
1 19.2929 1.48596 1.75429 -0.445637 0.413226 0.794136
1 17.2803 12.5104 1.76039 0.00548014 0.0349045 0.999376
1 33.1056 21.984 1.75463 -0.224236 -0.565097 0.793967
1 28.7007 32.8775 1.74961 0.366794 0.414427 0.832894
1 14.6037 11.0677 1.75746 0.0576274 -0.471634 0.879909
1 24.7482 28.8588 1.76092 -0.362184 -0.111237 0.925446
1 2.29531 7.16079 1.60619 0.46415 -0.386379 -0.797042
1 4.72553 30.7139 1.7582 -0.439534 -0.329972 0.835421
1 28.4332 6.93592 1.60935 -0.309368 -0.304054 -0.901023
1 33.9529 10.6961 1.7589 0.367524 -0.125571 0.921498
1 1.428 23.1328 1.75661 -0.366959 -0.0912501 0.925751
1 17.99 22.8582 1.60566 -0.0235395 -0.263145 -0.964469
1 29.8452 16.9715 1.61388 -0.179144 -0.436959 -0.881461
1 19.1366 14.0843 1.76038 -0.110721 0.31672 0.942035
1 1.82671 12.0493 1.75649 0.126709 0.303588 0.94434
1 19.3564 5.57925 1.76542 0.702897 0.333319 0.628359
1 21.8955 24.6165 1.75573 0.442009 -0.546336 0.711439
1 27.4684 6.35487 1.61759 -0.419984 -0.185929 -0.888282
1 30.5476 10.2416 1.6038 0.340411 -0.672067 -0.657607
1 10.0229 27.6925 1.7552 0.0317432 0.394456 0.918366
1 0.560631 20.6321 1.75849 0.0784724 -0.234921 0.968842
1 11.9171 19.3191 1.62115 0.490359 -0.473647 -0.731578
1 7.28209 14.9164 1.60781 -0.0253636 0.228695 -0.973168
1 12.0251 22.1585 1.61033 -0.110795 0.661082 -0.742088
1 32.9455 23.1354 1.75328 -0.436734 -0.567849 0.697718
1 8.06364 3.41546 1.60779 0.0272095 -0.0817127 -0.996284
1 10.6933 6.71598 1.60675 0.416857 -0.0201541 -0.908749
1 16.3577 34.1495 1.76019 -0.185887 -0.0835469 0.979013
1 15.9543 13.8412 1.75582 -0.176435 -0.203691 0.963006
1 26.5476 6.96913 1.60786 -0.33331 -0.0756255 -0.939779
1 3.09889 15.9689 1.75361 -0.465113 0.592417 0.657808
1 27.2604 34.2911 1.76104 0.158116 0.187632 0.96943
1 3.73668 17.7707 1.75363 0.590902 0.36395 0.719983
1 31.6082 0.226947 1.59786 -0.560705 0.491403 -0.666434
1 24.0674 33.9828 1.75963 0.287594 -0.338188 0.896057
1 31.545 14.9881 1.74499 -0.414705 -0.571496 0.708105
1 3.97755 1.52041 1.60077 -0.170665 0.581301 -0.79559
1 20.4381 12.5185 1.74878 -0.0735077 0.561174 0.824427
1 13.7007 11.5397 1.75607 -0.065161 -0.629073 0.774611
1 8.53022 25.4468 1.76104 0.411575 0.113382 0.904296
1 18.6618 6.36913 1.74814 0.626107 0.192913 0.755497
1 10.608 0.94113 1.60852 -0.328872 -0.525994 -0.78433
1 0.857772 11.6863 1.75936 0.197364 0.137262 0.970673
1 0.361756 23.6069 1.75969 -0.469045 -0.256759 0.845028
1 15.6917 33.3412 1.75953 -0.0913386 -0.169215 0.981338
1 6.063 7.19059 1.61859 0.484377 -0.200413 -0.851595
1 33.2956 31.3752 1.61572 0.473489 -0.0106149 -0.880736
1 30.3504 20.3314 1.61375 0.371385 -0.455439 -0.809103
1 18.992 34.2852 1.7569 -0.229541 0.311498 0.922106
1 26.6999 5.09465 1.61165 -0.774762 0.0237204 -0.631808
1 5.55687 29.0981 1.75999 -0.167082 -0.254684 0.952481
1 14.5802 19.2543 1.61515 -0.609961 0.250657 -0.751744
1 33.411 24.7847 1.62467 -0.630837 -0.455603 -0.628068
1 6.19758 10.1991 1.61268 -0.49176 0.479293 -0.726946
1 6.00949 1.41619 1.60968 -0.239682 0.192228 -0.951631
1 4.37286 0.239291 1.77676 0.393556 -0.459961 0.795959
1 23.2578 8.81048 1.61169 -0.0387202 0.406139 -0.912991
1 19.1359 30.4372 1.75842 0.270309 0.233606 0.934003
1 34.3545 15.2303 1.75671 -0.427479 -0.00547842 0.904009
1 26.4842 11.7497 1.62209 0.423875 -0.0842194 -0.901796
1 9.7187 29.5833 1.75376 -0.262215 0.341327 0.902629
1 18.4917 13.2428 1.76015 -0.0295484 0.219365 0.975195
1 25.681 7.50724 1.6103 -0.224521 0.0182974 -0.974297
1 2.37041 20.6732 1.76042 0.1088 0.0496407 0.992823
1 9.41385 5.45331 1.60313 0.214779 0.153418 -0.964538
1 33.2016 19.8221 1.75556 0.17834 -0.542525 0.820891
1 34.1763 30.7276 1.61124 0.367691 -0.226207 -0.902016
1 8.8525 17.4065 1.6064 0.228453 0.0250229 -0.973233
1 2.78914 33.6675 1.60687 0.446972 -0.35559 -0.820836
1 1.76838 4.6814 1.6103 0.0867006 -0.421849 -0.902511
1 14.9674 32.5856 1.7589 0.00759814 -0.260149 0.965539
1 26.6024 29.72 1.75441 -0.511855 0.203193 0.834696
1 32.1562 32.31 1.60899 0.622076 0.221359 -0.751014
1 5.25447 33.5462 1.59788 -0.613049 0.197787 -0.764887
1 18.0547 20.2475 1.617 -0.4994 -0.302946 -0.811679
1 16.3538 31.3804 1.75906 0.156986 -0.0953761 0.982985
1 31.2209 20.861 1.60936 0.432392 -0.612173 -0.662028
1 19.4433 12.8829 1.75772 -0.00734496 0.385375 0.922731
1 9.28153 18.8547 1.60915 0.384379 -0.00617512 -0.923155
1 17.3779 16.5186 1.76031 -0.48899 -0.0218886 0.872015
1 23.8821 18.8397 1.6086 0.0380446 0.332229 -0.942431
1 34.4666 18.0514 1.75941 0.576129 -0.372292 0.72765
1 30.4825 32.4795 1.59825 -0.375645 -0.703794 -0.602964
1 1.45598 19.2436 1.75763 0.357388 -0.0958797 0.929022
1 25.2713 13.0774 1.63487 0.636867 -0.0054469 -0.770954
1 12.8519 6.61467 1.60718 0.311751 -0.415634 -0.854435
1 20.8199 11.2971 1.74589 0.0995896 0.667608 0.737823
1 17.357 7.96866 1.7554 0.440469 -0.0290543 0.897297
1 19.8849 11.5057 1.75054 0.0860722 0.497303 0.863297
1 18.7617 22.3382 1.61329 -0.121993 -0.406773 -0.905347
1 8.57542 4.84526 1.60528 0.0838033 0.249972 -0.96462
1 0.591378 21.626 1.75984 -0.106874 -0.234372 0.966254
1 9.90177 16.859 1.60751 0.133086 -0.160733 -0.977984
1 3.7739 19.4391 1.76191 0.351988 0.298511 0.887128
1 34.4127 11.5488 1.75885 0.217294 -0.0438665 0.97512
1 7.56871 17.6144 1.60969 0.230713 0.257206 -0.938412
1 30.6894 7.63046 1.59995 -0.196846 -0.625745 -0.754781
1 10.1715 14.604 1.60553 -0.0618702 -0.245866 -0.967327
1 15.5234 20.1292 1.60848 -0.500239 0.0851871 -0.861687
1 15.1779 25.0825 1.60752 0.388042 0.211423 -0.897064
1 16.4423 23.5142 1.60813 0.0905959 -0.0146521 -0.99578
1 13.1282 9.24403 1.74867 0.386799 -0.696727 0.604118
1 32.9867 34.4025 1.60898 -0.660561 0.189431 -0.726482
1 9.85609 7.49826 1.61255 0.540237 0.175263 -0.823059
1 28.2062 0.070332 1.7592 0.0581153 0.35044 0.93478
1 9.62212 22.9459 1.60096 -0.761829 -0.267637 -0.589905
1 3.56969 26.5353 1.75403 0.345103 -0.558628 0.754214
1 24.4206 11.8495 1.60992 0.394484 0.203292 -0.896133
1 25.2907 26.2627 1.76038 0.127202 -0.0395323 0.991089
1 30.4105 27.0516 1.60701 -0.223753 0.233316 -0.946308
1 24.5996 0.186674 1.75618 0.138331 -0.211202 0.967604
1 0.744122 14.7543 1.75565 -0.338368 0.168559 0.925794
1 16.2223 3.4285 1.75836 -0.649537 -0.163633 0.742514
1 34.2001 21.7805 1.75952 -0.1724 -0.390691 0.904234
1 4.01558 7.01552 1.60978 0.46431 0.223741 -0.856946
1 13.8031 3.27688 1.60064 -0.396851 -0.667637 -0.629897
1 18.5455 29.6066 1.75397 0.392161 0.150919 0.907432
1 2.68098 4.90939 1.60858 0.0790892 -0.615443 -0.784203
1 14.0267 24.3303 1.60705 0.233992 0.362671 -0.902063
1 1.49369 21.1703 1.76011 0.000507598 -0.0933255 0.995636
1 14.8035 0.427197 1.76068 -0.343542 -0.311541 0.885958
1 33.4094 11.7475 1.75935 0.177748 -0.207715 0.961904
1 9.70476 1.35911 1.60801 -0.274609 -0.335578 -0.901098
1 30.4755 19.1646 1.61176 0.179942 -0.496411 -0.849233
1 32.1085 3.91387 1.60583 0.00487056 0.420875 -0.907106
1 16.8912 24.4287 1.60254 0.254145 -0.0723155 -0.964459
1 20.6466 5.74497 1.60617 0.143409 0.863547 -0.483447
1 7.58237 29.787 1.75501 -0.293425 0.0499621 0.954676
1 9.60298 31.9127 1.75349 -0.663022 0.337483 0.668212
1 30.8176 17.0213 1.61075 -0.192139 -0.596519 -0.779261
1 7.19879 31.4174 1.75489 -0.582276 -0.0116888 0.812907
1 26.6912 31.5011 1.74339 0.718773 -0.00364702 0.695235
1 17.6115 1.12849 1.76037 -0.367726 0.114381 0.922873
1 34.5298 25.8507 1.60924 -0.424896 -0.519607 -0.741263
1 6.52898 33.0663 1.61393 -0.753193 0.00220007 -0.657796
1 9.19425 4.03414 1.60151 0.0623149 0.0126382 -0.997977
1 15.4337 9.08279 1.7559 0.285442 -0.337197 0.897118
1 16.5181 26.2879 1.61438 0.570633 0.0773527 -0.817554
1 18.6385 25.2306 1.61161 0.438146 -0.311632 -0.843157
1 9.06258 27.6457 1.75793 0.0490806 0.238427 0.969919
1 32.4972 2.93509 1.60777 -0.163417 0.309603 -0.936718
1 16.363 8.4549 1.75534 0.375501 -0.205291 0.9038
1 14.8135 4.5257 1.5903 -0.258274 -0.770464 -0.58282
1 28.8328 9.95707 1.61182 0.195764 -0.387267 -0.900944
1 3.52263 3.24056 1.63851 0.0877918 0.622585 -0.777612
1 14.0786 1.02278 1.74326 -0.479065 -0.399706 0.781493
1 31.3068 25.441 1.61008 -0.452264 -0.057303 -0.890041
1 12.132 7.49099 1.6047 0.481205 -0.280753 -0.830433
1 34.287 5.42646 1.60935 0.22218 0.0278455 -0.974608
1 15.9754 32.3523 1.75942 0.0324132 -0.134274 0.990414
1 1.99822 13.1595 1.75531 -0.052275 0.343254 0.937787
1 7.88954 12.8779 1.60759 -0.24562 0.10417 -0.963753
1 6.04628 2.4211 1.60981 -0.0996885 0.182961 -0.978053
1 33.4494 2.63846 1.60713 -0.212164 0.121278 -0.969679
1 7.64283 15.8556 1.60766 0.0530374 0.177902 -0.982618
1 28.6983 4.69393 1.78014 0.800253 0.0775617 0.594626
1 11.2312 14.9352 1.62186 -0.0932656 -0.418904 -0.903228
1 27.8312 26.0548 1.76114 0.139065 0.350296 0.926258
1 34.5248 9.81924 1.7509 0.540786 -0.0470434 0.839843
1 31.8267 29.4543 1.6077 0.182636 0.129087 -0.974669
1 26.541 32.4213 1.76032 0.520117 0.0450628 0.852905
1 29.0867 0.596629 1.75434 -0.0472868 0.504536 0.862095
1 22.7267 1.06001 1.73628 0.114509 -0.511792 0.851444
1 29.2123 32.0404 1.73183 0.520221 0.485683 0.702483
1 19.9034 10.3222 1.74865 0.250917 0.535692 0.806272
1 25.2485 1.1019 1.75681 -0.0454421 -0.0802073 0.995742
1 19.762 8.98113 1.73934 0.330595 0.476151 0.814854
1 6.75669 30.4979 1.7565 -0.408383 -0.0594874 0.91087
1 16.6554 33.1466 1.75969 -0.0666116 -0.0423091 0.996882
1 2.14694 10.3015 1.75429 0.41309 0.359726 0.836633
1 33.9497 6.41698 1.61085 0.398437 0.0898436 -0.912785
1 21.3995 29.1011 1.7523 0.514723 0.601797 0.610656
1 6.99843 24.021 1.75196 0.680477 -0.182287 0.709734
1 0.596545 15.8304 1.75834 -0.541661 0.153823 0.826403
1 22.7801 16.6677 1.61222 -0.35485 0.514698 -0.780492
1 5.63165 11.3673 1.60793 -0.303016 0.5607 -0.770582
1 28.9135 3.6546 1.77253 -0.629525 0.45251 0.631612
1 21.3838 26.0198 1.59465 -0.128548 0.672623 -0.728735
1 14.9722 2.13692 1.72607 -0.536184 -0.303611 0.787609
1 24.6238 26.9372 1.76124 -0.00887325 -0.142417 0.989767
1 6.50533 18.972 1.61767 0.336586 0.553106 -0.762091
1 0.67658 18.6207 1.75459 0.476334 -0.231508 0.848239
1 2.5108 26.3442 1.76054 0.38433 -0.722278 0.574983
1 6.88778 5.29978 1.60931 0.205281 -0.159175 -0.965672
1 18.5403 17.8877 1.73735 -0.672258 0.113386 0.731582
1 16.9929 0.338393 1.75982 -0.281356 0.0124383 0.959523
1 12.923 12.2472 1.7536 -0.243663 -0.746533 0.619126
1 22.7531 2.35178 1.75729 -0.0843608 -0.497889 0.863128
1 17.3053 33.9549 1.75866 -0.159936 0.0500078 0.98586
1 3.52875 24.118 1.75563 -0.520083 0.251351 0.816294
1 8.71248 31.2824 1.76378 -0.569817 0.180113 0.80179
1 5.09673 0.937565 1.61385 -0.30177 0.341086 -0.890278
1 26.5762 12.6612 1.63496 0.575038 -0.121978 -0.808982
1 33.9867 22.8641 1.75584 -0.368848 -0.416692 0.830855
1 12.8901 30.3551 1.75687 0.351436 -0.521303 0.777648
1 29.7677 33.2278 1.73659 0.287736 0.586047 0.757468
1 22.2767 8.76212 1.60745 -0.0379668 0.604634 -0.795598
1 27.0632 20.4078 1.61254 0.322508 -0.00327043 -0.946561
1 7.32578 10.3422 1.63495 -0.545018 0.241994 -0.802742
1 27.7894 10.1298 1.61016 0.186856 -0.234339 -0.954028
1 1.58154 15.2663 1.75839 -0.396547 0.323786 0.859019
1 8.97554 21.8322 1.61236 0.772744 0.0737889 -0.630414
1 12.5936 0.747323 1.76249 -0.470431 -0.608557 0.639026
1 24.8846 16.2432 1.60736 -0.395064 0.2123 -0.893786
1 0.692903 29.5756 1.61007 0.118311 -0.564356 -0.81701
1 13.5589 20.0478 1.63432 -0.476097 0.475291 -0.739886
1 32.4886 20.8072 1.75078 0.0160503 -0.669958 0.742226
1 11.9122 29.3905 1.66299 -0.419337 0.65266 0.631024
1 2.46069 28.9067 1.75876 -0.117921 -0.762407 0.636263
1 22.1771 11.5557 1.60824 0.324688 0.586812 -0.741775
1 25.2207 5.53717 1.61042 -0.563172 0.0640666 -0.823852
1 16.9794 32.1683 1.75969 0.0471009 -0.0130971 0.998804
1 11.4895 11.4218 1.60484 -0.367107 -0.549775 -0.750319
1 24.9617 2.99698 1.75131 -0.353825 -0.0893771 0.931031
1 26.9474 15.8744 1.61323 -0.377949 -0.0178869 -0.925654
1 6.17981 25.0723 1.73222 0.502819 -0.250082 0.827425
1 15.7066 30.6177 1.75744 0.273845 -0.17254 0.94617
1 23.632 0.469565 1.75833 0.146509 -0.369926 0.917437
1 27.831 2.15037 1.76092 -0.320533 0.32073 0.891286
1 21.6608 15.9413 1.75194 -0.272588 0.654217 0.705476
1 20.9125 2.07503 1.76366 0.239406 -0.776422 0.58297
1 5.9574 13.4472 1.76063 0.164527 -0.470974 0.866668
1 22.0601 30.3694 1.73999 0.259892 0.660334 0.704567
1 13.8412 4.56582 1.61377 -0.135943 -0.623936 -0.76956
1 19.3385 16.2486 1.75983 -0.363104 0.29306 0.884461
1 23.7222 27.2513 1.75903 -0.0752929 -0.296902 0.951935
1 3.73889 29.9639 1.75639 -0.291413 -0.512699 0.8076
1 11.3851 18.4992 1.61336 0.346626 -0.393787 -0.851341
1 1.61925 29.1993 1.60665 0.0672697 -0.752383 -0.655282
1 1.17251 7.74539 1.61233 0.625307 -0.188956 -0.757157
1 22.8358 27.6454 1.75665 -0.157668 -0.446994 0.880532
1 18.6666 0.771326 1.75858 -0.3566 0.28589 0.88944
1 23.3507 11.9102 1.6104 0.399597 0.360917 -0.842651
1 17.7851 21.8642 1.6068 -0.189351 -0.239521 -0.952248
1 9.70942 17.8996 1.60839 0.264854 -0.10719 -0.958312
1 11.4039 5.60589 1.60857 0.208499 -0.177882 -0.96171
1 27.0544 1.63074 1.76152 -0.193913 0.209019 0.958493
1 19.8271 23.1472 1.61034 0.0186804 -0.526443 -0.850005
1 24.7191 23.6282 1.75293 0.663712 -0.0904472 0.742499
1 7.35897 0.117775 1.60973 -0.43612 -0.0429184 -0.898865
1 24.0707 26.157 1.7607 0.136236 -0.233745 0.962706
1 28.1899 1.14157 1.75838 -0.139186 0.359605 0.922666
1 28.6064 19.2804 1.60931 0.171547 -0.220822 -0.960109
1 31.8082 17.0971 1.60499 -0.181785 -0.749524 -0.636528
1 9.33586 24.7123 1.75662 0.525003 0.22945 0.819588
1 25.8347 25.4832 1.76063 0.275296 0.0558452 0.959736
1 20.1008 3.7766 1.76257 0.14113 -0.892887 0.427592
1 17.1745 10.292 1.75913 0.196408 0.00179293 0.980521
1 14.9599 13.3396 1.75829 -0.169225 -0.363553 0.916074
1 33.713 13.5462 1.7601 -0.141388 -0.14386 0.979446
1 30.8158 34.2657 1.78387 -0.0792064 0.843929 0.530575
1 24.7106 32.9293 1.75934 0.419473 -0.280936 0.863202
1 31.2602 18.2421 1.61115 0.0270058 -0.652433 -0.757365
1 6.1811 0.415676 1.6084 -0.394788 0.149898 -0.906462
1 32.2722 33.6444 1.61313 -0.726307 0.343144 -0.595592
1 7.48692 13.8657 1.60863 -0.137618 0.175199 -0.974867
1 32.459 8.09059 1.77653 -0.747053 -0.167832 0.643229
1 16.3801 10.92 1.76118 0.140442 -0.15851 0.977318
1 17.6243 32.9601 1.75972 -0.0484536 0.0915222 0.994624
1 4.2816 22.4286 1.75771 -0.201256 0.309302 0.929424
1 19.4421 20.739 1.61003 -0.447962 -0.450535 -0.772236
1 23.3755 15.1869 1.76512 0.611088 -0.428777 0.665373
1 3.09971 10.0929 1.74725 0.337099 0.572007 0.747778
1 17.0347 22.7043 1.60761 -0.049249 -0.11563 -0.992071
1 12.2072 15.2349 1.62044 -0.0952611 -0.58728 -0.803758
1 30.8938 8.90658 1.61098 0.0587788 -0.670072 -0.739965
1 8.58002 15.4968 1.60761 0.0388395 0.0273393 -0.998871
1 12.4397 5.65211 1.60862 0.180535 -0.363292 -0.914016
1 24.6895 27.8902 1.76011 -0.183478 -0.124452 0.975114
1 21.7224 12.9956 1.74405 0.279206 0.776387 0.565037
1 24.4042 6.28235 1.60863 -0.409458 0.161597 -0.897903
1 11.9016 27.5116 1.76189 0.0317997 0.701771 0.711692
1 14.4519 5.77949 1.61621 0.0501656 -0.686259 -0.725625
1 22.9441 28.8292 1.75441 -0.344567 -0.402414 0.848137
1 3.03419 1.99489 1.62421 -0.0440841 0.763354 -0.644475
1 12.6432 10.7261 1.738 0.0329584 -0.787469 0.615473
1 21.1359 13.9816 1.76092 0.12247 0.623652 0.772049
1 23.1605 30.0115 1.74496 -0.519955 -0.477153 0.7085
1 14.4171 29.0205 1.7536 0.515772 -0.380857 0.767416
1 0.429045 6.14278 1.61102 0.364251 -0.0800956 -0.92785
1 32.0919 22.0472 1.7571 -0.191183 -0.738146 0.646985
1 12.5134 26.4846 1.73922 0.314614 0.751455 0.579942
1 27.4535 14.9567 1.6738 -0.547629 0.0288538 -0.836223
1 20.7628 20.4301 1.59483 0.391832 0.726493 -0.564514
1 30.2653 29.2799 1.60616 0.109601 0.429001 -0.89663
1 4.99799 31.7791 1.74929 -0.62823 -0.287921 0.722793
1 15.4912 1.3722 1.75698 -0.438991 -0.212013 0.873119
1 25.7654 33.0892 1.75986 0.391987 -0.067566 0.917486
1 16.4194 11.9959 1.76127 0.0252425 -0.124659 0.991878
1 18.904 26.2111 1.61963 0.626404 -0.301952 -0.71864
1 22.8534 18.891 1.6096 0.0459571 0.477393 -0.877487
1 34.2308 20.2646 1.75359 0.120018 -0.388027 0.9138
1 26.6076 22.9527 1.60301 0.782813 0.163655 -0.600351
1 0.838303 2.37002 1.6109 -0.243006 -0.279218 -0.92897
1 27.5992 19.5545 1.60861 0.193799 -0.0851692 -0.977337
1 1.08846 28.0515 1.61439 -0.0385816 -0.615855 -0.786914
1 31.3693 12.2022 1.74374 0.140763 -0.556162 0.819066
1 14.1906 26.6183 1.61677 0.631186 0.3693 -0.682072
1 23.4781 21.932 1.62027 0.572496 0.346852 -0.742928
1 19.051 33.1237 1.76022 -0.0898655 0.283234 0.954831
1 7.80742 11.1524 1.61082 -0.453414 0.140798 -0.880109
1 31.1221 28.7421 1.60596 0.0568892 0.221229 -0.973561
1 1.11959 12.7497 1.75851 0.00772367 0.185712 0.982574
1 2.46817 23.6575 1.75654 -0.440653 0.0680904 0.895092
1 29.4681 22.6023 1.60318 0.680443 -0.315199 -0.661549
1 2.79234 27.5897 1.75105 0.132524 -0.678238 0.722794
1 17.5257 25.1313 1.61184 0.407768 -0.139138 -0.902422
1 8.5062 10.1223 1.61505 -0.591232 0.026913 -0.806053
1 8.53978 13.6602 1.60574 -0.158343 -0.00691851 -0.98736
1 17.2645 11.4717 1.76019 0.122636 0.0234997 0.992173
1 7.74631 21.1288 1.61323 0.642614 0.330122 -0.691424
1 8.29999 22.7328 1.78249 0.793363 -0.0341478 0.607791
1 29.8708 34.4755 1.72365 0.0640689 0.64276 0.763383
1 33.7179 4.56665 1.60835 0.0791766 0.110411 -0.990727
1 32.1232 27.2468 1.60925 -0.153243 -0.0723199 -0.985539
1 10.4525 8.53456 1.60885 0.717008 0.10592 -0.688971
1 1.24959 1.42939 1.61082 -0.371355 -0.368472 -0.852247
1 26.938 33.3419 1.75879 0.33633 0.118429 0.934268
1 1.39125 3.30341 1.61663 -0.0966432 -0.370084 -0.923958
1 5.22952 3.05627 1.61123 0.000534416 0.311157 -0.950358
1 24.0505 3.60992 1.7587 -0.3882 -0.244749 0.888481
1 33.8608 0.585671 1.60942 -0.54203 -0.00805053 -0.840321
1 10.7157 19.5257 1.62695 0.493436 -0.262628 -0.829185
1 3.43168 23.1132 1.75724 -0.331137 0.192124 0.923816
1 1.49461 20.1891 1.76175 0.189356 -0.0891065 0.977857
1 17.3531 20.9242 1.61203 -0.362872 -0.201952 -0.909692
1 18.1123 11.0037 1.75636 0.163723 0.192199 0.967602
1 2.53328 11.3485 1.75841 0.226463 0.414936 0.881217
1 29.1232 13.8683 1.60468 -0.651856 -0.159575 -0.741364
1 26.1738 33.9898 1.75905 0.227986 0.0180538 0.973497
1 9.54036 26.7663 1.75629 0.186676 0.299229 0.935742
1 15.5661 28.8982 1.75551 0.538866 -0.193292 0.819915
1 16.6317 1.57051 1.75698 -0.419807 -0.0300713 0.907115
1 24.8898 13.9881 1.60052 0.777053 -0.0131816 -0.629297
1 32.9051 10.9226 1.75532 0.320693 -0.294713 0.900167
1 20.7387 32.7721 1.74936 -0.0891034 0.540399 0.836678
1 33.7293 1.61 1.61082 -0.374391 0.0431035 -0.926268
1 0.463708 19.6328 1.75785 0.267889 -0.252747 0.929707
1 18.4764 2.92369 1.74927 -0.53763 0.293501 0.79045
1 23.5944 19.8205 1.61349 0.205214 0.367369 -0.907153
1 11.451 0.519995 1.6028 -0.302535 -0.722497 -0.621668
1 8.17845 14.585 1.606 -0.0515249 0.0744551 -0.995892
1 2.41669 24.6456 1.76867 -0.61027 0.0938873 0.78661
1 29.7285 31.2635 1.77964 0.615439 0.593474 0.518676
1 29.5956 7.20483 1.60881 -0.279273 -0.451401 -0.847493
1 28.8027 26.1403 1.76243 0.109139 0.50245 0.85769
1 28.0138 31.7051 1.75187 0.576655 0.252059 0.777133
1 24.0344 17.0265 1.60923 -0.290858 0.336313 -0.895709
1 10.9926 3.29924 1.61625 -0.0836802 -0.292613 -0.952563
1 4.7579 27.7912 1.74889 0.084428 -0.382557 0.920066
1 31.3063 30.3574 1.61397 0.284283 0.359231 -0.888896
1 12.6646 2.19516 1.63312 -0.501179 -0.573643 -0.647883
1 8.73635 7.02353 1.61149 0.446659 0.374837 -0.812399
1 27.828 14.0383 1.62302 -0.717087 0.124806 -0.685719
1 13.6602 21.2789 1.60748 -0.280365 0.418903 -0.863664
1 10.39 11.3454 1.60959 -0.411885 -0.349381 -0.841596
1 20.6859 33.9989 1.725 -0.267133 0.549899 0.79136
1 18.0535 9.84071 1.7583 0.241965 0.162496 0.956581
1 26.0895 23.7863 1.75724 0.641346 0.149635 0.752519
1 12.9798 33.4944 1.75375 -0.143309 -0.525135 0.838866
1 31.7533 13.9013 1.76074 -0.199116 -0.483276 0.852524
1 17.9031 5.49142 1.7552 0.751821 0.0194025 0.659082
1 22.0162 3.29911 1.74763 -0.159638 -0.608779 0.777112
1 12.5377 31.5911 1.74476 0.194033 -0.599112 0.776799
1 20.4516 21.6527 1.61069 -0.354538 -0.665476 -0.656845
1 8.39703 18.2974 1.60851 0.320827 0.144502 -0.93605
1 19.5044 29.2032 1.76358 0.466459 0.290372 0.835524
1 24.5433 21.5616 1.61583 0.523458 0.229287 -0.820621
1 24.1146 32.113 1.59267 -0.567865 0.390584 -0.72455
1 20.9535 15.175 1.75661 -0.118168 0.567897 0.814573
1 21.8162 18.8864 1.61193 0.0498636 0.618305 -0.784355
1 21.6826 34.1771 1.62296 -0.481881 0.621904 0.617273
1 34.3733 34.2541 1.61681 -0.68506 -0.0700601 -0.72511
1 19.7546 25.2455 1.62026 0.41665 -0.490647 -0.76529
1 13.127 15.8168 1.61514 -0.0705388 -0.764782 -0.640416
1 4.56136 26.7833 1.75406 0.289584 -0.407651 0.866003
1 25.4817 12.1397 1.61328 0.466156 0.0560003 -0.882929
1 28.0872 23.0129 1.61777 0.734855 -0.091678 -0.671999
1 11.6739 17.3912 1.60921 0.162698 -0.447788 -0.879213
1 16.7387 28.7681 1.75775 0.568059 -0.0234423 0.822654
1 12.4904 23.2965 1.60575 0.110065 0.608777 -0.785669
1 34.0609 3.49303 1.60736 -0.0857223 0.0235037 -0.996042
1 27.9598 8.22871 1.60853 -0.0948491 -0.232022 -0.968075
