1 16.6716 33.5697 1.75858 -0.0518708 -0.0479747 0.997501
1 30.9238 15.9399 1.61154 -0.513431 -0.546725 -0.661423
1 19.8997 7.3314 1.75769 0.360922 0.471332 0.804725
1 25.273 19.0666 1.60697 0.00291085 0.186774 -0.982399
1 6.67871 29.9936 1.75707 -0.402225 -0.0728232 0.91264
1 17.0392 5.19439 1.7503 0.804191 -0.0554228 0.591782
1 17.8194 20.3719 1.61371 -0.383985 -0.261735 -0.885466
1 27.6707 21.0873 1.60608 0.344562 -0.040692 -0.937881
1 5.58578 2.76865 1.61772 0.0614603 0.318636 -0.945883
1 0.83699 9.03415 1.7546 0.659754 0.0264141 0.751018
1 20.5581 12.5095 1.75131 0.0804239 0.625893 0.775751
1 3.09339 11.0409 1.7609 0.151808 0.483206 0.862245
1 26.9685 2.81097 1.75885 -0.363597 0.102225 0.92593
1 2.15001 15.7508 1.7603 -0.614067 0.342877 0.710885
1 17.9189 22.0928 1.61037 -0.109044 -0.284968 -0.952314
1 28.7254 17.745 1.60758 -0.182986 -0.194663 -0.963651
1 19.5879 32.9883 1.75667 0.0184026 0.331028 0.943442
1 27.5022 22.9432 1.61324 0.62762 0.076932 -0.774709
1 28.6777 22.5479 1.60632 0.560372 -0.162002 -0.812243
1 18.821 20.02 1.61956 -0.527248 -0.354194 -0.772371
1 15.5621 0.296779 1.75534 -0.226452 -0.210995 0.950895
1 19.1765 25.2844 1.61172 0.400012 -0.461266 -0.791975
1 14.1451 32.1801 1.75669 0.0876387 -0.371716 0.9242
1 29.8273 30.8235 1.75525 0.541432 0.799722 0.259415
1 31.3923 33.398 1.74964 0.147832 0.478479 0.865566
1 22.9996 7.03317 1.60629 -0.255529 0.418011 -0.871764
1 11.6944 13.3092 1.61125 -0.214733 -0.500581 -0.838635
1 6.95468 15.516 1.60701 0.0123059 0.305285 -0.952182
1 10.2047 1.08729 1.61037 -0.287977 -0.289472 -0.912839
1 19.1634 15.2004 1.75947 -0.349534 0.30033 0.887484
1 10.904 19.4203 1.62926 0.487861 -0.297291 -0.820737
1 6.22209 27.2677 1.75613 0.0772536 -0.186788 0.979358
1 6.96074 5.75416 1.60995 0.286978 0.32531 -0.901009
1 13.4958 21.5141 1.60893 -0.222056 0.442038 -0.869076
1 18.5267 5.37471 1.75546 0.678646 0.161293 0.716537
1 23.8543 26.4942 1.76123 0.190755 -0.191271 0.962823
1 6.30911 8.33627 1.58948 0.758489 0.325843 -0.564376
1 9.53197 32.5382 1.61399 -0.791057 -0.205955 -0.576031
1 15.8764 32.9364 1.75862 0.0189415 -0.137422 0.990331
1 5.50967 12.0623 1.60329 -0.338607 0.589593 -0.733297
1 3.07993 9.82378 1.75616 0.329993 0.477642 0.814225
1 34.1771 19.9589 1.75879 0.0742662 -0.375087 0.92401
1 14.8428 25.9525 1.61078 0.518953 0.260882 -0.81402
1 19.2012 13.0087 1.75851 -0.0654173 0.304226 0.950351
1 9.30285 9.301 1.64482 -0.797053 -0.0983787 -0.595843
1 27.1863 29.852 1.74415 -0.416097 0.373915 0.828885
1 19.3883 6.27001 1.75848 0.510936 0.337414 0.79063
1 0.182041 16.1601 1.72105 -0.744292 0.109112 0.658881
1 28.7257 13.1141 1.6095 0.610509 -0.477256 -0.632064
1 3.78543 6.30475 1.60926 0.031819 -0.753303 -0.656903
1 24.5086 23.7017 1.76881 0.728404 -0.0612794 0.682402
1 33.3157 19.4764 1.75232 0.148577 -0.52301 0.839277
1 5.11689 4.95173 1.6169 0.309471 0.639571 -0.703688
1 16.2078 18.6494 1.60243 -0.709931 -0.12814 -0.692515
1 25.9155 15.9862 1.61042 -0.583712 0.0597325 -0.80976
1 10.6226 25.9783 1.75325 0.265513 0.491595 0.829359
1 33.4564 28.0194 1.60654 -0.0301856 -0.202965 -0.978721
1 22.8831 24.0302 1.76631 0.690394 -0.325014 0.646314
1 20.2041 14.6963 1.75559 -0.233645 0.48136 0.844809
1 2.3428 6.9919 1.61257 0.288864 -0.464559 -0.837104
1 7.8479 2.22001 1.60687 -0.0998925 0.0357976 -0.994354
1 22.8359 26.3735 1.7577 0.202291 -0.37147 0.906139
1 17.0186 6.12995 1.75712 0.662583 -0.0705149 0.745662
1 33.8607 12.4937 1.76152 0.00470943 -0.0994062 0.995036
1 0.965011 26.2207 1.61712 -0.332048 -0.608785 -0.720503
1 3.6943 30.7872 1.75576 -0.439162 -0.566763 0.697077
1 28.3144 12.1583 1.61026 0.434889 -0.430351 -0.790993
1 19.918 27.9563 1.7573 0.699498 0.464112 0.543417
1 19.737 21.9013 1.62531 -0.190333 -0.576868 -0.794353
1 32.8531 28.7702 1.60699 0.0886375 -0.0709854 -0.993531
1 0.48351 2.90736 1.61314 -0.34544 -0.182093 -0.920605
1 6.92817 34.1546 1.61645 -0.479966 0.0573257 -0.875412
1 9.03309 6.64679 1.61464 0.393866 0.0716897 -0.916368
1 18.8813 10.8164 1.7573 0.0975187 0.238703 0.966184
1 17.428 34.3711 1.75989 -0.147409 0.0305771 0.988603
1 22.5699 28.4055 1.75842 -0.168479 -0.456625 0.873561
1 12.9329 9.44439 1.75687 0.217427 -0.734712 0.642592
1 23.8997 27.4805 1.76125 0.00589479 -0.189717 0.981821
1 0.179735 12.6691 1.75967 -0.0262352 0.0569006 0.998035
1 6.29721 26.2006 1.75832 0.247207 -0.180224 0.952055
1 26.2604 32.719 1.75418 0.536913 -0.102629 0.837372
1 34.6116 29.5542 1.6129 0.203586 -0.404718 -0.891491
1 34.0604 27.2358 1.61085 -0.150767 -0.34022 -0.928181
1 25.2922 4.9043 1.6114 -0.746668 -0.0456358 -0.66363
1 14.8566 33.21 1.75812 -0.0236308 -0.277107 0.960549
1 23.4338 8.47895 1.62356 -0.138247 0.411335 -0.900939
1 9.17917 13.8288 1.60702 -0.156029 -0.077818 -0.984682
1 26.6903 6.88272 1.61106 -0.334765 -0.180336 -0.924885
1 33.3926 16.0907 1.75034 -0.641271 -0.144781 0.753531
1 33.1756 10.0885 1.75173 0.490111 -0.251233 0.834669
1 27.1083 12.1708 1.61367 0.418294 -0.213866 -0.882775
1 10.5658 2.18883 1.61322 -0.159411 -0.320724 -0.933662
1 30.3428 9.06401 1.60767 0.0297842 -0.710952 -0.702609
1 18.9773 26.6616 1.77018 -0.661963 0.344198 0.665833
1 16.2688 16.0784 1.75002 -0.493591 -0.210114 0.843931
1 11.7666 3.74259 1.61073 -0.0344354 -0.398244 -0.916633
1 27.9577 25.5426 1.77028 0.320211 0.644458 0.694362
1 0.954883 18.5505 1.75631 0.357027 -0.136213 0.924109
1 22.3439 32.3873 1.75568 0.0817035 0.772212 0.63009
1 29.8042 17.9084 1.60939 -0.139244 -0.343267 -0.928859
1 1.37622 33.5717 1.60634 -0.106442 0.645497 -0.75631
1 23.2549 29.387 1.76046 -0.334645 -0.352413 0.873967
1 26.5075 20.8487 1.61051 0.279965 0.0418841 -0.959096
1 16.9332 17.8801 1.76277 -0.788699 -0.13536 0.599692
1 1.09591 12.8929 1.76052 -0.0643501 0.21123 0.975316
1 23.8634 6.32489 1.61265 -0.3961 0.251109 -0.883204
1 0.584577 34.5979 1.59237 0.119518 0.74876 -0.651977
1 24.3048 21.6038 1.61886 0.421622 0.228265 -0.877571
1 29.8468 16.029 1.60914 -0.45734 -0.351614 -0.816828
1 0.355586 6.92224 1.61071 0.378792 -0.12128 -0.917501
1 29.7226 21.8724 1.60727 0.438512 -0.342643 -0.830845
1 18.5233 7.39257 1.75635 0.432372 0.177896 0.883972
1 4.72184 6.67778 1.58639 -0.082441 -0.899518 -0.429034
1 20.1103 13.5497 1.75318 -0.0532841 0.469022 0.881577
1 18.4776 23.1447 1.6079 0.0341414 -0.348916 -0.936532
1 10.9252 20.4649 1.60425 0.603299 -0.407436 -0.685584
1 12.1796 15.4454 1.62602 0.0112663 -0.549045 -0.835717
1 9.76053 19.592 1.62508 0.491082 -0.0940808 -0.866018
1 10.9809 23.6861 1.75569 0.553707 0.524995 0.646365
1 12.5669 23.4543 1.61103 0.0939341 0.613435 -0.784139
1 20.1355 2.27828 1.73886 -0.469996 0.50795 0.721866
1 9.699 27.6378 1.75829 -0.0198604 0.341988 0.939494
1 16.5062 7.70693 1.75636 0.43243 -0.160459 0.887275
1 28.9061 14.1934 1.60551 -0.722386 0.117959 -0.681355
1 24.8861 26.4142 1.7608 0.219417 -0.00767435 0.975601
1 26.2507 18.913 1.6075 -0.00774901 0.0773777 -0.996972
1 16.4492 34.5091 1.75573 -0.160771 -0.0843925 0.983377
1 6.46215 9.99483 1.60878 -0.62101 0.313364 -0.718436
1 27.4416 13.0789 1.61518 0.541098 -0.295431 -0.787358
1 27.3661 33.1422 1.75843 0.412162 0.0517845 0.909638
1 7.7478 28.3156 1.75966 -0.112661 0.0617827 0.991711
1 7.81302 5.20817 1.61031 0.197721 0.196874 -0.960285
1 19.4438 17.0303 1.74933 -0.597662 0.352393 0.720152
1 14.0396 2.22579 1.76951 -0.543538 -0.537702 0.644548
1 9.34732 18.7015 1.61194 0.37537 -0.0198718 -0.926662
1 1.10655 15.4124 1.75095 -0.526381 0.202816 0.825705
1 8.74503 14.9836 1.60706 -0.0356759 0.0082051 -0.99933
1 31.9309 29.045 1.60858 0.135124 0.10449 -0.985304
1 2.25097 10.3632 1.75493 0.307372 0.313241 0.898556
1 12.749 16.4437 1.61082 0.11218 -0.624402 -0.773006
1 12.6065 30.3506 1.74397 0.33822 -0.610434 0.716224
1 33.4793 0.139005 1.6023 -0.634917 0.0828149 -0.768129
1 27.0583 14.3142 1.77609 0.690329 -0.460079 -0.558366
1 26.5746 1.03234 1.76046 -0.0224459 0.0341791 0.999164
1 16.0077 6.83698 1.75445 0.559832 -0.23916 0.793341
1 6.68949 28.528 1.75928 -0.13169 -0.0865466 0.987506
1 4.95105 28.901 1.75765 -0.182658 -0.335518 0.924156
1 26.1994 12.9193 1.63868 0.527639 -0.103306 -0.843163
1 15.3525 11.3886 1.75131 -0.019683 -0.335379 0.941878
1 26.2882 30.643 1.75025 -0.590448 0.182691 0.786127
1 23.9538 5.1415 1.61631 -0.603049 0.208603 -0.769946
1 10.934 17.4602 1.61175 0.270305 -0.291167 -0.917691
1 15.6344 26.8323 1.60983 0.700415 0.103859 -0.706139
1 25.419 3.9372 1.74928 -0.645831 -0.137022 0.751084
1 9.94869 10.2079 1.60621 -0.640172 -0.221501 -0.735607
1 6.38904 3.49107 1.61034 0.119275 0.240548 -0.963281
1 6.46949 12.1384 1.60269 -0.341324 0.390528 -0.854977
1 17.3992 7.04424 1.7547 0.511515 -0.0195134 0.859053
1 23.9886 25.5083 1.75891 0.382101 -0.17791 0.906834
1 2.5493 30.2054 1.76815 -0.314187 -0.770754 0.554279
1 20.5773 10.9321 1.72904 0.130768 0.618464 0.774856
1 2.37291 26.8614 1.74041 0.141843 -0.772831 0.618558
1 13.2655 5.14128 1.6041 0.0950243 -0.528526 -0.843582
1 2.06663 9.23996 1.75145 0.489981 0.265837 0.83021
1 27.3008 10.5012 1.60911 0.187904 -0.220561 -0.957102
1 24.1246 2.24728 1.75532 -0.188542 -0.289697 0.938364
1 11.1053 21.5384 1.60572 0.655133 -0.579534 -0.484708
1 7.70117 20.3134 1.61688 0.623094 0.257374 -0.738588
1 4.19716 9.20783 1.75928 0.345003 0.639678 0.686866
1 15.9822 9.50604 1.76165 0.215383 -0.247723 0.944586
1 29.8392 15.0233 1.62609 -0.641251 -0.278669 -0.714941
1 6.10787 5.03062 1.6179 0.193574 0.467875 -0.862335
1 25.4304 11.2132 1.60389 0.2636 0.0583688 -0.962865
1 8.14514 15.9899 1.60848 0.0763123 0.12087 -0.989731
1 10.9016 9.64322 1.60832 -0.718686 -0.385434 -0.578732
1 21.3701 31.6905 1.75514 0.229173 0.627141 0.744429
1 1.5401 2.76171 1.67065 -0.489563 -0.356071 -0.795953
1 9.73308 33.5914 1.60162 -0.616591 -0.329473 -0.715026
1 22.5467 10.68 1.60993 0.138953 0.550007 -0.823519
1 34.1298 22.8377 1.74707 -0.469645 -0.340934 0.814369
1 11.0332 6.32651 1.61229 0.319434 -0.184813 -0.929412
1 27.8402 11.2958 1.61216 0.315453 -0.314483 -0.895315
1 30.7114 30.3608 1.61255 0.360904 0.30689 -0.880663
1 21.8442 26.0832 1.75742 0.251067 -0.538265 0.80451
1 3.99838 27.5151 1.75061 0.0491706 -0.515138 0.855696
1 11.5433 14.4713 1.61006 -0.106584 -0.433022 -0.89506
1 19.744 31.9835 1.75774 0.149433 0.359934 0.920933
1 34.147 18.7752 1.75927 0.297979 -0.352502 0.887103
1 4.62205 11.9332 1.64686 -0.262606 0.778126 -0.570577
1 7.96906 17.3484 1.60414 0.227527 0.189857 -0.955084
1 30.9904 27.249 1.60713 -0.150357 0.300996 -0.941698
1 22.7828 25.3064 1.75676 0.396971 -0.366635 0.841423
1 21.0443 27.4787 1.58809 -0.0406276 0.687093 -0.725433
1 7.87141 30.0484 1.75669 -0.396646 0.100044 0.912504
1 25.902 7.49601 1.60566 -0.243266 -0.0401766 -0.969127
1 25.8713 24.0194 1.75488 0.648565 0.175122 0.74074
1 30.2245 7.63602 1.59873 -0.265916 -0.748912 -0.606976
1 26.2561 31.7482 1.73596 0.735991 -0.109064 0.668148
1 17.341 21.2046 1.60905 -0.251724 -0.199006 -0.947118
1 18.2884 14.4586 1.76309 -0.285221 0.158666 0.945238
1 15.5214 20.498 1.6089 -0.394982 0.0823991 -0.914986
1 6.43866 2.31087 1.60834 -0.0555878 0.213471 -0.975367
1 34.1853 4.37065 1.60888 -0.0730688 0.00352321 -0.997321
1 8.77105 5.62789 1.60975 0.243284 0.074822 -0.967065
1 0.239295 1.90003 1.60713 -0.520634 -0.187577 -0.832919
1 12.1105 24.8105 1.75273 0.402352 0.761237 0.508557
1 4.31269 0.184797 1.61081 -0.34872 0.454405 -0.819701
1 27.5373 9.50639 1.61033 0.0657534 -0.258919 -0.963658
1 33.2185 18.346 1.76071 0.384021 -0.492968 0.780712
1 28.5006 7.96389 1.60804 -0.151929 -0.444746 -0.882677
1 5.68767 13.1739 1.61918 -0.23505 0.490094 -0.83938
1 32.7521 30.7681 1.60874 0.424874 -0.0583964 -0.903367
1 3.35761 20.0479 1.75925 0.143893 0.249915 0.957516
1 6.01252 9.20638 1.78295 0.778155 -0.296242 0.553819
1 2.24811 11.6217 1.75606 0.14437 0.333019 0.931803
1 32.7504 29.7338 1.60614 0.252201 -0.0547739 -0.966123
1 15.1958 10.2824 1.75644 0.121305 -0.374891 0.919098
1 24.6398 18.1941 1.60941 -0.168619 0.249867 -0.953485
1 14.412 31.0517 1.75605 0.225657 -0.361926 0.904482
1 25.0828 25.5071 1.7544 0.386314 0.0207013 0.922135
1 19.6532 30.1644 1.75382 0.399455 0.34331 0.850044
1 30.4359 13.4274 1.7504 -0.170287 -0.660159 0.731568
1 2.00998 12.7197 1.75804 -0.0207363 0.373479 0.927407
1 23.348 11.6224 1.6101 0.290493 0.426618 -0.856511
1 27.6936 16.0118 1.62005 -0.495462 0.0124024 -0.868541
1 29.0704 18.7188 1.60786 -0.0217763 -0.256263 -0.966362
1 17.8731 3.29401 1.75984 -0.624751 0.135447 0.768987
1 4.65259 2.43042 1.61359 0.0793401 0.45534 -0.886775
1 33.7213 21.8031 1.75788 -0.254446 -0.433938 0.864266
1 26.916 5.13717 1.60773 -0.705699 -0.242062 -0.665879
1 7.16546 14.3119 1.60539 -0.127748 0.250521 -0.959646
1 16.3868 30.0986 1.76496 0.389469 -0.0797537 0.91758
1 25.984 26.0499 1.75933 0.289702 0.193769 0.937297
1 7.7173 22.1776 1.69568 -0.886474 0.0443199 0.460652
1 34.0756 5.37926 1.60898 0.0996469 0.0246039 -0.994719
1 22.3212 20.9377 1.6298 0.333801 0.525908 -0.782302
1 8.97088 2.61723 1.60791 -0.0761455 -0.0629277 -0.995109
1 10.5992 5.36562 1.60996 0.170914 -0.151857 -0.973513
1 2.97492 32.8597 1.77236 -0.0216793 0.735355 0.677335
1 26.3601 33.6818 1.7579 0.349653 -0.0690745 0.934329
1 16.9661 9.81439 1.7607 0.167606 -0.0897299 0.981762
1 8.98093 29.7797 1.7551 -0.362577 0.264081 0.893756
1 19.9743 17.8787 1.75175 -0.668643 0.479412 0.568403
1 1.29413 1.2874 1.60168 0.479517 0.639734 -0.60067
1 26.6479 11.3056 1.61059 0.290565 -0.11724 -0.949646
1 6.94201 4.6402 1.6086 0.132362 0.324797 -0.936476
1 25.4108 20.1852 1.6069 0.176927 0.145419 -0.973422
1 12.2506 19.9733 1.61232 0.524218 -0.670295 -0.525262
1 32.0906 10.5834 1.75576 0.376953 -0.419449 0.825814
1 15.8788 24.2348 1.60536 0.229209 0.0776889 -0.970272
1 20.6335 32.3987 1.75553 0.0920146 0.503797 0.858907
1 14.7352 19.8026 1.61443 -0.488996 0.229684 -0.841503
1 16.8013 8.74857 1.75891 0.292446 -0.116102 0.949208
1 4.32273 25.5452 1.76098 0.456265 -0.448856 0.768343
1 26.0426 25.039 1.7566 0.469195 0.203935 0.859224
1 13.8661 28.0501 1.75105 0.688983 -0.394848 0.60778
1 14.657 0.674105 1.75374 -0.302711 -0.342179 0.889539
1 34.1002 32.5973 1.60515 0.409597 -0.134192 -0.902343
1 32.3084 32.9292 1.76274 0.286701 0.519138 0.805169
1 9.91049 2.9944 1.61132 -0.0627045 -0.175568 -0.982468
1 29.2204 26.8616 1.61588 -0.080709 0.688386 -0.72084
1 30.6933 20.9978 1.608 0.296011 -0.517662 -0.802747
1 12.0162 18.9501 1.68032 0.452549 -0.501812 -0.737146
1 24.4793 19.6344 1.60988 0.0889905 0.262072 -0.960937
1 2.12318 4.62846 1.61484 -0.119181 -0.436946 -0.891557
1 34.0043 10.6184 1.75426 0.345539 -0.146162 0.926952
1 5.36585 18.0926 1.61607 0.439214 0.692667 -0.572104
1 27.3546 0.463981 1.76197 0.0632797 0.128132 0.989736
1 30.8467 18.0519 1.61344 -0.0902882 -0.502314 -0.859959
1 27.4226 32.1776 1.7478 0.572411 0.0171216 0.819788
1 7.66912 31.7354 1.75657 -0.714959 0.112633 0.690035
1 23.4883 19.775 1.61151 0.11649 0.385851 -0.915177
1 31.034 25.3611 1.61772 -0.460619 0.271791 -0.844961
1 19.5062 1.49426 1.74807 -0.3394 0.346896 0.87434
1 15.7312 5.86033 1.75481 0.685158 -0.317936 0.655344
1 7.72528 9.40398 1.62581 -0.738957 0.111271 -0.664501
1 10.6687 30.2678 1.7503 -0.445984 0.529894 0.721325
1 8.26305 7.31222 1.61454 0.52895 0.160095 -0.833415
1 19.3848 34.0189 1.75862 -0.104971 0.29206 0.950622
1 13.1887 15.1777 1.60004 -0.0528657 -0.77504 -0.629698
1 15.1138 22.4683 1.60671 -0.0596748 0.17349 -0.983026
1 4.90544 31.0739 1.75 -0.543498 -0.353257 0.761459
1 0.948303 24.0644 1.76465 -0.6164 -0.0961472 0.781541
1 7.11924 23.1381 1.7406 0.692651 -0.112336 0.712471
1 8.59788 4.55964 1.60886 0.107347 0.0677382 -0.991911
1 0.322969 19.3222 1.75892 0.195899 -0.233892 0.952322
1 3.22711 29.3811 1.75773 -0.228188 -0.635713 0.737428
1 25.7312 8.4836 1.60794 -0.105434 0.00706521 -0.994401
1 4.1468 24.632 1.63721 0.658885 -0.42118 0.62328
1 31.8359 4.88733 1.60914 0.0369305 0.404162 -0.913941
1 21.541 19.8755 1.62866 0.153145 0.660387 -0.735143
1 26.4265 19.8723 1.60952 0.131926 0.0562202 -0.989664
1 26.3882 21.8328 1.61351 0.434931 -0.00493672 -0.90045
1 33.9193 2.42407 1.60236 -0.397526 0.00491765 -0.917578
1 10.7236 12.9474 1.61705 -0.233217 -0.347161 -0.908344
1 10.2504 4.24413 1.60875 0.035508 -0.147969 -0.988354
1 18.1996 25.0471 1.61368 0.357948 -0.289803 -0.88763
1 10.4276 28.3445 1.75051 -0.139436 0.450187 0.881981
1 34.3371 25.0659 1.60852 -0.566503 -0.421931 -0.707847
1 32.3221 27.9687 1.60816 -0.0360501 0.0334135 -0.998791
1 24.4594 17.2156 1.60725 -0.352597 0.245024 -0.903127
1 30.0951 5.28693 1.60948 0.138371 0.691645 -0.708859
1 18.8706 22.1985 1.60963 -0.126417 -0.432921 -0.892523
1 23.7336 24.5922 1.7428 0.550001 -0.217092 0.806455
1 17.9269 23.9937 1.60911 0.180338 -0.24419 -0.952811
1 22.3075 23.2432 1.75608 -0.790944 0.0343149 0.610926
1 25.3794 10.2534 1.60738 0.124118 0.0765451 -0.989311
1 15.3862 31.2858 1.75967 0.216149 -0.208511 0.953836
1 15.6318 33.9008 1.75823 -0.0958117 -0.18059 0.978881
1 33.8561 1.32168 1.6104 -0.536515 0.0674953 -0.841187
1 10.6389 27.1556 1.75821 0.0455064 0.480645 0.875734
1 15.4896 27.7017 1.77113 0.811403 -0.172619 0.558415
1 24.0502 32.9979 1.75418 0.403375 -0.441608 0.801418
1 7.34539 29.2388 1.75908 -0.262119 0.00874549 0.964996
1 24.4131 20.6274 1.61173 0.254087 0.246181 -0.935326
1 29.0569 0.719372 1.75783 -0.00444529 0.382721 0.923853
1 24.4356 10.2623 1.60874 0.112714 0.225112 -0.967791
1 32.1445 14.7041 1.76013 -0.420452 -0.371363 0.827835
1 26.2159 23.1991 1.59816 0.803452 0.257681 -0.536718
1 13.6792 23.838 1.60966 0.162227 0.438167 -0.884133
1 31.5308 1.75043 1.60121 -0.450838 0.600043 -0.660828
1 16.954 22.1247 1.6071 -0.10239 -0.124787 -0.986886
1 20.5035 23.1896 1.60681 -0.0137521 -0.667048 -0.744888
1 10.8074 11.0705 1.60827 -0.492873 -0.378423 -0.7835
1 15.6793 15.1147 1.74816 -0.371472 -0.294321 0.880558
1 20.0164 25.6655 1.76925 -0.443784 0.617267 0.649644
1 13.8994 33.3596 1.75769 -0.063136 -0.409884 0.90995
1 32.1485 12.7749 1.75954 -0.054573 -0.392468 0.918145
1 29.6663 24.101 1.64656 -0.674146 0.492293 -0.550614
1 29.284 34.2581 1.75783 0.157312 0.359642 0.919734
1 15.2641 3.87458 1.78854 -0.681739 -0.441573 0.583306
1 30.6937 6.48408 1.63172 0.366063 0.586927 -0.722159
1 30.6296 22.3121 1.61113 0.430147 -0.508712 -0.745779
1 3.0768 4.76202 1.63244 -0.137365 -0.599542 -0.788467
1 19.355 9.17788 1.75415 0.215063 0.344833 0.913695
1 31.7209 24.1285 1.60885 -0.614632 0.110861 -0.780985
1 29.4686 32.0764 1.74892 0.573598 0.219573 0.78916
1 28.2753 10.2038 1.6117 0.180825 -0.387563 -0.903934
1 21.7643 24.9082 1.76268 0.473834 -0.50678 0.720177
1 22.0336 30.8893 1.74917 0.395036 0.716389 0.575094
1 10.1125 29.4522 1.7556 -0.322801 0.425688 0.845334
1 16.3827 12.4702 1.76145 -0.117834 -0.165675 0.979115
1 8.76105 16.7818 1.60785 0.165681 0.0408937 -0.985331
1 31.1632 11.2783 1.75173 0.20353 -0.558401 0.804216
1 3.45687 26.5172 1.7597 0.240911 -0.60671 0.757539
1 32.7105 3.16473 1.61336 -0.265602 0.2631 -0.927488
1 15.7235 17.1272 1.74867 -0.590085 -0.369172 0.717991
1 27.0101 18.3077 1.60771 -0.090024 -0.00877284 -0.995901
1 16.9456 15.3241 1.76438 -0.407106 -0.0647296 0.911085
1 12.2617 2.05543 1.6457 -0.212857 -0.575307 -0.789756
1 17.5307 16.2293 1.76377 -0.533685 -0.00748666 0.84565
1 27.375 34.1102 1.76069 0.241667 0.0882814 0.966335
1 0.826112 14.5288 1.75853 -0.364436 0.192632 0.911087
1 14.5606 4.30026 1.58961 -0.227442 -0.773294 -0.59185
1 16.585 3.23276 1.75654 -0.597915 -0.07207 0.798313
1 17.6895 29.6432 1.75165 0.454989 0.0631571 0.888254
1 6.04612 7.21559 1.61258 0.558799 0.448513 -0.697553
1 14.7426 28.685 1.75713 0.605537 -0.284304 0.743301
1 18.4768 18.1021 1.76553 -0.773851 0.155119 0.614079
1 19.8915 20.6993 1.61558 -0.415542 -0.569753 -0.709018
1 8.63188 10.1615 1.60831 -0.627972 -0.0408224 -0.777164
1 18.151 17.1961 1.74802 -0.649351 0.108068 0.752772
1 9.32577 31.57 1.75235 -0.699756 0.250338 0.669083
1 21.8533 1.64476 1.63376 0.419897 -0.68679 0.593301
1 7.29879 16.5287 1.604 0.12893 0.266643 -0.955133
1 11.8924 6.86088 1.60755 0.415289 -0.297865 -0.859541
1 7.85677 32.5974 1.61986 -0.809549 0.0225898 -0.586617
1 24.8408 12.1263 1.6099 0.376584 0.135976 -0.916349
1 22.2786 22.1924 1.60791 0.587031 0.409502 -0.698357
1 22.9801 1.38095 1.70682 0.0513855 -0.537149 0.841921
1 5.14182 0.681937 1.61245 -0.239791 0.340516 -0.909147
1 5.43427 24.7612 1.74997 0.512567 -0.294049 0.806728
1 21.0952 13.8362 1.74993 -0.064687 0.645118 0.76134
1 32.427 9.4731 1.76533 0.621414 -0.371524 0.689793
1 13.7342 13.613 1.75132 -0.244477 -0.685104 0.686195
1 26.7378 8.92744 1.60775 -0.0220603 -0.142373 -0.989567
1 5.97908 33.6152 1.60562 -0.585723 0.190334 -0.787846
1 26.3406 10.3651 1.60751 0.144128 -0.0793051 -0.986376
1 9.6918 23.3423 1.74894 0.61484 0.29047 0.733211
1 7.72007 13.342 1.60524 -0.228646 0.150321 -0.961834
1 14.2476 26.8083 1.60584 0.671021 0.300963 -0.677608
1 4.50456 16.6305 1.6102 0.228807 0.736693 -0.636341
1 9.55196 4.95548 1.60814 0.140414 -0.0465615 -0.988998
1 34.3607 30.7613 1.61194 0.407787 -0.372628 -0.833582
1 0.224516 7.88064 1.60972 0.558576 -0.1331 -0.818704
1 16.1732 10.4919 1.76166 0.0935655 -0.216526 0.971783
1 27.65 8.46682 1.60864 -0.0793776 -0.297036 -0.951561
1 30.5924 1.65376 1.77688 -0.190101 0.739912 0.645284
1 16.2931 21.2185 1.60845 -0.257319 -0.0330968 -0.965759
1 0.224644 11.6949 1.76064 0.151311 0.0267645 0.988124
1 24.8273 27.3498 1.75973 0.0415495 -0.0222811 0.998888
1 23.9006 7.50524 1.60846 -0.243082 0.260275 -0.934435
1 29.3648 16.9521 1.60897 -0.300672 -0.268891 -0.915038
1 20.1095 0.0558899 1.76007 -0.191251 0.402974 0.895005
1 21.9895 9.49458 1.60864 0.0439089 0.709391 -0.703446
1 24.9622 7.76406 1.6061 -0.197098 0.102333 -0.975028
1 17.2592 24.744 1.60996 0.308392 -0.124725 -0.943047
1 0.444607 31.443 1.61227 0.472367 -0.540826 -0.695972
1 28.4779 32.6338 1.75651 0.45306 0.157952 0.877375
1 31.1948 10.0312 1.74215 0.398587 -0.643199 0.653776
1 8.09682 26.2985 1.75921 0.19711 0.0780334 0.977271
1 23.8886 1.24137 1.73617 -0.000604833 -0.380769 0.92467
1 12.3572 4.69134 1.61385 0.0700251 -0.425297 -0.902341
1 3.03327 8.68971 1.76446 0.540526 0.410319 0.734486
1 31.6222 31.0097 1.6169 0.481183 0.12926 -0.867038
1 23.8757 9.43705 1.61004 0.000451391 0.336877 -0.941548
1 24.0383 30.2247 1.75397 -0.486064 -0.209136 0.848531
1 2.91096 5.97484 1.63448 0.0916282 -0.578339 -0.810634
1 8.38352 29.0378 1.75774 -0.237155 0.16757 0.956911
1 18.247 6.34823 1.75441 0.556084 0.136015 0.819921
1 29.2386 9.74646 1.61806 0.149356 -0.553037 -0.81966
1 3.59989 17.2433 1.76059 0.58794 0.385013 0.711402
1 2.91896 12.5269 1.74493 0.041119 0.53589 0.843286
1 24.1768 14.8111 1.59833 0.743385 0.180663 -0.644002
1 29.9667 10.3824 1.59777 0.262841 -0.676872 -0.687574
1 14.1903 8.48482 1.74668 0.387565 -0.588051 0.709922
1 20.4067 33.5227 1.75755 -0.0733998 0.462332 0.883664
1 1.42278 3.70924 1.60921 -0.285264 -0.313808 -0.905621
1 5.38437 26.8596 1.75119 0.160557 -0.313412 0.935946
1 2.12988 32.3313 1.76883 0.385823 -0.514156 0.766018
1 22.8589 18.7326 1.6108 -0.0717528 0.496059 -0.865319
1 7.16265 26.6527 1.75784 0.153971 -0.0575351 0.986399
1 1.74172 23.2622 1.7506 -0.465436 0.033457 0.884449
1 25.3571 34.1286 1.75837 0.252226 -0.189854 0.948861
1 2.24943 22.3854 1.75958 -0.312793 0.104704 0.944033
1 12.6445 22.2337 1.60923 -0.119459 0.578731 -0.806722
1 9.00476 25.9344 1.75941 0.24603 0.207129 0.946872
1 22.9243 9.49935 1.61508 -0.000323375 0.527074 -0.849819
1 18.1771 0.438866 1.76027 -0.207204 0.123247 0.970503
1 3.74954 12.0384 1.76838 0.0437041 0.712548 0.700261
1 16.8554 23.8759 1.60776 0.173645 -0.0734166 -0.982068
1 30.5243 24.5706 1.60077 -0.556001 0.391839 -0.733024
1 0.755159 30.1884 1.60824 0.245726 -0.565702 -0.787147
1 8.65041 8.34144 1.61577 0.735362 0.0829559 -0.672578
1 12.6314 29.0705 1.7486 0.541552 -0.625611 0.561544
1 22.9972 5.88886 1.6165 -0.435098 0.400127 -0.80659
1 26.4414 17.524 1.61028 -0.218854 0.046674 -0.974641
1 2.3794 34.0006 1.75834 -0.127486 0.568492 0.812751
1 31.9589 27.0587 1.60696 -0.180743 0.104147 -0.978001
1 7.91552 24.2256 1.7544 0.491915 -0.0268607 0.870229
1 2.29039 19.6527 1.76096 0.18131 0.0828273 0.979932
1 31.8839 2.69583 1.62283 -0.368601 0.412752 -0.832928
1 32.4465 13.7886 1.75607 -0.244116 -0.323242 0.914288
1 23.1041 33.8502 1.73912 0.276858 -0.682501 0.676418
1 21.4241 11.9096 1.72464 0.0574221 0.829191 0.556008
1 13.591 12.193 1.74656 -0.101925 -0.633303 0.767163
1 7.93344 0.025187 1.61342 -0.412843 -0.0656873 -0.908431
1 0.673712 28.6114 1.62645 0.0694872 -0.565093 -0.822095
1 28.2861 0.0446012 1.75972 0.117115 0.241027 0.963426
1 27.6127 7.39077 1.60818 -0.238558 -0.301459 -0.923154
1 25.008 13.0966 1.61419 0.52004 0.0773015 -0.850637
1 24.2588 29.24 1.7591 -0.314261 -0.15373 0.936807
1 27.8732 30.5519 1.76416 -0.678252 0.332205 0.65545
1 14.6832 34.227 1.75762 -0.159398 -0.318655 0.934372
1 1.39536 6.58753 1.60813 0.269795 -0.288934 -0.918547
1 12.3901 17.6542 1.61115 0.270294 -0.545452 -0.793362
1 2.01393 18.6719 1.75926 0.354426 0.0340487 0.934464
1 13.4096 7.96138 1.73022 0.497783 -0.696645 0.516622
1 32.5878 20.3319 1.76142 0.017605 -0.717931 0.695892
1 18.0474 11.3782 1.76033 0.0376607 0.0979028 0.994483
1 19.8536 5.42557 1.76333 0.62528 0.404258 0.667533
1 11.9045 10.8549 1.62274 -0.43624 -0.641717 -0.630789
1 11.2378 15.5949 1.60961 0.0427221 -0.386497 -0.921301
1 21.1007 34.2311 1.75917 -0.207636 0.576131 0.790545
1 30.4218 28.4556 1.61567 0.0422623 0.409919 -0.911142
1 11.2158 4.57458 1.60739 0.0579162 -0.262111 -0.963298
1 28.3372 31.4132 1.72792 0.781548 0.0148961 0.623667
1 33.8347 11.5548 1.76304 0.175652 -0.128302 0.976056
1 34.3702 15.2996 1.74751 -0.555944 0.0611574 0.828967
1 9.55644 30.5256 1.74712 -0.486903 0.341749 0.803824
1 10.8331 3.40689 1.61194 -0.0527806 -0.282492 -0.957816
1 30.2887 20.0194 1.60989 0.181138 -0.415296 -0.89147
1 4.70912 18.6447 1.74574 0.426885 0.523952 0.737051
1 6.44079 25.1703 1.76034 0.406094 -0.166454 0.898544
1 7.86529 12.2827 1.60813 -0.351673 0.115429 -0.928979
1 22.965 27.4323 1.75726 0.00610867 -0.357947 0.933722
1 17.455 23.035 1.60744 0.0399016 -0.186565 -0.981632
1 25.1015 29.9275 1.75197 -0.457761 -0.00628034 0.889053
1 30.9512 0.227418 1.76868 0.0268807 0.674783 0.737526
1 13.8859 9.74466 1.75702 0.188655 -0.594562 0.781604
1 8.72559 28.0105 1.75931 -0.0734463 0.204211 0.976168
1 17.5768 8.02269 1.75801 0.37182 0.0168087 0.928153
1 13.5693 4.00586 1.61096 -0.0714246 -0.635081 -0.769137
1 17.8014 2.32063 1.75584 -0.473143 0.0884968 0.87653
1 4.10641 4.96354 1.61394 -0.323075 -0.742435 -0.586868
1 14.1911 5.51603 1.59935 0.0614147 -0.678961 -0.731601
1 3.39736 22.1131 1.75461 -0.264592 0.281307 0.922419
1 19.2278 31.0733 1.75615 0.261768 0.269792 0.926655
1 32.2541 5.8565 1.6062 0.206357 0.326393 -0.922434
1 3.95474 28.6675 1.75531 -0.147024 -0.497626 0.85484
1 17.5596 1.19457 1.758 -0.291174 0.0355408 0.95601
1 28.1489 29.1984 1.74888 -0.215448 0.562285 0.798385
1 2.0477 14.6935 1.75272 -0.386693 0.384977 0.83801
1 31.7835 30.0554 1.60787 0.310422 0.12423 -0.942446
1 10.382 18.6053 1.61003 0.368945 -0.203843 -0.906823
1 23.1519 2.46496 1.7594 -0.149659 -0.448501 0.881164
1 10.9585 7.55204 1.61125 0.570206 -0.139389 -0.80959
1 11.4062 18.273 1.61663 0.358903 -0.386901 -0.849409
1 7.3914 18.0972 1.61586 0.312707 0.323753 -0.892972
1 28.5595 20.4873 1.60737 0.247797 -0.167019 -0.954307
1 25.9328 9.45859 1.60608 0.022653 -0.0148375 -0.999633
1 16.3181 11.4835 1.76131 -0.0155246 -0.181547 0.98326
1 9.13159 24.2581 1.75571 0.49482 0.193103 0.847269
1 22.0302 27.239 1.75552 0.0336503 -0.522333 0.852077
1 1.1928 4.65107 1.61379 -0.0831598 -0.276286 -0.957471
1 1.87566 24.9444 1.59464 0.756273 -0.0820094 -0.649096
1 32.1583 25.1576 1.61191 -0.502017 0.0169101 -0.864692
1 3.64645 18.3137 1.75714 0.417961 0.316258 0.851639
1 9.67168 14.7458 1.60825 -0.0488676 -0.136995 -0.989366
1 3.52984 13.6038 1.7714 -0.101924 0.695253 0.711502
1 13.1889 32.5153 1.76252 0.049843 -0.4924 0.868941
1 26.7888 7.93435 1.60762 -0.16227 -0.16106 -0.973513
1 17.6722 28.6531 1.75096 0.626458 0.0802211 0.775316
1 6.19111 16.1512 1.61363 0.125657 0.444322 -0.887011
1 33.1973 5.75203 1.61215 0.17612 0.172142 -0.9692
1 21.5333 0.557199 1.72574 -0.372731 0.648852 0.663372
1 15.8857 19.5577 1.6108 -0.561148 0.00724667 -0.827684
1 13.1655 18.3545 1.60852 0.302201 -0.705743 -0.640782
1 32.1887 0.485758 1.60688 -0.632078 0.393224 -0.667721
1 31.3643 28.2052 1.60922 0.00115873 0.224325 -0.974514
1 27.2903 19.2201 1.60698 0.0517354 -0.0399807 -0.99786
1 5.26631 10.606 1.60015 -0.484291 0.564956 -0.668047
1 20.7011 16.5386 1.75223 -0.465653 0.578912 0.669349
1 25.6777 14.871 1.61855 0.787934 -0.178886 -0.589203
1 19.2327 3.44173 1.76404 -0.623297 0.363343 0.692447
1 31.7176 19.8931 1.60632 0.177237 -0.721401 -0.669453
1 32.1058 15.7605 1.75231 -0.598359 -0.425655 0.678811
1 1.57217 13.7639 1.75634 -0.210479 0.319592 0.923883
1 3.64171 23.811 1.74693 -0.614793 0.337519 0.712818
1 22.7813 13.13 1.61446 0.406111 0.439173 -0.801374
1 5.9761 30.7362 1.74903 -0.532902 -0.159589 0.830991
1 32.9407 27.1599 1.60782 -0.17015 -0.0973844 -0.980594
1 7.99347 27.3053 1.7594 0.0443168 0.0828209 0.995579
1 7.34578 7.87144 1.61499 0.618516 0.266775 -0.7391
1 19.7088 10.2387 1.75735 0.106142 0.405972 0.907701
1 26.8506 16.6516 1.62145 -0.354749 0.0290224 -0.934511
1 2.33436 24.0704 1.75983 -0.607566 0.120085 0.785139
1 16.9073 32.609 1.75933 0.0626582 -0.0144984 0.99793
1 26.9727 25.7556 1.75779 0.343369 0.402139 0.848753
1 26.4002 27.7237 1.75976 -0.0190034 0.27356 0.961667
1 7.42965 10.4547 1.59974 -0.565318 0.157781 -0.809643
1 9.27329 3.80027 1.60764 0.0208126 -0.0482768 -0.998617
1 1.30843 19.4673 1.75953 0.192862 -0.0783985 0.978089
1 17.217 25.7115 1.60707 0.484641 -0.105521 -0.868325
1 23.4939 10.4962 1.61071 0.134993 0.392243 -0.909902
1 15.2378 7.77428 1.7491 0.434469 -0.382132 0.815605
1 28.2429 16.8512 1.61006 -0.336312 -0.107524 -0.935592
1 33.0038 22.9497 1.75284 -0.47956 -0.525515 0.702749
1 18.2338 18.9986 1.61786 -0.744694 -0.247837 -0.619684
1 11.7323 22.2121 1.77468 0.143821 -0.726085 0.672395
1 14.8792 1.76161 1.75686 -0.449332 -0.379238 0.808876
1 2.92873 23.1103 1.75463 -0.454847 0.232758 0.859615
1 6.10656 1.0717 1.60883 -0.198124 0.216018 -0.956077
1 32.6443 7.59653 1.6137 0.546662 0.199504 -0.813239
1 17.3716 27.6996 1.74446 0.800778 0.0385312 0.597721
1 8.9034 17.7893 1.6067 0.27172 0.0386588 -0.9616
1 25.5423 16.9521 1.60845 -0.393043 0.106582 -0.913322
1 4.2668 15.1643 1.60907 -0.0757926 0.760664 -0.644706
1 8.94761 0.653741 1.61206 -0.328656 -0.185573 -0.926039
1 0.981128 32.2508 1.60224 0.600744 -0.624566 -0.499023
1 16.606 0.849465 1.75852 -0.265041 -0.0890494 0.960116
1 29.3265 19.7449 1.60754 0.137251 -0.28301 -0.949246
1 5.20012 15.7136 1.61319 0.0668565 0.615573 -0.785239
1 8.502 21.2192 1.6046 0.72111 0.0222668 -0.692462
1 32.905 33.8202 1.61685 -0.83316 0.35658 0.422723
1 2.03251 5.7133 1.61724 0.0887173 -0.415826 -0.905107
1 31.8421 18.4114 1.61207 -0.0290445 -0.686074 -0.726952
1 12.741 0.174629 1.74987 -0.306564 -0.658221 0.687578
1 25.2541 28.9859 1.76025 -0.27167 0.0355418 0.961734
1 5.95515 6.10413 1.61096 0.385224 0.455833 -0.802383
1 29.8081 25.6585 1.60875 -0.343856 0.584324 -0.73507
1 12.503 5.93022 1.6096 0.247725 -0.405999 -0.879657
1 27.6979 22.027 1.60717 0.487325 -0.00888909 -0.873175
1 34.4057 28.2634 1.61362 0.026889 -0.39356 -0.918905
1 29.234 7.3438 1.63278 -0.244631 -0.577729 -0.778707
1 29.4028 6.14312 1.6247 -0.429094 -0.674412 -0.600872
1 8.23174 14.1467 1.60747 -0.141192 0.0723129 -0.987338
1 29.46 11.8244 1.6063 0.415287 -0.642076 -0.644419
1 30.3104 12.0797 1.76122 0.124729 -0.73624 0.665127
1 13.3747 6.34453 1.60712 0.282579 -0.548981 -0.786618
1 18.9208 11.9436 1.7602 0.0197814 0.265566 0.96389
1 18.0999 4.22884 1.76827 -0.76124 0.120662 0.637146
1 32.7003 21.6866 1.75841 -0.22418 -0.621848 0.750365
1 8.92121 26.9696 1.75957 0.0898433 0.217964 0.971813
1 21.0281 29.311 1.7526 0.539045 0.664175 0.517978
1 13.6581 16.9409 1.60342 0.00543191 -0.814923 -0.579544
1 18.7418 16.2388 1.76054 -0.509597 0.221366 0.831449
1 34.5 26.1978 1.60792 -0.34103 -0.414438 -0.843765
1 27.3301 27.7256 1.7648 -0.00978092 0.462648 0.886488
1 4.50738 26.5359 1.76246 0.242678 -0.439561 0.864808
1 33.9564 17.3392 1.75287 0.634888 -0.332122 0.697576
1 3.71025 2.18751 1.6345 0.0814738 0.61139 -0.787124
1 25.1822 2.24152 1.75909 -0.222795 -0.141052 0.964607
1 4.63145 13.5871 1.61469 -0.224759 0.689779 -0.68825
1 22.4951 17.4901 1.61327 -0.302683 0.54579 -0.781343
1 15.5393 29.3076 1.74765 0.482606 -0.210437 0.850181
1 6.47255 18.3551 1.61966 0.358875 0.505396 -0.784719
1 30.8768 4.58688 1.60669 -0.0292697 0.571159 -0.820318
1 15.4133 12.6194 1.75565 -0.153272 -0.329933 0.931478
1 17.7432 9.16392 1.75962 0.234136 0.0429857 0.971253
1 5.3372 1.71024 1.61099 -0.0673083 0.328476 -0.942111
1 7.03989 1.52524 1.60705 -0.162743 0.102316 -0.981349
1 13.7501 34.5038 1.7548 -0.222162 -0.458803 0.860316
1 23.1991 21.7854 1.65663 0.461967 0.343774 -0.817561
1 33.6552 30.1276 1.61126 0.315795 -0.22983 -0.920572
1 13.2682 2.56854 1.59836 -0.281512 -0.731709 -0.620768
1 11.4843 30.5956 1.71836 0.410566 -0.747789 0.521773
1 23.5332 0.243061 1.76017 0.188201 -0.467501 0.863727
1 16.4038 23.0205 1.60713 0.0376169 -0.0184139 -0.999123
1 28.3146 19.4805 1.60784 0.0933257 -0.159183 -0.982828
1 27.467 20.1585 1.60684 0.197112 -0.0550317 -0.978835
1 14.3943 23.1281 1.61048 0.0444763 0.30462 -0.951435
1 12.6612 20.9978 1.6313 -0.333163 0.603052 -0.724797
1 4.23458 29.893 1.75561 -0.328192 -0.452404 0.829229
1 11.9594 0.612739 1.6217 -0.385605 -0.685248 -0.617854
1 34.4262 21.0271 1.75938 -0.101544 -0.342452 0.934032
1 11.6934 31.8037 1.76779 0.210289 -0.701123 0.681326
1 12.1453 32.9286 1.75505 -0.000211661 -0.658849 0.752275
1 17.2908 13.0314 1.76034 -0.155866 -0.00848466 0.987742
1 4.46129 21.6107 1.75537 -0.156201 0.390058 0.907445
1 25.8606 3.00993 1.75626 -0.401648 -0.0609635 0.913763
1 19.8009 11.5983 1.75656 0.0799786 0.425078 0.901617
1 26.7593 26.7796 1.75929 0.1596 0.338587 0.927301
1 32.9195 2.15488 1.61721 -0.411046 0.203375 -0.888639
1 9.70403 25.2559 1.75789 0.352959 0.310721 0.882538
1 23.8113 13.7417 1.60799 0.556341 0.237088 -0.796413
1 33.4023 14.1306 1.75737 -0.295422 -0.153033 0.943031
1 3.03581 19.0358 1.75814 0.308146 0.203746 0.929265
1 14.7755 24.1116 1.60954 0.20907 0.257335 -0.943434
1 25.395 21.2091 1.61069 0.348691 0.120719 -0.929431
1 16.3712 14.45 1.75981 -0.320751 -0.152074 0.934876
1 32.035 11.7016 1.75767 0.148618 -0.417253 0.896556
1 21.356 17.3994 1.75533 -0.390465 0.799424 0.456573
1 28.2589 27.9306 1.75994 0.0396694 0.672471 0.73906
1 22.8175 14.2968 1.60629 0.576586 0.450963 -0.681309
1 22.1995 5.37731 1.61255 -0.502764 0.537304 -0.67715
1 4.8893 27.8196 1.75746 0.00664987 -0.373507 0.927604
1 1.75462 21.3848 1.75919 -0.135027 -0.000974137 0.990841
1 7.32315 11.4345 1.61421 -0.419041 0.200135 -0.885636
1 11.7459 16.647 1.61028 0.172448 -0.456275 -0.872969
1 19.9628 24.3034 1.61112 0.207049 -0.576102 -0.790719
1 5.18962 19.7957 1.74908 0.20572 0.532629 0.820966
1 7.69464 4.06634 1.60456 0.0797484 0.18027 -0.980379
1 9.79483 0.0622132 1.61189 -0.427858 -0.306915 -0.850142
1 17.3786 30.5856 1.75909 0.323387 0.0393936 0.945446
1 18.4962 8.5258 1.75791 0.293661 0.179017 0.938997
1 24.9848 14.0606 1.61145 0.650982 0.00900775 -0.75904
1 33.9416 9.17214 1.76125 0.727822 -0.19424 0.657683
1 26.3026 2.1283 1.75702 -0.223574 0.00645447 0.974666
1 34.1961 23.8687 1.76127 -0.68392 -0.35191 0.639072
1 33.8714 7.32957 1.61388 0.484138 0.0407164 -0.874044
1 28.7429 1.75602 1.75412 -0.176376 0.388814 0.904276
1 3.98739 10.4818 1.75196 0.118087 0.658699 0.743082
1 10.3883 8.46766 1.60811 0.738911 -0.0162935 -0.673606
1 14.5438 13.1057 1.75128 -0.228749 -0.499722 0.835435
1 20.2677 9.02245 1.73135 0.206084 0.525545 0.825428
1 5.97186 29.2274 1.75724 -0.247023 -0.169822 0.954013
1 19.9407 15.8707 1.75388 -0.422176 0.438054 0.793647
1 4.39352 3.47046 1.62202 0.265746 0.552544 -0.789983
1 33.1293 13.1219 1.75976 -0.115279 -0.216664 0.969416
1 4.09757 19.4049 1.75589 0.277591 0.38529 0.880054
1 18.1819 31.2631 1.75859 0.226678 0.135262 0.964532
1 11.5032 2.61188 1.60256 -0.150638 -0.439022 -0.885758
1 31.4667 26.2206 1.61022 -0.3207 0.192643 -0.927383
1 23.525 17.8451 1.60957 -0.236683 0.383562 -0.892671
1 12.7161 31.5506 1.74908 0.169528 -0.561695 0.80979
1 21.495 4.36629 1.77194 -0.36669 0.235658 0.900002
1 9.82376 26.5371 1.75845 0.158656 0.355787 0.921002
1 17.1253 26.7011 1.60759 0.68148 -0.0618249 -0.729221
1 29.9889 29.47 1.61237 0.222741 0.468486 -0.854931
1 8.61444 19.7055 1.61591 0.527431 0.114835 -0.841802
1 10.1343 6.86578 1.6172 0.423506 -0.0623266 -0.903747
1 2.25155 1.18771 1.78658 -0.38002 -0.531688 0.756897
1 28.4761 9.08247 1.61255 0.0275503 -0.426836 -0.903909
1 15.7441 1.30629 1.75363 -0.358219 -0.224746 0.906183
1 1.45052 10.9556 1.75747 0.263432 0.170082 0.949566
1 24.6919 6.84138 1.60947 -0.340469 0.110105 -0.933787
1 5.39023 25.7862 1.76042 0.343627 -0.306846 0.887562
1 16.3883 13.4554 1.76133 -0.222124 -0.159868 0.961823
1 25.9305 12.0442 1.60886 0.397468 -0.0293267 -0.917147
1 0.544035 20.2895 1.76002 0.0330316 -0.205596 0.978079
1 9.61341 1.85419 1.60718 -0.175201 -0.190868 -0.965854
1 4.11037 22.6913 1.73299 -0.389046 0.405627 0.827109
1 30.445 26.3786 1.62188 -0.293582 0.40212 -0.867243
1 9.68268 12.8154 1.60784 -0.271835 -0.176406 -0.946037
1 1.49226 29.1992 1.60852 0.0746424 -0.740582 -0.667808
1 30.8255 3.3642 1.6036 -0.303393 0.629945 -0.714928
1 18.806 32.0901 1.76095 0.129586 0.230965 0.964294
1 24.9241 24.5946 1.75359 0.551167 -0.00799602 0.834357
1 33.002 24.4012 1.6193 -0.658655 -0.196892 -0.726228
1 2.78846 2.70589 1.74844 0.640157 0.660663 -0.392075
1 16.0854 25.9994 1.61825 0.535032 0.086923 -0.840348
1 18.4043 34.0868 1.75798 -0.0998951 0.160671 0.98194
1 23.5329 16.7847 1.61676 -0.430548 0.374356 -0.821271
1 15.4644 13.7827 1.75609 -0.278903 -0.327334 0.90281
1 9.53313 11.0781 1.61458 -0.510575 -0.171587 -0.842538
1 15.7888 8.53713 1.75604 0.333534 -0.281706 0.899665
1 30.0664 18.938 1.60877 0.0252697 -0.39989 -0.916215
1 4.954 23.1156 1.75142 -0.541313 0.493674 0.680637
1 32.4001 31.8132 1.75593 0.974971 -0.137048 0.175069
1 0.155985 22.0586 1.76009 -0.287313 -0.260975 0.921598
1 26.0931 5.74381 1.61483 -0.556674 -0.131485 -0.82026
1 8.78853 34.08 1.60482 -0.513323 -0.174862 -0.840192
1 14.5045 16.7025 1.76124 -0.471927 -0.627346 0.619453
1 18.078 15.4048 1.76145 -0.409193 0.100996 0.906841
1 14.7284 14.4042 1.74312 -0.338615 -0.492593 0.801681
1 14.1721 24.9041 1.60841 0.336953 0.375477 -0.863411
1 8.64784 1.63594 1.60679 -0.190341 -0.0726019 -0.97903
1 2.52991 20.584 1.76057 0.0168318 0.118766 0.99278
1 8.65822 12.9462 1.60679 -0.261437 -0.00940321 -0.965175
1 33.475 20.7043 1.76302 -0.0433386 -0.528079 0.848089
1 34.1079 13.4278 1.75956 -0.171282 -0.043874 0.984245
1 10.1802 13.7927 1.60744 -0.156362 -0.232516 -0.959941
1 21.6753 7.99324 1.60018 -0.0710295 0.78431 -0.61629
1 7.79353 15.0563 1.60567 -0.0302458 0.157868 -0.986997
1 18.232 26.086 1.60708 0.536922 -0.265527 -0.800756
1 16.6678 20.3238 1.60892 -0.407442 -0.0956582 -0.908207
1 15.9998 22.1389 1.60642 -0.10398 0.028885 -0.99416
1 21.1775 9.99552 1.75654 0.208166 0.784654 0.583939
1 33.6407 8.25232 1.60914 0.680904 0.00995701 -0.732305
1 10.8391 34.552 1.61885 -0.427584 -0.483986 -0.763498
1 25.7104 1.41058 1.75868 -0.0762296 -0.082718 0.993653
1 6.28028 20.986 1.60776 -0.104029 -0.633331 -0.766857
1 12.3145 27.8433 1.75826 -0.203423 0.719305 0.664243
1 27.2966 6.14974 1.60754 -0.479566 -0.259866 -0.838145
1 24.5222 28.2856 1.75989 -0.138604 -0.0853589 0.986662
1 1.60041 30.7475 1.60914 0.272073 -0.739317 -0.615944
1 28.0681 1.09647 1.76209 -0.0688192 0.25029 0.965722
1 0.444626 10.7483 1.75636 0.332973 0.004481 0.942926
1 16.2784 28.3855 1.74206 0.657246 -0.132087 0.742012
1 3.59401 21.0629 1.75923 -0.0447365 0.272346 0.961159
1 12.662 3.52183 1.64669 -0.135803 -0.530094 -0.836993
1 3.51226 34.2413 1.60851 -0.403892 0.636475 -0.657092
1 16.851 1.84776 1.76047 -0.397169 -0.0735651 0.914792
1 32.7218 1.22165 1.60945 -0.525182 0.31149 -0.791933
1 18.7664 21.0918 1.60944 -0.315026 -0.414802 -0.853638
1 1.53788 20.4231 1.76 0.0286739 -0.0425189 0.998684
1 18.5344 30.2866 1.75473 0.361973 0.169212 0.916702
1 0.472188 13.6382 1.76004 -0.206314 0.118702 0.971259
1 5.42805 3.80315 1.6148 0.213745 0.383521 -0.898457
1 23.8504 18.8204 1.61047 -0.0542833 0.342846 -0.937822
1 0.452149 3.93962 1.6106 -0.167147 -0.152838 -0.974013
1 15.2684 21.479 1.60724 -0.225529 0.13786 -0.964433
1 20.7711 5.19735 1.59366 0.31372 0.851727 -0.419691
1 7.42047 25.5464 1.75645 0.312951 -0.043098 0.948791
1 5.73039 23.6732 1.70777 0.676546 -0.373419 0.6347
1 23.3651 20.8003 1.61499 0.29223 0.377154 -0.878838
1 8.42348 23.3134 1.74609 0.616313 0.0751639 0.783906
1 28.8796 2.84828 1.75611 -0.365987 0.433848 0.823304
1 14.465 29.8193 1.75438 0.402441 -0.367792 0.838314
1 30.9956 29.3473 1.61139 0.182685 0.280388 -0.942342
1 1.62364 0.212222 1.59288 0.213966 0.610738 -0.762376
1 7.88548 0.985762 1.60818 -0.266402 -0.0132105 -0.963772
1 18.258 13.4641 1.7611 -0.169028 0.155012 0.973345
1 14.483 20.9112 1.60988 -0.312898 0.264451 -0.912228
1 13.6836 20.3811 1.62429 -0.374356 0.398152 -0.837456
1 7.07948 27.6374 1.75923 0.00320659 -0.0525682 0.998612
1 1.11152 5.62737 1.61056 0.0977549 -0.251446 -0.962922
1 19.2605 14.1312 1.75931 -0.186318 0.32141 0.92843
1 4.16284 32.8898 1.60543 -0.640947 0.507766 -0.57564
1 24.3744 8.53671 1.60626 -0.111783 0.23264 -0.966118
1 12.7126 7.39617 1.6078 0.48224 -0.441514 -0.756644
1 20.8389 30.418 1.75019 0.434653 0.525254 0.731564
1 33.7546 29.0892 1.60952 0.142703 -0.239471 -0.960359
1 7.78249 33.5013 1.62098 -0.651893 -0.0324879 -0.757615
1 32.5343 4.19706 1.6077 -0.0884336 0.294317 -0.951608
1 18.6256 33.1032 1.75879 0.0113597 0.19926 0.979881
1 32.9478 11.0976 1.75825 0.276894 -0.279115 0.91947
1 9.92499 17.7222 1.60571 0.264919 -0.124068 -0.956256
1 9.78224 5.94868 1.60812 0.281619 -0.0487364 -0.958288
1 0.323449 4.98321 1.60996 0.0111059 -0.125533 -0.992027
1 10.6336 14.7488 1.60887 -0.05838 -0.291422 -0.954812
1 22.5914 8.03288 1.77078 0.118423 -0.607806 0.785205
1 6.07434 15.041 1.61603 -0.0298152 0.439201 -0.897894
1 21.6124 28.3836 1.74938 -0.161287 -0.622337 0.765953
1 33.225 15.0866 1.75685 -0.471515 -0.15503 0.868124
1 33.4993 26.3721 1.60715 -0.298218 -0.217118 -0.929476
1 27.8339 3.3769 1.75703 -0.511591 0.218146 0.831076
1 24.7944 1.31915 1.75556 -0.044248 -0.229753 0.972242
1 30.2602 33.9109 1.75712 0.169758 0.477551 0.862048
1 24.7187 3.09584 1.75462 -0.384727 -0.191702 0.902904
1 15.1311 15.9392 1.75326 -0.436415 -0.444088 0.782514
1 28.3792 33.639 1.75814 0.289137 0.205951 0.934871
1 16.9428 16.9813 1.69972 -0.638428 -0.120151 0.760246
1 8.4483 25.0878 1.75865 0.372446 0.0906344 0.923617
1 17.876 32.3612 1.75937 0.0972694 0.106538 0.989539
1 31.4546 13.6488 1.75324 -0.233112 -0.499362 0.834444
1 33.411 3.79343 1.61102 -0.162443 0.133851 -0.977597
1 16.6663 4.23139 1.76322 -0.715578 -0.124197 0.687403
1 7.1601 30.8888 1.75118 -0.560717 0.0241213 0.827656
1 1.235 9.97376 1.7527 0.451056 0.109116 0.8858
1 28.3607 23.6854 1.60855 0.734292 -0.102808 -0.671004
1 9.74026 21.6212 1.60392 0.718102 -0.291939 -0.631744
1 24.3278 33.9653 1.76122 0.281267 -0.355573 0.891323
1 20.7032 26.2992 1.59386 -0.324396 0.708925 -0.626253
1 19.8145 29.0995 1.75364 0.518975 0.461281 0.719642
1 25.4889 28.0322 1.75885 -0.082783 0.0951796 0.992012
1 12.4799 14.1619 1.62676 -0.0970838 -0.60865 -0.787477
1 0.638308 23.0526 1.75572 -0.446236 -0.153696 0.881618
1 12.5296 26.3926 1.73551 0.131866 0.768846 0.625689
1 8.2831 3.293 1.60581 0.0107614 0.0386881 -0.999193
1 14.7109 6.96265 1.73425 0.55042 -0.484866 0.679664
1 15.3106 30.3153 1.75495 0.340302 -0.23085 0.911539
1 20.5571 6.65169 1.76289 0.437521 0.584634 0.683212
1 30.4659 32.7448 1.75142 0.391817 0.386846 0.834763
1 16.3872 31.0344 1.76032 0.262801 -0.0793915 0.961578
1 0.751304 16.9812 1.72813 0.718275 -0.132144 0.683095
1 6.75316 24.147 1.76013 0.562338 -0.207065 0.800562
1 9.53976 7.66226 1.61355 0.561444 0.0291936 -0.826999
1 24.8773 5.83362 1.61477 -0.539728 0.0631026 -0.839471
1 4.39101 20.4684 1.76025 0.077392 0.386734 0.918938
1 22.14 33.8973 1.75828 -0.14945 0.751042 0.643118
1 23.7833 3.45762 1.75763 -0.371064 -0.370074 0.851679
1 28.9102 10.9667 1.61245 0.313132 -0.498247 -0.808516
1 27.5503 17.5223 1.61509 -0.213 -0.0690575 -0.974609
1 7.50022 19.1995 1.6155 0.472333 0.345579 -0.81085
1 24.9496 9.33013 1.61032 -0.0147056 0.14162 -0.989812
1 0.110756 9.84073 1.7489 0.521392 -0.0950349 0.848009
1 11.491 12.0724 1.61047 -0.328109 -0.498126 -0.80263
1 18.745 28.2138 1.74829 0.655281 0.277694 0.70249
1 28.6954 21.5203 1.60933 0.404346 -0.170955 -0.898487
1 30.0343 27.4344 1.62876 -0.108515 0.484664 -0.867943
1 18.9386 24.1678 1.6137 0.206712 -0.416135 -0.885495
1 5.48373 22.0078 1.76635 -0.249998 0.514029 0.820533
1 3.03243 25.5039 1.75026 0.471761 -0.615944 0.630916
1 11.5884 26.6739 1.75308 0.120506 0.630217 0.76701
1 29.4196 8.55789 1.61682 -0.0490555 -0.581029 -0.812403
1 22.3872 11.9259 1.61147 0.23838 0.632208 -0.737217
1 17.6559 33.3638 1.75919 -0.0223248 0.070063 0.997293
1 5.56872 16.9381 1.61337 0.276279 0.56315 -0.778802
1 29.4406 33.1775 1.75764 0.33257 0.315927 0.888587
1 25.3073 22.202 1.60873 0.524545 0.100817 -0.845393
1 8.40912 30.8636 1.75905 -0.528655 0.175099 0.83058
1 19.1604 0.513945 1.75701 -0.221359 0.262811 0.939111
1 30.0139 0.549378 1.75393 -0.0111128 0.538462 0.842576
1 25.528 0.473911 1.76058 0.0845815 -0.136336 0.987045
1 13.2046 10.806 1.75522 0.00208653 -0.695183 0.71883
1 24.9565 32.1657 1.75619 0.579242 -0.276996 0.76665
1 9.47496 20.6245 1.76311 -0.624459 0.128685 0.770383
1 15.3317 2.92748 1.67039 -0.58856 -0.306805 0.747976
1 4.73346 33.6851 1.60873 -0.562647 0.394895 -0.726282
1 14.8967 9.23576 1.75443 0.264145 -0.448799 0.853702
1 26.2237 28.696 1.75892 -0.202288 0.212903 0.955904
1 11.3602 25.3676 1.75201 0.365172 0.622066 0.692591
1 6.84519 13.0067 1.64176 -0.261628 0.284994 -0.922133
1 28.8438 25.5018 1.6017 -0.196554 0.814385 -0.546026
1 2.44754 3.63253 1.61389 -0.328749 -0.486171 -0.809668
1 27.1996 28.8107 1.76236 -0.212354 0.386693 0.897427
1 13.5498 30.5991 1.75251 0.272586 -0.483257 0.831961
1 28.2937 6.71395 1.61112 -0.333653 -0.410993 -0.848387
1 15.2564 25.0745 1.61052 0.36786 0.199712 -0.908182
1 9.00651 11.9773 1.60776 -0.387508 -0.0795036 -0.918432
1 6.95513 0.501652 1.60951 -0.323674 0.0940376 -0.941484
1 26.44 0.0363338 1.7598 0.164715 -0.0208552 0.986121
1 13.4869 22.7191 1.61359 -0.0336879 0.451624 -0.891572
1 25.0466 30.8665 1.72633 -0.646931 -0.0346689 0.76176
1 7.06571 6.81685 1.60971 0.457938 0.312422 -0.832277
1 26.1593 29.6657 1.74941 -0.389454 0.190465 0.901137
1 24.5477 0.332376 1.7613 0.125911 -0.293213 0.94772
1 25.6357 18.108 1.60841 -0.151799 0.136122 -0.978993
1 21.8849 18.6535 1.61632 -0.102968 0.647394 -0.755168
1 5.26749 29.9194 1.75577 -0.36183 -0.265114 0.893753
1 23.5453 28.4112 1.7593 -0.165321 -0.27238 0.947881
1 20.6962 3.20429 1.76343 0.320216 -0.790654 0.521851
1 17.875 10.3201 1.7583 0.131892 0.0700181 0.988788
1 19.3803 8.12414 1.73893 0.329746 0.335245 0.882541
1 1.232 11.9132 1.76022 0.0999165 0.182456 0.978124
1 29.878 3.03472 1.75847 -0.385858 0.63417 0.670032
1 29.6492 1.85937 1.74854 -0.179204 0.568414 0.802989
1 22.5121 19.816 1.61515 0.127664 0.529001 -0.838964
1 7.95845 6.27583 1.61171 0.353554 0.194661 -0.914935
1 32.2577 8.50369 1.60139 0.750327 0.149162 -0.644019
1 10.721 16.5006 1.61422 0.151997 -0.269936 -0.950806
1 1.25668 7.68895 1.77711 -0.476955 0.297855 0.82692
1 18.1102 12.4649 1.76028 -0.0598161 0.125262 0.990319
1 17.1961 31.6165 1.75856 0.184001 0.0164067 0.982789
1 0.202008 17.9118 1.75215 0.503368 -0.233362 0.831963
1 13.6709 25.7445 1.60682 0.461953 0.461593 -0.757318
1 23.1017 15.9114 1.75562 0.592384 -0.400274 0.699186
1 31.0704 14.65 1.73824 -0.438033 -0.572858 0.692792
1 15.4489 23.3673 1.60657 0.085559 0.13016 -0.987795
1 5.26609 14.4451 1.61494 -0.122996 0.566618 -0.814749
1 22.067 6.64512 1.60687 -0.268368 0.572167 -0.774986
1 9.18505 15.8642 1.60704 0.059381 -0.0449232 -0.997224
1 5.95051 0.0127181 1.61099 -0.387027 0.219056 -0.89567
1 25.7361 26.9963 1.7596 0.11164 0.146995 0.982817
1 14.0818 15.1385 1.76195 -0.35885 -0.676703 0.642884
1 26.2472 13.8419 1.60499 0.647762 -0.231374 -0.725859
1 3.1078 27.7936 1.75367 -0.0364818 -0.66268 0.748013
1 5.67569 32.6867 1.62737 -0.774059 0.119203 -0.621791
1 27.7532 26.7099 1.75511 0.181039 0.523526 0.832554
1 11.7805 8.31216 1.60642 0.649219 -0.286033 -0.70477
1 20.8363 8.1312 1.7634 0.24499 0.710939 0.659201
1 14.533 11.9508 1.75568 -0.0818193 -0.470572 0.87856
1 27.0228 24.6209 1.75142 0.518211 0.396745 0.757661
1 20.4977 0.992215 1.70242 -0.289403 0.488677 0.823068
1 31.6809 3.80489 1.60923 -0.179299 0.45344 -0.873066
1 5.2995 20.9255 1.75031 -0.0194126 0.492341 0.870186
1 2.33436 28.491 1.76115 -0.116064 -0.806832 0.579267
1 24.1238 22.6129 1.63262 0.64477 0.19194 -0.739886
1 29.5803 23.0791 1.61832 0.613741 -0.322427 -0.720668
1 1.35099 27.5896 1.61348 -0.0685969 -0.728645 -0.681447
1 10.3479 24.4896 1.75821 0.46233 0.412202 0.785074
1 18.7316 29.2902 1.75362 0.508866 0.24732 0.824553
1 27.9381 2.392 1.75755 -0.299233 0.254177 0.919703
1 18.6169 9.73747 1.75423 0.183587 0.205604 0.961261
1 14.8865 18.5513 1.60708 -0.622862 0.154163 -0.766992
1 31.0098 19.1878 1.62523 0.100182 -0.556206 -0.824984
1 2.70259 21.5093 1.76039 -0.148088 0.153384 0.977007
1 28.6272 15.1438 1.64996 -0.579041 -0.0290857 -0.814779
1 32.9579 6.6965 1.60921 0.361796 0.198421 -0.910897
1 28.0332 18.4838 1.60817 -0.0604524 -0.130031 -0.989665
1 29.4235 28.4072 1.61418 0.0582896 0.628682 -0.775475
1 3.13399 14.8748 1.7559 -0.356657 0.577943 0.734015
1 17.1381 19.4638 1.60975 -0.539709 -0.191847 -0.8197
1 31.5235 17.1443 1.60897 -0.258258 -0.589061 -0.765709
1 16.1347 31.9773 1.76018 0.137599 -0.101905 0.985232
1 8.31822 18.6388 1.61432 0.377828 0.169224 -0.91028
1 33.3062 25.3993 1.61595 -0.480205 -0.213885 -0.85068
1 32.9413 12.1177 1.75941 0.0739968 -0.263279 0.961878
1 2.62269 17.8694 1.75198 0.499504 0.133667 0.855938
1 24.6234 16.1675 1.61302 -0.560572 0.216579 -0.799282
1 11.3634 27.8676 1.74519 -0.094655 0.58151 0.808014
1 14.2991 22.0035 1.609 -0.143676 0.308146 -0.940427
1 6.51057 19.5192 1.62949 0.546414 0.534804 -0.644528
1 9.74835 16.7156 1.6093 0.162298 -0.115281 -0.979985
1 17.111 10.9065 1.76015 0.0623675 -0.0582802 0.99635
1 12.5251 12.6952 1.62195 -0.234887 -0.729192 -0.642734
1 6.20718 31.7011 1.74378 -0.720069 -0.120721 0.683321
1 22.7491 3.46561 1.76661 -0.283073 -0.556503 0.781136
1 34.2462 3.34608 1.60854 -0.24293 -0.0215236 -0.969805
1 0.408104 27.2894 1.61734 -0.1237 -0.543931 -0.829962
1 10.9095 33.371 1.62661 -0.573539 -0.581806 -0.576676
1 31.8454 6.73525 1.61073 0.386434 0.373772 -0.843186
1 26.6331 3.73091 1.74747 -0.535896 0.0362485 0.843505
1 31.2467 5.70132 1.60296 0.203652 0.501853 -0.840637
1 11.6457 5.49244 1.61075 0.190655 -0.291545 -0.937365
1 25.1545 33.1524 1.75712 0.418196 -0.242328 0.875437
1 33.9696 6.39866 1.6081 0.295618 0.0400342 -0.954467
1 8.38028 11.1203 1.61425 -0.480384 0.0190182 -0.876852
1 1.49156 17.7068 1.7399 0.53288 -0.0635268 0.843803
1 0.782906 21.2705 1.76023 -0.132364 -0.166805 0.977065
1 16.3162 25.1018 1.61167 0.373387 0.0307648 -0.927166
1 17.3262 14.0725 1.7601 -0.278981 0.00559419 0.96028
1 31.2082 12.4935 1.75473 -0.000181685 -0.566265 0.824223
1 20.5312 19.7443 1.59566 0.253124 0.777815 -0.575267
1 27.2475 1.72892 1.75766 -0.164917 0.144555 0.975657
1 5.76823 28.2107 1.75924 -0.0656669 -0.230303 0.970901
1 18.9152 2.49749 1.75104 -0.496117 0.28368 0.820605
1 16.6899 29.207 1.73786 0.518473 -0.0638306 0.852708
1 28.2225 5.60805 1.61381 -0.517821 -0.437932 -0.734899
1 34.3973 14.3673 1.76112 -0.360113 0.0148931 0.93279
1 15.128 32.2463 1.7581 0.0953199 -0.233817 0.967597
1 0.231701 5.97859 1.60977 0.194384 -0.104909 -0.975299
1 1.21306 22.2314 1.75914 -0.294841 -0.0751446 0.952587
1 13.6072 29.3508 1.75213 0.475002 -0.492056 0.729558
1 30.4369 17.0108 1.61044 -0.279135 -0.428843 -0.859173
1 3.38864 0.90819 1.61841 -0.148674 0.566407 -0.810605
1 10.1617 15.6752 1.60948 0.0513161 -0.19764 -0.978931
1 2.28319 16.8944 1.751 0.690383 0.0836902 0.718587
1 28.9088 4.00385 1.75876 -0.557272 0.37603 0.740303
1 24.2926 11.2506 1.60947 0.256133 0.247273 -0.934479
1 22.2684 29.4721 1.74895 -0.362 -0.536343 0.762425
1 27.6047 4.33337 1.76488 -0.727344 0.0831927 0.681212
1 29.561 20.8354 1.61051 0.295276 -0.304449 -0.905606
1 7.25542 3.01577 1.60793 -0.00424058 0.145807 -0.989304
1 9.41721 28.7329 1.75652 -0.195589 0.315265 0.92863
1 32.4928 26.1407 1.60806 -0.334715 -0.0205011 -0.942096
1 4.32896 1.33095 1.61051 -0.0966185 0.46828 -0.878282
1 11.2584 1.39198 1.61402 -0.322929 -0.455582 -0.829555
1 21.3469 21.1417 1.60449 0.411761 0.648107 -0.640633
1 19.5069 23.1524 1.61413 0.0293628 -0.520603 -0.853294
1 6.61661 17.2406 1.6151 0.221868 0.386915 -0.895026
1 12.9597 33.6408 1.75616 -0.12391 -0.544982 0.829241
1 17.2326 11.9606 1.76075 -0.0438855 -0.029596 0.998598
1 23.0206 30.5413 1.75834 -0.549054 -0.405584 0.730781
1 20.3233 31.2263 1.75522 0.28746 0.450651 0.845151
1 2.56825 13.661 1.75546 -0.172039 0.505573 0.845457
1 21.1139 15.2021 1.75241 -0.261237 0.631939 0.729663
1 21.7756 2.8494 1.75505 0.19285 -0.606375 0.771439
1 21.4593 33.005 1.7524 -0.0141068 0.630381 0.776158
1 13.0551 24.6288 1.61523 0.280876 0.564006 -0.776534
1 10.2763 11.9396 1.61162 -0.383534 -0.281165 -0.879686
1 15.9872 2.30719 1.75816 -0.487218 -0.199103 0.85028
1 28.7931 16.0708 1.61025 -0.442208 -0.168526 -0.880937
1 23.5572 32.2152 1.599 -0.520178 0.523872 -0.674517
1 14.2806 10.8225 1.75976 0.0613307 -0.514851 0.855083
1 31.5624 21.4876 1.62115 0.239796 -0.71368 -0.658148
1 13.7251 1.02037 1.75106 -0.375992 -0.482197 0.791275
1 31.3976 7.57475 1.63037 0.552906 0.40333 -0.729123
1 13.8621 19.2809 1.61553 -0.522566 0.442434 -0.728819
1 6.30124 11.0589 1.60997 -0.476749 0.363393 -0.80041
1 11.3524 29.0533 1.73843 -0.308791 0.584758 0.750138
1 25.6761 6.56639 1.61624 -0.403118 -0.0438899 -0.914095
1 27.4116 15.1269 1.66063 -0.627032 0.242517 -0.740281
1 6.27675 13.9536 1.62486 -0.154064 0.378037 -0.912881
1 18.5002 1.48598 1.75283 -0.333914 0.188574 0.923548
1 20.6909 21.8915 1.6014 -0.2594 -0.70809 -0.65675
1 33.2835 4.78986 1.60848 0.00706258 0.161946 -0.986774
1 23.887 12.6675 1.61212 0.419909 0.275648 -0.864693
