1 18.391 31.9863 1.75963 0.084147 0.156999 0.984007
1 30.1902 22.1233 1.62375 0.610997 -0.448822 -0.652106
1 14.8463 8.46775 1.75272 0.398874 -0.452132 0.797794
1 28.1204 17.0581 1.60889 -0.216767 -0.140669 -0.966035
1 10.3275 26.1181 1.75735 0.285156 0.430357 0.856434
1 13.0955 13.2319 1.71832 -0.20046 -0.780149 0.592607
1 17.9791 25.2338 1.60933 0.376902 -0.272938 -0.885127
1 24.4324 19.7174 1.60738 0.10658 0.296499 -0.949068
1 7.85479 0.228852 1.61055 -0.385282 -0.070494 -0.920102
1 31.4594 15.0637 1.73022 -0.40999 -0.572227 0.710257
1 18.1649 6.24897 1.75771 0.582745 0.0210491 0.812383
1 32.5053 10.964 1.75551 0.265269 -0.410115 0.872604
1 27.8071 33.6695 1.75815 0.264177 0.163528 0.95051
1 2.66723 9.25769 1.74856 0.497066 0.361439 0.788852
1 16.0495 25.0295 1.60938 0.346318 0.0538271 -0.936572
1 28.2218 19.9592 1.60848 0.239911 -0.177407 -0.954447
1 16.3539 30.0822 1.76104 0.352184 -0.118739 0.928368
1 22.8366 18.4148 1.61788 -0.126013 0.517438 -0.846391
1 22.0491 19.7363 1.61329 0.0876161 0.623387 -0.776989
1 17.8997 26.3048 1.61356 0.570178 -0.239635 -0.785794
1 19.655 33.2127 1.75701 -0.107971 0.363105 0.925471
1 13.2709 25.8921 1.61215 0.46776 0.491281 -0.73474
1 17.2927 0.929368 1.75974 -0.366105 0.0562406 0.928872
1 30.1879 23.2319 1.74394 -0.784601 0.391603 0.480675
1 23.8989 33.1667 1.75327 0.423815 -0.474677 0.771403
1 29.4752 7.3235 1.61642 -0.271152 -0.439303 -0.85644
1 11.5002 19.734 1.60644 0.490627 -0.397856 -0.775239
1 8.54517 11.8712 1.61279 -0.333737 0.00480826 -0.942654
1 11.8615 5.64161 1.61177 0.193067 -0.401228 -0.8954
1 18.274 10.5866 1.75198 0.0843352 0.17666 0.980652
1 6.58052 17.2926 1.60662 0.260473 0.371124 -0.891303
1 7.39178 28.7498 1.76121 -0.146761 0.0426412 0.988252
1 6.14939 1.28535 1.60896 -0.18957 0.18844 -0.963615
1 18.8859 21.3878 1.61104 -0.314281 -0.410789 -0.85585
1 12.9831 10.0255 1.74644 0.200014 -0.743959 0.637589
1 25.9125 29.4089 1.75712 -0.374887 0.141275 0.916243
1 4.87744 8.9654 1.5762 0.972807 0.143497 -0.181811
1 14.908 5.20622 1.599 0.0543141 -0.802485 -0.594195
1 17.9229 33.705 1.75649 -0.129533 0.139633 0.981694
1 10.8114 11.5894 1.6099 -0.331504 -0.404273 -0.852448
1 31.8461 11.8967 1.7568 0.123074 -0.489865 0.863067
1 2.80225 22.2707 1.75647 -0.264703 0.151988 0.952277
1 14.9691 20.685 1.61087 -0.397123 0.225264 -0.889691
1 17.8542 8.13879 1.76007 0.385164 0.0187382 0.922658
1 13.816 16.9607 1.60803 -0.0655298 -0.795927 -0.601836
1 26.0005 24.0664 1.7546 0.652054 0.134358 0.746173
1 14.0814 9.62271 1.75614 0.278071 -0.571359 0.772157
1 3.76016 9.81067 1.7579 0.388008 0.56059 0.731566
1 22.4511 12.8313 1.60924 0.495731 0.544466 -0.676615
1 33.6255 7.60063 1.61119 0.670122 0.133655 -0.730118
1 21.94 28.6173 1.75503 -0.242922 -0.548102 0.800358
1 3.46335 23.0159 1.75723 -0.428322 0.220262 0.87637
1 5.75182 33.8709 1.6079 -0.485392 0.182738 -0.854986
1 20.4878 23.1816 1.60496 -0.0499421 -0.723752 -0.688251
1 30.8473 19.7755 1.62665 0.23404 -0.587433 -0.774692
1 4.09193 27.0368 1.75616 0.153257 -0.396296 0.905241
1 32.4728 28.5127 1.60534 0.0846604 -0.0283008 -0.996008
1 22.5271 29.7378 1.75624 -0.438294 -0.479336 0.760352
1 19.3266 7.77773 1.76025 0.405981 0.320365 0.855888
1 32.0383 5.78783 1.60988 0.328145 0.450244 -0.830422
1 9.08387 3.35402 1.6121 -0.0445249 -0.0929084 -0.994679
1 25.6471 30.3565 1.74566 -0.557219 0.112735 0.822677
1 13.9535 12.8279 1.74342 -0.21167 -0.616055 0.75873
1 34.4003 12.9913 1.75998 -0.0802027 -0.0416932 0.995906
1 32.2535 30.6135 1.61158 0.400729 0.0406935 -0.915292
1 11.8595 28.9049 1.75476 -0.229916 0.674838 0.701236
1 22.5015 11.6327 1.61912 0.308252 0.559821 -0.769143
1 12.5283 29.5532 1.76065 0.433651 -0.713918 0.549789
1 15.7281 25.9436 1.61397 0.513929 0.0932844 -0.852746
1 31.7974 27.7683 1.60964 -0.0273164 0.105725 -0.99402
1 0.156934 6.26928 1.61075 0.344321 -0.0210489 -0.938616
1 12.4746 4.09454 1.63191 -0.0345476 -0.534824 -0.844257
1 5.60384 2.15048 1.61069 -0.0703599 0.305862 -0.949473
1 16.8987 8.6967 1.7551 0.292701 -0.113745 0.949415
1 19.0346 31.2079 1.75816 0.190778 0.240089 0.95182
1 27.9915 29.4701 1.75575 -0.371122 0.491086 0.788101
1 16.301 17.5938 1.75633 -0.676644 -0.193205 0.71051
1 25.989 28.4398 1.75882 -0.181736 0.184188 0.965943
1 0.370536 12.2023 1.76029 0.0571443 0.0425544 0.997459
1 6.13651 29.1508 1.759 -0.224389 -0.103698 0.968967
1 23.9928 2.64958 1.7544 -0.198061 -0.167605 0.965754
1 30.0316 27.6766 1.61822 -0.0261853 0.545968 -0.837397
1 32.5274 29.5189 1.60586 0.249581 -0.0122713 -0.968276
1 31.4129 8.07519 1.59046 -0.29235 -0.740969 -0.604564
1 18.4083 0.317035 1.75089 -0.321844 0.221484 0.920522
1 28.9092 6.33879 1.61142 -0.447727 -0.32649 -0.832433
1 9.6464 16.637 1.61353 0.113781 -0.10882 -0.987528
1 27.5615 10.7346 1.61049 0.284856 -0.198735 -0.937743
1 4.12403 11.1857 1.77249 0.195081 0.732201 0.652553
1 33.3687 15.6788 1.75848 -0.553779 -0.184196 0.812035
1 23.8178 9.91569 1.61042 0.0734677 0.362285 -0.929167
1 11.1004 6.424 1.61651 0.311583 -0.283633 -0.9069
1 25.7017 14.2478 1.61057 0.767987 -0.215514 -0.603116
1 19.5914 26.273 1.76456 -0.606296 0.479146 0.634685
1 19.796 13.8556 1.75678 -0.104874 0.392217 0.913875
1 8.04171 7.0271 1.6201 0.441935 0.0648714 -0.894698
1 22.2711 24.3429 1.75924 0.541606 -0.464402 0.700709
1 0.763065 22.3137 1.75681 -0.265233 -0.162813 0.950338
1 15.1217 27.8006 1.76352 0.786729 -0.256541 0.561466
1 27.471 20.6487 1.60461 0.342032 -0.0749402 -0.936695
1 5.69781 32.8881 1.60336 -0.67373 0.116081 -0.729803
1 27.9202 28.2738 1.75791 -0.116788 0.550023 0.826944
1 24.7158 18.2699 1.60958 -0.114667 0.278765 -0.953489
1 21.5946 13.7144 1.74904 0.163498 0.772616 0.61346
1 34.4904 11.3446 1.75925 0.207554 -0.0559801 0.97662
1 29.8101 8.71345 1.60647 -0.0184945 -0.516646 -0.855999
1 4.58982 33.447 1.60664 -0.481128 0.296641 -0.824936
1 25.2201 16.1824 1.61241 -0.475359 0.170355 -0.863141
1 27.8466 22.3831 1.60853 0.653702 -0.0426274 -0.755551
1 31.3052 4.83877 1.61116 0.168879 0.598888 -0.782824
1 22.7814 20.6683 1.60223 0.26956 0.50149 -0.822098
1 14.5705 10.5312 1.75839 0.138195 -0.473347 0.869968
1 1.42902 7.59339 1.60746 0.626597 -0.161795 -0.762364
1 19.3308 6.38699 1.75737 0.497743 0.261348 0.827012
1 14.3104 24.2009 1.61289 0.184152 0.3296 -0.925987
1 4.94498 17.4292 1.61893 0.392755 0.683293 -0.615512
1 9.76276 19.8626 1.60884 0.489626 -0.118377 -0.863859
1 5.13506 15.3445 1.60257 0.0469298 0.599282 -0.799161
1 2.56142 25.996 1.75257 0.273702 -0.626203 0.730039
1 17.5599 19.4621 1.60688 -0.657476 -0.156741 -0.736992
1 20.0074 28.0699 1.75494 0.643091 0.415666 0.643161
1 6.24308 26.2978 1.75468 0.260141 -0.133992 0.956228
1 14.8478 12.532 1.75429 -0.169534 -0.452909 0.875289
1 28.7499 13.6043 1.59348 -0.786141 0.196518 -0.585972
1 24.3508 27.9543 1.76077 -0.114433 -0.101329 0.98825
1 26.2896 18.657 1.60786 -0.0053028 0.0745066 -0.997206
1 18.7049 32.9277 1.75887 -0.0489931 0.217504 0.974829
1 11.8709 11.9577 1.60802 -0.251348 -0.613464 -0.748656
1 22.8685 9.70139 1.60669 0.0562775 0.529801 -0.846253
1 24.0009 1.66357 1.75545 -0.0303289 -0.202767 0.978757
1 8.54912 27.3048 1.76155 0.0933196 0.171094 0.980825
1 7.20066 1.52073 1.60585 -0.198833 0.0589262 -0.97826
1 20.2865 10.6108 1.74581 0.216513 0.574342 0.789464
1 17.7088 4.37994 1.76849 -0.808601 0.138363 0.571856
1 6.18683 13.9502 1.60671 -0.109834 0.41631 -0.902564
1 1.81583 9.86166 1.75796 0.443116 0.231171 0.866146
1 8.81139 15.1186 1.60889 -0.016903 0.0214952 -0.999626
1 31.9108 26.5331 1.60865 -0.186676 0.0504577 -0.981125
1 31.4291 12.9744 1.75735 -0.0204651 -0.573479 0.818965
1 9.2692 20.8667 1.6148 0.633225 -0.0123697 -0.773869
1 15.0252 3.45909 1.76945 -0.678408 -0.465235 0.568611
1 2.36694 3.47595 1.61668 -0.262788 -0.560725 -0.785195
1 22.0684 10.3351 1.62021 0.0889445 0.71255 -0.695961
1 27.7202 1.0897 1.76209 -0.0909381 0.225141 0.970073
1 14.1717 14.1594 1.73774 -0.399027 -0.595066 0.69762
1 9.39408 27.8294 1.76051 0.00364238 0.301499 0.953459
1 10.2562 28.2932 1.75689 -0.0918433 0.420974 0.902411
1 23.6662 8.8441 1.61513 -0.0898127 0.420959 -0.902623
1 17.5152 15.8166 1.76013 -0.444101 0.0591379 0.894023
1 25.3729 24.8516 1.76074 0.477636 0.0545528 0.876863
1 30.7787 9.11862 1.61767 0.039616 -0.685672 -0.726832
1 6.32214 16.1767 1.6186 0.144365 0.415265 -0.898172
1 12.7897 20.9387 1.62382 -0.434342 0.59264 -0.678325
1 29.479 0.311509 1.75461 -0.028995 0.44966 0.892729
1 11.9912 17.4996 1.60453 0.154378 -0.497128 -0.853833
1 6.89961 0.606577 1.61198 -0.303901 0.0620263 -0.950682
1 11.2383 12.7973 1.60536 -0.132547 -0.502896 -0.854123
1 14.0584 11.5747 1.75477 -0.0182639 -0.578829 0.815244
1 25.0273 28.7336 1.75941 -0.251354 0.00985559 0.967845
1 11.1278 30.1375 1.73854 -0.435573 0.581326 0.687267
1 16.9942 6.54567 1.75672 0.560905 -0.201312 0.803031
1 8.78697 31.9748 1.75501 -0.745302 0.168872 0.644986
1 6.76766 8.64903 1.6198 0.792436 0.0629843 -0.606695
1 30.7555 13.8321 1.7286 -0.202199 -0.679788 0.704985
1 24.7897 9.85044 1.60912 0.0994573 0.206524 -0.973374
1 28.6101 2.5743 1.74966 -0.394691 0.4711 0.78885
1 6.40784 19.3377 1.60961 0.472662 0.511369 -0.7177
1 4.8402 12.974 1.60835 -0.271908 0.718131 -0.640588
1 31.5244 10.7903 1.75856 0.288656 -0.623257 0.726794
1 15.8924 14.5035 1.76194 -0.349186 -0.234965 0.907117
1 30.0563 21.0393 1.60468 0.431057 -0.480846 -0.763529
1 5.91486 0.24066 1.61091 -0.326072 0.199679 -0.924016
1 25.4755 9.11054 1.60863 -0.0065218 0.120814 -0.992654
1 8.63555 14.0833 1.6072 -0.113706 0.0300448 -0.99306
1 12.6981 18.3173 1.61316 0.272363 -0.584206 -0.76454
1 14.6357 28.8639 1.75657 0.580527 -0.347613 0.736311
1 2.26986 6.76693 1.61174 0.328823 -0.389138 -0.860492
1 13.1962 6.43006 1.61304 0.308571 -0.580779 -0.753312
1 24.3822 5.61559 1.61232 -0.588884 0.303055 -0.749249
1 4.31485 19.8868 1.75621 0.182826 0.427284 0.885439
1 5.71561 4.16846 1.61325 0.143876 0.365732 -0.919532
1 23.1584 10.8318 1.60842 0.213613 0.454939 -0.864523
1 29.8576 24.5456 1.62188 -0.49136 0.450101 -0.745637
1 24.4915 30.6747 1.7483 -0.607633 -0.0963975 0.788346
1 8.90791 29.996 1.76113 -0.374825 0.244624 0.89424
1 9.19024 19.0216 1.60846 0.378181 -0.0265667 -0.92535
1 15.3005 30.3761 1.75676 0.311081 -0.263216 0.913206
1 2.28353 23.1953 1.76101 -0.448247 0.0767072 0.890613
1 9.69066 9.13257 1.61611 -0.789222 -0.0174067 -0.613862
1 7.71055 13.6698 1.608 -0.15305 0.162496 -0.974767
1 34.1684 27.7933 1.61387 -0.00240928 -0.380176 -0.924911
1 24.7767 29.6944 1.75634 -0.436686 -0.0437241 0.898551
1 20.7621 26.898 1.58985 -0.129854 0.692114 -0.710012
1 9.30225 25.6541 1.75861 0.355653 0.254391 0.899331
1 28.0107 9.81574 1.60968 0.152805 -0.253317 -0.955239
1 21.4827 27.5173 1.76306 -0.0189526 -0.584876 0.810902
1 27.195 13.3482 1.63642 0.706237 -0.354815 -0.612647
1 22.2904 1.52081 1.73284 0.16448 -0.436356 0.884613
1 17.0862 24.7386 1.60831 0.298478 -0.1186 -0.947019
1 18.9773 11.5403 1.7534 0.000255787 0.292722 0.956198
1 18.6729 23.3152 1.61248 0.037941 -0.40852 -0.91196
1 9.31839 1.55198 1.61012 -0.253339 -0.184271 -0.949665
1 34.244 4.46346 1.60802 0.0528653 0.0429528 -0.997677
1 6.59484 2.30743 1.60628 -0.0932887 0.165564 -0.981777
1 1.00868 5.7547 1.61018 0.238095 -0.192067 -0.952061
1 3.49955 25.0517 1.7543 0.526652 -0.478065 0.702916
1 9.95862 0.563155 1.61229 -0.3641 -0.329743 -0.871035
1 25.2029 10.7321 1.6076 0.236539 0.117968 -0.964434
1 1.69961 24.0585 1.75296 -0.601829 0.00670918 0.798597
1 25.7609 11.5197 1.6092 0.366775 0.0285696 -0.929871
1 10.3031 12.4538 1.60592 -0.209512 -0.317754 -0.924736
1 31.1229 25.9525 1.60948 -0.278321 0.199017 -0.939643
1 34.4249 20.0503 1.75903 0.165874 -0.327392 0.930215
1 5.07947 10.0968 1.7786 0.286149 -0.73428 0.615591
1 32.8661 11.9864 1.75686 0.090868 -0.319188 0.943325
1 31.0641 27.1144 1.61097 -0.11608 0.24881 -0.961571
1 16.8835 14.9783 1.76213 -0.351963 -0.0538917 0.934461
1 29.1225 17.4048 1.60827 -0.151313 -0.294398 -0.943628
1 16.1767 0.873269 1.76179 -0.374088 -0.110797 0.920751
1 24.0109 28.9027 1.75808 -0.29635 -0.17399 0.939098
1 13.5243 30.8541 1.75111 0.241503 -0.480499 0.843088
1 2.91836 15.1467 1.75709 -0.416803 0.504637 0.756053
1 33.5185 11.145 1.75978 0.23635 -0.225003 0.945258
1 25.3603 6.1575 1.61377 -0.495208 0.148772 -0.855941
1 29.8491 20.0359 1.61225 0.275895 -0.418785 -0.865159
1 27.1753 19.6996 1.60809 0.177504 -0.0563238 -0.982507
1 21.1231 31.5199 1.75606 0.110674 0.538099 0.835584
1 7.93906 33.8871 1.60969 -0.545135 -0.13706 -0.827069
1 4.32816 20.9983 1.75723 -0.0479052 0.396878 0.91662
1 30.6109 10.4827 1.60173 0.343476 -0.694933 -0.631737
1 9.42885 13.4637 1.60704 -0.165215 -0.104269 -0.98073
1 15.0187 33.4953 1.75924 -0.115112 -0.251046 0.961106
1 23.3927 27.9994 1.75643 -0.137982 -0.271743 0.952427
1 8.69243 22.6712 1.76085 -0.873269 -0.102318 0.476374
1 32.3451 2.89199 1.61161 -0.212657 0.383759 -0.898613
1 25.7436 15.2288 1.60874 -0.662341 0.0704864 -0.745879
1 8.36752 5.13603 1.60963 0.151672 0.0289697 -0.988006
1 6.79871 4.13534 1.60625 0.119945 0.212355 -0.969803
1 2.69128 32.013 1.77414 0.629584 -0.100879 0.770356
1 24.9119 1.99339 1.75693 -0.143264 -0.065532 0.987513
1 15.8825 13.4364 1.76262 -0.234453 -0.281782 0.930393
1 8.16972 25.3584 1.7596 0.419638 0.0712195 0.904893
1 21.1103 10.1025 1.74978 0.175211 0.773784 0.608736
1 3.00645 33.8706 1.61013 -0.368705 0.661505 -0.653045
1 24.1843 10.895 1.60875 0.233382 0.279395 -0.931381
1 8.20867 1.30483 1.60739 -0.251788 -0.0694815 -0.965285
1 25.9813 16.9142 1.61107 -0.272342 0.123189 -0.954282
1 8.81669 21.7619 1.60839 0.758015 0.0884359 -0.646214
1 34.5455 15.6813 1.75591 -0.53815 0.0127638 0.842753
1 15.1652 22.3869 1.6083 -0.122096 0.184796 -0.975163
1 15.5421 29.3857 1.75163 0.471277 -0.233537 0.850505
1 19.5915 23.5935 1.60896 0.0694584 -0.572129 -0.817217
1 15.805 12.3881 1.75841 -0.115554 -0.282519 0.952277
1 6.53924 31.0607 1.75329 -0.589522 -0.0277688 0.807275
1 22.4585 27.6499 1.75565 -0.072211 -0.433715 0.898152
1 13.1216 0.777641 1.75405 -0.422244 -0.54356 0.725433
1 20.379 0.182434 1.72297 -0.378268 0.503832 0.776574
1 28.6953 25.1234 1.5819 -0.00249739 0.869804 -0.493391
1 24.9695 32.3925 1.73752 0.559765 -0.276651 0.781106
1 9.29436 5.51174 1.60824 0.197791 -0.0808541 -0.976904
1 32.2914 24.1609 1.61949 -0.598636 -0.0661548 -0.798285
1 23.7936 21.4543 1.61728 0.422567 0.352391 -0.83502
1 6.03496 18.1063 1.62296 0.316337 0.506461 -0.802139
1 26.8539 17.8321 1.60956 -0.122242 -0.00288073 -0.992496
1 0.208294 7.26113 1.61173 0.531276 -0.0132086 -0.847096
1 33.4708 14.7225 1.75711 -0.376448 -0.187443 0.907277
1 5.90098 10.533 1.67122 -0.442627 0.507286 -0.73942
1 26.8347 0.668088 1.76044 0.00866783 0.0803341 0.99673
1 26.4939 22.3689 1.62053 0.607914 0.161009 -0.777507
1 23.0457 2.1698 1.75738 -0.0582038 -0.340906 0.938294
1 11.3991 24.5213 1.76406 0.536087 0.631613 0.560068
1 27.7155 16.1685 1.61227 -0.370236 -0.0771788 -0.925726
1 1.29101 28.5041 1.61863 -0.0212539 -0.753362 -0.657262
1 18.9663 29.4725 1.75185 0.449289 0.240827 0.860315
1 13.4693 14.7272 1.77651 -0.472402 -0.701945 0.53302
1 13.0449 15.7793 1.61166 -0.182932 -0.669943 -0.719522
1 8.76409 23.6185 1.75971 0.666289 0.0909118 0.740131
1 3.68107 1.8543 1.61859 0.011714 0.619014 -0.785293
1 17.4264 30.1362 1.75967 0.353609 0.0260747 0.93503
1 10.3069 21.6471 1.61367 0.742726 -0.202459 -0.638254
1 17.2785 22.0807 1.60834 -0.168392 -0.154667 -0.97351
1 12.3142 27.5704 1.74516 0.0158544 0.725926 0.68759
1 5.77406 22.2814 1.75208 -0.457227 0.527344 0.716137
1 3.11591 30.4752 1.75871 -0.435842 -0.540979 0.719293
1 8.12632 3.31138 1.60964 -0.0191015 0.0104608 -0.999763
1 1.76483 22.3573 1.75784 -0.276268 -0.004259 0.961071
1 10.0642 30.2459 1.7273 -0.399744 0.40447 0.822562
1 27.3935 9.04672 1.60695 0.0107094 -0.150913 -0.988489
1 5.58566 31.728 1.75174 -0.708008 -0.179176 0.683097
1 34.5985 3.55833 1.60891 -0.0945748 -0.0386363 -0.994768
1 27.5154 14.2191 1.75501 -0.633691 0.350963 -0.689392
1 25.6946 17.8841 1.6095 -0.135154 0.148682 -0.979605
1 24.8928 17.2114 1.61075 -0.29198 0.253717 -0.922158
1 1.96054 5.72468 1.62104 0.166585 -0.375993 -0.911526
1 10.6589 19.169 1.61202 0.397364 -0.261499 -0.879614
1 7.39361 5.20436 1.61404 0.19101 0.163312 -0.967907
1 13.4337 21.8216 1.61653 -0.246222 0.444924 -0.861056
1 5.71981 25.4775 1.74882 0.406246 -0.179455 0.895969
1 0.164055 32.0893 1.60941 0.622494 -0.356552 -0.696686
1 32.6362 27.1883 1.60845 -0.0901856 -0.0896047 -0.991886
1 30.8998 17.0568 1.60998 -0.171134 -0.595435 -0.784965
1 33.6824 0.732842 1.60891 -0.500893 0.0934138 -0.860453
1 14.9218 25.1535 1.61011 0.359479 0.226395 -0.905274
1 23.6556 29.834 1.75798 -0.462701 -0.255576 0.848875
1 13.3208 23.9971 1.60897 0.152386 0.481626 -0.863027
1 22.3392 22.524 1.77069 -0.620749 -0.463175 0.632566
1 26.3087 7.52272 1.60901 -0.240177 0.0215681 -0.97049
1 16.4586 34.5754 1.75858 -0.249396 -0.0616341 0.966438
1 18.8136 33.9272 1.7524 -0.193127 0.264067 0.944971
1 2.88793 5.83198 1.63003 0.0684038 -0.5577 -0.827219
1 4.82287 26.2367 1.75735 0.326305 -0.295269 0.897965
1 11.9539 34.2883 1.76236 -0.351184 -0.638159 0.685144
1 20.8603 3.16399 1.75525 0.168524 -0.681153 0.712482
1 9.51079 26.7629 1.76116 0.18286 0.301848 0.935655
1 27.0464 16.8899 1.61231 -0.25298 -0.0082343 -0.967436
1 25.8853 33.8574 1.75787 0.285922 -0.117737 0.950993
1 27.2747 7.18589 1.61132 -0.286959 -0.116637 -0.950816
1 3.04569 12.7837 1.75131 -0.0321757 0.548091 0.8358
1 21.789 18.4867 1.61127 -0.135338 0.664137 -0.735258
1 17.1329 20.3409 1.61317 -0.481511 -0.124172 -0.867599
1 33.9298 34.3379 1.59858 -0.662676 0.089399 -0.743551
1 16.2719 24.0658 1.60737 0.167605 0.0112936 -0.98579
1 14.4672 26.0251 1.61119 0.516457 0.271155 -0.812249
1 11.6816 18.6442 1.60754 0.324062 -0.422182 -0.846609
1 19.7009 15.0638 1.75825 -0.231863 0.436103 0.869514
1 20.6829 25.0148 1.76893 -0.402408 0.748111 0.527634
1 19.2687 0.782499 1.75524 -0.42587 0.339793 0.838556
1 1.52986 13.8036 1.75669 -0.206347 0.265239 0.941843
1 0.265472 25.6487 1.60642 -0.367382 -0.537238 -0.759214
1 25.0497 34.5102 1.75728 0.199094 -0.223376 0.954183
1 18.8599 2.62953 1.75172 -0.605077 0.337267 0.721202
1 32.5746 34.4887 1.59699 -0.668055 0.371924 -0.644496
1 22.8137 21.7661 1.61281 0.466096 0.473307 -0.747485
1 3.17129 7.17334 1.61681 0.232676 -0.607074 -0.759818
1 15.9432 8.39187 1.75741 0.32154 -0.285792 0.902738
1 1.49546 29.9647 1.59712 0.1818 -0.746118 -0.640512
1 23.1463 34.5157 1.76138 0.275786 -0.610466 0.742478
1 23.646 11.8687 1.61026 0.392364 0.350937 -0.850232
1 23.2583 30.7812 1.75593 -0.624136 -0.323016 0.711418
1 13.6056 28.364 1.74684 0.616276 -0.500354 0.608153
1 6.83979 25.1134 1.7545 0.419916 -0.0651497 0.905221
1 17.8058 13.815 1.76145 -0.189586 0.0741958 0.979057
1 7.88716 14.8043 1.60908 -0.0441596 0.157606 -0.986514
1 1.16665 15.5584 1.75919 -0.539677 0.172334 0.824045
1 7.93403 31.2341 1.75683 -0.593683 0.0629551 0.802232
1 2.27276 4.64643 1.6276 -0.0452086 -0.459216 -0.887174
1 21.587 15.2638 1.75963 -0.126293 0.751536 0.64749
1 29.207 18.417 1.60772 0.00906735 -0.30978 -0.950765
1 18.8627 14.3651 1.75778 -0.196267 0.256681 0.946358
1 10.2056 7.08406 1.61253 0.444251 -0.16598 -0.880393
1 19.4657 12.6624 1.75246 -0.0306585 0.361172 0.931995
1 25.9546 1.30249 1.75881 -0.078459 0.00342771 0.996911
1 0.887876 10.3937 1.75645 0.36742 0.0818925 0.926443
1 10.1693 8.12415 1.61333 0.669162 -0.1398 -0.729849
1 22.3563 32.9226 1.76201 -0.142783 0.714842 0.684554
1 14.5301 32.6077 1.76189 0.00135275 -0.330153 0.943926
1 4.16565 0.817267 1.6074 -0.16146 0.484433 -0.8598
1 14.4173 1.32971 1.75224 -0.50954 -0.387377 0.768315
1 20.9885 11.7002 1.73846 0.0453564 0.692938 0.719569
1 16.6649 26.6444 1.60847 0.651387 -0.0603624 -0.75634
1 12.9026 17.0677 1.61635 0.0524507 -0.652123 -0.756297
1 19.9848 11.7237 1.75264 0.0822823 0.491604 0.866923
1 10.0941 23.8751 1.7562 0.621629 0.336723 0.707245
1 22.3459 3.6947 1.75054 -0.230797 -0.439569 0.868051
1 7.65415 12.4245 1.61013 -0.264937 0.157961 -0.951239
1 6.30144 6.05205 1.61588 0.35849 0.314554 -0.878943
1 14.2688 3.91896 1.59642 -0.207738 -0.76097 -0.614629
1 25.5346 8.14919 1.61023 -0.147956 0.123984 -0.981192
1 22.0324 17.0982 1.6132 -0.379635 0.679523 -0.627794
1 23.3205 4.26211 1.75758 -0.456782 -0.267246 0.848487
1 10.3701 1.72966 1.61335 -0.253711 -0.324226 -0.911322
1 5.24372 30.7374 1.75144 -0.527475 -0.197726 0.826241
1 19.9818 5.61256 1.75082 0.547418 0.442036 0.710589
1 33.681 16.6376 1.74533 -0.743413 -0.0618889 0.665963
1 19.0016 18.61 1.75132 -0.804115 0.157884 0.573124
1 26.4239 9.04467 1.60733 -0.00294102 -0.00859475 -0.999959
1 12.3642 2.83684 1.6273 -0.209933 -0.586228 -0.782474
1 25.8806 9.95934 1.60881 0.129762 0.040919 -0.990701
1 2.3524 29.2874 1.76604 -0.237376 -0.737886 0.631804
1 10.5329 14.9283 1.61187 -0.0724412 -0.244775 -0.96687
1 13.8565 19.6951 1.60892 -0.609093 0.49082 -0.622978
1 6.88557 9.7796 1.61922 -0.599666 0.329445 -0.729292
1 7.15484 3.20419 1.60828 0.00311398 0.134587 -0.990897
1 29.4721 26.0777 1.64057 -0.194744 0.559166 -0.805859
1 31.4223 6.46603 1.62529 0.474239 0.548391 -0.688741
1 16.8023 13.9757 1.75962 -0.243831 -0.0841491 0.96616
1 26.4015 10.7483 1.61068 0.263623 -0.0469898 -0.963481
1 29.357 32.2133 1.75643 0.366889 0.439066 0.82013
1 17.1822 23.7748 1.60751 0.124757 -0.141631 -0.982027
1 33.35 12.9942 1.75872 -0.0771704 -0.22689 0.970858
1 25.2885 27.7234 1.75993 -0.0564987 0.0717711 0.99582
1 28.9501 8.13963 1.61214 -0.126764 -0.371735 -0.919644
1 28.0874 21.417 1.611 0.488088 -0.135853 -0.862157
1 17.8791 29.2718 1.75268 0.493386 0.0698964 0.866997
1 27.0845 4.81485 1.59622 -0.752254 -0.00136839 -0.658872
1 28.3119 8.85674 1.60976 -0.000250475 -0.284785 -0.958592
1 14.0899 22.6882 1.60439 -0.0760989 0.349927 -0.933681
1 29.0923 27.4519 1.6159 0.00592042 0.77312 -0.634233
1 25.0562 0.979744 1.75599 0.0211001 -0.12569 0.991845
1 0.716204 16.4631 1.70729 -0.738905 0.0775019 0.669338
1 5.70899 27.8715 1.75945 0.00991142 -0.18594 0.982511
1 26.6142 3.98977 1.76693 -0.706071 0.212942 0.675366
1 7.35753 6.21943 1.6122 0.322566 0.173444 -0.93052
1 30.7406 12.2339 1.7362 0.194656 -0.692336 0.694824
1 30.354 25.3748 1.61973 -0.359269 0.359167 -0.861351
1 27.7362 6.34264 1.61205 -0.448587 -0.141639 -0.882445
1 27.2048 26.0653 1.75209 0.290942 0.449944 0.844336
1 32.7071 6.76852 1.61002 0.509673 0.33015 -0.794503
1 8.5331 26.306 1.7615 0.261402 0.141256 0.954838
1 13.0698 11.5487 1.7424 -0.0362491 -0.739398 0.672292
1 24.8819 12.7367 1.61482 0.543602 0.102693 -0.833037
1 31.9941 21.2231 1.76132 0.015197 -0.751719 0.659309
1 33.2523 8.81743 1.75693 0.663201 -0.283193 0.692796
1 22.6307 7.36185 1.61803 -0.289143 0.615674 -0.733036
1 24.6265 13.6785 1.61164 0.691172 0.0741972 -0.718872
1 15.7254 16.5342 1.75291 -0.543289 -0.303766 0.782664
1 16.7507 29.1349 1.75049 0.49671 -0.0941997 0.862789
1 1.19196 6.67642 1.60412 0.419923 -0.194983 -0.886367
1 7.03891 29.6501 1.75792 -0.296795 0.0210553 0.954709
1 1.14642 0.22021 1.77597 0.529389 0.600492 0.599297
1 29.5785 15.5363 1.61232 -0.463093 -0.393067 -0.794382
1 6.5737 28.2545 1.75939 -0.0644846 -0.0748583 0.995107
1 5.23246 20.3966 1.76172 0.0462273 0.557953 0.828584
1 24.9379 2.99427 1.74796 -0.322248 -0.00906104 0.946612
1 2.37692 18.6109 1.76088 0.411281 0.113439 0.904422
1 18.9746 19.5222 1.60506 -0.686826 -0.327382 -0.648916
1 4.70744 27.8356 1.75756 0.00526145 -0.321711 0.946823
1 28.1398 5.47497 1.61175 -0.605342 -0.175526 -0.776371
1 19.5857 30.381 1.75931 0.301912 0.324285 0.896486
1 0.0559703 8.59346 1.7321 0.72477 -0.0349563 0.688103
1 14.8328 23.3542 1.60767 0.0424898 0.239194 -0.970042
1 1.02589 26.7327 1.61356 -0.144953 -0.692542 -0.706665
1 30.5872 29.4168 1.61093 0.191364 0.364556 -0.911306
1 3.36998 3.27496 1.72463 0.45825 0.69287 -0.556721
1 11.0379 33.1832 1.72557 -0.178473 -0.813569 0.553402
1 30.4217 7.89162 1.63933 -0.174786 -0.593009 -0.785997
1 30.0962 17.7765 1.61042 -0.070346 -0.470797 -0.879432
1 4.14612 32.2559 1.75642 0.781111 0.188912 0.595129
1 34.4867 28.8579 1.61471 0.15695 -0.398472 -0.903652
1 4.2844 29.0259 1.75893 -0.209424 -0.376095 0.902604
1 0.340674 20.912 1.75884 0.00581973 -0.237407 0.971393
1 1.52539 2.50286 1.60906 -0.267154 -0.369856 -0.889851
1 2.06597 12.8924 1.75636 -0.051755 0.358847 0.931961
1 23.1843 3.20462 1.75327 -0.247774 -0.292098 0.923735
1 18.7082 5.35187 1.75396 0.676006 0.156874 0.720005
1 15.5689 18.3919 1.71772 -0.824088 -0.214117 0.524436
1 10.8447 4.09696 1.60935 0.00520728 -0.30473 -0.952424
1 31.7408 31.5305 1.61357 0.549328 0.156054 -0.820906
1 26.7835 34.3099 1.76052 0.181456 0.0353792 0.982762
1 26.8933 11.5495 1.60763 0.406801 -0.133513 -0.903708
1 24.5739 7.86013 1.60781 -0.209922 0.279154 -0.93702
1 27.1932 27.17 1.75761 0.0796677 0.455086 0.886877
1 27.2921 24.3808 1.75739 0.592247 0.369939 0.715813
1 19.6276 34.311 1.75513 -0.276684 0.385766 0.880131
1 32.4099 4.87463 1.60572 0.147807 0.383542 -0.911619
1 8.63274 20.0154 1.60933 0.494521 0.0783814 -0.865625
1 34.5135 21.8419 1.75767 -0.165521 -0.304521 0.938014
1 14.9645 17.1714 1.76787 -0.602764 -0.491506 0.628568
1 2.97295 24.0335 1.74967 -0.631289 0.250273 0.734055
1 17.8168 9.11024 1.75956 0.256134 0.0581445 0.964891
1 13.6662 8.66758 1.73426 0.455556 -0.61748 0.641239
1 13.6537 18.4403 1.62417 0.288617 -0.71862 -0.632681
1 8.10351 19.0733 1.61155 0.370683 0.161668 -0.914581
1 17.7001 28.3229 1.75466 0.666549 -0.0361749 0.744583
1 32.8595 26.1346 1.60941 -0.259215 -0.152258 -0.953743
1 8.39347 6.10549 1.6074 0.280949 0.0479882 -0.958522
1 23.238 1.09021 1.74851 0.114235 -0.323155 0.939426
1 33.9258 13.8546 1.75781 -0.225787 -0.117582 0.967055
1 2.83161 10.445 1.75827 0.315791 0.420781 0.850423
1 8.92841 24.6184 1.75299 0.515098 0.169907 0.840122
1 10.2014 5.97586 1.60487 0.259052 -0.173953 -0.95007
1 24.6555 20.923 1.61554 0.327019 0.257336 -0.909306
1 32.5137 19.8595 1.76316 0.224424 -0.664485 0.712807
1 5.1271 29.7178 1.7585 -0.333042 -0.225736 0.915492
1 11.3468 15.5751 1.61379 -0.0448742 -0.383435 -0.922477
1 27.0118 29.1579 1.75115 -0.320584 0.326414 0.889202
1 15.3189 24.2555 1.60697 0.196603 0.165188 -0.966468
1 26.536 25.1012 1.75752 0.456484 0.273546 0.846637
1 26.6759 31.9887 1.7458 0.705052 -0.0557355 0.706962
1 16.9374 16.68 1.74834 -0.557014 -0.0633287 0.828085
1 7.65272 26.8372 1.75932 0.157553 0.0322289 0.986984
1 15.0782 11.4729 1.7557 -0.013378 -0.393831 0.919086
1 9.10728 7.50133 1.6242 0.538077 -0.0326941 -0.842261
1 21.5879 30.4322 1.72357 0.277062 0.628111 0.727127
1 4.10653 7.46461 1.60798 0.192857 -0.748269 -0.634744
1 8.37714 8.40868 1.6584 0.770825 -0.129365 -0.623774
1 1.17717 18.2784 1.75394 0.498909 -0.086375 0.862339
1 14.4837 31.0902 1.75357 0.199981 -0.346219 0.916592
1 34.3244 2.63929 1.60724 -0.238475 -0.00768877 -0.971118
1 9.81576 29.3081 1.75958 -0.251111 0.362267 0.897611
1 20.1041 31.368 1.75807 0.151817 0.39146 0.907585
1 24.6854 24.0723 1.75971 0.602925 -0.0939106 0.792251
1 34.1117 9.45812 1.75974 0.549667 -0.1313 0.825001
1 32.027 25.4946 1.60884 -0.352746 0.0011485 -0.935719
1 6.07834 15.065 1.60886 0.0178723 0.44626 -0.894725
1 25.2005 4.11913 1.75301 -0.612157 0.0103357 0.790668
1 5.49356 5.26446 1.60641 0.283997 0.500453 -0.817859
1 7.08373 18.6014 1.61428 0.369306 0.350188 -0.860803
1 6.68752 12.0637 1.61024 -0.315897 0.316895 -0.894308
1 25.3636 20.2352 1.61004 0.20872 0.183942 -0.960521
1 26.953 8.20276 1.60691 -0.121952 -0.0633152 -0.990514
1 16.71 12.9201 1.7595 -0.150467 -0.124875 0.980697
1 2.8008 28.2154 1.75635 -0.0951112 -0.594274 0.798619
1 26.3165 31.1231 1.74638 -0.748493 0.167921 0.641531
1 33.8086 6.62356 1.61073 0.446533 0.153178 -0.881558
1 1.63479 24.9704 1.60215 0.749075 -0.009132 -0.662423
1 0.563614 30.8528 1.60944 0.372708 -0.533068 -0.759557
1 32.9372 21.2134 1.75542 -0.0474887 -0.58741 0.807895
1 9.37832 17.6231 1.60805 0.212891 -0.0525237 -0.975663
1 1.48697 8.77447 1.74374 0.655305 0.165056 0.73711
1 18.2402 1.41377 1.7586 -0.45877 0.182821 0.869544
1 26.9502 9.92316 1.60952 0.140591 -0.101559 -0.984845
1 12.4252 33.2313 1.75991 -0.0619972 -0.631186 0.77315
1 8.75699 10.9278 1.61477 -0.473646 -0.0280981 -0.880267
1 33.3331 2.68232 1.60882 -0.222829 0.188085 -0.956541
1 18.5916 27.5096 1.7326 0.781154 0.122045 0.612294
1 18.8946 24.5073 1.61148 0.239973 -0.453428 -0.85838
1 7.50515 19.8835 1.61236 0.459246 0.28144 -0.842547
1 0.159423 0.916989 1.60398 -0.497141 -0.150704 -0.854482
1 33.5989 26.8916 1.60996 -0.14759 -0.286879 -0.946529
1 27.3109 18.7145 1.60714 0.0308651 -0.0518412 -0.998178
1 10.8461 9.73312 1.59936 -0.639037 -0.220781 -0.736809
1 20.1464 7.28117 1.74273 0.386202 0.510319 0.768389
1 21.8971 8.6058 1.6136 -0.0691108 0.761178 -0.644851
1 20.9803 29.1551 1.73201 0.464873 0.603839 0.647512
1 25.5753 22.9945 1.61221 0.778338 0.210657 -0.59145
1 3.9947 12.593 1.75638 -0.057995 0.726017 0.685226
1 34.3983 10.3801 1.75731 0.381373 -0.0931776 0.919713
1 5.00501 19.1777 1.75894 0.317561 0.582419 0.748293
1 21.8049 6.93771 1.59362 -0.236046 0.793087 -0.561511
1 11.3983 26.7873 1.75324 0.180353 0.597159 0.781584
1 33.2524 27.9616 1.60626 0.0230749 -0.205762 -0.97833
1 7.44459 27.7669 1.76099 0.0139516 0.036416 0.999239
1 2.7386 1.92425 1.61546 0.189968 0.750563 -0.632903
1 16.2396 9.5718 1.75705 0.21565 -0.201497 0.955455
1 30.111 18.9288 1.60925 0.100311 -0.464202 -0.880031
1 6.42453 22.9634 1.75034 -0.663024 0.500842 0.556378
1 17.7002 32.7769 1.7616 -0.0138668 0.0773265 0.996909
1 22.7833 26.6048 1.7521 0.122955 -0.367208 0.921976
1 23.6419 25.9723 1.75847 0.234708 -0.220861 0.946643
1 12.15 13.3172 1.59834 -0.0455969 -0.697174 -0.71545
1 7.82168 4.26494 1.60718 0.0711154 0.0767044 -0.994514
1 1.17909 21.4416 1.75978 -0.104615 -0.107881 0.988644
1 12.3907 22.2053 1.60658 -0.191355 0.590116 -0.784313
1 26.8141 5.72114 1.61776 -0.59008 0.000883411 -0.807345
1 15.1869 15.1613 1.74786 -0.411623 -0.371575 0.832165
1 28.9331 20.6856 1.61194 0.370817 -0.271206 -0.888224
1 4.57133 22.5097 1.7451 -0.432008 0.382099 0.816927
1 19.8241 24.7457 1.60657 0.29159 -0.625419 -0.723759
1 11.4532 22.3782 1.77567 0.214013 -0.729658 0.64946
1 21.4173 33.9584 1.742 -0.300889 0.626656 0.718865
1 3.13496 17.8922 1.75307 0.496168 0.278358 0.822396
1 9.74158 2.58034 1.61273 -0.148561 -0.197066 -0.969069
1 31.8493 1.99215 1.61982 -0.382786 0.469067 -0.795896
1 11.8792 32.1967 1.76199 0.146891 -0.727068 0.670668
1 7.00089 14.4333 1.61252 -0.0783248 0.289636 -0.953927
1 31.0184 18.3258 1.61561 0.0674775 -0.649102 -0.757703
1 8.21191 9.39495 1.63129 -0.710308 0.148051 -0.688145
1 11.6801 4.59319 1.60033 0.0453721 -0.406684 -0.912441
1 29.6491 28.7895 1.61261 0.189548 0.586641 -0.787353
1 19.4436 32.1757 1.75836 0.0464746 0.303234 0.951782
1 26.4079 20.5602 1.60902 0.285662 0.0535529 -0.956833
1 9.14442 10.0321 1.60874 -0.6202 -0.0437928 -0.783221
1 4.27322 14.7049 1.6068 -0.167261 0.756135 -0.632679
1 0.00106356 33.2911 1.74879 -0.870588 -0.0265914 0.491293
1 33.0629 5.79132 1.61071 0.299921 0.276077 -0.913142
1 27.4235 23.3305 1.62635 0.806347 0.100293 -0.582877
1 16.1198 4.57076 1.75964 -0.819895 -0.203495 0.535127
1 26.3983 26.4919 1.76019 0.193191 0.290924 0.937038
1 4.86338 34.5548 1.60899 -0.3241 0.339058 -0.883176
1 34.597 26.7375 1.61078 -0.176473 -0.482464 -0.857954
1 6.67972 7.01997 1.61187 0.508092 0.191945 -0.839643
1 23.8115 18.849 1.61004 -0.036364 0.383988 -0.922622
1 31.5819 28.889 1.61082 0.112536 0.16635 -0.979624
1 26.1314 12.3657 1.64857 0.50351 -0.0323587 -0.863383
1 28.6158 12.395 1.60625 0.554615 -0.407801 -0.725328
1 9.61832 14.4872 1.60907 -0.0828467 -0.107295 -0.990769
1 23.3476 13.9282 1.60113 0.732694 0.311664 -0.605001
1 2.10422 16.1355 1.74406 -0.624749 0.315472 0.714259
1 5.90335 7.74784 1.61461 0.645253 0.27623 -0.712282
1 18.3069 7.24437 1.75411 0.473585 0.100408 0.875006
1 22.136 31.6381 1.75049 0.0734158 0.666647 0.741749
1 4.90807 23.379 1.71795 -0.702659 0.267508 0.659326
1 6.59448 27.2187 1.7605 0.111284 -0.0917162 0.989547
1 13.5428 29.6205 1.75295 0.411694 -0.559955 0.718998
1 7.90553 20.9116 1.61093 0.613128 0.219728 -0.758811
1 19.5981 9.5263 1.73994 0.272236 0.386438 0.881223
1 34.0914 31.3183 1.61184 0.456738 -0.311802 -0.833169
1 23.3763 24.6506 1.76096 0.545492 -0.259419 0.796957
1 7.76808 30.3215 1.75857 -0.438279 0.0920932 0.894109
1 0.368129 23.9969 1.75641 -0.607319 -0.251415 0.753627
1 7.94113 32.9271 1.60315 -0.725553 -0.125879 -0.676556
1 28.8305 1.47888 1.76001 -0.181791 0.411871 0.892925
1 10.1879 10.6042 1.605 -0.495891 -0.228018 -0.837914
1 29.8562 14.5456 1.63569 -0.583453 -0.49223 -0.645982
1 14.0003 0.252376 1.75673 -0.323914 -0.392778 0.8607
1 6.72874 10.9824 1.60776 -0.448099 0.331666 -0.830184
1 0.704108 2.97138 1.6094 -0.183813 -0.200737 -0.962246
1 18.2334 16.6025 1.75983 -0.527162 0.181249 0.83021
1 16.0622 11.4196 1.75522 -0.00390762 -0.218324 0.975868
1 8.90092 0.537726 1.61327 -0.364339 -0.187038 -0.91229
1 10.7033 2.90525 1.61385 -0.135254 -0.322366 -0.936902
1 19.8482 1.51531 1.73604 -0.553341 0.417124 0.720986
1 24.073 16.5947 1.61337 -0.43197 0.344902 -0.833334
1 30.282 26.5507 1.61504 -0.186523 0.386259 -0.903334
1 12.1691 7.79884 1.5981 0.504773 -0.444131 -0.740238
1 13.8896 2.05947 1.76863 -0.60889 -0.512397 0.60556
1 25.9364 3.28702 1.73503 -0.480901 0.138933 0.865697
1 15.8065 23.1789 1.60727 0.0179581 0.0847701 -0.996239
1 26.1446 19.6131 1.60874 0.13121 0.0723975 -0.988708
1 25.2538 19.1244 1.60773 0.0178047 0.188309 -0.981948
1 17.7866 21.221 1.60974 -0.325586 -0.231927 -0.916626
1 19.4705 20.643 1.61867 -0.450757 -0.492637 -0.744397
1 10.8281 29.1315 1.75764 -0.252511 0.517375 0.817656
1 14.2146 6.48169 1.61637 0.310956 -0.699229 -0.643727
1 3.16724 21.318 1.75622 -0.0939441 0.222944 0.970294
1 16.541 2.73021 1.75054 -0.60596 -0.0831728 0.791135
1 16.4459 3.68325 1.75912 -0.716339 -0.163165 0.678406
1 17.6888 12.7764 1.75951 -0.10098 0.0344638 0.994291
1 34.5703 18.2625 1.74139 0.519645 -0.260869 0.813583
1 29.8289 1.4054 1.75876 -0.181581 0.580713 0.7936
1 16.975 7.60393 1.76146 0.439259 -0.176232 0.880905
1 23.6265 27.0343 1.75887 0.0396736 -0.221424 0.97437
1 3.23537 4.72713 1.6174 -0.208901 -0.624864 -0.752266
1 3.08382 27.0554 1.7571 0.111582 -0.561529 0.8199
1 24.4554 6.85164 1.60346 -0.368912 0.301639 -0.879158
1 2.40197 11.8544 1.7542 0.124951 0.415766 0.900847
1 33.9182 21.0262 1.75752 -0.0111337 -0.412138 0.911054
1 16.6747 21.2583 1.60906 -0.312685 -0.0552582 -0.948248
1 26.5261 16.0182 1.61303 -0.403655 0.0828394 -0.911153
1 18.633 15.5166 1.75964 -0.355627 0.255397 0.899056
1 0.929233 14.6411 1.75831 -0.358229 0.162073 0.919459
1 20.9962 8.36132 1.76184 0.23835 0.749024 0.618185
1 23.5623 23.6396 1.7722 0.743779 -0.228176 0.628274
1 23.5476 6.54276 1.61612 -0.415397 0.441836 -0.795127
1 30.1582 6.64699 1.61245 -0.401781 -0.553484 -0.729539
1 8.13243 29.3724 1.75923 -0.257981 0.148636 0.954648
1 2.24941 19.6847 1.75903 0.211968 0.0756546 0.974344
1 12.1603 15.0012 1.62366 -0.1524 -0.506842 -0.84846
1 7.57731 17.7185 1.61176 0.279174 0.216499 -0.935516
1 14.0181 26.9328 1.60235 0.668174 0.297708 -0.681846
1 33.125 18.6638 1.75662 0.454956 -0.50283 0.734968
1 7.72016 2.37707 1.6088 -0.117968 0.0445525 -0.992018
1 12.8423 5.2796 1.62276 0.130633 -0.555473 -0.821209
1 15.6311 32.6819 1.76018 8.13849e-05 -0.181587 0.983375
1 15.5639 10.4678 1.75608 0.117581 -0.307832 0.944147
1 23.5995 7.67773 1.60973 -0.246139 0.441621 -0.862778
1 32.3591 16.1072 1.75302 -0.604774 -0.383939 0.697739
1 28.5391 0.512435 1.76116 -0.0189655 0.312416 0.949756
1 5.16038 21.5306 1.75946 -0.221065 0.491325 0.842454
1 30.4917 5.3097 1.60636 0.306106 0.741016 -0.597657
1 27.5617 32.6711 1.75577 0.467584 0.0899512 0.87936
1 32.3528 9.77424 1.75207 0.454445 -0.438742 0.775232
1 4.70279 4.19628 1.61782 0.213897 0.511661 -0.832136
1 19.9951 16.9662 1.76249 -0.467991 0.46451 0.751808
1 15.9873 7.24715 1.75445 0.451177 -0.39824 0.798652
1 10.4748 27.2273 1.75782 0.094184 0.447551 0.889285
1 20.1543 8.74016 1.75689 0.30935 0.557544 0.770355
1 6.79721 33.3372 1.60694 -0.575784 0.0044475 -0.81759
1 0.998449 12.9669 1.75816 -0.0714708 0.159695 0.984576
1 33.3942 20.148 1.75303 0.155494 -0.503383 0.849957
1 15.1971 31.7738 1.761 0.113948 -0.253392 0.960629
1 9.32416 6.54516 1.60519 0.36424 -0.0532662 -0.929781
1 0.622888 29.5526 1.6161 0.162852 -0.589055 -0.791513
1 29.9066 16.6463 1.61081 -0.263953 -0.430215 -0.863275
1 16.7696 1.78628 1.75866 -0.485942 -0.00938208 0.873941
1 21.9605 5.17129 1.76252 -0.893687 0.104053 0.43646
1 5.39982 26.9707 1.75541 0.168126 -0.237829 0.956646
1 12.1944 23.4901 1.60839 0.0413091 0.647964 -0.76055
1 30.9603 23.8756 1.59858 -0.615609 0.217182 -0.757533
1 5.23834 14.0984 1.6088 -0.131498 0.573563 -0.808538
1 5.22407 3.15132 1.62493 0.0420431 0.436361 -0.898789
1 3.17789 0.531609 1.77986 0.143105 -0.663985 0.733924
1 24.7326 11.7752 1.60915 0.386156 0.176154 -0.905457
1 20.5455 33.5896 1.75458 -0.189583 0.505264 0.841882
1 32.3659 12.9148 1.75646 -0.0585839 -0.405064 0.91241
1 29.0485 9.43021 1.60595 0.111756 -0.412626 -0.904019
1 6.12857 30.1539 1.75515 -0.415128 -0.072865 0.90684
1 17.911 14.8225 1.76007 -0.29644 0.109999 0.948696
1 24.5845 8.86804 1.6057 -0.057528 0.265691 -0.96234
1 2.17191 21.4592 1.75933 -0.108584 0.0541446 0.992612
1 10.8887 5.21603 1.60512 0.149391 -0.279948 -0.94832
1 2.00969 17.559 1.74909 0.583281 0.0780946 0.808507
1 0.47473 27.8164 1.62847 0.0123475 -0.5511 -0.834348
1 10.3587 17.2703 1.61124 0.174988 -0.223765 -0.958806
1 2.16224 33.1507 1.59929 0.621838 -0.345936 -0.702599
1 0.441644 1.97046 1.60877 -0.348671 -0.181741 -0.919456
1 15.9376 31.0446 1.75969 0.216022 -0.173459 0.960857
1 22.9657 28.8624 1.75856 -0.294622 -0.367292 0.88221
1 1.43967 31.4127 1.6232 0.498614 -0.62136 -0.604397
1 2.21532 0.49604 1.59552 -0.0544208 0.834941 -0.547642
1 13.915 20.7536 1.62773 -0.43277 0.398986 -0.808406
1 17.9545 31.0833 1.76044 0.215666 0.0982319 0.971514
1 30.7389 15.7715 1.61588 -0.408425 -0.635952 -0.654793
1 19.3681 16.2014 1.76132 -0.409217 0.376014 0.831357
1 11.2739 16.7819 1.61109 0.0944888 -0.377983 -0.920978
1 14.9535 13.6801 1.756 -0.33087 -0.448247 0.830421
1 25.7357 21.3165 1.61234 0.392937 0.14398 -0.908224
1 4.29101 17.9565 1.76562 0.54262 0.500771 0.674383
1 29.524 30.4167 1.6968 -0.435485 -0.881395 -0.183019
1 3.51744 20.3868 1.75747 0.0908088 0.279949 0.95571
1 29.417 11.1 1.61771 0.430512 -0.491908 -0.75676
1 13.372 4.04271 1.61658 -0.102064 -0.653496 -0.750017
1 21.1636 16.7077 1.76052 -0.366871 0.662147 0.653427
1 19.2878 10.5422 1.75748 0.121911 0.371353 0.920454
1 20.521 15.7937 1.75693 -0.255092 0.573152 0.778733
1 16.0283 20.4662 1.61422 -0.44261 0.0520127 -0.895204
1 9.9817 4.73136 1.60922 0.100796 -0.176858 -0.979062
1 0.825134 20.001 1.7601 0.171831 -0.158058 0.972364
1 9.70582 15.5572 1.6103 0.00874995 -0.11703 -0.99309
1 3.83559 21.9545 1.74111 -0.242208 0.322604 0.91502
1 1.47416 12.0807 1.7581 0.080011 0.236096 0.96843
1 10.0489 18.3804 1.60953 0.299313 -0.161647 -0.940363
1 28.5492 4.59687 1.59492 -0.770732 -0.182607 -0.610431
1 8.48697 12.998 1.60659 -0.215867 0.0245749 -0.976113
1 13.1116 22.907 1.61678 -0.0477849 0.487568 -0.871777
1 18.0228 24.1716 1.6095 0.1895 -0.293906 -0.936861
1 16.7615 22.9312 1.60801 -0.0171735 -0.0702474 -0.997382
1 17.3408 5.51029 1.76011 0.713405 -0.142904 0.686026
1 30.4558 3.86662 1.61806 -0.0168763 0.70844 -0.70557
1 12.1376 6.65331 1.60273 0.337452 -0.43131 -0.836719
1 27.7824 2.09635 1.75559 -0.268568 0.326499 0.906239
1 6.48571 20.9363 1.61369 -0.473626 -0.817008 -0.3289
1 7.37569 23.5432 1.76253 0.715317 -0.161486 0.679886
1 28.2214 11.4781 1.61483 0.427819 -0.292657 -0.855174
1 26.2276 27.4651 1.758 0.011413 0.246985 0.968952
1 30.8876 30.6507 1.6109 0.396941 0.316129 -0.861685
1 26.8236 33.3562 1.75863 0.341255 0.0109944 0.939906
1 32.8169 13.8875 1.7599 -0.224803 -0.301921 0.926449
1 13.0854 34.1938 1.75582 -0.212009 -0.512579 0.832054
1 0.396403 19.1151 1.75755 0.340039 -0.223686 0.913421
1 7.32586 7.82162 1.66646 0.63843 0.0460203 -0.768303
1 10.307 34.1136 1.6032 -0.474795 -0.528033 -0.704096
1 20.4469 32.4352 1.75765 -0.0105656 0.452751 0.891574
1 1.21641 1.38045 1.60565 -0.413381 -0.389305 -0.823139
1 16.9253 25.7024 1.61298 0.477034 -0.0840171 -0.87486
1 1.61495 20.5522 1.75906 0.058779 -0.0406348 0.997444
1 13.8024 31.9406 1.74776 0.0857707 -0.429717 0.898881
1 0.861257 11.3334 1.75926 0.202465 0.107731 0.973346
1 6.84626 34.2766 1.60799 -0.444174 0.0401954 -0.895039
1 28.8764 16.421 1.60539 -0.322446 -0.248258 -0.913453
1 34.0165 5.55547 1.61047 0.233223 0.104106 -0.966835
1 17.7603 22.9932 1.6097 -0.0107314 -0.243132 -0.969934
1 20.5517 4.73505 1.60147 0.470057 0.668614 -0.576196
1 5.21756 28.7224 1.75952 -0.149769 -0.235418 0.960285
1 4.24583 31.2459 1.74755 -0.602643 -0.361944 0.711209
1 27.3926 15.2826 1.66507 -0.509207 0.0310376 -0.860084
1 3.36132 29.3159 1.75534 -0.255939 -0.53023 0.808302
1 30.3122 32.8465 1.76199 0.181975 0.609596 0.771543
1 15.075 0.670532 1.76469 -0.379048 -0.275657 0.883366
1 31.315 24.779 1.61267 -0.469697 0.14365 -0.871062
1 3.85661 34.3511 1.60161 -0.318712 0.505726 -0.801663
1 9.99029 3.65685 1.61257 -0.0220874 -0.197873 -0.979979
1 18.8209 8.62807 1.75622 0.336525 0.209503 0.918074
1 19.3342 22.4567 1.61146 -0.126285 -0.499771 -0.856902
1 20.102 21.8096 1.60741 -0.253928 -0.61317 -0.748026
1 8.27372 28.2663 1.76052 -0.0666221 0.162796 0.984408
1 33.3466 4.75019 1.61081 0.105807 0.216039 -0.970635
1 18.6454 9.66196 1.76079 0.203486 0.217893 0.954524
1 12.2127 1.52314 1.62155 -0.417949 -0.600046 -0.682103
1 28.417 7.17215 1.6113 -0.295698 -0.267989 -0.916921
1 5.50788 6.63646 1.61765 0.459334 0.433109 -0.775519
1 12.4858 30.9116 1.75477 0.291684 -0.597927 0.746595
1 30.8385 28.2473 1.61677 0.013167 0.340549 -0.940135
1 13.8662 5.24492 1.61419 0.0930205 -0.687152 -0.720534
1 0.62029 4.23963 1.60989 -0.00873241 -0.162802 -0.98662
1 16.9317 30.9914 1.76037 0.224576 -0.0396829 0.973648
1 34.5107 14.7091 1.75812 -0.364134 -0.01041 0.931288
1 7.02538 15.4893 1.60665 0.0519743 0.290309 -0.955521
1 6.17972 3.24397 1.60876 0.0169804 0.28126 -0.959481
1 32.7891 3.85447 1.61053 -0.0394271 0.309031 -0.950234
1 8.54201 18.1731 1.61032 0.279632 0.0660367 -0.957834
1 25.9243 5.15961 1.7846 0.691327 -0.155002 0.705721
1 9.33633 12.4575 1.60654 -0.25676 -0.137395 -0.956659
1 26.9253 30.1558 1.74523 -0.524811 0.277313 0.80478
1 3.28868 11.5778 1.74477 0.152778 0.586811 0.79518
1 33.475 29.0225 1.60517 0.190165 -0.21039 -0.958944
1 29.5036 33.4791 1.76012 0.14229 0.469006 0.871657
1 27.5634 3.17016 1.75761 -0.472975 0.290514 0.831803
1 24.9737 33.4186 1.7584 0.383244 -0.269611 0.883422
1 30.9563 0.246945 1.73893 -0.327387 0.679446 0.656636
1 20.7388 14.5284 1.76115 -0.0284645 0.622663 0.781973
1 25.9333 0.285931 1.75895 0.102824 -0.0717544 0.992108
1 20.4833 12.9142 1.75042 -0.0370712 0.538443 0.841846
1 3.73708 28.0718 1.75625 -0.0453338 -0.458682 0.887443
1 16.3184 31.9141 1.7612 0.10637 -0.108907 0.988344
1 2.53829 13.8222 1.75349 -0.205681 0.457288 0.865207
1 1.36077 4.82567 1.60791 0.067976 -0.287169 -0.955465
1 22.2811 34.3098 1.73834 -0.379416 0.737438 0.558773
1 11.1007 25.5446 1.74531 0.385746 0.553277 0.738298
1 31.8198 14.0301 1.75788 -0.220512 -0.478646 0.849866
1 21.0804 19.5597 1.605 0.105363 0.771725 -0.627167
1 4.27802 16.1283 1.61343 0.115601 0.712816 -0.691759
1 24.1519 3.67773 1.74775 -0.388271 -0.130167 0.912306
1 21.3614 25.6321 1.59226 -0.351541 0.582593 -0.732806
1 12.8492 32.0136 1.75036 0.101766 -0.574108 0.812431
1 25.4787 26.7312 1.7607 0.129434 0.114911 0.984907
1 10.4914 20.5573 1.61001 0.587547 -0.249915 -0.769631
1 3.90209 18.8292 1.74356 0.383206 0.391391 0.83664
1 4.59109 24.4196 1.61007 0.706035 -0.256727 0.660004
1 8.99957 4.38303 1.60879 0.0547268 -0.0604841 -0.996668
1 14.5921 15.9219 1.75479 -0.459795 -0.503855 0.731244
1 15.4353 34.4254 1.75576 -0.255745 -0.211021 0.943432
1 14.8594 7.26085 1.7443 0.534153 -0.581278 0.613837
1 24.145 34.1787 1.75456 0.260481 -0.401299 0.878128
1 16.0081 33.6234 1.75971 -0.123068 -0.123189 0.984723
1 33.5951 23.2816 1.75872 -0.502139 -0.439034 0.745054
1 4.18579 30.1575 1.75468 -0.40743 -0.369309 0.835232
1 4.28138 2.95203 1.63933 0.134333 0.598617 -0.789692
1 29.8616 9.90325 1.61389 0.223556 -0.560541 -0.797381
1 33.9368 19.1754 1.75092 0.333848 -0.386812 0.859606
1 16.9676 27.5292 1.75406 0.822353 -0.129279 0.554096
1 29.546 2.7951 1.76316 -0.359296 0.671523 0.648046
1 23.6583 12.9107 1.61093 0.565242 0.307509 -0.765467
1 29.1252 19.4483 1.61091 0.177015 -0.31207 -0.933423
1 5.88394 12.9187 1.60928 -0.228323 0.485684 -0.843789
1 27.8989 7.9744 1.60846 -0.145008 -0.205724 -0.967807
1 32.4706 14.9601 1.75978 -0.39889 -0.36722 0.840259
1 12.6713 19.5562 1.61472 0.484637 -0.588782 -0.646887
1 11.1568 31.5695 1.67938 0.445956 -0.72873 0.519688
1 23.0065 19.5382 1.61446 0.070116 0.479755 -0.874596
1 33.8497 25.8387 1.61317 -0.332794 -0.350096 -0.875603
1 12.6492 24.7269 1.61331 0.275113 0.613192 -0.740479
1 0.730841 17.3988 1.75122 0.702972 -0.115137 0.701836
1 7.10871 31.978 1.73187 -0.776078 -0.00635896 0.630605
1 4.62965 25.3094 1.76085 0.519771 -0.303173 0.798702
1 25.903 13.2842 1.62297 0.637479 -0.106245 -0.763108
1 22.8416 5.94655 1.61268 -0.521937 0.538084 -0.661852
1 17.3365 31.8874 1.76037 0.103151 0.0186606 0.994491
1 7.80058 10.3812 1.61527 -0.552142 0.145261 -0.820998
1 24.1758 0.629269 1.75578 0.122689 -0.244287 0.96191
1 23.8741 17.7343 1.61106 -0.233359 0.400495 -0.886086
1 10.0503 24.9438 1.7539 0.454756 0.360306 0.81448
1 18.4927 30.2852 1.75778 0.333377 0.170362 0.927274
1 25.9543 32.8229 1.76004 0.48275 -0.104786 0.869467
1 25.8521 2.29289 1.75815 -0.260579 0.0669077 0.963131
1 17.2836 18.4554 1.74306 -0.809378 0.0119092 0.587167
1 21.1225 1.9689 1.67465 0.418911 -0.569948 0.706875
1 5.37152 16.3817 1.77287 -0.257313 -0.551501 0.793497
1 21.2166 0.598942 1.63493 -0.546391 0.560808 0.622054
1 11.0486 0.877534 1.6124 -0.365731 -0.464235 -0.806677
1 16.2662 15.733 1.75309 -0.452343 -0.175652 0.874376
1 24.7014 26.0096 1.75935 0.246192 -0.0418076 0.968319
1 3.70752 26.0739 1.7589 0.330987 -0.448114 0.830447
1 11.3152 14.2543 1.61591 -0.150043 -0.373426 -0.915445
1 33.929 24.7511 1.60767 -0.547512 -0.361912 -0.754487
1 3.81284 6.00771 1.59835 -0.0463336 -0.745724 -0.664642
1 24.2928 25.1168 1.75045 0.405383 -0.134101 0.904257
1 15.6118 1.65981 1.75686 -0.504955 -0.192253 0.841463
1 27.3739 12.3321 1.65096 0.558426 -0.200249 -0.805022
1 15.58 21.4263 1.60877 -0.281256 0.120096 -0.952088
1 10.5156 16.1323 1.61117 0.0414317 -0.250386 -0.967259
1 11.6025 3.42726 1.60778 -0.11041 -0.439487 -0.891438
1 26.8514 1.65245 1.76409 -0.169619 0.14194 0.975234
1 18.3067 20.3627 1.61092 -0.485907 -0.296938 -0.822023
1 27.9226 25.5269 1.76742 0.375509 0.592982 0.712296
1 5.16622 0.985143 1.60888 -0.173862 0.329283 -0.928087
1 25.7031 25.7568 1.75818 0.313652 0.131132 0.94044
1 26.7989 2.61264 1.75328 -0.332286 0.200961 0.921521
1 28.0559 18.0109 1.60679 -0.0722458 -0.147495 -0.986421
1 28.5735 14.6016 1.62251 -0.649201 -0.0493041 -0.759018
1 11.2632 27.9846 1.7564 -0.0489145 0.574263 0.817208
1 26.9411 28.1703 1.75677 -0.116438 0.357503 0.926625
1 19.907 2.93073 1.76885 0.414201 -0.765296 0.492706
1 17.4134 11.0436 1.75949 0.0589616 0.0135468 0.998168
1 15.1911 9.46752 1.75764 0.260594 -0.379782 0.887613
1 33.8708 12.1307 1.75889 0.0670964 -0.143237 0.987411
1 32.2214 33.4699 1.76434 -0.329261 0.810276 0.48481
1 28.2013 31.9006 1.75296 0.572231 0.209793 0.792804
1 28.4689 15.5124 1.61875 -0.480271 -0.169221 -0.860642
1 4.64648 1.91066 1.60859 -0.0225083 0.458921 -0.888192
1 30.6788 2.43964 1.60137 -0.300161 0.698895 -0.649191
1 7.31602 16.6228 1.60959 0.17118 0.247472 -0.953654
1 32.1124 7.52332 1.78247 -0.654948 -0.42553 0.624473
1 17.3312 9.97416 1.7557 0.166942 0.00243425 0.985964
1 16.6812 32.8089 1.76061 -0.00693574 -0.0470073 0.99887
1 1.08405 23.2354 1.75643 -0.450955 -0.107191 0.886087
1 15.0598 19.6631 1.6073 -0.56092 0.26935 -0.782827
1 23.1857 14.9475 1.74222 0.734688 -0.37025 0.568462
1 3.48894 13.936 1.7591 -0.229842 0.646397 0.72756
1 16.1936 22.1674 1.60796 -0.152317 0.0211543 -0.988105
1 9.69288 11.5124 1.60785 -0.374133 -0.198145 -0.90596
1 29.4364 5.55719 1.61969 -0.579098 -0.405172 -0.707447
1 8.84365 16.1326 1.61162 0.0882376 0.012707 -0.996018
1 11.3894 2.13867 1.61409 -0.245203 -0.468276 -0.848877
1 24.5679 26.9906 1.7607 0.0637283 -0.0532188 0.996547
1 20.3432 17.9231 1.74338 -0.593454 0.496097 0.633798
1 22.8127 8.52541 1.60621 -0.115349 0.579919 -0.806467
1 9.10887 30.9572 1.74961 -0.538055 0.244336 0.80672
1 13.2811 2.65207 1.59841 -0.339181 -0.697322 -0.631426
1 22.622 25.531 1.76241 0.342924 -0.362847 0.866455
1 4.61514 5.54987 1.62751 0.33939 0.699855 -0.628504
1 16.0102 6.02209 1.75726 0.61814 -0.409079 0.671236
1 18.8741 17.6442 1.76134 -0.631998 0.270492 0.726232
1 21.86 26.4139 1.76679 0.185313 -0.509994 0.839979
1 18.9991 28.513 1.76153 0.613582 0.208966 0.761479
1 1.4405 3.71611 1.61268 -0.106872 -0.369991 -0.922868
1 33.8388 17.5874 1.76283 0.70371 -0.297903 0.645017
1 10.1144 31.3573 1.74689 -0.573676 0.4399 0.69093
1 23.0299 17.2488 1.61445 -0.332776 0.520018 -0.786665
1 21.7384 20.9545 1.61818 0.324863 0.667499 -0.670007
1 32.9533 31.3807 1.61127 0.515736 -0.0889519 -0.852117
1 2.09117 27.2452 1.75551 -0.00860901 -0.754384 0.656377
1 13.3943 33.0167 1.75312 -0.0538264 -0.476957 0.877277
1 28.5942 32.9758 1.75677 0.328259 0.293376 0.897873
1 16.5456 10.5611 1.7557 0.0989348 -0.134011 0.986029
1 21.2857 22.5039 1.61349 -0.189663 -0.839718 -0.508823
1 24.9159 21.9831 1.61091 0.540714 0.191485 -0.819123
1 1.43414 19.1789 1.7597 0.319614 -0.0563569 0.94587
1 31.146 20.948 1.61792 0.370014 -0.705219 -0.604778
1 32.9351 1.79675 1.6116 -0.368666 0.255195 -0.893846
1 28.285 18.9573 1.60643 0.0871279 -0.180674 -0.979676
1 32.9473 25.0793 1.6163 -0.43811 -0.189126 -0.878801
1 0.695194 9.46478 1.76089 0.53417 0.0442076 0.84422
1 18.9139 25.6212 1.61325 0.435445 -0.424565 -0.793809
1 28.9316 22.968 1.61446 0.737462 -0.203668 -0.643948
1 16.9721 33.7355 1.75946 -0.121908 0.00902851 0.9925
1 6.87596 13.1251 1.60992 -0.189569 0.298717 -0.935325
1 33.2852 30.2139 1.60704 0.348571 -0.178067 -0.920212
1 0.396718 13.793 1.75769 -0.215039 0.0701093 0.974086
1 33.5957 22.1635 1.75704 -0.251463 -0.459197 0.852
1 31.9063 17.4292 1.62046 -0.135857 -0.755842 -0.640504
1 6.01473 24.4568 1.72609 0.577187 -0.134163 0.805515
1 18.3246 22.1907 1.60964 -0.159686 -0.331167 -0.929962
1 5.66326 11.808 1.60799 -0.341108 0.487263 -0.803878
1 7.93539 15.8443 1.609 0.0742635 0.145491 -0.986569
1 16.9534 11.9357 1.75941 -0.0363159 -0.0717686 0.99676
1 11.6317 20.768 1.60388 0.646826 -0.463641 -0.605519
1 12.1839 26.0528 1.71358 0.30918 0.75207 0.582064
1 28.4329 3.7115 1.77625 -0.679214 0.33363 0.653727
1 0.288681 5.16157 1.60832 0.15185 -0.0712477 -0.985832
1 31.5362 29.8772 1.60916 0.278231 0.182013 -0.943111
1 13.3031 7.71382 1.62159 0.52356 -0.596441 -0.608394
1 32.5669 0.906622 1.6133 -0.507472 0.31969 -0.800169
1 28.7236 34.1141 1.75625 0.140917 0.312981 0.939247
1 34.003 1.69794 1.60768 -0.376092 0.0385132 -0.925782
1 6.41756 5.04135 1.61176 0.230672 0.312856 -0.921364
1 21.9977 2.61139 1.75819 -0.00786228 -0.511646 0.85916
1 31.3386 3.11582 1.62249 -0.193723 0.564071 -0.80268
1 12.1534 16.2564 1.61797 -0.00732005 -0.528812 -0.848707
1 34.5649 22.9143 1.75894 -0.388149 -0.300824 0.871117
1 2.57995 20.5701 1.75833 0.0500971 0.122053 0.991258
1 14.4815 21.6641 1.60767 -0.249891 0.291799 -0.923259
1 18.6417 13.2462 1.7573 -0.0771452 0.208082 0.975064
1 1.98522 14.7873 1.7549 -0.374107 0.333274 0.865432
1 24.3708 15.5004 1.61917 -0.629104 0.243947 -0.73805
1 27.6943 0.0476577 1.75876 0.0911358 0.181509 0.979157
1 9.02654 28.8274 1.75727 -0.162497 0.267507 0.949755
1 19.9947 29.3226 1.75914 0.457704 0.424798 0.781059
1 14.1052 33.8236 1.75495 -0.172197 -0.361663 0.916269
1 29.8891 11.9569 1.60008 0.528414 -0.624869 -0.574732
1 1.84122 10.9273 1.75938 0.264211 0.262477 0.928061
1 17.4755 34.5937 1.75861 -0.243291 0.0857828 0.966153
1 31.8744 3.96217 1.61765 -0.0213882 0.473204 -0.880693
1 3.1776 19.4101 1.75878 0.276867 0.250751 0.927614
1 15.2687 2.52478 1.73913 -0.610915 -0.294651 0.734822
1 26.9262 21.5021 1.6112 0.476921 0.0379097 -0.878128
1 9.34753 33.0925 1.60224 -0.664983 -0.350387 -0.659566
1 8.34707 17.0242 1.60869 0.194596 0.0863255 -0.977077
1 32.5836 22.4269 1.75669 -0.266861 -0.619502 0.738243
1 31.203 33.4245 1.73258 -0.0224692 0.733846 0.678944
1 26.3781 6.58614 1.61856 -0.412095 0.00110112 -0.91114
1 27.8879 30.6253 1.75725 -0.625501 0.405414 0.666624
1 30.2825 34.1359 1.75928 -0.0615118 0.605033 0.793821
1 23.7066 20.3748 1.61593 0.218723 0.376768 -0.900115
1 8.73075 2.38258 1.61018 -0.159922 -0.0672904 -0.984833
1 7.28144 25.9634 1.75474 0.287734 -0.0123606 0.95763
1 34.3311 30.1873 1.60927 0.27497 -0.390707 -0.878487
1 9.14066 34.1321 1.60901 -0.509733 -0.31912 -0.798958
1 11.2136 7.44692 1.60848 0.476659 -0.293341 -0.828702
1 23.1287 16.0845 1.6304 -0.541259 0.448331 -0.711364
1 13.7945 25.0595 1.61048 0.341923 0.405113 -0.847922
1 7.65134 11.3955 1.60984 -0.405071 0.161271 -0.89995
1 17.7089 2.37915 1.75614 -0.569326 0.132574 0.811352
1 18.0558 11.8418 1.75816 -0.0101323 0.132007 0.991197
1 28.1047 26.9728 1.76523 0.131211 0.665549 0.73473
1 14.4396 29.9704 1.75725 0.383395 -0.401243 0.831873
1 33.2853 10.1809 1.75622 0.397629 -0.26414 0.878704
1 20.897 6.70996 1.76871 0.355832 0.70169 0.617264
1 21.4665 4.11777 1.77394 -0.109628 -0.636643 0.763327
1 16.0224 28.4186 1.74425 0.638935 -0.176587 0.748718
1 16.2773 19.5143 1.60844 -0.614304 0.0412981 -0.787988
1 11.0279 17.9483 1.61037 0.245697 -0.330037 -0.911432
1 21.411 32.6924 1.75376 -0.0844849 0.589879 0.80306
1 29.0643 21.8727 1.61005 0.562439 -0.282594 -0.777047
1 23.8484 32.115 1.64642 -0.601131 0.467397 -0.648214
1 17.6162 17.517 1.7578 -0.659693 0.0470613 0.75006
1 23.9374 22.5523 1.60775 0.639993 0.299551 -0.707587
1 17.7496 3.37335 1.75247 -0.69284 0.0995903 0.714181
1 31.3867 1.13262 1.60502 -0.540397 0.548653 -0.637927
1 20.5604 20.7723 1.61142 -0.401991 -0.69978 -0.590517
1 11.433 10.7729 1.61222 -0.468739 -0.439087 -0.766477
1 7.74648 24.4287 1.75453 0.580438 -0.0266731 0.813867
1 28.7121 10.4697 1.61057 0.286195 -0.374513 -0.881948
1 31.8291 18.9623 1.61849 0.220459 -0.785275 -0.578569
1 10.4169 13.6875 1.61121 -0.157785 -0.24058 -0.957719
1 20.6015 30.4111 1.75776 0.282115 0.481924 0.829555
1 15.3289 26.8354 1.61386 0.679289 0.0993965 -0.727109
1 33.6792 3.60824 1.60812 -0.0719923 0.137176 -0.987927
1 25.4061 7.14629 1.6088 -0.316705 0.154338 -0.935883
