1 16.81 32.5687 1.75996 0.0562221 -0.0338123 0.997846
1 22.5845 18.6335 1.61162 -0.0680059 0.570698 -0.818339
1 18.2519 17.4451 1.74995 -0.734151 -0.0362586 0.678018
1 28.3899 18.9712 1.61051 0.0233262 -0.2418 -0.970046
1 8.9859 24.5974 1.75728 0.421795 0.152196 0.893826
1 21.5245 12.9295 1.75522 -0.0158426 0.63421 0.772999
1 14.3735 25.3098 1.61509 0.422537 0.384716 -0.820644
1 28.0365 16.9545 1.60844 -0.278107 -0.203787 -0.938684
1 12.1146 5.50226 1.60894 0.169643 -0.342921 -0.923919
1 0.789499 15.0872 1.76193 -0.339709 0.169993 0.92504
1 14.6341 15.0665 1.74559 -0.42577 -0.485208 0.763736
1 31.1696 13.438 1.75434 -0.0518 -0.452224 0.890399
1 25.8666 32.7982 1.7584 0.422705 -0.280839 0.861655
1 30.8958 10.55 1.74518 0.42242 -0.464272 0.778468
1 15.5521 23.9256 1.60882 0.209081 0.169588 -0.963081
1 25.8075 19.832 1.60813 0.136621 0.127185 -0.982425
1 14.7567 34.0816 1.75326 -0.154633 -0.298733 0.941726
1 28.5787 15.1013 1.61267 -0.593469 -0.208963 -0.777257
1 27.2152 15.3403 1.62029 -0.530975 -0.0440961 -0.846239
1 12.8281 22.6589 1.59973 0.102761 0.606336 -0.788541
1 18.1319 29.2858 1.76261 0.537086 0.148842 0.830292
1 15.1859 20.719 1.6096 -0.254882 0.243081 -0.93592
1 19.5582 32.2494 1.7566 0.165674 0.313278 0.935098
1 32.0385 4.0149 1.61876 -0.630878 0.486499 0.60441
1 29.4855 3.85181 1.75856 -0.550651 0.0404455 0.833755
1 27.8332 11.086 1.6112 0.381988 -0.407651 -0.829401
1 5.80656 13.6199 1.60045 -0.177732 0.439069 -0.880698
1 9.9556 15.5121 1.61092 -0.0183278 -0.158626 -0.987169
1 3.88273 33.5046 1.60749 -0.258546 -0.0083645 -0.965963
1 14.496 11.5408 1.75725 -0.109859 -0.45523 0.883571
1 8.84413 9.7887 1.62383 -0.705275 -0.114598 -0.69961
1 9.40471 27.4888 1.75901 -0.0461375 0.217187 0.975039
1 10.6142 4.09291 1.60848 -0.0981546 -0.0853169 -0.991507
1 19.2174 25.7318 1.62539 0.561926 -0.325385 -0.760502
1 20.5428 14.3783 1.74866 -0.26543 0.454507 0.850277
1 26.2707 28.4246 1.75822 -0.0699172 0.262415 0.962419
1 13.0386 6.27949 1.61065 0.334724 -0.483745 -0.808672
1 0.419327 0.62851 1.61574 -0.242969 0.519557 -0.819162
1 17.8527 32.7488 1.75976 0.0512717 0.0880117 0.994799
1 9.58254 20.6454 1.60835 0.583161 -0.0225405 -0.812044
1 32.9312 16.2883 1.75875 -0.61095 -0.181879 0.770494
1 3.04496 21.7642 1.76092 -0.254952 0.196998 0.946674
1 18.6833 19.2603 1.60918 -0.52171 -0.370174 -0.768628
1 15.592 13.3133 1.75706 -0.23706 -0.258887 0.936365
1 4.19793 14.9614 1.62623 -0.0865 0.825801 -0.557288
1 22.1367 25.5723 1.75929 0.319123 -0.467044 0.824639
1 21.3453 15.406 1.75124 -0.422855 0.523494 0.739695
1 31.6767 9.60147 1.76098 0.585271 -0.311198 0.748741
1 24.1445 3.84243 1.61516 -0.643585 0.0802267 -0.761159
1 2.94811 3.34404 1.61539 -0.128526 -0.104304 -0.986206
1 27.0213 30.2329 1.75549 -0.424638 0.351555 0.834321
1 4.91064 21.1842 1.76237 -0.0599569 0.492226 0.8684
1 13.9949 5.40672 1.60736 0.234421 -0.667488 -0.706758
1 12.463 23.7406 1.61581 0.265923 0.709649 -0.652444
1 23.7875 21.9396 1.6188 0.506746 0.392529 -0.767547
1 5.89431 28.8629 1.75467 -0.31763 -0.253947 0.913577
1 32.5445 28.2115 1.60775 -0.0132879 0.00909855 -0.99987
1 28.0804 29.7665 1.75202 -0.306827 0.535109 0.787093
1 13.9687 13.39 1.73753 -0.319577 -0.566456 0.759604
1 5.35631 2.21075 1.64024 -0.484247 -0.428732 -0.762689
1 8.63437 7.06587 1.61203 0.400091 0.314621 -0.860779
1 27.4069 28.756 1.75413 -0.12812 0.468959 0.873878
1 20.1759 15.5413 1.74445 -0.458071 0.36853 0.808923
1 33.7287 12.7279 1.75995 0.0769142 -0.0896949 0.992995
1 29.8043 28.7183 1.60577 0.132658 0.530478 -0.837254
1 5.87121 23.893 1.75189 0.543219 -0.314792 0.778344
1 23.5922 4.85348 1.61134 -0.416854 0.157136 -0.895288
1 17.4482 4.48156 1.76237 -0.736099 0.0365756 0.675885
1 13.8269 23.0283 1.60452 0.137349 0.438165 -0.888339
1 32.1454 27.2552 1.60758 -0.171151 0.0664596 -0.983001
1 31.4965 6.90646 1.62812 0.264128 0.489795 -0.830865
1 5.36328 0.0838099 1.6026 0.0973109 -0.157662 -0.982687
1 10.4652 3.00117 1.60952 -0.270331 -0.0539713 -0.961253
1 17.4574 14.3316 1.76258 -0.326509 -0.000730108 0.945194
1 16.3546 31.6084 1.76043 0.178276 -0.0916548 0.979703
1 27.7941 26.2569 1.74914 0.30457 0.565298 0.7666
1 20.5026 8.17686 1.76016 0.366667 0.658823 0.656892
1 26.1006 27.2064 1.75931 0.117398 0.243851 0.962681
1 33.1694 13.5273 1.76074 -0.0912685 -0.167382 0.981658
1 9.86143 28.4631 1.75578 -0.20355 0.273789 0.940004
1 30.2134 2.13916 1.75438 -0.253515 0.263659 0.930706
1 30.701 28.3746 1.61032 0.0609678 0.358734 -0.931447
1 31.6049 29.014 1.60811 0.146661 0.20048 -0.968658
1 22.0411 10.2433 1.61607 0.290382 0.695186 -0.657567
1 18.5261 32.0047 1.75936 0.164994 0.174739 0.970692
1 26.7686 11.8387 1.61247 0.481338 -0.245436 -0.841472
1 7.52869 16.0324 1.6114 0.067753 0.227787 -0.971351
1 24.8425 11.6916 1.61091 0.398592 0.100528 -0.911602
1 33.0175 9.13568 1.75418 0.794795 -0.130119 0.592765
1 1.39846 14.281 1.75999 -0.166598 0.25612 0.95218
1 24.3607 5.66306 1.61361 -0.353579 0.0179273 -0.935233
1 5.39978 32.1409 1.61638 -0.494566 -0.246034 -0.83359
1 21.055 5.29616 1.61449 -0.135218 0.680733 -0.719944
1 19.4879 26.6374 1.7758 -0.689219 0.362992 0.627068
1 15.0219 7.29492 1.75168 0.466713 -0.414312 0.78136
1 4.19654 31.9422 1.61423 -0.550037 -0.0364575 -0.834344
1 22.5904 30.3909 1.75704 -0.476339 -0.468833 0.743839
1 1.8986 23.3456 1.75418 -0.510312 0.0544682 0.858262
1 13.3006 1.70871 1.74232 -0.51028 -0.672446 0.536125
1 24.843 19.6008 1.60734 0.0928054 0.260769 -0.96093
1 34.4127 3.91981 1.60983 0.131086 0.422211 -0.896969
1 26.7941 25.5379 1.75649 0.409935 0.33613 0.847921
1 29.0827 17.1693 1.60677 -0.257095 -0.362948 -0.89564
1 13.9467 7.12445 1.74588 0.528958 -0.590932 0.6091
1 32.7015 12.5707 1.76031 0.0876913 -0.227228 0.969885
1 25.7717 13.7799 1.61193 0.813236 -0.0746702 -0.577123
1 0.763418 3.99425 1.61932 0.0483742 0.244544 -0.968431
1 30.1074 16.781 1.62708 -0.327777 -0.535672 -0.778214
1 21.2919 20.0826 1.60702 0.14658 0.768569 -0.622749
1 3.00722 5.17109 1.60849 0.117262 -0.202964 -0.97214
1 26.1456 15.8869 1.61107 -0.440836 0.0800379 -0.894012
1 19.2244 16.7066 1.75495 -0.633331 0.172336 0.754449
1 4.19346 2.14966 1.61977 -0.382989 -0.242587 -0.891331
1 14.6376 12.6961 1.75254 -0.249246 -0.427841 0.868809
1 14.5169 22.2607 1.61187 -0.0207644 0.328077 -0.944423
1 11.6514 12.1064 1.61337 -0.281575 -0.643638 -0.71165
1 5.48766 12.3163 1.62399 -0.237694 0.442985 -0.864445
1 10.1747 10.1458 1.61821 -0.632679 -0.36475 -0.683135
1 6.81239 30.8527 1.75808 -0.710366 -0.236084 0.663057
1 21.27 23.9745 1.60203 0.237036 -0.740609 -0.628739
1 12.5517 32.4245 1.75674 0.119953 -0.617961 0.777004
1 5.27492 26.9143 1.75455 0.0173941 -0.365807 0.930528
1 19.5706 13.8063 1.75994 -0.201215 0.316048 0.92716
1 22.4972 21.1179 1.60502 0.318529 0.589855 -0.742031
1 25.3996 27.9156 1.75991 -0.012452 0.109102 0.993953
1 27.4018 20.7926 1.60743 0.319686 -0.0592796 -0.945667
1 17.0476 30.9023 1.76078 0.287293 -0.0149768 0.957726
1 8.34444 20.4256 1.61233 0.591618 0.198744 -0.781338
1 24.7183 4.72191 1.61437 -0.538978 -0.0559538 -0.840459
1 29.3244 2.80975 1.75721 -0.379146 0.109889 0.918789
1 7.07632 26.4513 1.75914 0.10108 -0.12776 0.986641
1 9.72382 3.66691 1.60783 -0.158616 0.0943895 -0.982818
1 13.0597 9.67697 1.75817 0.19404 -0.674509 0.71231
1 18.3676 27.6351 1.72985 0.818213 0.164387 0.550912
1 9.69545 11.7872 1.60683 -0.410445 -0.275756 -0.869191
1 33.1474 10.0133 1.75904 0.626021 -0.162224 0.762746
1 8.14396 15.2283 1.60695 0.00814569 0.0903515 -0.995877
1 32.7264 26.4819 1.6075 -0.316234 -0.0569083 -0.946973
1 30.8846 14.8041 1.75949 -0.361314 -0.521475 0.772991
1 5.80442 10.6765 1.60775 -0.340114 0.412226 -0.845217
1 21.3423 32.0072 1.75397 0.23928 0.624866 0.74316
1 30.5387 7.0112 1.6249 0.376213 0.625672 -0.683373
1 25.6162 4.07866 1.62445 -0.73418 -0.177722 -0.655283
1 28.7319 0.422803 1.76081 0.0106499 0.0564241 0.99835
1 20.4579 13.2416 1.75171 -0.0744997 0.452803 0.888493
1 8.09263 26.5819 1.76013 0.0855566 0.0211246 0.996109
1 9.70627 25.5883 1.75406 0.26958 0.252477 0.929291
1 25.3979 5.55943 1.61872 -0.424444 -0.154994 -0.89209
1 18.7985 9.33427 1.74978 0.260624 0.242365 0.934524
1 24.393 24.9177 1.75998 0.512794 -0.0788572 0.854882
1 24.7316 13.1104 1.61523 0.609433 0.0377224 -0.79194
1 8.41519 12.4188 1.60658 -0.310857 -0.0585754 -0.94865
1 19.8545 19.8661 1.61595 -0.390333 -0.577671 -0.716894
1 26.3405 31.7975 1.7524 0.648935 -0.285356 0.705306
1 4.8732 16.0924 1.60953 0.115606 0.671535 -0.731899
1 11.0221 5.00134 1.6076 0.0665837 -0.145123 -0.987171
1 8.8182 18.6637 1.60808 0.362355 0.0929412 -0.927394
1 18.9554 15.789 1.75161 -0.493947 0.190001 0.848479
1 25.4862 28.9984 1.7589 -0.208962 0.131767 0.969006
1 9.76863 22.6705 1.71805 0.773108 0.261787 0.57773
1 15.4372 16.1882 1.75595 -0.584767 -0.359802 0.727042
1 13.1241 26.9612 1.74411 0.128997 0.773784 0.620176
1 7.87257 32.3892 1.61366 -0.474354 -0.434034 -0.7659
1 2.49681 16.8184 1.57422 -0.971747 -0.0790274 -0.222403
1 23.4987 7.13018 1.61161 -0.119831 0.215422 -0.969141
1 29.4591 32.6626 1.75845 0.479251 0.205884 0.853188
1 12.5814 14.3961 1.62805 -0.263706 -0.706798 -0.656426
1 13.4329 16.3412 1.60406 -0.148112 -0.759139 -0.633854
1 3.2946 10.8125 1.77131 0.311713 0.683312 0.660243
1 18.3099 12.4038 1.75784 -0.0694871 0.132896 0.988691
1 21.5557 18.667 1.60725 -0.0938573 0.712064 -0.695813
1 11.86 4.46332 1.60731 -0.0198942 -0.319642 -0.947329
1 26.3073 7.12925 1.60863 -0.208249 -0.220508 -0.952895
1 9.23105 14.7625 1.60752 -0.069553 -0.0713405 -0.995024
1 4.2629 12.5739 1.6252 -0.0937632 0.820575 -0.563796
1 15.0713 1.53199 1.75441 -0.374887 -0.294073 0.879193
1 30.0853 5.74502 1.58592 0.178431 0.651993 -0.736931
1 34.2958 34.3766 1.61775 -0.340978 0.660784 -0.668654
1 29.402 9.08331 1.60512 0.0824564 -0.719853 -0.689211
1 3.06136 18.8418 1.75974 0.278685 0.16794 0.945585
1 8.6115 3.60618 1.61064 -0.179444 0.319252 -0.930526
1 23.417 5.99343 1.61285 -0.235606 0.182096 -0.954636
1 33.6891 24.8406 1.6083 -0.619425 -0.319312 -0.717184
1 28.7028 27.2194 1.74801 0.117128 0.730394 0.672908
1 11.94 26.386 1.75435 0.243312 0.603144 0.759616
1 6.38829 12.6722 1.60588 -0.247438 0.26759 -0.93122
1 14.7066 0.46799 1.7646 -0.283371 -0.331497 0.899895
1 3.02948 22.7339 1.76027 -0.431145 0.209039 0.877734
1 10.0317 21.5855 1.61775 0.68632 -0.131471 -0.715319
1 10.5158 14.671 1.60934 -0.0971282 -0.279324 -0.955272
1 34.1937 27.7198 1.61223 -0.106184 -0.313691 -0.943569
1 26.5231 29.3984 1.75907 -0.252745 0.303094 0.918833
1 20.8729 27.6222 1.60294 0.122192 0.681148 -0.721877
1 6.85426 25.3258 1.75494 0.282298 -0.182446 0.941818
1 25.882 10.2952 1.60705 0.230366 -0.0838198 -0.969487
1 25.9469 30.8747 1.74693 -0.636033 0.211681 0.74206
1 20.9162 6.68828 1.60825 0.120504 0.718881 -0.684609
1 32.2026 2.07236 1.76025 -0.231713 0.585166 0.777103
1 15.3961 24.9428 1.61091 0.370575 0.211665 -0.904363
1 16.3005 12.6477 1.76032 -0.147723 -0.144286 0.978447
1 17.342 24.9183 1.60821 0.374803 -0.0923356 -0.922495
1 11.1522 7.47743 1.61763 0.518777 -0.156462 -0.84047
1 34.0596 6.24553 1.60495 0.130984 0.180046 -0.974898
1 8.29771 4.88257 1.60799 0.0282179 0.406367 -0.913274
1 32.5059 7.32255 1.61448 0.398338 0.322755 -0.858578
1 5.18551 30.1677 1.74578 -0.674321 -0.362194 0.643511
1 5.8075 0.9362 1.61216 0.331995 -0.155726 -0.930338
1 23.547 8.29742 1.61118 -0.0155996 0.250712 -0.967936
1 5.88019 21.3595 1.74628 0.0116954 0.661005 0.75029
1 24.0798 10.1992 1.60972 0.169883 0.252316 -0.952616
1 10.5321 19.5705 1.61434 0.443054 -0.19987 -0.873931
1 32.2277 25.5677 1.6107 -0.431551 0.0606435 -0.900048
1 34.2467 20.2559 1.75618 0.0281597 -0.400676 0.915787
1 6.04187 8.45917 1.74637 0.617225 -0.48977 0.615759
1 32.1697 13.4346 1.75863 -0.0772998 -0.309097 0.947884
1 31.5994 26.4228 1.6088 -0.281751 0.197884 -0.93886
1 18.487 10.2752 1.75841 0.143333 0.16082 0.976521
1 27.0706 21.6996 1.60975 0.482179 0.0357286 -0.875344
1 19.7901 33.3034 1.7604 0.0516471 0.342385 0.938139
1 24.6637 29.5717 1.75754 -0.324977 -0.00703166 0.945696
1 16.8865 2.69967 1.75716 -0.473493 -0.0796638 0.877188
1 2.66896 11.5951 1.74975 0.253009 0.503497 0.826122
1 31.6932 12.4683 1.75916 0.105641 -0.373066 0.921771
1 28.0441 7.81411 1.61247 -0.108258 -0.488148 -0.866021
1 23.4065 20.836 1.61917 0.301183 0.458676 -0.836006
1 25.6059 18.831 1.60733 -0.0192574 0.136074 -0.990511
1 13.9122 28.7461 1.75639 0.504808 -0.567512 0.650461
1 12.4077 7.38653 1.61025 0.518025 -0.408222 -0.751668
1 4.07389 19.1134 1.76546 0.299161 0.352437 0.886731
1 22.9416 11.6405 1.60606 0.38233 0.462372 -0.800022
1 10.1495 16.5243 1.6129 0.0761055 -0.174156 -0.981773
1 19.6531 1.21308 1.75529 -0.205739 0.323041 0.923751
1 23.7666 29.0624 1.76093 -0.252963 -0.182238 0.950157
1 6.35281 22.5346 1.7337 -0.770537 0.45095 0.450463
1 0.391596 5.86291 1.60578 0.151516 0.105737 -0.982783
1 30.759 19.0606 1.61141 0.0451424 -0.619298 -0.783857
1 7.5651 6.51363 1.61273 0.295444 0.523505 -0.799159
1 7.63639 4.04928 1.61004 -0.12316 0.517426 -0.846819
1 33.1601 1.38633 1.748 -0.0442177 0.778063 0.626628
1 29.3145 1.75932 1.75658 -0.203337 0.139142 0.969172
1 18.6537 13.4132 1.76076 -0.173774 0.17444 0.969213
1 6.93252 24.2709 1.75345 0.461947 -0.166127 0.87121
1 12.7082 11.0538 1.75055 -0.0501866 -0.75865 0.649562
1 1.28389 3.07968 1.62058 -0.0678426 0.216332 -0.97396
1 24.4205 6.70114 1.6095 -0.216126 0.0635022 -0.974298
1 10.0075 4.8239 1.6077 0.0239258 0.0480828 -0.998557
1 29.8312 18.9801 1.60749 0.029546 -0.461371 -0.886715
1 11.4486 10.6895 1.61922 -0.466918 -0.639572 -0.610685
1 2.40189 14.2615 1.75872 -0.118266 0.446317 0.887025
1 17.2554 21.6785 1.60845 -0.103 -0.118155 -0.987639
1 13.7959 34.3324 1.75975 -0.210962 -0.443797 0.870942
1 18.3061 25.3014 1.60608 0.452511 -0.22496 -0.862918
1 19.4789 14.8396 1.75797 -0.352723 0.282417 0.892091
1 11.2857 27.9425 1.75479 -0.116483 0.504083 0.855764
1 22.9303 29.5063 1.7346 -0.346041 -0.340535 0.874238
1 22.1134 34.3676 1.75438 -0.0806016 0.774524 0.627388
1 18.8751 28.6357 1.74505 0.645571 0.257235 0.719075
1 2.09825 29.4598 1.62171 0.10837 -0.776379 -0.620879
1 30.7108 4.09062 1.70927 -0.57283 0.247368 0.781457
1 6.9996 33.7815 1.61191 -0.10116 -0.386101 -0.916893
1 1.28232 30.461 1.61081 0.268762 -0.611315 -0.744353
1 24.982 15.9169 1.61214 -0.479981 0.218715 -0.849577
1 8.07732 10.5472 1.61402 -0.553132 -0.0193999 -0.832868
1 28.2925 20.3074 1.60665 0.226213 -0.196027 -0.954149
1 33.1895 4.73446 1.60446 -0.226626 0.251435 -0.940968
1 34.3857 15.2068 1.76212 -0.382341 0.00947499 0.923973
1 12.6237 16.993 1.60811 0.0287884 -0.617117 -0.786345
1 27.7566 0.560759 1.7601 -0.0286429 -0.0758303 0.996709
1 23.2256 17.6352 1.6104 -0.200341 0.4571 -0.866558
1 30.3617 3.18122 1.75504 -0.43009 0.232604 0.872306
1 7.06249 23.2362 1.75137 0.628567 -0.168973 0.759178
1 30.0084 20.0914 1.60824 0.202662 -0.467974 -0.860191
1 33.6102 29.3972 1.60928 0.175466 -0.140602 -0.974394
1 13.5916 32.2972 1.75579 0.106581 -0.469635 0.876403
1 21.4914 11.4831 1.75288 0.215979 0.709706 0.670574
1 6.97112 19.4633 1.65831 0.64019 0.454256 -0.619523
1 2.26283 26.553 1.73549 -0.0461386 -0.788833 0.612873
1 11.2663 2.40343 1.61103 -0.361626 -0.226585 -0.904371
1 15.1978 33.203 1.75743 -0.0457053 -0.229889 0.972143
1 6.25836 9.57673 1.61145 -0.51903 0.369678 -0.770679
1 18.2417 23.2761 1.60951 0.135939 -0.258556 -0.956383
1 8.33561 22.772 1.75337 0.704814 0.0306921 0.708727
1 1.36758 17.4789 1.75716 0.523049 -0.0235971 0.851976
1 10.875 31.1188 1.75149 -0.663751 0.407443 0.627236
1 9.20591 5.44441 1.60868 0.131261 0.212922 -0.968212
1 2.01146 22.375 1.75716 -0.350331 0.0472815 0.935432
1 11.4384 23.6438 1.72203 0.449203 0.670563 0.590391
1 25.8111 9.26364 1.60619 0.0868064 -0.0929585 -0.991879
1 11.7868 28.8711 1.76034 -0.307493 0.575088 0.758104
1 5.22303 6.93931 1.61222 0.359434 -0.566264 -0.741722
1 30.1509 22.4998 1.60441 0.517981 -0.472976 -0.712734
1 29.0953 18.2598 1.61203 -0.0805769 -0.357246 -0.930528
1 28.0713 15.9869 1.62057 -0.420138 -0.191023 -0.887127
1 33.6512 7.72959 1.61754 0.447202 0.191747 -0.873638
1 6.18501 14.6046 1.608 -0.0790033 0.404146 -0.911276
1 7.42902 5.28984 1.61728 0.071682 0.608584 -0.790245
1 15.3523 21.7093 1.61019 -0.107841 0.195237 -0.974809
1 5.27319 25.8469 1.74173 0.20716 -0.406985 0.889634
1 30.293 31.0079 1.60694 0.606451 0.46062 -0.64811
1 33.171 27.4336 1.60775 -0.15822 -0.126563 -0.979259
1 25.9862 23.3423 1.61868 0.807204 0.184168 -0.560807
1 4.64072 8.12142 1.615 0.578544 -0.429506 -0.693406
1 14.7915 23.2574 1.61083 0.118248 0.279263 -0.952906
1 25.5995 29.9915 1.75811 -0.420838 0.171039 0.890865
1 16.2965 21.3886 1.60706 -0.15673 0.0440379 -0.986659
1 22.0339 22.9176 1.79475 -0.530191 -0.673614 0.514919
1 25.2705 7.453 1.60804 -0.14496 -0.0426371 -0.988518
1 19.4458 34.2914 1.7586 -0.0533183 0.284821 0.957097
1 17.4686 31.8078 1.75925 0.168842 0.0379225 0.984913
1 31.4165 8.05805 1.61704 0.522526 0.40495 -0.750321
1 4.26358 27.016 1.76337 -0.035211 -0.497551 0.86672
1 20.9927 2.51555 1.74561 -0.384604 0.553108 0.73902
1 32.3276 0.794941 1.76585 -0.0233005 0.586687 0.809478
1 7.73144 25.7114 1.75952 0.22038 -0.0415831 0.974527
1 29.1011 19.6993 1.60459 0.130644 -0.330555 -0.934701
1 26.796 0.787029 1.76017 -0.0899801 -0.202214 0.975199
1 27.0603 7.87996 1.60981 -0.102255 -0.326637 -0.939602
1 1.66693 11.2588 1.75652 0.329398 0.316971 0.889397
1 31.0038 16.4936 1.60994 -0.43292 -0.658715 -0.615366
1 19.9693 22.3194 1.61956 0.0401662 -0.587609 -0.808148
1 0.221079 8.41491 1.61487 0.765073 0.156951 -0.624524
1 16.4235 23.3878 1.6086 0.137214 0.0297025 -0.990096
1 14.4944 20.0837 1.62891 -0.357343 0.405534 -0.841337
1 5.21404 14.8342 1.60727 -0.0568212 0.597797 -0.799631
1 17.3392 6.53831 1.75636 0.589533 0.0270992 0.80729
1 21.7718 1.35597 1.74792 -0.222608 0.695914 0.682751
1 19.1603 31.233 1.75634 0.283355 0.265128 0.921638
1 2.64127 13.1566 1.75783 0.0742694 0.502302 0.861497
1 33.9896 31.7866 1.61358 0.519022 -0.316995 -0.793807
1 25.2806 1.79758 1.75894 -0.326591 -0.409762 0.851724
1 16.0909 28.5485 1.75457 0.63694 -0.169188 0.752119
1 6.31604 6.51722 1.60851 0.248689 -0.771571 -0.585519
1 26.2155 14.8307 1.61653 -0.613555 0.115902 -0.7811
1 1.73531 3.95952 1.61673 0.00780716 0.0699119 -0.997523
1 16.6523 16.0254 1.75458 -0.582555 -0.141211 0.800431
1 32.8105 31.9069 1.61326 0.596105 -0.0534961 -0.801122
1 31.6229 3.21178 1.75285 -0.463791 0.46584 0.753586
1 22.621 6.61969 1.61498 -0.134856 0.359118 -0.923498
1 28.4105 28.5347 1.74661 -0.0936241 0.638255 0.764111
1 14.524 3.84712 1.75405 -0.477279 -0.72938 0.490112
1 3.6149 25.3562 1.64098 0.380827 -0.619303 0.68661
1 17.0107 7.51898 1.75502 0.453413 -0.0274843 0.890877
1 9.67561 12.8194 1.60328 -0.289255 -0.227941 -0.929717
1 3.35383 13.9778 1.76785 -0.0435205 0.639961 0.767174
1 12.2377 27.6316 1.75933 -0.0406676 0.656999 0.752794
1 3.00542 7.03566 1.61107 0.411141 -0.199707 -0.889427
1 15.0979 6.14132 1.75075 0.620182 -0.369624 0.691919
1 27.5945 19.5415 1.60867 0.104746 -0.12267 -0.986904
1 15.8212 10.0297 1.76009 0.124982 -0.229966 0.96514
1 2.95083 33.0314 1.60911 -0.430689 0.104051 -0.896482
1 15.035 9.45997 1.7578 0.169761 -0.353738 0.91981
1 28.4299 1.31249 1.75894 -0.152908 0.0178183 0.98808
1 33.3131 10.9052 1.7589 0.448492 -0.156001 0.880068
1 9.11544 32.4183 1.59031 -0.645239 -0.523694 -0.556248
1 14.9014 29.1018 1.75379 0.513632 -0.371968 0.773189
1 18.8873 1.94057 1.7577 -0.312191 0.21534 0.925292
1 13.698 4.13241 1.6003 -0.0525843 -0.671867 -0.738803
1 21.2055 0.264568 1.73894 -0.0707565 0.599654 0.797125
1 12.8231 8.40529 1.76752 0.393575 -0.765443 0.509112
1 13.4962 20.7249 1.6139 -0.228645 0.611041 -0.757859
1 4.99117 17.4282 1.61866 0.391464 0.672952 -0.627608
1 14.0695 9.50717 1.75959 0.174191 -0.515429 0.839041
1 4.33744 24.1263 1.6737 0.671337 -0.430922 0.603003
1 31.7413 33.0597 1.72724 0.402946 0.479836 0.779354
1 10.9247 15.8026 1.61257 -0.0331761 -0.313527 -0.948999
1 8.0335 1.70323 1.61057 -0.490434 0.474678 -0.730859
1 34.0793 1.21534 1.62546 -0.137218 0.715381 -0.685128
1 26.4357 6.12662 1.61177 -0.368721 -0.27428 -0.888153
1 31.1481 21.52 1.59848 0.35426 -0.708875 -0.609915
1 30.6663 32.9501 1.7539 0.412732 0.314494 0.854837
1 6.95964 1.21457 1.61033 0.35109 -0.481906 -0.802809
1 10.8849 30.0178 1.75611 -0.476218 0.437298 0.76288
1 14.2146 15.9907 1.75675 -0.508192 -0.613097 0.604858
1 1.81458 15.172 1.76225 -0.310005 0.328551 0.892161
1 17.7228 5.6048 1.75757 0.70956 0.0974531 0.697874
1 25.1208 8.50012 1.60737 0.00579795 0.0103501 -0.99993
1 0.22118 1.92103 1.61925 -0.172867 0.488254 -0.855409
1 24.3543 7.7612 1.60794 -0.0715426 0.100197 -0.992392
1 9.42609 31.6209 1.77353 -0.792279 0.0592436 0.607275
1 9.37571 17.8764 1.60918 0.2431 -0.0311313 -0.969502
1 20.5759 21.0985 1.59961 -0.160747 -0.740318 -0.652755
1 11.8415 20.0145 1.61516 0.462194 -0.4505 -0.763824
1 8.38639 5.99084 1.60968 0.210453 0.381427 -0.900124
1 31.1864 25.4598 1.60968 -0.38868 0.291793 -0.873948
1 3.89747 3.1088 1.61029 -0.204656 -0.259991 -0.943674
1 17.7673 9.40063 1.75855 0.241311 0.0749085 0.967552
1 24.283 9.00016 1.60799 0.0627358 0.172454 -0.983018
1 24.5443 0.925359 1.75664 -0.114937 -0.489417 0.864442
1 16.4228 24.4496 1.60885 0.293959 0.041745 -0.954906
1 33.7412 14.4316 1.75991 -0.245443 -0.0842765 0.965741
1 24.5935 28.5161 1.75949 -0.141806 -0.030713 0.989418
1 27.4051 13.4833 1.62655 0.734904 -0.32872 -0.593178
1 24.1713 20.2806 1.61255 0.199916 0.360252 -0.911182
1 14.6583 32.2718 1.75841 0.0792327 -0.312938 0.946463
1 28.7093 10.1454 1.61554 0.232498 -0.553475 -0.799756
1 25.8476 11.3257 1.60718 0.369218 -0.0804502 -0.925854
1 16.1162 20.4388 1.60741 -0.297573 0.0734852 -0.951867
1 30.2824 25.0983 1.61586 -0.342654 0.520178 -0.782306
1 28.316 4.17866 1.7659 -0.71068 -0.158016 0.68554
1 3.07375 15.1614 1.75703 -0.259995 0.535219 0.803706
1 7.72096 28.3245 1.75771 -0.2055 -0.0214986 0.978421
1 30.0365 33.6582 1.76009 0.281878 0.235994 0.929974
1 6.32903 31.6539 1.60887 -0.636545 -0.370396 -0.676475
1 0.970264 16.0007 1.74466 -0.53536 0.180385 0.825137
1 32.4396 24.5934 1.61769 -0.595054 -0.0230527 -0.803355
1 27.7491 9.97437 1.61043 0.214581 -0.403172 -0.889611
1 25.6628 25.1225 1.75608 0.487677 0.131682 0.863036
1 2.17721 2.73214 1.61554 -0.143776 0.0718684 -0.986997
1 5.96961 24.9376 1.74901 0.35383 -0.316183 0.880246
1 20.5662 16.4874 1.759 -0.612318 0.370229 0.698568
1 21.8097 6.02946 1.62463 -0.134107 0.529175 -0.837848
1 0.805317 23.8066 1.75655 -0.571193 -0.123936 0.811405
1 30.6363 12.5515 1.76066 0.11756 -0.535845 0.836092
1 29.3459 6.61413 1.61118 -0.290196 -0.741946 -0.604403
1 21.9504 4.64841 1.60344 -0.284132 0.503235 -0.816103
1 19.7777 11.758 1.76042 0.0253112 0.342971 0.939005
1 14.1214 33.2331 1.75737 -0.0392663 -0.391944 0.919151
1 31.1698 5.82366 1.59558 0.027552 0.491966 -0.870178
1 10.3904 27.5797 1.75794 -0.0534538 0.365336 0.92934
1 2.91646 30.4042 1.76809 0.695579 -0.378903 0.610411
1 29.1218 22.124 1.61584 0.501056 -0.291098 -0.814988
1 8.77824 28.3246 1.75767 -0.198104 0.123053 0.972426
1 0.615775 18.2119 1.75963 0.393881 -0.194677 0.898309
1 30.5547 1.11757 1.75906 -0.0871181 0.30821 0.947321
1 2.1437 19.2261 1.75884 0.182321 0.0247883 0.982927
1 20.369 25.0642 1.6106 0.441185 -0.55336 -0.706505
1 6.66912 28.157 1.75768 -0.182067 -0.157067 0.97066
1 28.4938 8.92594 1.61548 0.0666599 -0.561474 -0.824805
1 15.3201 31.4015 1.75863 0.200494 -0.23294 0.951599
1 30.2376 13.7589 1.76008 -0.0949535 -0.60469 0.79078
1 17.0722 20.6586 1.60813 -0.261258 -0.0920424 -0.960871
1 34.2598 30.1221 1.61233 0.274293 -0.266744 -0.923911
1 30.5439 26.4153 1.61043 -0.242906 0.457025 -0.855643
1 12.2414 1.99453 1.62137 -0.452568 -0.426273 -0.783246
1 22.333 32.6974 1.75212 0.0774918 0.789073 0.609392
1 23.7334 13.7783 1.63314 0.721885 0.127702 -0.680128
1 26.2999 20.889 1.60984 0.308152 0.093114 -0.946769
1 33.6121 33.0477 1.72183 -0.632661 0.317855 0.706193
1 33.5 28.4238 1.60826 0.00854479 -0.158202 -0.98737
1 8.74979 30.1064 1.75389 -0.507787 0.0750904 0.858204
1 33.8999 21.3385 1.75699 -0.14945 -0.436393 0.887257
1 2.23985 7.82226 1.61414 0.54478 -0.0508196 -0.837037
1 1.06283 12.5532 1.75932 0.12214 0.199446 0.972267
1 32.245 34.2163 1.75516 0.196146 0.538322 0.819595
1 15.1904 17.2197 1.74635 -0.716669 -0.39081 0.577627
1 19.3456 7.57458 1.74896 0.485713 0.417649 0.767888
1 3.49891 0.0660822 1.60347 -0.148928 0.0610298 -0.986963
1 29.9965 27.5224 1.6089 -0.0486896 0.508359 -0.859767
1 26.3879 1.67709 1.75771 -0.271693 -0.250895 0.929104
1 24.952 10.7327 1.60864 0.269755 0.0884311 -0.95886
1 27.4161 5.75921 1.61617 -0.450403 -0.42737 -0.783895
1 26.9276 26.6565 1.75731 0.235093 0.396171 0.88757
1 23.6354 31.0787 1.75474 -0.59572 -0.196999 0.778658
1 18.102 31.0194 1.75949 0.284013 0.121204 0.951129
1 2.62444 4.2692 1.61436 -0.000631595 -0.0975366 -0.995232
1 6.89957 10.5812 1.6152 -0.489402 0.192135 -0.850629
1 1.08684 21.8315 1.75828 -0.254201 -0.114556 0.960343
1 20.7718 9.65488 1.74436 0.218383 0.659751 0.719053
1 5.92739 20.0667 1.75751 0.285345 0.631467 0.720991
1 17.6668 13.3496 1.7608 -0.189228 0.0427898 0.981
1 21.643 14.1919 1.75875 -0.215797 0.599732 0.770554
1 4.15221 10.6681 1.59798 -0.173006 0.812198 -0.557139
1 6.38395 11.5859 1.61034 -0.339677 0.254506 -0.905454
1 12.8599 0.0714348 1.75772 -0.274076 -0.56446 0.778632
1 0.285385 26.9591 1.61413 -0.231799 -0.464428 -0.854737
1 7.3911 2.88014 1.61346 -0.272709 0.606489 -0.746861
1 32.8268 2.89157 1.74381 -0.337377 0.698304 0.631307
1 34.1847 13.5872 1.76028 -0.0833001 -0.0170259 0.996379
1 34.3561 10.1591 1.76084 0.563396 0.0157512 0.826037
1 2.71132 24.9989 1.77928 0.656697 -0.62504 0.421989
1 6.93427 32.7256 1.615 -0.339204 -0.341766 -0.876434
1 24.2768 17.6981 1.60993 -0.202934 0.300639 -0.931898
1 33.8007 23.7998 1.74783 -0.665212 -0.367052 0.650205
1 9.1256 29.1826 1.74577 -0.338595 0.160728 0.927103
1 8.42863 17.5845 1.61203 0.233075 0.113911 -0.965764
1 27.8204 27.4997 1.75245 0.0973968 0.56232 0.821164
1 15.5917 22.7099 1.60914 0.0417866 0.156997 -0.986715
1 24.9123 25.7873 1.75744 0.351454 0.0186497 0.936019
1 25.051 2.81608 1.7503 -0.58808 -0.388504 0.709384
1 20.4309 10.8198 1.74702 0.116865 0.482006 0.868339
1 6.15951 26.1559 1.75462 0.148284 -0.272968 0.950526
1 18.5271 14.4282 1.75751 -0.309999 0.155911 0.937866
1 4.91816 31.1318 1.61344 -0.690394 -0.177656 -0.701281
1 14.0813 30.1093 1.74976 0.355138 -0.460362 0.813599
1 3.12972 2.36179 1.61531 -0.282427 -0.0786828 -0.956057
1 8.92018 0.710112 1.60987 -0.614716 0.259688 -0.744772
1 1.12197 19.0098 1.75597 0.223774 -0.147107 0.963475
1 16.1724 1.66075 1.7596 -0.3733 -0.14536 0.916252
1 4.59853 6.11095 1.6125 0.24829 -0.45632 -0.854473
1 11.2819 24.8846 1.7526 0.35926 0.50688 0.783585
1 16.0728 30.5688 1.75968 0.333048 -0.145828 0.931565
1 21.8562 26.7798 1.76132 0.119746 -0.528034 0.840738
1 32.058 10.5904 1.76175 0.430636 -0.298804 0.851628
1 33.3101 25.7096 1.60622 -0.465695 -0.177725 -0.866915
1 9.3409 10.763 1.6105 -0.557621 -0.22356 -0.799425
1 28.8697 31.5453 1.75841 0.604338 0.120202 0.787608
1 9.222 1.66265 1.61712 -0.471267 0.220233 -0.854052
1 8.59012 11.4589 1.60844 -0.429828 -0.110779 -0.896089
1 10.6337 13.5794 1.61708 -0.198886 -0.349854 -0.915449
1 27.1595 17.4688 1.60841 -0.203257 -0.0857545 -0.975363
1 26.0189 8.08706 1.60964 -0.0589545 -0.145568 -0.98759
1 17.8078 8.35597 1.76499 0.348902 0.118956 0.929579
1 8.2432 30.995 1.75563 -0.666217 -0.0229687 0.745404
1 28.5994 25.7655 1.77514 0.32977 0.740256 0.585896
1 33.1439 5.75502 1.60542 -0.00308097 0.285056 -0.958506
1 1.0063 24.8458 1.58325 0.728835 0.193048 -0.656911
1 33.5234 30.955 1.61349 0.434585 -0.149514 -0.888134
1 34.4956 23.105 1.76172 -0.468003 -0.300486 0.831073
1 7.37409 14.508 1.60995 -0.0693685 0.191328 -0.979072
1 29.5663 12.8243 1.76212 0.0927568 -0.739376 0.666873
1 20.2616 31.5351 1.75215 0.27019 0.429716 0.861592
1 24.9667 9.73304 1.60772 0.140151 0.0613143 -0.98823
1 18.9162 2.98308 1.75333 -0.472383 0.240122 0.848054
1 11.0046 16.946 1.61227 0.094546 -0.321905 -0.942039
1 2.5206 6.06616 1.6076 0.252144 -0.140185 -0.957482
1 11.7546 0.164785 1.73067 -0.463936 -0.654122 0.597401
1 17.3624 25.9645 1.61346 0.550859 -0.0609995 -0.832366
1 7.49086 9.65356 1.62303 -0.661413 0.101426 -0.743132
1 32.7035 8.29643 1.61657 0.672699 0.169815 -0.720166
1 33.8255 26.6833 1.6091 -0.288012 -0.262609 -0.920916
1 27.3628 18.5158 1.60787 -0.0492054 -0.107829 -0.992951
1 8.67303 21.456 1.6071 0.720862 0.145045 -0.677731
1 13.6132 11.9555 1.75282 -0.195087 -0.607756 0.769788
1 27.1043 4.57509 1.60199 -0.672443 -0.430149 -0.602322
1 11.4274 32.6906 1.74521 0.0563123 -0.761614 0.645579
1 23.8838 15.7258 1.61058 -0.470623 0.378581 -0.796988
1 1.15741 9.72055 1.74916 0.596431 0.250879 0.76245
1 32.3681 11.571 1.75984 0.26753 -0.27801 0.922571
1 33.5105 17.5459 1.75264 0.57665 -0.444828 0.685276
1 29.9726 10.1109 1.62394 0.372015 -0.772667 -0.514384
1 9.21979 23.626 1.76086 0.57174 0.217027 0.791209
1 32.6207 29.1935 1.60769 0.161738 0.0335015 -0.986265
1 7.35952 27.395 1.75963 -0.0487517 -0.0712419 0.996267
1 13.0888 2.96539 1.59918 -0.284154 -0.593242 -0.753207
1 15.7411 15.2406 1.75638 -0.454901 -0.292429 0.84116
1 25.0515 22.3989 1.61645 0.584992 0.226937 -0.778642
1 0.197907 17.3127 1.75093 0.59373 -0.217384 0.774745
1 17.4433 33.6556 1.75891 -0.0431275 0.0209926 0.998849
1 22.7267 28.4706 1.75343 -0.1718 -0.346671 0.922119
1 23.5044 27.0958 1.75788 0.0886746 -0.21269 0.973088
1 8.18913 19.3981 1.60802 0.459941 0.252699 -0.851233
1 9.4177 6.43901 1.61181 0.30234 0.172123 -0.937531
1 0.272755 21.1176 1.75681 -0.12776 -0.269602 0.954459
1 15.525 19.6532 1.61024 -0.428993 0.185754 -0.884003
1 27.5741 8.86734 1.61038 0.0517382 -0.403435 -0.913544
1 19.4179 12.7383 1.75436 -0.065043 0.274942 0.959258
1 26.7673 20.0471 1.60642 0.180088 -0.00255901 -0.983647
1 4.02379 18.0116 1.75807 0.51654 0.338482 0.786522
1 13.5204 24.0312 1.60816 0.296552 0.531632 -0.793363
1 13.1199 24.8856 1.78208 -0.450256 -0.595482 0.665335
1 17.4855 28.3756 1.74662 0.67804 0.040605 0.733903
1 34.1469 18.2642 1.75827 0.410031 -0.381263 0.828561
1 9.79011 7.39982 1.61158 0.471696 0.0964138 -0.876475
1 4.5057 3.9995 1.6099 -0.0885367 -0.40586 -0.909637
1 18.8072 4.10658 1.75561 -0.639145 0.238488 0.731175
1 9.71128 13.8826 1.6074 -0.146958 -0.196355 -0.969457
1 25.7703 21.6961 1.61459 0.437437 0.175576 -0.881942
1 11.3049 21.5674 1.60538 0.551912 -0.42423 -0.717929
1 4.46637 34.301 1.60013 -0.0548171 -0.0476612 -0.997358
1 31.2823 24.3448 1.61486 -0.541929 0.288063 -0.789514
1 15.8212 29.5934 1.75706 0.464578 -0.204516 0.861592
1 25.3629 17.8394 1.60949 -0.179513 0.15675 -0.971187
1 11.7131 17.6132 1.61271 0.174802 -0.451613 -0.874923
1 12.4699 18.2228 1.61296 0.249246 -0.56752 -0.784728
1 27.0644 3.47049 1.75311 -0.614317 -0.235788 0.753006
1 1.98746 5.04874 1.61022 0.115066 -0.0519803 -0.991997
1 22.9432 16.55 1.60764 -0.335704 0.522412 -0.78383
1 19.9008 29.4646 1.76281 0.508666 0.465191 0.72447
1 25.958 26.1375 1.75764 0.304218 0.202938 0.930735
1 12.7299 4.03482 1.61273 -0.0825256 -0.493074 -0.866065
1 0.613363 29.6083 1.60857 0.187135 -0.449895 -0.873255
1 8.97156 33.5128 1.59043 -0.397848 -0.601363 -0.692877
1 27.0749 16.4197 1.6086 -0.357601 -0.0581898 -0.93206
1 30.731 29.4682 1.60913 0.253426 0.353895 -0.900297
1 23.4001 9.43175 1.61159 0.0605894 0.393863 -0.91717
1 22.4805 9.08856 1.63 0.0841349 0.609366 -0.788413
1 8.35765 16.5323 1.61113 0.113206 0.10706 -0.987787
1 22.9302 4.02984 1.61463 -0.460792 0.321698 -0.827152
1 3.41609 12.5714 1.76853 0.140163 0.688297 0.711759
1 10.4379 33.1364 1.59298 0.239166 -0.80884 -0.537194
1 16.0735 14.3281 1.74928 -0.341696 -0.198844 0.918534
1 12.0789 31.4245 1.73884 0.322295 -0.675053 0.663649
1 5.09068 18.9817 1.76245 0.450052 0.500397 0.739632
1 6.33969 27.1654 1.75873 -0.0183222 -0.215029 0.976436
1 15.9647 4.54754 1.73904 -0.773307 -0.200942 0.601348
1 10.8239 9.35779 1.61748 -0.834725 -0.261522 -0.484603
1 14.6815 10.4648 1.75602 0.0308981 -0.411118 0.911058
1 31.1553 30.5168 1.61971 0.456974 0.332302 -0.825076
1 22.8258 26.3408 1.75755 0.209759 -0.341164 0.916301
1 11.101 26.8371 1.75808 0.0878788 0.483064 0.871164
1 4.03128 22.1173 1.75579 -0.309188 0.360749 0.879922
1 8.21021 8.7258 1.61359 0.749571 0.235699 -0.618538
1 28.8825 33.4462 1.75993 0.32485 0.106778 0.939718
1 10.7831 20.6303 1.6066 0.524048 -0.236873 -0.818086
1 27.9439 22.4633 1.61514 0.591915 -0.0808069 -0.801939
1 20.6988 1.39431 1.7538 -0.226589 0.507004 0.831628
1 12.4863 15.6592 1.61433 -0.126666 -0.574372 -0.808735
1 3.34942 8.16923 1.62163 0.610983 -0.213501 -0.762311
1 18.8147 8.32342 1.75537 0.380666 0.291167 0.877676
1 17.2691 12.4222 1.76035 -0.0937523 -0.0115632 0.995528
1 11.9124 6.57876 1.61481 0.376375 -0.293386 -0.878787
1 7.60404 0.0632152 1.61516 0.0820168 -0.518147 -0.85135
1 18.6607 30.2093 1.75501 0.401092 0.197736 0.894441
1 31.6947 19.1815 1.60989 0.141028 -0.770305 -0.621886
1 30.9885 27.3129 1.61258 -0.131123 0.313345 -0.940543
1 1.74568 32.0531 1.61587 -0.641457 0.375621 -0.668911
1 21.9879 31.1658 1.74026 0.387688 0.721829 0.57329
1 31.1665 33.9206 1.75751 0.237447 0.374852 0.896161
1 16.4981 22.3529 1.60784 -0.0150344 0.0160882 -0.999758
1 26.3593 18.0909 1.60787 -0.12013 0.0243072 -0.992461
1 28.1529 17.9434 1.60897 -0.131292 -0.219402 -0.96676
1 19.0227 22.5781 1.60625 0.0444104 -0.40626 -0.912678
1 18.281 26.6095 1.60352 0.709859 -0.128414 -0.692539
1 10.424 23.7992 1.76003 0.544785 0.433018 0.718126
1 0.562605 33.1067 1.61814 -0.565853 0.525931 -0.634986
1 3.95073 21.1208 1.7604 -0.113422 0.334803 0.935437
1 20.9784 29.5041 1.70155 0.485419 0.67933 0.550344
1 19.9474 28.2306 1.74959 0.67128 0.478444 0.566104
1 16.5778 10.6706 1.75996 0.0669359 -0.108415 0.99185
1 33.7301 19.3113 1.76009 0.212841 -0.478242 0.852046
1 27.6441 31.579 1.75278 0.605685 -0.0866549 0.790972
1 14.9911 14.1009 1.74852 -0.329343 -0.376605 0.865853
1 22.6133 27.4277 1.75844 0.0155246 -0.369267 0.929194
1 34.4785 7.1554 1.61215 0.316699 0.159787 -0.934971
1 7.54275 30.0928 1.75364 -0.529231 -0.109516 0.84138
1 29.0353 7.8291 1.61032 -0.119138 -0.629602 -0.767729
1 0.724577 11.61 1.76006 0.283342 0.157938 0.945924
1 0.0524999 22.1204 1.75673 -0.298845 -0.281073 0.91197
1 18.8421 21.5237 1.60406 -0.12696 -0.407842 -0.904183
1 29.9901 17.8808 1.60806 -0.148998 -0.499971 -0.853129
1 14.9386 8.4161 1.75052 0.314031 -0.400615 0.860751
1 1.72908 13.3292 1.76056 0.005158 0.328076 0.944637
1 12.8899 12.7122 1.74248 -0.246759 -0.76416 0.595961
1 21.7772 27.9601 1.76237 -0.101943 -0.508732 0.854868
1 30.209 8.36763 1.63994 -0.255059 -0.783247 -0.566983
1 23.1715 12.8033 1.59095 0.567303 0.356472 -0.742358
1 10.1069 26.5646 1.7567 0.106106 0.313506 0.94364
1 2.18712 20.4443 1.76037 -0.0160611 0.0440727 0.998899
1 7.74871 18.3206 1.61165 0.333222 0.253779 -0.908052
1 7.47576 11.4219 1.60784 -0.404086 0.0684976 -0.912153
1 15.0205 18.7624 1.60772 -0.517234 0.334384 -0.787818
1 32.8947 21.432 1.7534 -0.155845 -0.617509 0.77097
1 10.1919 5.76944 1.60797 0.193032 0.019578 -0.980997
1 2.78781 34.0168 1.60723 -0.304091 0.137246 -0.942705
1 18.127 1.24974 1.75889 -0.248781 0.102713 0.963098
1 17.8728 16.4197 1.75833 -0.589949 0.0282657 0.806946
1 28.4306 5.44713 1.61735 -0.498257 -0.572798 -0.650878
1 2.26589 15.9754 1.73604 -0.454815 0.367047 0.811431
1 27.79 33.3295 1.75858 0.314204 -0.0527104 0.947891
1 2.86319 17.8951 1.76909 0.442119 0.120653 0.888804
1 3.57006 4.15833 1.61194 -0.0365649 -0.254344 -0.966422
1 26.7356 33.4858 1.7563 0.267792 -0.185399 0.945471
1 31.6423 15.9148 1.7692 -0.598731 -0.445539 0.665595
1 11.1786 1.3575 1.61524 -0.527308 -0.202615 -0.825163
1 19.0947 5.62447 1.7711 0.709082 0.374954 0.597171
1 16.5479 16.9512 1.75253 -0.734648 -0.12294 0.667216
1 8.70027 25.5493 1.75995 0.255246 0.102945 0.96138
1 13.6827 10.6801 1.75563 -6.29559e-05 -0.59326 0.805011
1 11.5881 8.38027 1.61023 0.666989 -0.256053 -0.699688
1 0.143829 12.8387 1.75955 0.0656504 0.0552417 0.996312
1 33.5714 22.4081 1.75816 -0.321811 -0.451399 0.832272
1 16.814 0.797497 1.7602 -0.247324 -0.0376223 0.968202
1 2.98003 32.0522 1.61368 -0.552139 0.168858 -0.816474
1 34.4703 28.897 1.60988 0.082869 -0.314624 -0.945592
1 26.6755 22.5761 1.61679 0.631906 0.147588 -0.760863
1 20.8267 30.7032 1.74046 0.381228 0.534783 0.754103
1 21.3902 3.68744 1.63817 -0.947544 0.319183 0.0168239
1 5.65079 27.8755 1.7591 -0.147292 -0.291473 0.945171
1 17.44 18.9642 1.60547 -0.58356 -0.167075 -0.794697
1 0.92099 26.1002 1.61176 -0.410824 -0.579719 -0.703669
1 10.6887 12.4586 1.60747 -0.321552 -0.431283 -0.84297
1 9.46061 2.71297 1.60626 -0.316559 0.170205 -0.933178
1 2.22053 1.47143 1.75889 0.121891 -0.201218 0.971933
1 22.6981 7.81119 1.61712 -0.0189456 0.376833 -0.926088
1 17.5357 30.0769 1.75155 0.413542 0.0372438 0.909723
1 31.7114 14.3418 1.7548 -0.238848 -0.392675 0.88812
1 27.7598 12.2249 1.61363 0.549123 -0.424163 -0.720104
1 10.737 28.9343 1.75789 -0.283441 0.400481 0.871365
1 16.8218 8.53424 1.76088 0.308009 -0.0509984 0.950016
1 25.4347 6.51249 1.6041 -0.287149 -0.0978483 -0.952875
1 2.0946 21.4081 1.75916 -0.183903 0.043288 0.981991
1 5.99834 33.0628 1.61331 -0.241192 -0.233605 -0.941942
1 32.9345 18.7777 1.74389 0.329091 -0.619039 0.713085
1 0.52067 28.1007 1.61949 -0.0272019 -0.478072 -0.8779
1 6.65645 16.5075 1.61043 0.152463 0.398126 -0.904572
1 29.4098 24.7232 1.60332 -0.263963 0.7261 -0.634904
1 2.17749 8.79926 1.62684 0.719192 0.0603441 -0.692186
1 15.7436 0.692977 1.76158 -0.253125 -0.178298 0.950861
1 23.8322 30.1292 1.74862 -0.429516 -0.163183 0.888193
1 31.5792 31.5781 1.61966 0.628245 0.230482 -0.743092
1 7.81271 7.65232 1.60467 0.526777 0.4216 -0.738078
1 16.6997 19.6657 1.60509 -0.44446 -0.0333556 -0.895177
1 15.7345 32.3789 1.75925 0.0648632 -0.162573 0.984562
1 27.6505 23.4392 1.60703 0.73906 -0.0120422 -0.673532
1 18.144 7.38519 1.75516 0.491594 0.175833 0.852888
1 5.81967 16.9896 1.61417 0.251614 0.561343 -0.788406
1 18.5908 11.3927 1.75774 0.0346508 0.179454 0.983156
1 24.6375 18.6169 1.60765 -0.0588119 0.264003 -0.962727
1 32.4233 20.1653 1.74937 0.112872 -0.726981 0.677318
1 0.139148 32.2795 1.78321 -0.51775 0.553622 0.652256
1 3.87705 20.1058 1.759 0.0896921 0.326455 0.940948
1 24.0188 12.2643 1.60694 0.481344 0.234972 -0.84445
1 1.74865 34.3614 1.60133 -0.343682 0.318963 -0.883258
1 16.1305 6.72835 1.75513 0.5407 -0.195327 0.818224
1 15.5662 11.0557 1.75803 -0.00666513 -0.269373 0.963013
1 18.6012 6.50564 1.75429 0.602362 0.271082 0.750783
1 18.8091 20.3424 1.60696 -0.310221 -0.399804 -0.862508
1 6.09501 34.0592 1.60969 -0.0246605 -0.25949 -0.965431
1 0.547941 20.1027 1.75715 0.0436606 -0.240508 0.969665
1 7.53863 17.0901 1.61097 0.207753 0.261243 -0.942651
1 4.87467 20.057 1.7603 0.186097 0.490722 0.851211
1 34.3938 11.9913 1.75916 0.22164 0.0116141 0.975059
1 6.78121 15.4044 1.61279 0.00223446 0.324024 -0.946046
1 28.6899 12.6131 1.61851 0.520237 -0.637338 -0.568465
1 9.25687 16.8848 1.60868 0.130466 -0.0383388 -0.990711
1 16.2148 18.797 1.61935 -0.598362 0.0587305 -0.79907
1 16.3711 25.4643 1.60932 0.455313 0.0682 -0.887715
1 17.3307 22.8679 1.60782 0.0574853 -0.120462 -0.991052
1 16.9453 17.9453 1.69708 -0.882887 -0.156718 0.442663
1 4.92267 3.06635 1.61199 -0.276705 -0.435902 -0.856402
1 1.76489 33.1959 1.61014 -0.510711 0.312799 -0.800832
1 28.2367 34.2104 1.75868 0.163696 0.00738539 0.986483
1 6.84173 20.9135 1.59127 -0.233369 -0.792352 -0.563664
1 3.62497 27.8305 1.76775 -0.229693 -0.594065 0.770927
1 23.0738 10.4791 1.61412 0.199635 0.479945 -0.854282
1 25.1964 26.8082 1.75969 0.166401 0.0797914 0.982824
1 30.4529 23.746 1.60969 -0.549338 0.51615 -0.657128
1 26.2374 34.6132 1.75926 0.0605277 -0.267725 0.961592
1 33.354 15.363 1.76252 -0.421832 -0.155948 0.893162
1 19.9137 3.32772 1.74802 -0.521332 0.404327 0.751487
1 0.112221 19.1809 1.75516 0.213266 -0.316288 0.92438
1 3.56188 31.1091 1.60854 -0.689102 0.106485 -0.716798
1 3.2489 1.02566 1.61866 -0.0341256 0.076903 -0.996454
1 15.0264 30.4062 1.75516 0.331759 -0.305972 0.892366
1 1.07296 7.73899 1.61776 0.519474 0.14431 -0.842212
1 14.5444 24.243 1.61692 0.259566 0.350252 -0.899972
1 1.24442 20.8554 1.75955 -0.0899333 -0.107931 0.990082
1 17.2339 1.75633 1.7597 -0.336438 -0.00210797 0.941703
1 33.3964 11.8298 1.76222 0.259834 -0.134204 0.956282
1 13.0606 5.11848 1.6105 0.120239 -0.521248 -0.844893
1 29.1644 20.8523 1.60998 0.320112 -0.321483 -0.891166
1 32.2505 6.30493 1.6103 0.124923 0.375758 -0.918259
1 17.351 23.8961 1.60895 0.21826 -0.107257 -0.969979
1 20.1109 5.36364 1.59029 0.0894155 0.822594 -0.561556
1 7.00921 29.1308 1.75534 -0.351874 -0.137584 0.925881
1 12.0592 29.9026 1.70376 -0.494959 0.628611 0.599887
1 30.9576 17.8054 1.61716 -0.16779 -0.652514 -0.738967
1 9.71142 30.6753 1.76163 -0.632517 0.190092 0.750858
1 25.0742 34.5966 1.75759 0.0602051 -0.409683 0.910239
1 20.627 33.8819 1.74969 0.0150247 0.470928 0.882044
1 34.4249 25.8651 1.61403 -0.409144 -0.384203 -0.827641
1 0.344574 3.01816 1.61929 -0.0472008 0.399796 -0.915388
1 5.20049 33.6636 1.60639 -0.148024 -0.130389 -0.980351
1 16.6861 13.5867 1.76074 -0.24432 -0.0944436 0.965085
1 18.3388 24.2927 1.61293 0.298873 -0.248371 -0.921405
1 19.3826 24.6513 1.61254 0.383895 -0.400651 -0.831928
1 8.37612 27.4783 1.75907 -0.0562828 0.0700393 0.995955
1 0.983543 5.01894 1.61703 0.0960207 0.0831527 -0.9919
1 15.4213 12.1006 1.75996 -0.134882 -0.297629 0.945105
1 1.20082 1.99273 1.60875 -0.130325 0.3321 -0.934197
1 26.7867 9.79543 1.60669 0.172214 -0.241969 -0.954879
1 8.45258 2.5876 1.61623 -0.342837 0.386155 -0.856357
1 15.433 3.42168 1.74026 -0.598824 -0.401971 0.692697
1 31.6039 28.0482 1.61029 -0.0239454 0.181126 -0.983168
1 1.38365 0.859153 1.60551 -0.227455 0.356294 -0.906266
1 3.56919 6.11526 1.60981 0.256734 -0.294106 -0.920646
1 15.7583 34.2798 1.75746 -0.142376 -0.174761 0.974263
1 0.199884 14.3205 1.75871 -0.210473 0.0793053 0.974378
1 8.82234 13.3507 1.60623 -0.195903 -0.0813062 -0.977247
1 9.13403 4.43583 1.60719 -0.03418 0.22167 -0.974523
1 34.0922 5.27512 1.6141 -0.0586843 0.148761 -0.98713
1 6.80936 13.6531 1.60924 -0.163807 0.254718 -0.95304
1 26.7502 10.8711 1.76693 -0.326612 0.240157 0.914138
1 10.9129 18.3977 1.61124 0.273486 -0.278217 -0.920761
1 27.5841 24.8902 1.75781 0.461461 0.47727 0.747841
1 0.788602 10.6066 1.75848 0.454257 0.174651 0.873583
1 31.9417 29.9562 1.61578 0.321794 0.180864 -0.929374
1 25.7545 33.8041 1.7492 0.21905 -0.314247 0.923724
1 29.3979 34.3651 1.76075 0.147716 0.144948 0.978351
1 26.1647 2.62724 1.75783 -0.435146 -0.288055 0.853037
1 28.3136 32.4461 1.75796 0.470184 0.0174155 0.882397
1 15.9342 7.83651 1.75425 0.401207 -0.224591 0.888027
1 28.361 2.2599 1.75659 -0.335854 -0.00731739 0.941886
1 13.9109 8.35845 1.75471 0.349177 -0.583083 0.733546
1 8.0849 29.2496 1.75571 -0.362456 0.00394707 0.931993
1 16.7792 34.3991 1.7594 -0.134744 -0.0542723 0.989393
1 34.5287 9.25969 1.75095 0.722942 0.0575987 0.688503
1 0.833891 6.75502 1.60785 0.312824 0.0716515 -0.947105
1 12.9914 30.1757 1.73517 0.441439 -0.600491 0.66674
1 7.88843 24.7663 1.7559 0.381005 -0.0199578 0.924358
1 32.2861 15.2752 1.76496 -0.441485 -0.343154 0.829058
1 29.84 15.444 1.61304 -0.549308 -0.485446 -0.680149
1 12.9298 19.17 1.59852 0.3725 -0.657785 -0.654647
1 31.4135 0.329372 1.75841 0.050469 0.418065 0.907014
1 21.0772 26.2887 1.60989 -0.202099 0.679137 -0.705641
1 16.6533 3.65376 1.75604 -0.60626 -0.154164 0.780181
1 24.464 27.5055 1.75984 0.0341888 -0.0507591 0.998126
1 5.12343 9.81233 1.60841 -0.351373 0.606993 -0.712809
1 1.87559 18.3098 1.7519 0.340022 -0.0180407 0.940244
1 3.6791 29.0858 1.75233 -0.502425 -0.514683 0.694745
1 10.5064 6.70265 1.61315 0.362694 -0.0350419 -0.931249
1 20.7193 12.1527 1.75812 0.0951878 0.530057 0.842602
1 20.2359 0.32213 1.75385 -0.097906 0.421054 0.901736
1 19.8999 17.525 1.75122 -0.784298 0.17484 0.595237
1 28.2449 3.20818 1.75005 -0.529776 -0.0450445 0.846941
1 18.8519 0.52134 1.75812 -0.155471 0.203102 0.966736
1 5.05671 22.2809 1.75014 -0.282611 0.53098 0.798869
1 9.9106 29.6996 1.76419 -0.440264 0.268555 0.856765
1 10.2611 1.96269 1.61 -0.430675 -0.00777652 -0.902474
1 26.5689 12.8658 1.61149 0.641341 -0.193114 -0.742556
1 33.322 20.3702 1.76092 0.0245294 -0.559645 0.828369
1 13.845 0.880476 1.7474 -0.430824 -0.458145 0.777492
1 23.0881 34.2885 1.74226 0.145842 -0.737485 0.659428
1 22.6477 5.35613 1.61567 -0.265855 0.339302 -0.902328
1 24.5743 21.348 1.61488 0.391125 0.3115 -0.866019
1 11.6303 13.5975 1.63478 -0.237424 -0.505659 -0.829421
1 26.6526 8.80843 1.60765 0.0342798 -0.241657 -0.969756
1 34.1934 16.1375 1.74863 -0.581279 0.0200197 0.813458
1 4.89681 13.5459 1.68056 -0.162038 0.59928 -0.783969
1 17.8476 3.48797 1.75507 -0.567422 0.0562844 0.821501
1 26.1657 17.031 1.60867 -0.278913 0.0500427 -0.959012
1 1.34476 28.6889 1.61786 0.0778677 -0.611251 -0.787597
1 14.3213 21.2306 1.61337 -0.176525 0.396679 -0.900824
1 32.6836 22.8952 1.75637 -0.396302 -0.574656 0.716041
1 12.9085 28.5151 1.74632 -0.260785 0.746648 0.611971
1 4.67489 28.0293 1.76012 -0.23469 -0.414575 0.879231
1 21.8393 7.30536 1.6147 -0.00369563 0.519083 -0.854716
1 28.8668 11.283 1.61788 0.397155 -0.564483 -0.723621
1 16.2572 33.4036 1.75925 -0.0412753 -0.0951519 0.994607
1 11.79 16.3737 1.61276 -0.0128676 -0.456836 -0.889458
1 27.2896 2.50878 1.75616 -0.416605 -0.153969 0.895954
1 29.1393 16.1064 1.61757 -0.422228 -0.364618 -0.829926
1 4.94173 24.8511 1.75193 0.415479 -0.468068 0.779929
1 13.1268 33.4095 1.75743 -0.0580022 -0.537819 0.841063
1 24.0345 1.99882 1.74677 -0.320366 -0.539156 0.778894
1 29.6416 0.779927 1.75994 -0.0387762 0.17996 0.982909
1 19.9028 6.85139 1.77185 0.568552 0.5449 0.616305
1 31.1464 2.41118 1.76419 -0.311085 0.392856 0.865384
1 13.4507 18.0057 1.77919 -0.163042 0.734626 0.658591
1 15.1247 27.9175 1.75169 0.686932 -0.340163 0.642195
1 2.4188 0.461829 1.60635 -0.21636 0.192283 -0.957192
1 19.3733 10.7839 1.75174 0.126537 0.294184 0.947335
1 24.2568 26.5061 1.75869 0.201754 -0.0829491 0.975917
1 4.82323 29.0808 1.76028 -0.450807 -0.357803 0.817771
1 9.90644 18.7433 1.60942 0.347251 -0.104126 -0.931973
1 0.247434 30.9178 1.60891 0.343271 -0.42448 -0.837844
1 32.2628 5.27912 1.59739 -0.151491 0.408448 -0.900123
1 23.6919 25.717 1.7586 0.335294 -0.180851 0.924592
1 20.5805 32.6808 1.75485 0.144481 0.480917 0.86478
1 23.8876 11.2176 1.61094 0.310221 0.289152 -0.905624
1 18.0067 20.9785 1.60952 -0.201094 -0.253705 -0.946147
1 6.78619 17.6714 1.6123 0.315804 0.402445 -0.859247
1 6.61094 0.266155 1.61873 0.180209 -0.332514 -0.925721
1 27.458 1.55787 1.75867 -0.231632 -0.113817 0.966122
1 20.2596 23.7704 1.61128 0.2208 -0.586737 -0.779093
1 23.9232 24.0257 1.77489 0.667368 -0.193724 0.719091
1 12.148 3.06541 1.6186 -0.254919 -0.407546 -0.876882
1 23.1082 24.9127 1.75858 0.458108 -0.286118 0.84159
1 30.414 0.0532794 1.75917 0.0979122 0.280964 0.954711
1 28.2214 21.4558 1.61027 0.426916 -0.159068 -0.890191
1 24.1831 23.0357 1.61411 0.736594 0.280117 -0.6156
1 10.1174 24.7155 1.74658 0.42306 0.326431 0.845259
1 26.9439 27.7444 1.75552 0.0482086 0.398175 0.916042
1 22.7319 1.5883 1.76499 -0.0154907 -0.820082 0.572037
1 17.5556 11.4542 1.75952 0.0204793 0.0298846 0.999344
1 16.853 15.1072 1.75182 -0.441445 -0.102685 0.891393
1 32.7287 14.4028 1.75957 -0.263028 -0.24533 0.933075
1 24.1191 34.4297 1.75657 0.106734 -0.553603 0.825912
1 25.6694 0.848783 1.75998 -0.126612 -0.345752 0.929745
1 30.0712 21.3091 1.62059 0.379095 -0.473687 -0.794926
1 11.3551 3.53079 1.61034 -0.185746 -0.242516 -0.9522
1 6.14925 3.25034 1.63254 -0.288639 -0.653618 -0.699622
1 7.36928 12.417 1.6059 -0.279559 0.108775 -0.953947
1 3.52744 9.16323 1.72404 -0.776012 0.190725 0.601189
1 16.4713 11.6676 1.75919 -0.0369774 -0.123295 0.991681
1 17.7594 0.240298 1.75931 -0.151045 0.0665505 0.986284
1 4.12242 23.1204 1.74746 -0.50502 0.396732 0.766524
1 19.6596 21.0919 1.62686 -0.169444 -0.573462 -0.801517
1 21.9717 16.981 1.77596 0.297105 -0.684068 0.666168
1 2.19147 10.4166 1.74971 0.439064 0.447309 0.77919
1 18.0968 22.2024 1.60761 -0.0337497 -0.26212 -0.964445
1 11.5964 19.0422 1.62508 0.348637 -0.38756 -0.853375
1 23.0813 15.1411 1.73537 0.830837 -0.492902 -0.258374
1 9.00897 15.7782 1.60758 0.0481522 -0.0272634 -0.998468
1 4.51647 0.659292 1.61295 0.153888 0.000128595 -0.988088
1 23.6333 28.0782 1.75799 -0.0803395 -0.193843 0.977737
1 16.3744 5.66826 1.75601 0.683305 -0.132974 0.717922
1 26.2545 5.07699 1.62116 -0.557331 -0.290616 -0.777769
1 10.765 25.7461 1.75354 0.251403 0.407561 0.87789
1 34.0098 2.80605 1.61115 -0.0318924 0.626057 -0.779125
1 21.8728 29.1507 1.75207 -0.312924 -0.557152 0.769195
1 10.1306 0.828579 1.6152 -0.578039 0.0274384 -0.815548
1 19.1165 18.4362 1.74955 -0.896819 -0.0958626 0.431887
1 19.7529 9.8714 1.74388 0.23237 0.400896 0.886164
1 24.7486 30.7389 1.75226 -0.524984 0.0107149 0.851044
1 12.1576 33.6207 1.76545 -0.117418 -0.664885 0.737659
1 4.08449 7.18861 1.61283 0.434308 -0.367415 -0.822425
1 31.9981 21.6638 1.76555 -0.106936 -0.782505 0.613393
1 12.4706 25.51 1.75898 0.413561 0.684451 0.600411
1 31.9148 17.7198 1.62244 -0.165327 -0.77574 -0.609011
1 27.6185 14.3901 1.62262 -0.734476 0.0078487 -0.678589
1 29.6048 26.2146 1.60869 -0.107051 0.713016 -0.692928
1 6.28635 29.8454 1.75417 -0.507279 -0.246628 0.825738
1 17.9685 2.48955 1.75906 -0.413794 0.090763 0.905835
1 27.1359 32.5236 1.75751 0.458956 -0.16765 0.872498
1 17.9561 15.3448 1.75199 -0.441244 0.062472 0.89521
1 15.4023 25.9928 1.60859 0.559067 0.211423 -0.801713
1 24.0148 16.7345 1.61552 -0.342707 0.339347 -0.876011
1 1.45264 19.8869 1.75991 0.0712676 -0.0846078 0.993862
1 22.2313 19.8248 1.60723 0.118155 0.632998 -0.765084
1 3.97399 5.11565 1.60889 0.0927618 -0.353089 -0.93098
1 26.5666 19.0918 1.60683 0.0330336 0.00666736 -0.999432
1 1.32736 27.3807 1.6128 -0.157356 -0.645222 -0.747614
1 30.2026 11.5926 1.75712 0.270429 -0.618447 0.737829
1 14.4493 26.5242 1.61231 0.600179 0.42525 -0.677457
1 23.6419 18.6622 1.60797 -0.0382912 0.406291 -0.912941
1 18.4347 34.0502 1.75879 -0.0516463 0.148635 0.987543
1 10.6002 11.2884 1.60881 -0.467553 -0.445512 -0.763487
1 32.3618 30.9262 1.6169 0.480447 0.101159 -0.87117
1 0.780898 13.5366 1.76021 -0.0514413 0.156343 0.986362
1 0.933925 22.807 1.75769 -0.414994 -0.117639 0.902187
1 22.8733 22.3932 1.60864 0.519194 0.525528 -0.673986
1 3.28091 26.578 1.75761 0.0509136 -0.656177 0.752888
1 19.259 23.599 1.60885 0.214478 -0.413129 -0.885056
1 12.402 20.8633 1.65666 0.414938 -0.700686 -0.580401
1 8.35554 14.232 1.60775 -0.101654 0.0332065 -0.994265
1 17.5198 10.4028 1.76136 0.114455 0.0260588 0.993087
1 4.91887 11.3824 1.61323 -0.235716 0.603274 -0.761905
1 8.05436 23.7999 1.75543 0.54067 0.00976273 0.841178
1 23.9515 33.2829 1.76425 0.319238 -0.579688 0.7497
1 33.2631 6.76419 1.61501 0.235639 0.262083 -0.935835
1 29.8037 29.8637 1.60487 0.358469 0.487093 -0.796392
1 0.802754 34.1002 1.62052 -0.414795 0.463326 -0.783118
1 5.5129 4.09445 1.61539 -0.0968464 -0.596223 -0.796956
1 24.8798 32.351 1.75098 0.520497 -0.412528 0.747598
1 5.64025 5.67304 1.6061 0.140717 -0.640804 -0.754698
1 7.93879 33.5567 1.62309 -0.216249 -0.501177 -0.837889
1 31.4775 1.38921 1.7601 -0.131799 0.436584 0.889957
1 4.91194 5.00398 1.61997 0.0646568 -0.494306 -0.86688
1 6.10376 18.3222 1.6189 0.45688 0.495433 -0.738787
1 2.98407 23.6963 1.74573 -0.591547 0.224934 0.774259
1 3.06257 20.7867 1.7609 -0.072753 0.190717 0.978945
1 17.7874 19.9439 1.60709 -0.39178 -0.216956 -0.894113
1 15.8905 8.90587 1.75925 0.252468 -0.212425 0.944
1 1.98335 12.294 1.75741 0.174549 0.35087 0.920012
1 29.0505 23.3097 1.60656 0.66834 -0.272672 -0.692077
1 27.2214 34.3435 1.75824 0.118033 -0.134926 0.9838
1 9.09813 26.5054 1.75992 0.106909 0.164652 0.980541
1 13.1856 31.2907 1.75272 0.280445 -0.524295 0.804031
1 19.8891 2.25797 1.75756 -0.357181 0.376149 0.854947
1 21.5524 8.69809 1.59463 0.0988672 0.79784 -0.594708
1 34.4056 11.0756 1.75539 0.393127 0.00689743 0.919458
1 18.8217 33.0509 1.76101 0.0411024 0.213833 0.976005
1 1.46806 5.9441 1.60818 0.220744 -0.0116167 -0.975263
1 2.93915 19.807 1.75993 0.101444 0.162889 0.981415
1 21.473 33.327 1.75361 0.0441296 0.629718 0.77557
1 23.2172 19.6806 1.61049 0.107347 0.489267 -0.865503
1 9.05142 8.08492 1.6206 0.576313 0.212337 -0.789161
1 7.79053 13.3627 1.60729 -0.187955 0.0869245 -0.978324
1 1.92661 24.3266 1.75126 -0.674747 0.0398242 0.736974
1 23.5614 0.853553 1.73708 -0.0769299 -0.62972 0.773003
1 27.3325 6.86101 1.61215 -0.262447 -0.401399 -0.877497
1 25.2031 24.1741 1.76184 0.661185 0.0349587 0.749408
1 24.8787 33.4772 1.75135 0.283917 -0.445458 0.849093
1 25.0901 16.8935 1.61236 -0.333318 0.184486 -0.924588
1 11.1868 5.95653 1.60825 0.238498 -0.167051 -0.956668
1 4.31484 25.904 1.76607 0.200358 -0.54408 0.81476
1 32.9801 30.1435 1.60934 0.321809 -0.017716 -0.946639
1 10.3125 8.29789 1.61338 0.63826 -0.00902227 -0.769768
1 4.65844 32.8291 1.60899 -0.374213 -0.107224 -0.921123
1 30.9249 20.3358 1.63003 0.238866 -0.599713 -0.763733
1 13.5466 21.9268 1.61171 -0.0315234 0.495866 -0.867826
1 11.5337 14.9151 1.61224 -0.150213 -0.451445 -0.879565
1 19.729 30.46 1.74129 0.395617 0.356517 0.846394
1 16.7591 9.60583 1.75975 0.193326 -0.0808969 0.977794
1 26.4274 24.458 1.74633 0.594094 0.253094 0.763541
1 15.7436 2.52445 1.74182 -0.500434 -0.257327 0.826649
1 31.2931 11.5054 1.75939 0.270107 -0.433493 0.859724
1 13.5095 14.3415 1.75744 -0.392492 -0.697024 0.600089
1 30.1028 31.932 1.73992 0.631672 0.341932 0.695753
1 14.5514 2.38098 1.74797 -0.425341 -0.464285 0.776868
1 20.9035 22.6294 1.60747 0.0191363 -0.743945 -0.667967
1 5.8382 15.7764 1.61137 0.0585082 0.503108 -0.86224
1 16.9292 29.2514 1.75868 0.526827 -0.0440593 0.84883
1 25.2358 20.6376 1.60994 0.263208 0.226191 -0.937848
1 23.3236 32.659 1.59327 -0.433554 0.659468 -0.614112
1 19.8208 8.79943 1.74298 0.348971 0.476002 0.807243
1 24.9253 14.9183 1.61833 -0.637309 0.277892 -0.718758
1 16.6334 27.5798 1.74077 0.800361 -0.0803846 0.594105
1 6.41454 4.75148 1.62201 -0.0185123 -0.801508 -0.597697
1 16.432 26.6762 1.62103 0.726314 0.0446177 -0.685913
1 9.33899 19.6441 1.61009 0.474465 0.0236904 -0.879955
1 2.67103 27.9951 1.76904 -0.342115 -0.721442 0.602061
1 25.6053 12.3648 1.61675 0.503483 -0.0629228 -0.861711
1 21.7048 21.621 1.60609 0.332915 0.722467 -0.605978
1 10.3106 17.6514 1.61126 0.179511 -0.176831 -0.967733
1 14.245 31.2746 1.75486 0.211528 -0.384597 0.898522
1 13.9361 19.3016 1.63208 -0.404633 0.60716 -0.683834
1 1.90121 6.89513 1.60669 0.384064 -0.0496717 -0.921969
1 28.328 6.67174 1.61338 -0.291019 -0.570508 -0.768003
