1 18.2563 31.6942 1.76073 0.101768 0.130424 0.986222
1 28.6825 22.966 1.60778 0.740472 -0.200844 -0.641376
1 14.0281 9.83807 1.7536 0.225416 -0.600935 0.766854
1 28.6822 17.2611 1.60932 -0.198189 -0.251479 -0.947354
1 9.53048 25.4155 1.7588 0.375148 0.268214 0.887313
1 13.98 15.5492 1.76066 -0.348885 -0.696381 0.627163
1 16.5659 25.8777 1.61228 0.482857 0.00757893 -0.875667
1 23.9794 18.9229 1.61131 0.0393523 0.335338 -0.941276
1 8.83715 0.468361 1.60609 -0.358181 -0.302676 -0.883229
1 32.7684 16.1781 1.75171 -0.612069 -0.296354 0.733175
1 17.0384 6.4782 1.75912 0.570769 -0.178124 0.801558
1 31.9391 12.1639 1.75882 0.0978529 -0.483812 0.869684
1 27.0136 33.5167 1.75738 0.314024 0.128353 0.940699
1 1.19381 8.78439 1.74113 0.678764 0.107708 0.726415
1 15.1777 24.637 1.61106 0.231415 0.203262 -0.951384
1 27.6973 20.2604 1.60839 0.26881 -0.140905 -0.952831
1 15.4855 30.4738 1.76103 0.309244 -0.20829 0.927892
1 23.7487 17.0951 1.61282 -0.26567 0.410406 -0.872345
1 22.035 18.5034 1.60951 -0.0736482 0.606087 -0.791981
1 16.1377 26.7449 1.60002 0.657698 0.0787251 -0.749157
1 19.6938 32.0448 1.75942 0.0552997 0.319267 0.94605
1 12.3071 24.2174 1.60984 0.11586 0.69554 -0.709084
1 17.8162 0.815328 1.75712 -0.322223 0.121304 0.93886
1 30.5532 22.9432 1.76298 -0.740715 0.490413 0.459169
1 23.1286 34.1686 1.7558 0.327725 -0.59213 0.736192
1 30.1119 8.13121 1.6066 -0.100534 -0.511999 -0.853083
1 10.3737 20.5001 1.61308 0.583168 -0.151645 -0.798072
1 9.02825 12.2754 1.61023 -0.308827 -0.0823492 -0.947547
1 11.3064 6.21031 1.60773 0.231092 -0.26922 -0.934942
1 18.297 9.98355 1.7572 0.215056 0.177396 0.960355
1 5.99272 16.3498 1.6041 0.108255 0.506221 -0.855582
1 7.75102 28.7398 1.75912 -0.141372 0.0785658 0.986834
1 6.69796 1.06442 1.60833 -0.232121 0.0262528 -0.972333
1 19.2132 22.0508 1.60873 -0.171559 -0.480534 -0.860032
1 12.8771 11.8223 1.75656 -0.280955 -0.735209 0.616873
1 26.8131 28.7254 1.75777 -0.230006 0.226446 0.946477
1 4.88311 8.96286 1.60817 0.890123 0.121821 -0.439137
1 14.3083 5.97975 1.61126 0.141905 -0.688095 -0.71161
1 18.7128 33.5603 1.75815 -0.127616 0.230044 0.964777
1 11.596 13.3068 1.62053 -0.155918 -0.560986 -0.813009
1 31.4579 13.1527 1.76397 -0.0775565 -0.56819 0.819235
1 3.51797 21.6262 1.75752 -0.110939 0.234075 0.965868
1 15.9916 20.4084 1.61208 -0.445162 0.027726 -0.895021
1 16.8871 8.56852 1.75354 0.347726 -0.0958488 0.932684
1 12.9924 18.0675 1.62068 0.109786 -0.673807 -0.730706
1 24.7203 23.6266 1.7678 0.731747 -0.0675014 0.678225
1 13.6139 11.0376 1.75093 -0.0474074 -0.648818 0.759466
1 2.46043 9.13525 1.74365 0.578027 0.326491 0.747856
1 21.9766 10.787 1.61731 0.23675 0.685434 -0.68857
1 32.3708 6.90635 1.59653 0.492747 0.377724 -0.783917
1 22.7699 29.891 1.75111 -0.542132 -0.493348 0.68022
1 4.4118 22.0838 1.75589 -0.205516 0.355259 0.911896
1 6.96616 33.6958 1.61175 -0.567636 -0.0292659 -0.822759
1 19.8158 24.2916 1.61415 0.19011 -0.560031 -0.806365
1 30.1252 21.0726 1.62195 0.404796 -0.496524 -0.767857
1 4.21118 28.2037 1.7553 -0.0654888 -0.408656 0.910336
1 32.2527 28.145 1.60638 0.0688493 -0.00521913 -0.997613
1 23.9157 30.7696 1.74479 -0.682904 -0.246979 0.687491
1 18.4672 7.14167 1.71741 0.502291 0.17892 0.845985
1 31.4621 4.65487 1.60446 0.124796 0.576006 -0.807863
1 9.25031 4.38714 1.61326 -0.0220392 -0.0151064 -0.999643
1 27.225 29.6552 1.75095 -0.400155 0.267784 0.876452
1 14.5138 14.6919 1.73944 -0.28811 -0.537861 0.792274
1 34.3813 12.9798 1.75957 -0.0510022 -0.0449246 0.997688
1 31.4946 29.5407 1.60827 0.327132 0.215764 -0.920017
1 12.231 26.8952 1.75196 0.139034 0.704583 0.695868
1 21.574 9.2749 1.61012 0.0172589 0.815154 -0.578988
1 11.5641 31.4274 1.75067 0.271725 -0.704475 0.655653
1 14.3726 25.4554 1.61331 0.343535 0.346792 -0.872765
1 32.0955 27.168 1.60882 -0.080994 -0.0102513 -0.996662
1 34.0572 6.02936 1.61231 0.327791 0.0969521 -0.939763
1 12.8258 4.82935 1.61026 -0.0438809 -0.497368 -0.866429
1 5.85837 1.64396 1.60868 -0.153573 0.172248 -0.973009
1 16.1674 9.38072 1.75558 0.257846 -0.216919 0.941521
1 18.3151 30.6489 1.75771 0.257187 0.126449 0.958053
1 28.478 27.9034 1.76995 -0.0320548 0.534073 0.84483
1 18.0107 17.7303 1.74511 -0.691084 0.0404646 0.72164
1 26.4441 27.7739 1.75869 -0.0634154 0.179318 0.981745
1 0.374697 12.2102 1.76166 0.0781704 0.0567698 0.995322
1 6.95617 29.4141 1.75855 -0.245345 -0.0152238 0.969316
1 24.9796 3.08487 1.75372 -0.313097 -0.0255573 0.949377
1 29.9691 25.997 1.61922 -0.1586 0.40346 -0.901147
1 32.4483 29.1216 1.60664 0.221801 0.0183232 -0.97492
1 31.3118 8.54312 1.6002 0.0283125 -0.749721 -0.661148
1 19.4734 34.126 1.74791 -0.224655 0.362471 0.904513
1 29.6858 7.0803 1.6081 -0.284995 -0.431582 -0.855871
1 9.43256 16.78 1.60944 0.129509 -0.0440194 -0.990601
1 26.5805 11.0733 1.6083 0.316337 -0.0845797 -0.944869
1 3.65766 9.6144 1.75001 0.466107 0.5419 0.699349
1 0.36842 15.8891 1.75288 -0.556986 0.069593 0.827601
1 23.7505 8.90112 1.61145 -0.000494591 0.361903 -0.932215
1 10.4777 6.90759 1.60696 0.347883 -0.146146 -0.926077
1 24.5485 14.1961 1.59686 0.792932 0.00302312 -0.609302
1 19.5934 26.6266 1.76761 -0.546609 0.483596 0.683632
1 19.7133 13.2175 1.76016 0.0199208 0.380649 0.924505
1 6.44523 6.67783 1.61586 0.457083 0.168171 -0.873381
1 21.8945 24.4396 1.76312 0.494457 -0.514768 0.700376
1 1.61191 22.4213 1.7604 -0.279973 -0.0547283 0.958447
1 13.5324 28.6234 1.75654 0.506716 -0.597085 0.621875
1 26.6857 20.4901 1.60826 0.291674 -0.0127475 -0.956433
1 7.25047 32.761 1.61522 -0.750748 -0.0274066 -0.66002
1 27.9351 26.8433 1.75888 0.136776 0.478046 0.86762
1 25.5306 17.7849 1.61052 -0.138655 0.155255 -0.978095
1 21.1543 11.5938 1.65103 0.10671 0.809837 0.576868
1 34.0364 12.0105 1.7597 0.108223 -0.114331 0.98753
1 29.5769 10.0586 1.61265 0.226757 -0.502179 -0.834504
1 5.90507 33.1151 1.60553 -0.628435 0.140675 -0.765036
1 26.6201 15.4272 1.61976 -0.51267 0.103988 -0.852265
1 26.2196 22.2329 1.61333 0.593519 0.0686714 -0.801885
1 31.1665 3.47978 1.60427 -0.103026 0.572321 -0.813532
1 22.0697 19.7999 1.60006 0.155578 0.602128 -0.783095
1 14.439 11.8062 1.75499 -0.0702232 -0.46485 0.8826
1 33.7812 7.72265 1.61462 0.691605 0.112364 -0.713483
1 18.2178 6.16623 1.7655 0.60723 0.0543736 0.792663
1 14.1373 23.2975 1.61235 0.00961083 0.340656 -0.940139
1 4.14052 16.0464 1.60705 0.0842586 0.802303 -0.590941
1 8.60419 19.5493 1.60973 0.402701 0.150018 -0.902954
1 5.5098 14.1899 1.61017 -0.154059 0.5422 -0.826005
1 2.3496 27.8335 1.74229 -0.00555123 -0.710372 0.703804
1 19.0732 19.7916 1.61108 -0.594964 -0.423101 -0.683377
1 18.0859 27.7545 1.71429 0.768223 0.101126 0.632145
1 5.26418 26.6583 1.75533 0.179366 -0.256012 0.949887
1 15.0653 13.8774 1.74529 -0.225581 -0.384387 0.895187
1 29.0945 14.1509 1.60727 -0.681101 -0.16253 -0.713922
1 24.6631 28.1342 1.75998 -0.183484 -0.115675 0.976193
1 26.3197 18.3951 1.60776 -0.0316879 0.0508562 -0.998203
1 18.7952 32.5229 1.75898 0.00537599 0.212504 0.977145
1 12.5621 13.4431 1.61457 -0.211654 -0.739205 -0.639358
1 22.9249 8.3683 1.61024 -0.0706025 0.494622 -0.866236
1 24.7095 2.14298 1.75871 -0.139538 -0.112397 0.983817
1 8.6058 27.1743 1.76127 0.0916175 0.147934 0.984745
1 7.49192 1.67079 1.60804 -0.149897 -0.0859179 -0.984961
1 19.8005 8.9294 1.73931 0.293201 0.485404 0.82366
1 18.664 3.85442 1.75894 -0.632488 0.366938 0.68214
1 6.40141 13.1471 1.60341 -0.241196 0.424271 -0.872822
1 0.443794 9.56186 1.75498 0.549267 0.011043 0.835574
1 9.25803 15.2229 1.60672 -0.00521018 -0.0516532 -0.998651
1 32.5688 26.3197 1.60907 -0.231936 -0.114556 -0.965962
1 31.8966 14.231 1.75306 -0.278453 -0.467239 0.839137
1 7.95405 20.4179 1.61098 0.520747 0.328576 -0.787947
1 15.8066 4.3419 1.75535 -0.749965 -0.332896 0.571605
1 2.66421 4.2527 1.61331 -0.102527 -0.546814 -0.830953
1 22.0742 7.9455 1.62507 -0.121649 0.645089 -0.754361
1 27.517 1.0336 1.75973 -0.0496245 0.277469 0.959452
1 15.0592 16.0817 1.75558 -0.385245 -0.478173 0.789264
1 9.58097 27.2618 1.75995 0.0735215 0.298274 0.951645
1 10.556 27.4324 1.76022 0.038196 0.446189 0.894123
1 23.7464 7.77183 1.60598 -0.146242 0.349045 -0.925624
1 18.3263 15.8629 1.76277 -0.37321 0.126692 0.919056
1 24.1039 25.1808 1.75627 0.408435 -0.21051 0.888181
1 30.4494 10.5166 1.61428 0.287464 -0.682636 -0.671843
1 5.98198 15.1968 1.60778 -0.0272412 0.478261 -0.877795
1 14.1783 19.3348 1.61201 -0.601796 0.359861 -0.712981
1 29.2686 34.0173 1.75771 0.185584 0.456581 0.87011
1 11.2768 18.4033 1.6048 0.320269 -0.360283 -0.876142
1 7.67929 0.700983 1.6077 -0.30877 -0.127619 -0.942536
1 12.132 14.586 1.62286 -0.09545 -0.578366 -0.810174
1 14.1625 12.8676 1.75057 -0.224368 -0.530868 0.817214
1 25.7493 28.4908 1.75997 -0.214925 0.0500202 0.975349
1 12.5273 28.2191 1.73993 -0.187621 0.720516 0.667574
1 15.8879 6.91821 1.75813 0.463962 -0.414717 0.782783
1 10.7832 30.8959 1.64541 -0.588832 0.546586 0.595416
1 5.13542 8.01874 1.60763 0.705073 0.293927 -0.645352
1 31.7526 15.2931 1.73891 -0.484613 -0.50356 0.715247
1 24.6338 9.37543 1.60803 0.063497 0.221371 -0.97312
1 29.2755 1.69643 1.7408 -0.191174 0.593146 0.782068
1 5.45287 18.1796 1.61468 0.356319 0.732362 -0.580243
1 5.33121 11.2937 1.60902 -0.343012 0.542682 -0.766707
1 30.5596 12.784 1.75872 0.0447459 -0.723919 0.688433
1 16.55 15.2879 1.75854 -0.309617 -0.160367 0.937241
1 28.9618 21.8812 1.60063 0.554947 -0.283299 -0.78216
1 6.82163 0.0500851 1.60928 -0.39655 -0.00409056 -0.918004
1 25.4626 8.79098 1.60788 -0.00960941 0.102974 -0.994638
1 8.94383 14.3107 1.60626 -0.0997813 -0.0336344 -0.994441
1 11.5018 19.9314 1.67578 0.537567 -0.406892 -0.738553
1 13.5839 29.9041 1.75154 0.348269 -0.501123 0.792202
1 0.806303 7.65918 1.61436 0.698977 -0.0220704 -0.714803
1 12.5595 7.37304 1.60418 0.4344 -0.418171 -0.797765
1 25.697 5.66288 1.60674 -0.543224 0.0940683 -0.834302
1 3.81542 18.8421 1.75012 0.405413 0.356745 0.841649
1 5.05338 3.25098 1.61508 0.0487634 0.325488 -0.944288
1 22.5007 9.46457 1.61801 0.0374092 0.639648 -0.767757
1 30.363 24.1103 1.61187 -0.522092 0.279705 -0.80572
1 26.4839 30.4652 1.75322 -0.554986 0.115774 0.823764
1 9.66526 29.4286 1.75628 -0.292085 0.369891 0.881968
1 8.15964 18.446 1.61032 0.270994 0.191027 -0.943436
1 14.6405 31.2269 1.75837 0.183714 -0.290712 0.939008
1 3.36247 22.6508 1.75236 -0.307683 0.20719 0.928657
1 10.4122 9.61302 1.60342 -0.67814 -0.276872 -0.680785
1 8.08884 12.7649 1.60814 -0.24884 0.0862283 -0.964699
1 34.2161 28.8251 1.60966 0.151137 -0.347116 -0.925564
1 26.0545 29.5023 1.75738 -0.389691 0.0949742 0.916036
1 20.7867 27.48 1.61197 0.152216 0.743404 -0.651292
1 8.42189 25.4881 1.75842 0.360357 0.0820188 0.929202
1 27.646 10.0066 1.60962 0.191125 -0.19644 -0.961708
1 21.8242 28.6887 1.73848 -0.384092 -0.643259 0.662338
1 25.8364 13.6678 1.69237 0.729119 -0.230827 -0.644286
1 22.1869 2.23946 1.73234 0.00263314 -0.538035 0.842919
1 16.1935 24.9031 1.60926 0.293388 0.042829 -0.955034
1 18.9961 10.8516 1.75668 0.159195 0.328471 0.931001
1 18.1534 24.6186 1.61151 0.255406 -0.268993 -0.928661
1 10.3437 2.71984 1.61213 -0.218992 -0.16989 -0.960822
1 33.8356 4.51319 1.6064 0.0639288 0.0954789 -0.993377
1 6.68434 2.21276 1.60766 -0.0843515 0.0487131 -0.995245
1 0.484067 6.01091 1.6074 0.303959 -0.0891052 -0.948509
1 2.42604 26.4538 1.75952 0.276442 -0.66863 0.690299
1 10.7761 1.84764 1.61013 -0.334125 -0.307828 -0.890843
1 24.6523 10.3925 1.6097 0.196547 0.208371 -0.958097
1 3.15286 23.7198 1.74846 -0.549872 0.206006 0.809446
1 24.835 11.3769 1.60811 0.340802 0.173374 -0.924011
1 10.6888 13.5627 1.60943 -0.157124 -0.373066 -0.914403
1 31.9058 25.4229 1.61079 -0.333449 -0.00190097 -0.942766
1 34.2479 20.9121 1.75849 -0.0193628 -0.361681 0.932101
1 5.30521 9.95891 1.78656 0.510659 -0.594433 0.62119
1 32.4457 13.0702 1.76064 -0.059841 -0.384553 0.921161
1 31.5218 26.3677 1.60827 -0.178173 0.100498 -0.978854
1 17.5694 15.2187 1.75706 -0.289355 0.0107552 0.957162
1 29.4553 18.0068 1.60981 -0.0885162 -0.370116 -0.924759
1 16.7448 0.927618 1.76147 -0.339055 -0.0307759 0.940263
1 24.9535 29.1076 1.75698 -0.372562 -0.0745223 0.92501
1 13.1056 32.2242 1.76013 0.10925 -0.480035 0.87042
1 3.54198 13.8709 1.76327 -0.15764 0.689647 0.706779
1 32.8923 11.8346 1.75506 0.139098 -0.319128 0.937448
1 26.5957 6.29024 1.61093 -0.39885 -0.00790813 -0.916982
1 29.1346 20.8555 1.60876 0.372415 -0.333057 -0.866245
1 26.9883 19.482 1.60774 0.145297 -0.0354981 -0.988751
1 20.5436 30.1395 1.75837 0.34635 0.440481 0.828262
1 9.28183 34.2011 1.6085 -0.516374 -0.368493 -0.773027
1 4.24761 19.9412 1.7545 0.20808 0.399797 0.892673
1 29.9411 12.0089 1.60048 0.488326 -0.68094 -0.545764
1 9.79016 13.8556 1.60825 -0.1385 -0.200715 -0.96981
1 15.0827 34.1683 1.75534 -0.19221 -0.222156 0.955878
1 23.9348 28.7588 1.75698 -0.315338 -0.254298 0.914273
1 9.32205 22.401 1.75683 -0.81827 -0.0829803 0.568814
1 32.9027 2.06368 1.60928 -0.322121 0.248198 -0.913584
1 27.6465 14.7745 1.63952 -0.627647 0.0129946 -0.77839
1 7.3927 5.27657 1.61214 0.202528 0.0579495 -0.97756
1 6.54164 3.41567 1.60664 0.0420341 0.104199 -0.993668
1 2.72788 32.234 1.77325 0.573607 0.00339958 0.819123
1 25.6746 2.32054 1.75473 -0.205532 0.0485012 0.977448
1 16.0188 14.3213 1.76071 -0.206926 -0.226277 0.95183
1 7.33054 25.7386 1.75616 0.319287 -0.0813752 0.944158
1 20.5961 8.44306 1.75683 0.232405 0.683662 0.691805
1 3.79302 34.3091 1.60093 -0.327488 0.503548 -0.799494
1 23.721 9.9854 1.60805 0.141158 0.368943 -0.91867
1 8.45897 1.40327 1.61161 -0.198626 -0.237633 -0.95083
1 26.8251 16.3553 1.60843 -0.357087 0.0275664 -0.933664
1 7.84203 21.5069 1.61807 0.6476 0.395373 -0.651379
1 1.57244 15.6259 1.75541 -0.516677 0.254106 0.817603
1 15.6203 21.9692 1.60804 -0.196578 0.0951678 -0.975859
1 14.5028 30.1974 1.75451 0.332154 -0.353963 0.874291
1 19.1299 25.2911 1.6102 0.354467 -0.431379 -0.829618
1 16.3549 13.3617 1.75596 -0.120153 -0.162131 0.979427
1 8.24655 31.1288 1.75828 -0.574466 0.144447 0.805682
1 22.9125 28.7987 1.75301 -0.345731 -0.451336 0.822658
1 14.3856 1.97794 1.73369 -0.502723 -0.347524 0.791515
1 21.4111 33.5737 1.74497 -0.269796 0.617111 0.739178
1 28.7306 24.5609 1.5998 -0.160279 0.702644 -0.693254
1 23.9266 33.0364 1.77318 0.470277 -0.394141 0.789615
1 8.34352 5.79092 1.61351 0.242082 -0.0353935 -0.96961
1 33.5317 24.6318 1.61126 -0.574685 -0.394066 -0.717251
1 23.0442 20.2569 1.60335 0.248729 0.44758 -0.858957
1 5.10018 16.7291 1.608 0.145471 0.65206 -0.744081
1 27.7281 17.6289 1.60786 -0.139738 -0.114667 -0.983527
1 33.453 6.76368 1.60928 0.48573 0.184088 -0.854504
1 0.0492709 15.0134 1.75254 -0.399996 0.0276816 0.916099
1 6.39193 9.72117 1.60543 -0.601592 0.393486 -0.695166
1 26.6241 0.693483 1.76077 0.0349651 0.124054 0.991659
1 24.9024 21.7294 1.60866 0.556437 0.188742 -0.809169
1 23.0214 2.79686 1.75408 -0.129839 -0.377158 0.917002
1 9.7537 23.4276 1.74487 0.70521 0.250363 0.663323
1 28.7305 16.2003 1.61089 -0.368674 -0.240179 -0.897994
1 1.41383 29.694 1.60322 0.164884 -0.688354 -0.706386
1 17.6236 29.301 1.75267 0.486658 -0.00666254 0.873567
1 14.6076 17.0283 1.76157 -0.513729 -0.581292 0.631016
1 13.7319 17.2277 1.62724 -0.155158 -0.784854 -0.599941
1 7.15641 23.8758 1.75616 0.618073 -0.182875 0.764554
1 4.18913 0.730389 1.61416 -0.189956 0.460827 -0.866923
1 16.4656 30.7178 1.75669 0.252567 -0.0938631 0.963016
1 9.14794 21.4552 1.60746 0.677825 0.115515 -0.726092
1 17.6334 22.5602 1.60979 -0.0861988 -0.223466 -0.970893
1 11.6872 25.5786 1.75436 0.35106 0.635982 0.687229
1 5.34544 21.5379 1.76215 -0.116282 0.503132 0.856351
1 4.22297 31.4519 1.74826 -0.629653 -0.334661 0.701099
1 8.26673 3.446 1.60889 0.0853483 -0.169662 -0.9818
1 2.55987 22.1192 1.75704 -0.203976 0.0874952 0.975058
1 11.2151 28.8962 1.75757 -0.267471 0.580266 0.769253
1 27.4816 9.02566 1.60808 0.0478491 -0.154926 -0.986767
1 7.2123 31.8803 1.76171 -0.770866 0.0847286 0.631337
1 0.0773714 4.14683 1.60735 -0.00202566 -0.0656611 -0.99784
1 27.7921 13.8389 1.62885 -0.775581 0.123549 -0.619039
1 26.7306 17.4658 1.60799 -0.178719 0.0136475 -0.983806
1 25.9287 16.872 1.61238 -0.276215 0.123798 -0.953089
1 1.34905 6.71657 1.60738 0.4648 -0.127789 -0.876146
1 9.68298 19.6076 1.6085 0.438121 -0.0501052 -0.897518
1 6.57463 4.64153 1.60954 0.148266 0.147948 -0.977818
1 14.2693 20.6995 1.60927 -0.42325 0.341859 -0.839042
1 4.43861 26.1339 1.74722 0.285977 -0.350866 0.89169
1 33.9518 32.3929 1.60462 0.643133 -0.134871 -0.753784
1 33.0254 27.4516 1.60706 -0.0545185 -0.176095 -0.982862
1 31.1606 18.6223 1.61772 -0.00394911 -0.639421 -0.768847
1 0.0762401 0.923103 1.59954 -0.490698 -0.0958293 -0.866044
1 14.1838 24.3507 1.60964 0.184714 0.374401 -0.908683
1 25.0502 30.0596 1.75208 -0.557453 -0.0466167 0.828899
1 13.45 22.586 1.60877 -0.118783 0.428478 -0.895711
1 22.7806 22.7057 1.77818 -0.758857 -0.24573 0.603119
1 27.3522 7.0828 1.61089 -0.273664 -0.130497 -0.952932
1 17.0723 0.0251801 1.75866 -0.228897 0.0164294 0.973312
1 19.6164 33.0718 1.75799 -0.080963 0.350268 0.933144
1 2.44905 6.4617 1.60931 0.345866 -0.32811 -0.879045
1 4.20617 27.1528 1.75401 0.112593 -0.396075 0.911289
1 13.0944 1.44415 1.76053 -0.565048 -0.504041 0.653195
1 21.2683 2.77581 1.76363 0.0878012 -0.70915 0.69957
1 9.09066 26.3088 1.759 0.233167 0.205627 0.950448
1 27.8154 16.6735 1.60783 -0.292321 -0.107316 -0.95028
1 25.1367 34.2382 1.75514 0.243816 -0.164249 0.955812
1 28.1202 7.75989 1.60812 -0.145699 -0.225774 -0.963223
1 3.13996 11.3848 1.74839 0.19302 0.534864 0.822596
1 22.6101 17.1933 1.61078 -0.227185 0.586912 -0.777124
1 18.2559 20.4312 1.60689 -0.459192 -0.318112 -0.829426
1 33.7234 33.8931 1.60519 -0.770821 0.0437265 -0.63555
1 16.0499 23.9177 1.60767 0.131442 0.0460746 -0.990253
1 13.3772 24.8983 1.60211 0.28921 0.538143 -0.791681
1 10.7642 19.3878 1.60111 0.457166 -0.267408 -0.848229
1 19.6701 14.3247 1.76096 -0.12097 0.370237 0.921027
1 20.2691 25.4007 1.77012 -0.32852 0.672148 0.663545
1 20.3078 34.5159 1.7162 -0.330727 0.488889 0.807221
1 2.12993 12.8249 1.74934 -0.00555172 0.380988 0.924563
1 1.04441 26.9934 1.61185 -0.168573 -0.635824 -0.753201
1 24.4001 0.421736 1.75474 0.142648 -0.209734 0.967297
1 20.0346 1.23541 1.73483 -0.536747 0.412875 0.735824
1 32.2239 33.9905 1.5851 -0.684061 0.480027 -0.549213
1 22.0063 21.8314 1.60373 0.562941 0.482795 -0.670825
1 2.14478 7.49998 1.6143 0.549534 -0.227732 -0.803835
1 15.1042 9.55707 1.7546 0.271731 -0.409434 0.870934
1 1.58062 31.0972 1.62208 0.346754 -0.631789 -0.693256
1 22.4066 1.04246 1.72752 0.209632 -0.499238 0.840723
1 22.9397 10.5667 1.61885 0.185543 0.503154 -0.844044
1 25.3661 30.9872 1.73633 -0.730946 -0.0241248 0.682009
1 12.4747 30.1491 1.7309 0.427143 -0.644418 0.634251
1 5.41263 25.5955 1.75471 0.372362 -0.224075 0.900631
1 17.5395 13.4465 1.75831 -0.0911817 0.0310984 0.995349
1 8.09972 13.8909 1.60984 -0.137267 0.111143 -0.984279
1 1.94241 14.6435 1.75663 -0.32145 0.331005 0.88719
1 9.53528 30.8351 1.75383 -0.567743 0.321645 0.757768
1 2.35205 5.37195 1.62053 0.120651 -0.45864 -0.880394
1 21.722 13.6572 1.75449 0.203824 0.709722 0.674352
1 29.1615 19.027 1.60816 0.0813024 -0.332803 -0.939485
1 18.8252 13.7622 1.75881 -0.0838065 0.221886 0.971464
1 9.20039 7.43854 1.62835 0.472857 -0.181926 -0.862154
1 19.46 12.044 1.75567 0.126172 0.362537 0.923389
1 25.8678 1.36647 1.75896 -0.0529083 0.0284644 0.998194
1 34.3544 10.3649 1.75209 0.395728 -0.0843453 0.914486
1 8.0653 8.0521 1.64144 0.691614 -0.120872 -0.712082
1 22.2334 31.2007 1.74847 0.13802 0.671627 0.72792
1 14.6046 33.2327 1.75894 -0.0642659 -0.275732 0.959084
1 4.95667 0.0134319 1.60931 -0.319584 0.295599 -0.90027
1 15.5856 2.46159 1.74121 -0.565148 -0.217123 0.795905
1 20.6836 10.0502 1.74618 0.195372 0.677072 0.709509
1 14.9097 26.4656 1.6075 0.516562 0.268415 -0.813091
1 12.0963 18.8137 1.63003 0.34164 -0.525048 -0.779492
1 19.7219 10.1746 1.76122 0.175724 0.496533 0.850045
1 8.42202 23.559 1.7512 0.642752 0.0403682 0.76501
1 23.3268 3.81296 1.7609 -0.310036 -0.310865 0.898466
1 8.15432 11.7312 1.60897 -0.377298 0.059249 -0.924194
1 5.63677 5.05223 1.60996 0.223897 0.304525 -0.925816
1 14.8443 4.78586 1.59408 -0.134082 -0.790381 -0.597763
1 26.2708 8.22833 1.60857 -0.085158 -0.00273866 -0.996364
1 23.495 16.0183 1.63427 -0.424314 0.52929 -0.734718
1 24.398 3.89586 1.7452 -0.431236 -0.110462 0.895452
1 11.236 3.18135 1.61523 -0.18848 -0.311381 -0.931406
1 6.38967 31.1475 1.75764 -0.58511 -0.00390606 0.810944
1 18.8359 5.32248 1.75056 0.712028 0.15484 0.684865
1 1.15585 16.6011 1.73795 -0.715471 0.132603 0.685943
1 20.5579 17.5817 1.74672 -0.530507 0.48217 0.697191
1 26.4581 9.16624 1.60797 0.0490819 -0.0347566 -0.99819
1 13.1355 3.75928 1.61444 -0.219337 -0.592474 -0.775156
1 25.5937 9.77692 1.60797 0.126939 0.0777221 -0.988861
1 3.03477 30.6698 1.75495 -0.484884 -0.566204 0.666559
1 10.9501 15.7374 1.60917 0.033155 -0.304822 -0.951832
1 15.4154 18.8286 1.61051 -0.711626 0.040299 -0.701402
1 7.71843 9.16747 1.61989 -0.739204 0.192 -0.645533
1 7.38301 2.94163 1.60524 -0.00477353 -0.0462353 -0.998919
1 29.6395 24.9943 1.61371 -0.307542 0.441271 -0.843029
1 30.6321 5.06468 1.60558 0.263504 0.728688 -0.632123
1 17.0233 14.3285 1.75974 -0.18382 -0.0706478 0.980418
1 25.6228 10.7553 1.60989 0.258416 0.0559299 -0.964413
1 28.2831 31.8912 1.75089 0.586934 0.261343 0.766295
1 17.0432 24.1832 1.60781 0.184425 -0.105999 -0.977114
1 33.6763 13.6404 1.76172 -0.165522 -0.15973 0.973185
1 25.3844 27.5194 1.76065 -0.03788 0.00563996 0.999266
1 29.4379 8.94616 1.60948 0.0440738 -0.426418 -0.903452
1 26.9695 21.4496 1.61028 0.448744 -0.0336359 -0.893027
1 16.5165 29.6432 1.75695 0.409561 -0.122922 0.903964
1 28.3774 4.48157 1.60456 -0.801766 0.0886036 -0.591033
1 28.6417 9.6682 1.61264 0.163077 -0.324904 -0.931581
1 14.3033 21.8001 1.60691 -0.237293 0.301999 -0.923303
1 29.0407 25.9844 1.63513 -0.066792 0.600345 -0.796947
1 24.9522 1.18626 1.75873 0.00655254 -0.112606 0.993618
1 2.4807 16.1961 1.75943 -0.597658 0.402542 0.693372
1 5.89104 28.246 1.75891 -0.0820579 -0.168766 0.982234
1 28.2162 3.65966 1.77123 -0.605668 0.398822 0.688555
1 6.48629 5.69385 1.61026 0.293784 0.177138 -0.939315
1 30.8634 14.133 1.74222 -0.298069 -0.646757 0.70204
1 31.2433 24.6329 1.60786 -0.452168 0.107603 -0.885418
1 28.5763 6.93072 1.61168 -0.300717 -0.265947 -0.915883
1 26.2379 24.939 1.75498 0.467072 0.176791 0.866365
1 31.6071 5.90964 1.60924 0.31545 0.512981 -0.798337
1 8.01254 26.4195 1.75854 0.205825 0.0422441 0.977677
1 13.5747 13.783 1.75269 -0.227454 -0.749916 0.621201
1 23.7129 12.5681 1.61263 0.509497 0.293285 -0.808947
1 32.3825 22.2574 1.75747 -0.277648 -0.658518 0.699475
1 31.7534 10.2021 1.73679 0.408356 -0.580078 0.704808
1 23.8683 6.70877 1.61395 -0.316761 0.320352 -0.892769
1 23.3415 13.5427 1.61775 0.634085 0.309764 -0.708507
1 16.9648 17.0921 1.75513 -0.572761 -0.129574 0.809417
1 15.42 29.5011 1.76024 0.463884 -0.232717 0.854783
1 0.0108387 6.90495 1.60575 0.490389 0.00288113 -0.871499
1 7.91875 29.7139 1.75881 -0.29269 0.120735 0.948554
1 1.28531 0.487925 1.76601 0.372251 0.698734 0.610901
1 30.6259 16.732 1.61425 -0.344859 -0.561805 -0.751962
1 6.87273 28.288 1.76025 -0.0740431 -0.0504523 0.995978
1 4.92093 19.2239 1.75143 0.323529 0.544558 0.773812
1 25.8999 3.51849 1.75421 -0.481972 0.119512 0.867998
1 1.54109 18.5748 1.75852 0.413356 -0.0473546 0.909337
1 20.2655 20.5681 1.61212 -0.371187 -0.69241 -0.618699
1 5.05165 28.7854 1.75731 -0.168065 -0.288869 0.942501
1 29.0785 6.1331 1.60883 -0.450618 -0.302989 -0.839727
1 18.6434 29.7172 1.75818 0.410908 0.135492 0.901552
1 32.7355 9.25726 1.75144 0.575329 -0.35989 0.73449
1 14.8621 22.6117 1.60997 -0.09667 0.216467 -0.971492
1 1.23089 28.3057 1.60857 0.0328661 -0.679693 -0.73276
1 30.3221 28.0629 1.61219 0.100853 0.320651 -0.941813
1 3.12508 2.45352 1.6173 0.14962 0.662955 -0.733556
1 12.149 0.350611 1.74595 -0.388326 -0.608447 0.692095
1 30.4289 9.23909 1.61243 0.0811651 -0.58687 -0.805603
1 30.1714 18.8744 1.61111 0.0377198 -0.487537 -0.872287
1 4.25193 32.4592 1.75108 0.789619 0.235543 0.566587
1 34.2925 30.0596 1.6089 0.306597 -0.325191 -0.894567
1 5.14066 29.865 1.7551 -0.354825 -0.25582 0.899253
1 0.546107 21.3857 1.75784 -0.111338 -0.210134 0.971312
1 1.86142 3.48619 1.60954 -0.152312 -0.391712 -0.907393
1 2.26871 11.7904 1.75812 0.164371 0.36506 0.916359
1 23.9931 2.84896 1.75796 -0.222584 -0.210601 0.951895
1 17.4305 5.40112 1.76259 0.717946 -0.134526 0.682976
1 18.0096 18.638 1.75793 -0.827438 -0.0138623 0.561386
1 11.0665 5.15529 1.60884 0.0569495 -0.259633 -0.964027
1 31.07 30.4417 1.60889 0.444811 0.384917 -0.808692
1 26.3925 34.3651 1.76031 0.190786 0.0376186 0.980911
1 25.8323 11.7564 1.60581 0.42312 0.0168342 -0.905917
1 25.4501 7.74056 1.60821 -0.163018 0.112562 -0.980181
1 26.9408 25.8637 1.75838 0.303658 0.366304 0.879553
1 26.0751 23.9274 1.75875 0.65453 0.158118 0.739317
1 20.5013 33.3587 1.749 -0.16018 0.49012 0.856811
1 32.082 3.78652 1.60936 -0.0326862 0.421156 -0.906399
1 7.56363 19.2769 1.61473 0.356233 0.3307 -0.87392
1 0.609625 22.3754 1.75835 -0.28944 -0.219244 0.931749
1 16.657 18.0382 1.7463 -0.714517 -0.215297 0.665666
1 4.21942 23.1118 1.74055 -0.392366 0.317055 0.863438
1 17.3383 9.503 1.76042 0.236079 -0.0105807 0.971676
1 12.712 10.3046 1.74786 0.0686086 -0.769806 0.63458
1 12.7943 19.4599 1.6186 0.418244 -0.682388 -0.599516
1 7.16741 18.0973 1.61651 0.244736 0.362452 -0.899296
1 15.7379 28.5392 1.74977 0.629386 -0.166088 0.759136
1 33.5701 26.6185 1.60671 -0.202144 -0.294315 -0.934086
1 7.42341 6.2824 1.61439 0.355176 0.0581323 -0.93299
1 23.0981 1.72815 1.75697 0.0340558 -0.396647 0.917339
1 34.5733 14.0581 1.75967 -0.228305 -9.69892e-05 0.97359
1 1.63558 9.78212 1.75543 0.498297 0.202913 0.842927
1 7.68954 24.7247 1.75682 0.483222 -0.052707 0.87391
1 9.44864 6.40689 1.61435 0.272043 -0.0930973 -0.957771
1 23.9613 19.9809 1.61538 0.206717 0.336021 -0.91889
1 32.4187 20.9345 1.75815 -0.0105238 -0.672341 0.740167
1 6.21428 30.1984 1.75687 -0.412197 -0.0807119 0.907513
1 11.4501 16.7835 1.61533 0.116333 -0.362928 -0.924527
1 27.4629 27.8522 1.75662 -0.0543535 0.355129 0.933236
1 15.0788 23.6205 1.60887 0.0710651 0.196438 -0.977938
1 25.0865 24.5396 1.75238 0.551602 -0.0383355 0.833226
1 25.2435 32.2827 1.70972 0.568688 -0.138482 0.810812
1 18.1505 16.8089 1.75832 -0.536494 0.0848947 0.839623
1 7.04232 26.8371 1.75857 0.127507 -0.0495704 0.990598
1 15.184 12.8206 1.74518 -0.106991 -0.347637 0.931505
1 7.38339 7.29532 1.61256 0.539127 -0.00478974 -0.842211
1 20.6786 29.0394 1.76252 0.536701 0.464357 0.704503
1 3.30041 7.70648 1.60125 0.504375 -0.419641 -0.754657
1 6.49082 8.50277 1.63432 0.77616 -0.0527981 -0.628321
1 34.3246 18.4235 1.74928 0.461923 -0.312472 0.830053
1 14.1817 32.2059 1.75895 0.0695696 -0.328408 0.94197
1 0.0535632 3.14356 1.6074 -0.16557 -0.101372 -0.980974
1 10.3772 28.5382 1.75811 -0.155941 0.470917 0.868285
1 19.5427 30.3076 1.75997 0.312473 0.272637 0.909961
1 23.6414 24.3961 1.74803 0.576731 -0.275542 0.769063
1 33.0565 10.3408 1.7559 0.386605 -0.280877 0.878433
1 32.95 25.4225 1.61099 -0.399883 -0.21752 -0.890381
1 6.52672 14.2342 1.60734 -0.109289 0.373879 -0.921016
1 26.668 4.14741 1.77038 -0.624403 0.268008 0.733684
1 4.84489 4.31683 1.61556 0.159327 0.448087 -0.879678
1 6.1833 17.5532 1.60573 0.282062 0.554493 -0.78293
1 7.25011 11.2422 1.60744 -0.433256 0.205242 -0.877591
1 24.8669 19.6255 1.61256 0.151034 0.217268 -0.964356
1 27.2109 8.06822 1.60828 -0.101229 -0.117512 -0.987899
1 16.8927 12.522 1.76233 -0.0361038 -0.0594816 0.997576
1 3.28142 29.4995 1.76408 -0.266164 -0.597138 0.756692
1 27.7682 30.4901 1.75442 -0.584375 0.319107 0.746108
1 32.6607 5.96935 1.61199 0.325808 0.318772 -0.890075
1 1.26162 25.2911 1.66921 0.748928 0.39809 -0.529747
1 34.1894 31.244 1.60745 0.473381 -0.274152 -0.837109
1 33.4654 22.7005 1.75343 -0.352758 -0.47848 0.804126
1 8.78093 17.6257 1.60881 0.181517 0.0664136 -0.981143
1 34.453 8.66442 1.7636 0.735305 -0.119032 0.667202
1 19.2968 0.613922 1.75072 -0.373815 0.328919 0.867223
1 26.5985 10.1144 1.60918 0.183708 -0.064211 -0.980881
1 13.0418 34.5582 1.74867 -0.25171 -0.514881 0.819475
1 9.23986 11.3189 1.60715 -0.424823 -0.132048 -0.895594
1 33.7872 2.56274 1.60859 -0.243924 0.0748139 -0.966904
1 16.443 27.6321 1.73694 0.819201 -0.0902528 0.56636
1 18.0382 25.6593 1.61543 0.433717 -0.231447 -0.870816
1 6.51204 19.0025 1.61655 0.358384 0.512655 -0.780222
1 0.932031 1.60291 1.60571 -0.380004 -0.283736 -0.880393
1 33.9871 27.6748 1.60925 -0.0219978 -0.350855 -0.936171
1 27.3237 18.5202 1.60737 -0.000535348 -0.0772922 -0.997008
1 11.057 10.7113 1.60992 -0.501856 -0.439086 -0.745214
1 19.4066 6.38947 1.76118 0.537136 0.326857 0.777592
1 21.3726 7.06201 1.58929 -0.113494 0.845988 -0.520982
1 19.5871 28.1556 1.7525 0.664139 0.288322 0.689775
1 23.6721 22.0302 1.63214 0.566108 0.31249 -0.762805
1 3.9799 10.9255 1.76772 0.220661 0.684526 0.694789
1 33.6497 11.1219 1.75636 0.254749 -0.18664 0.948825
1 4.33182 18.0639 1.77121 0.515123 0.494817 0.69986
1 22.2748 6.1533 1.61503 -0.260806 0.631447 -0.730243
1 10.6269 25.4776 1.76001 0.360901 0.452324 0.815569
1 33.2662 28.4715 1.60702 0.113272 -0.175134 -0.978007
1 7.66292 27.6338 1.75973 0.0204739 0.0389167 0.999033
1 2.37966 1.11207 1.62661 0.0901128 0.801421 -0.591274
1 15.6767 10.3981 1.75876 0.150254 -0.298651 0.94246
1 29.7167 19.9082 1.60838 0.211994 -0.446614 -0.869249
1 6.15571 23.1478 1.7714 -0.547163 0.523307 0.65327
1 17.8936 33.0157 1.75958 -0.0440524 0.100643 0.993947
1 22.6736 27.658 1.75597 -0.121546 -0.433566 0.892887
1 23.3397 26.8005 1.75899 0.0587267 -0.316049 0.946924
1 13.0043 15.3003 1.60365 -0.0975611 -0.771954 -0.628147
1 7.37995 4.02287 1.60733 0.102204 0.000454572 -0.994763
1 1.58099 21.4658 1.75959 -0.111887 -0.0532519 0.992293
1 13.3536 20.3576 1.653 -0.445765 0.54522 -0.70995
1 28.228 5.41741 1.63098 -0.597754 -0.142345 -0.788941
1 16.1602 16.208 1.75435 -0.428 -0.26311 0.864633
1 28.0771 21.2052 1.60966 0.429038 -0.174899 -0.886192
1 5.30909 22.6411 1.74525 -0.353328 0.475792 0.80547
1 18.6322 26.4103 1.60786 0.542779 -0.325435 -0.774263
1 11.5252 22.6034 1.77845 0.151696 -0.741634 0.653427
1 21.5907 32.3103 1.75521 -0.0500463 0.600766 0.797857
1 1.97814 17.6596 1.75508 0.5849 0.0328101 0.810441
1 9.83221 3.58504 1.60922 -0.109756 -0.082239 -0.99055
1 33.0833 1.01325 1.61931 -0.487547 0.220141 -0.844888
1 11.715 33.7023 1.74946 -0.158249 -0.640106 0.751812
1 7.28307 13.4384 1.60765 -0.18947 0.258209 -0.947327
1 30.6837 19.9036 1.6165 0.192688 -0.630128 -0.752203
1 9.2026 8.88689 1.60006 -0.810792 -0.0529392 -0.582935
1 12.0146 5.40556 1.6069 0.0967278 -0.384935 -0.917861
1 29.6759 27.1022 1.61939 0.0333716 0.475978 -0.878824
1 19.1542 31.2037 1.75699 0.166067 0.231768 0.958491
1 25.6923 20.2375 1.61071 0.245306 0.106683 -0.963558
1 9.75001 10.423 1.60672 -0.561904 -0.19664 -0.80349
1 4.69542 12.5881 1.6152 -0.223983 0.774371 -0.591761
1 0.346604 32.9046 1.7682 -0.781826 0.191966 0.593209
1 32.3921 4.92796 1.61834 0.136589 0.388075 -0.91145
1 25.0081 22.731 1.6191 0.770647 0.165463 -0.615407
1 17.3391 4.46354 1.75157 -0.802423 0.0841387 0.590795
1 25.9633 25.8899 1.76014 0.274341 0.15479 0.949093
1 5.88887 34.0909 1.61095 -0.455693 0.135646 -0.879741
1 0.316362 27.9507 1.61395 0.01579 -0.5178 -0.855356
1 5.5207 6.07639 1.61322 0.366132 0.322025 -0.873068
1 24.361 17.946 1.61204 -0.121058 0.302934 -0.945292
1 31.2018 27.529 1.61223 0.0118561 0.145886 -0.98923
1 24.8632 12.3362 1.61879 0.496674 0.142556 -0.85615
1 27.3884 12.8418 1.60648 0.635779 -0.209163 -0.742991
1 10.229 14.8344 1.6059 -0.0490486 -0.236149 -0.970478
1 22.4043 12.5427 1.62282 0.427927 0.606305 -0.670278
1 2.88083 15.0221 1.75467 -0.366072 0.508777 0.77919
1 5.12294 6.96242 1.60402 0.511773 0.375842 -0.772549
1 16.6335 7.5733 1.75577 0.45714 -0.182226 0.870527
1 21.5593 30.0614 1.74235 0.365005 0.598214 0.71338
1 5.0196 23.7122 1.64439 -0.596138 0.317033 0.737638
1 6.08446 27.2496 1.75908 0.0628937 -0.146398 0.987224
1 12.607 31.3124 1.74713 0.263295 -0.558392 0.786685
1 6.61517 20.3812 1.61691 0.509862 0.695525 -0.506247
1 18.8606 8.18721 1.75632 0.37606 0.26544 0.887761
1 33.0783 31.7172 1.60811 0.539747 -0.0284765 -0.841346
1 22.2557 25.4113 1.75621 0.305623 -0.502534 0.808736
1 8.80192 30.1778 1.75592 -0.41231 0.239391 0.879029
1 1.93659 24.1368 1.75481 -0.599663 0.0153979 0.800105
1 8.88802 32.775 1.60013 -0.758712 -0.249968 -0.601558
1 29.1469 0.535293 1.74467 -0.00459655 0.472817 0.881149
1 10.3401 11.4011 1.61166 -0.411617 -0.312582 -0.856075
1 31.3175 16.1378 1.63332 -0.494235 -0.649533 -0.577788
1 15.1431 1.38896 1.76432 -0.414334 -0.241099 0.87761
1 7.43755 10.1643 1.62508 -0.582996 0.18381 -0.79141
1 0.960723 3.81415 1.60817 -0.0733846 -0.230051 -0.970408
1 19.2297 16.3658 1.75601 -0.404436 0.284394 0.869225
1 15.9643 12.2537 1.75937 -0.05389 -0.208046 0.976633
1 9.74571 1.66189 1.61348 -0.314835 -0.142462 -0.938394
1 10.746 4.037 1.60713 -0.0867581 -0.21737 -0.972226
1 21.2112 0.206466 1.67279 -0.494571 0.566303 0.659318
1 25.5953 15.9691 1.61031 -0.418904 0.206233 -0.8843
1 30.8815 25.5934 1.60767 -0.277316 0.218403 -0.935626
1 11.6691 8.31979 1.60311 0.582672 -0.26586 -0.767992
1 14.7697 3.08919 1.7737 -0.651523 -0.425443 0.628105
1 27.371 3.17843 1.7516 -0.433585 0.30674 0.847298
1 15.8479 22.9379 1.6077 -0.0324891 0.062985 -0.997486
1 25.9434 19.3015 1.60735 0.10539 0.0857198 -0.99073
1 25.1 18.6718 1.60961 0.00237465 0.194926 -0.980815
1 18.3185 21.4664 1.60362 -0.26559 -0.336096 -0.903605
1 20.1649 21.9398 1.61989 -0.159551 -0.652879 -0.740468
1 11.5202 27.7317 1.75755 -0.0233406 0.58807 0.808473
1 13.6604 7.10663 1.60668 0.353425 -0.582543 -0.731938
1 3.4826 20.6054 1.7588 0.0803572 0.252626 0.964221
1 18.0639 2.58101 1.76163 -0.541724 0.207255 0.814605
1 17.4578 3.51142 1.76685 -0.673979 0.105403 0.731193
1 17.8482 12.4652 1.76308 0.00262154 0.0881702 0.996102
1 33.6264 19.295 1.75547 0.27473 -0.437828 0.856055
1 30.0642 0.230319 1.76195 -0.00373821 0.588117 0.808767
1 15.7659 8.39602 1.75243 0.366579 -0.310602 0.87701
1 23.6533 27.7797 1.75993 -0.124274 -0.26694 0.955667
1 3.27618 5.40274 1.63178 -0.00625453 -0.635791 -0.771836
1 3.26908 28.2887 1.75728 -0.0727495 -0.557243 0.827157
1 25.4957 6.63496 1.61076 -0.362779 0.118452 -0.924316
1 1.91048 10.7908 1.75555 0.326098 0.273976 0.904764
1 34.2403 22.0069 1.75761 -0.214859 -0.368567 0.90443
1 17.3394 21.5625 1.61362 -0.245909 -0.184279 -0.951615
1 27.7309 15.7097 1.6103 -0.464958 -0.0728105 -0.882334
1 18.8724 14.9995 1.76278 -0.232724 0.228018 0.945435
1 1.59563 13.6922 1.75612 -0.14692 0.285848 0.946945
1 20.4932 7.07555 1.77408 0.398642 0.620127 0.675668
1 23.107 23.6307 1.77496 0.756515 -0.271198 0.595094
1 24.4939 5.8007 1.60741 -0.489336 0.238886 -0.838739
1 30.7739 7.35124 1.603 -0.208139 -0.632941 -0.745696
1 8.74854 29.101 1.75596 -0.210862 0.233896 0.94912
1 1.23834 19.5969 1.75658 0.220856 -0.107 0.969419
1 12.6994 16.6381 1.60857 0.0274904 -0.58295 -0.812042
1 6.93027 16.8232 1.61174 0.154298 0.377486 -0.91307
1 12.7562 25.6551 1.62929 0.358648 0.707737 -0.608671
1 32.6297 19.6449 1.75148 0.20925 -0.630944 0.747077
1 8.16655 2.38732 1.61481 -0.0541297 -0.189557 -0.980377
1 12.3272 6.38457 1.60762 0.26909 -0.399812 -0.876208
1 15.646 33.3653 1.75839 -0.08078 -0.139315 0.986948
1 15.3445 11.434 1.75921 0.0156999 -0.33519 0.94202
1 24.6419 7.2459 1.61066 -0.235479 0.219013 -0.946881
1 34.0717 16.6078 1.74922 -0.739339 -0.0448023 0.671841
1 28.2408 0.274258 1.76199 0.0685321 0.345908 0.935762
1 5.30799 20.3825 1.75184 0.103584 0.54571 0.831547
1 30.1918 3.71525 1.60414 -0.170372 0.72997 -0.661904
1 26.3521 32.669 1.74838 0.471471 0.0198065 0.881659
1 31.1893 11.5412 1.74256 0.206079 -0.647558 0.733621
1 4.10032 2.96719 1.60454 0.151549 0.488697 -0.85919
1 20.8893 15.4117 1.75365 -0.188844 0.582474 0.790609
1 14.6367 8.65199 1.75039 0.403913 -0.495506 0.768979
1 10.1406 26.3856 1.75781 0.21866 0.373419 0.901524
1 19.651 7.57859 1.75747 0.389614 0.448998 0.804116
1 8.22036 33.5121 1.61964 -0.614048 -0.196227 -0.764487
1 1.24045 12.585 1.76271 0.029269 0.220465 0.974956
1 33.2906 21.5482 1.75674 -0.126071 -0.518739 0.845586
1 15.2403 32.4218 1.7596 0.0439752 -0.191337 0.980539
1 8.39204 6.79487 1.61764 0.389822 -0.0620255 -0.918799
1 0.565007 30.5657 1.60571 0.335837 -0.484539 -0.807734
1 30.4096 17.7882 1.60967 -0.152888 -0.509809 -0.846593
1 17.3994 1.77006 1.75898 -0.449261 0.0725573 0.890449
1 23.2384 4.88774 1.65824 -0.991993 -0.00258649 0.126264
1 5.07672 27.6809 1.75681 0.0134511 -0.280975 0.959621
1 12.2921 21.6707 1.60902 -0.351384 0.62498 -0.697086
1 31.4636 23.5819 1.6019 -0.634955 0.0517112 -0.770817
1 5.51228 12.9494 1.62743 -0.277286 0.591191 -0.757367
1 4.89695 2.18496 1.61017 -0.0586779 0.343658 -0.93726
1 3.30105 0.681356 1.7714 0.107612 -0.645234 0.756368
1 23.8133 11.2521 1.60995 0.292849 0.340617 -0.893431
1 20.6418 32.2044 1.75665 0.00982178 0.465337 0.885079
1 32.8226 14.0423 1.76254 -0.232062 -0.306377 0.92319
1 28.613 10.7019 1.60996 0.320942 -0.378253 -0.868286
1 7.32734 30.5317 1.7553 -0.430002 0.0664549 0.900379
1 18.0537 14.3734 1.75932 -0.168464 0.0958342 0.981038
1 24.5896 8.3089 1.60899 -0.0778219 0.22844 -0.970443
1 2.57867 21.1704 1.75884 -0.0312256 0.0949887 0.994988
1 10.3272 5.85563 1.61015 0.166591 -0.16951 -0.971346
1 0.766574 17.8732 1.75512 0.544446 -0.137818 0.827397
1 0.503546 29.2603 1.61033 0.177457 -0.512441 -0.840187
1 9.76671 17.7311 1.60809 0.226985 -0.0956579 -0.969189
1 2.29311 33.3061 1.59886 0.645112 -0.37956 -0.663148
1 0.949061 2.77142 1.60895 -0.246312 -0.293704 -0.923617
1 15.5868 31.4593 1.75749 0.157082 -0.17426 0.97209
1 23.8786 29.7366 1.75933 -0.502405 -0.276199 0.819331
1 0.491831 31.7398 1.60303 0.542109 -0.40774 -0.734756
1 2.75689 34.3082 1.62229 -0.331936 0.678076 -0.655768
1 15.1054 19.849 1.60847 -0.55247 0.174255 -0.815115
1 17.3926 31.1975 1.75955 0.184573 0.0264286 0.982463
1 31.6981 17.5392 1.61512 -0.196449 -0.715159 -0.670787
1 19.8718 15.4048 1.75112 -0.2527 0.410752 0.876028
1 10.7706 17.6208 1.61424 0.239236 -0.257557 -0.936179
1 15.5137 15.1822 1.75523 -0.297936 -0.344638 0.890201
1 24.8095 20.6942 1.613 0.339702 0.219609 -0.914535
1 3.16861 17.5494 1.76169 0.56269 0.249973 0.787968
1 30.2295 30.9519 1.64862 -0.64403 -0.619083 -0.449402
1 3.23037 19.5737 1.75694 0.269687 0.23571 0.933654
1 28.1683 11.7854 1.60969 0.48168 -0.324819 -0.813927
1 13.83 4.82283 1.61039 -0.0540712 -0.645553 -0.761799
1 21.8856 15.0834 1.76072 -0.0761583 0.737775 0.670736
1 18.9617 9.31661 1.75815 0.261209 0.319466 0.910885
1 20.6631 14.2261 1.7619 -0.0354248 0.534661 0.844324
1 17.1249 20.5158 1.61522 -0.425116 -0.164713 -0.890026
1 9.34734 5.40643 1.61367 0.121978 -0.0598748 -0.990725
1 0.595431 20.3918 1.75915 0.0685987 -0.204624 0.976434
1 9.96691 15.8606 1.60818 0.0544796 -0.142004 -0.988366
1 4.44325 21.0166 1.7563 -0.00155588 0.386017 0.92249
1 1.20532 11.5469 1.76145 0.205606 0.177656 0.962375
1 9.17089 18.6631 1.60857 0.30955 0.0190193 -0.950693
1 29.4827 5.26233 1.69555 -0.611951 -0.349228 -0.709617
1 8.96212 13.2759 1.60813 -0.200269 -0.0589451 -0.977966
1 13.3546 21.517 1.61128 -0.284143 0.458072 -0.842278
1 17.2188 25.1175 1.61004 0.338776 -0.107662 -0.934687
1 16.8545 23.2255 1.60771 0.0235528 -0.091811 -0.995498
1 16.046 5.78547 1.75479 0.641485 -0.405866 0.650976
1 30.9876 2.26429 1.61594 -0.309593 0.625809 -0.715902
1 11.5069 7.23925 1.60449 0.413575 -0.257979 -0.873156
1 28.3876 1.40737 1.75847 -0.139218 0.428819 0.892599
1 6.97453 22.0364 1.67497 -0.590182 -0.545204 -0.595347
1 5.80687 24.5236 1.74962 0.61259 -0.306456 0.728573
1 26.9874 11.9553 1.60963 0.47576 -0.151507 -0.866428
1 26.0455 26.8494 1.75841 0.0971475 0.128996 0.986875
1 30.4192 29.3076 1.61176 0.249389 0.420629 -0.872282
1 25.9237 33.5416 1.757 0.330806 -0.0471406 0.942521
1 33.6857 14.6402 1.75923 -0.344149 -0.147442 0.927266
1 13.8535 0.870187 1.74811 -0.381384 -0.428147 0.81929
1 34.4224 19.831 1.75852 0.175642 -0.326684 0.92867
1 6.22431 7.57706 1.609 0.622992 0.147058 -0.76828
1 11.4134 0.924079 1.63128 -0.488867 -0.625671 -0.607902
1 20.2216 31.1641 1.75995 0.182653 0.388258 0.903268
1 1.81411 2.37704 1.62349 -0.329398 -0.506716 -0.796703
1 15.4654 25.6396 1.61148 0.40131 0.169674 -0.90009
1 1.59323 20.5055 1.76002 0.0596406 -0.0456386 0.997176
1 13.6246 33.137 1.75662 -0.0388513 -0.403795 0.914024
1 0.140567 11.2628 1.75995 0.242164 -0.00497157 0.970223
1 7.90732 34.3929 1.61043 -0.464117 -0.170929 -0.869125
1 29.6185 16.9338 1.60933 -0.269222 -0.392292 -0.87956
1 33.3385 5.3057 1.60936 0.192598 0.208321 -0.95891
1 17.8887 23.6001 1.60946 0.0846255 -0.249358 -0.964707
1 20.6891 4.83024 1.60052 0.293575 0.782752 -0.548738
1 5.95677 29.2415 1.75789 -0.238285 -0.144849 0.960333
1 5.56179 31.8735 1.76012 -0.725087 -0.109399 0.679912
1 28.7818 15.1224 1.60975 -0.540106 -0.193978 -0.818938
1 4.13019 30.3746 1.75523 -0.432838 -0.394502 0.810567
1 29.473 31.8031 1.75498 0.530045 0.487974 0.693494
1 16.2431 1.74337 1.7587 -0.4518 -0.103634 0.88608
1 32.323 24.3439 1.61286 -0.509528 -0.120837 -0.851927
1 4.75373 33.6553 1.59782 -0.470269 0.291169 -0.833107
1 10.1437 4.81288 1.60937 0.0168858 -0.138107 -0.990273
1 17.6957 7.8235 1.75399 0.442807 0.0301185 0.896111
1 18.9249 23.8843 1.6151 0.139003 -0.411224 -0.900873
1 19.7214 23.0817 1.60971 0.00766736 -0.541845 -0.840444
1 8.53506 28.1353 1.75962 -0.0548464 0.180623 0.982022
1 32.9729 4.12954 1.60755 0.0108446 0.251599 -0.967771
1 18.0352 8.78416 1.76015 0.312511 0.117143 0.942663
1 12.8729 2.4842 1.61101 -0.469721 -0.591781 -0.655101
1 29.1139 7.89948 1.60804 -0.131152 -0.36478 -0.921811
1 4.59497 5.39469 1.61749 0.315114 0.521839 -0.792709
1 12.0431 32.4811 1.75307 0.0830381 -0.629364 0.772661
1 30.6043 26.7477 1.61482 -0.0757813 0.279905 -0.957032
1 13.303 5.92058 1.61045 0.150846 -0.546428 -0.82381
1 0.807367 4.86452 1.609 0.104889 -0.182219 -0.977647
1 16.5185 31.7099 1.75769 0.114175 -0.0718174 0.990861
1 0.928167 14.477 1.75788 -0.281371 0.164554 0.945385
1 7.39202 14.689 1.6092 -0.0682495 0.24102 -0.968117
1 5.82491 2.67683 1.60597 -0.0224386 0.193341 -0.980875
1 32.8822 3.09573 1.60941 -0.154958 0.253693 -0.954792
1 7.84493 17.2915 1.6118 0.155223 0.211121 -0.965056
1 27.144 5.32304 1.77937 0.591214 -0.0384853 0.805596
1 9.94231 12.7722 1.60977 -0.26895 -0.245397 -0.931368
1 27.894 28.8077 1.75219 -0.218495 0.396565 0.891626
1 2.77875 10.2465 1.75088 0.38895 0.41622 0.821875
1 33.3924 29.566 1.6083 0.26473 -0.158048 -0.951283
1 28.7689 32.9468 1.75819 0.388587 0.364995 0.846037
1 28.4425 2.5504 1.7572 -0.359185 0.451157 0.816973
1 24.1517 34.0533 1.75059 0.282454 -0.372892 0.883839
1 30.7027 33.9054 1.75595 0.0996101 0.671577 0.734209
1 20.6778 13 1.75756 0.138808 0.512656 0.8473
1 25.6452 0.425528 1.76198 0.107406 -0.0496275 0.992976
1 20.2194 11.2981 1.76211 0.0442972 0.623961 0.780199
1 4.20284 29.2773 1.75942 -0.249743 -0.427203 0.86898
1 16.3676 32.687 1.75999 0.0029304 -0.0700868 0.997537
1 3.0268 12.6613 1.74172 0.0282252 0.55232 0.833154
1 1.42276 5.65638 1.60764 0.229802 -0.278554 -0.932523
1 22.5222 32.4983 1.76755 -0.109703 0.7305 0.674044
1 9.92503 24.4865 1.75647 0.527777 0.327582 0.783672
1 32.7547 15.078 1.76021 -0.424107 -0.31776 0.848034
1 21.0818 19.2433 1.6046 -0.00129477 0.745421 -0.666593
1 4.40684 14.3979 1.61272 -0.186285 0.748798 -0.636081
1 25.3948 4.43885 1.74889 -0.647234 0.0260514 0.761846
1 21.1479 26.0788 1.61231 -0.203039 0.728386 -0.654392
1 12.6856 33.4081 1.75146 -0.0680934 -0.529867 0.845343
1 25.1252 26.4854 1.75932 0.16174 -0.0207475 0.986615
1 9.15707 20.4901 1.60662 0.548176 0.0864126 -0.831887
1 2.73193 18.478 1.75646 0.431792 0.149931 0.889425
1 3.2243 24.9627 1.70437 0.517079 -0.43968 0.734378
1 8.22684 4.7564 1.61458 0.104764 -0.0363552 -0.993832
1 15.7744 17.1227 1.75326 -0.538412 -0.351099 0.766056
1 15.7194 0.576791 1.75981 -0.300907 -0.150538 0.941697
1 13.4577 8.98773 1.74634 0.397759 -0.677425 0.618775
1 23.406 0.635249 1.75498 0.190993 -0.353741 0.915636
1 16.1175 34.277 1.75858 -0.185387 -0.0860728 0.978889
1 0.694135 24.1115 1.74335 -0.57781 -0.21829 0.786438
1 5.20582 30.8816 1.75639 -0.535622 -0.192922 0.822125
1 3.93648 1.82721 1.60644 -0.00912855 0.509186 -0.860608
1 29.3398 11.2818 1.62192 0.431037 -0.518631 -0.738396
1 33.3724 20.4001 1.75557 0.0791801 -0.499184 0.862871
1 14.8386 27.8922 1.75469 0.707525 -0.324835 0.627608
1 30.2286 1.54248 1.76636 -0.218917 0.760269 0.61161
1 22.9099 11.6878 1.60786 0.363563 0.466342 -0.806441
1 28.6919 19.984 1.61058 0.234176 -0.279012 -0.931297
1 6.23094 11.9127 1.60759 -0.342976 0.376811 -0.860454
1 28.4486 8.69206 1.60987 0.00883236 -0.270588 -0.962655
1 33.7745 15.6414 1.75598 -0.539221 -0.11862 0.833769
1 11.7869 20.8167 1.59593 0.630489 -0.532593 -0.564648
1 10.9372 32.7086 1.74538 -0.0263607 -0.783513 0.620816
1 23.2345 18.0983 1.61151 -0.0997651 0.444725 -0.890093
1 34.6125 26.7996 1.61149 -0.188506 -0.478535 -0.857595
1 12.4625 22.9013 1.60951 -0.127752 0.600199 -0.789582
1 33.9618 17.5377 1.73215 0.721847 -0.16715 0.671564
1 9.1183 31.8753 1.75785 -0.760797 0.174951 0.624964
1 3.48283 25.9228 1.76454 0.32765 -0.478364 0.814747
1 24.6802 13.2698 1.62415 0.658429 0.0575601 -0.750439
1 23.3234 5.9316 1.59927 -0.409137 0.436765 -0.801151
1 17.3425 32.2246 1.76015 0.0414596 0.0330846 0.998592
1 8.7088 9.79819 1.61305 -0.665737 -0.0162638 -0.746009
1 24.0196 1.45569 1.74834 -0.00658216 -0.254281 0.967108
1 24.8922 17.0239 1.61586 -0.277062 0.263859 -0.923913
1 8.79533 24.5379 1.75656 0.49885 0.134917 0.856123
1 17.3866 30.221 1.76196 0.332454 0.00927922 0.943074
1 24.9462 33.2535 1.75397 0.404919 -0.216003 0.888473
1 26.564 2.68801 1.75475 -0.31355 0.181395 0.932085
1 19.5428 18.5109 1.75941 -0.697411 0.261981 0.667071
1 21.2221 1.56759 1.66664 0.42508 -0.647088 0.632917
1 5.02956 15.2114 1.77755 0.0290862 -0.645279 0.763393
1 22.2719 33.9056 1.73637 -0.362532 0.726447 0.58382
1 11.7731 2.3347 1.62506 -0.302745 -0.449745 -0.840283
1 17.2554 16.1561 1.7584 -0.432218 -0.0615893 0.899663
1 24.161 26.1612 1.76044 0.214322 -0.183992 0.959277
1 3.2291 27.0864 1.76012 0.129997 -0.552619 0.823234
1 11.9364 15.8133 1.61633 -0.0154105 -0.464494 -0.885442
1 0.466724 25.817 1.61042 -0.408681 -0.556759 -0.723187
1 3.48393 6.56691 1.60224 0.273194 -0.519733 -0.809471
1 23.1756 25.7592 1.75795 0.249122 -0.35252 0.902035
1 16.8217 2.64853 1.75689 -0.572944 -0.00897934 0.819545
1 26.0372 12.6672 1.63245 0.580687 -0.0356324 -0.813347
1 16.3525 21.2917 1.60667 -0.300955 -0.0234505 -0.95335
1 10.4444 16.7053 1.61162 0.144297 -0.200417 -0.969026
1 11.7094 4.3725 1.60485 -0.0608362 -0.353885 -0.933308
1 26.7323 1.70964 1.76029 -0.142484 0.16955 0.975167
1 19.3404 20.953 1.61115 -0.367251 -0.506045 -0.780413
1 27.2477 24.468 1.75607 0.512933 0.377209 0.771111
1 5.85966 0.500148 1.60984 -0.292803 0.150144 -0.944311
1 25.0502 25.5054 1.75921 0.348353 -0.0312722 0.936841
1 27.5709 2.13736 1.75844 -0.242949 0.313034 0.918142
1 28.4732 18.2887 1.60815 -0.0307034 -0.223392 -0.974245
1 30.1295 15.0279 1.62047 -0.573909 -0.453742 -0.681723
1 11.1933 26.5668 1.75684 0.186864 0.540714 0.820189
1 26.9909 26.9121 1.7556 0.108715 0.298386 0.948234
1 20.2628 2.85869 1.76951 0.23066 -0.857063 0.460694
1 17.6217 10.6575 1.75974 0.154862 0.0509427 0.986622
1 14.6503 10.666 1.75827 0.113749 -0.477065 0.871476
1 33.3529 12.7144 1.75981 -0.010728 -0.224564 0.9744
1 31.6444 33.1973 1.78148 -0.0805178 0.844185 0.52997
1 26.9869 31.8389 1.75529 0.659464 0.021727 0.751423
1 29.7077 15.8786 1.60961 -0.442657 -0.379864 -0.812255
1 5.0363 1.13357 1.61061 -0.192656 0.303967 -0.932999
1 31.4997 0.785105 1.60325 -0.460285 0.597957 -0.656189
1 6.86672 15.6659 1.6123 0.0107773 0.350452 -0.936519
1 32.2611 7.82719 1.78475 -0.629092 -0.457303 0.628583
1 16.6837 10.2744 1.76077 0.150299 -0.122438 0.98103
1 16.9064 33.5531 1.75896 -0.0913937 -0.00969489 0.995768
1 2.31077 23.1384 1.75489 -0.413323 0.0749901 0.907492
1 16.3934 19.5225 1.61491 -0.576609 -0.0682425 -0.814165
1 22.7235 15.4866 1.75112 0.358002 -0.731293 0.580556
1 3.89473 12.352 1.77124 0.0104668 0.723894 0.689832
1 16.6166 22.263 1.60805 -0.137781 -0.0630195 -0.988456
1 10.8719 12.404 1.61064 -0.28377 -0.422712 -0.860691
1 30.1877 6.22649 1.60811 -0.433008 -0.508358 -0.744363
1 8.72381 16.0831 1.6073 0.086462 0.0664944 -0.994034
1 12.1876 3.50136 1.6445 -0.167091 -0.458 -0.873107
1 24.3904 27.1408 1.76038 0.018356 -0.147046 0.988959
1 21.3695 16.4511 1.7542 -0.3168 0.670014 0.671356
1 22.8771 7.11247 1.6106 -0.214418 0.478836 -0.851317
1 10.4842 29.9409 1.76067 -0.433854 0.458815 0.775409
1 14.0077 3.52755 1.59876 -0.321525 -0.713705 -0.622292
1 22.3716 26.5389 1.75232 0.0808425 -0.488374 0.868882
1 3.80414 4.00971 1.66615 0.302873 0.661785 -0.685791
1 14.6554 7.38142 1.74675 0.52197 -0.666596 0.532163
1 20.263 16.537 1.75808 -0.383 0.472623 0.793687
1 21.7043 27.385 1.7501 -0.110294 -0.598902 0.793191
1 17.162 28.4553 1.75869 0.642128 -0.0522353 0.764815
1 1.71838 4.55346 1.61438 0.0244337 -0.354433 -0.934762
1 33.065 18.4434 1.74692 0.45914 -0.471767 0.752746
1 11.8679 29.4963 1.6398 -0.450456 0.637505 0.625041
1 24.4828 16.1683 1.6074 -0.421041 0.348746 -0.837317
1 21.4144 20.6061 1.61056 0.324537 0.65282 -0.684472
1 32.1161 31.0916 1.60908 0.488979 0.162619 -0.857003
1 2.28681 29.2853 1.76432 -0.247044 -0.787879 0.564107
1 13.9638 34.1668 1.76008 -0.187021 -0.378628 0.906457
1 27.6519 32.7431 1.76112 0.473207 0.173727 0.863651
1 16.3275 11.2598 1.76004 0.0524899 -0.16874 0.984262
1 20.6956 23.5649 1.61159 0.0164089 -0.715297 -0.698628
1 23.8601 21.0735 1.60327 0.398912 0.327588 -0.856479
1 0.500027 18.9782 1.75238 0.335166 -0.222656 0.915471
1 29.9726 22.2324 1.60982 0.603837 -0.451091 -0.657189
1 33.8853 1.57416 1.60899 -0.395187 0.0646694 -0.916321
1 28.04 19.2307 1.60724 0.117698 -0.179462 -0.976699
1 34.0182 25.7376 1.61448 -0.35037 -0.388805 -0.852098
1 33.8259 9.55387 1.76046 0.538776 -0.160683 0.826984
1 17.4022 26.5674 1.61468 0.607963 -0.113023 -0.78588
1 27.1292 23.1572 1.61368 0.806278 0.112059 -0.580826
1 17.8149 34.0027 1.75817 -0.163322 0.104442 0.981029
1 7.18039 12.3094 1.60807 -0.306208 0.228714 -0.924082
1 32.4222 30.126 1.61029 0.366674 0.0407211 -0.929458
1 0.670061 13.3928 1.76018 -0.10239 0.118436 0.987669
1 0.00426149 23.1028 1.75562 -0.43834 -0.33284 0.83491
1 31.6341 19.8508 1.64998 0.15648 -0.809356 -0.566089
1 4.41968 25.1224 1.73896 0.487499 -0.315844 0.813995
1 18.602 22.8484 1.60585 -0.0471204 -0.372629 -0.926783
1 6.37625 10.7629 1.62644 -0.459637 0.356822 -0.813272
1 8.26361 15.1451 1.60817 -0.0307795 0.110449 -0.993405
1 17.276 11.5844 1.76046 0.0682634 -0.00970591 0.99762
1 10.4835 21.5636 1.60432 0.692561 -0.176236 -0.6995
1 10.9991 24.2767 1.75436 0.553519 0.525208 0.646354
1 29.4218 2.91735 1.75533 -0.426271 0.621936 0.656878
1 34.5172 5.1893 1.6075 0.174809 -0.0091332 -0.98456
1 31.2962 28.527 1.60817 0.171201 0.163004 -0.971658
1 12.8756 8.31279 1.60005 0.581253 -0.49595 -0.645119
1 33.9427 0.20133 1.61336 -0.61268 0.0691589 -0.787299
1 28.1839 33.7937 1.76152 0.26955 0.286753 0.919302
1 0.109015 2.13457 1.61036 -0.314955 -0.107555 -0.942993
1 5.77551 4.00751 1.61048 0.0967759 0.254448 -0.962232
1 22.2988 3.51532 1.7444 -0.215853 -0.505156 0.835599
1 32.0425 1.57823 1.62222 -0.404737 0.417506 -0.813558
1 12.0798 17.604 1.60817 0.178855 -0.476917 -0.860558
1 1.18708 23.2921 1.75834 -0.448446 -0.120372 0.885667
1 2.52901 20.2253 1.75915 0.137092 0.101789 0.985315
1 15.1822 21.1058 1.60699 -0.345212 0.172519 -0.922532
1 18.779 12.7353 1.75838 0.038167 0.228827 0.972719
1 2.60687 13.7661 1.75267 -0.165876 0.488863 0.856445
1 26.4791 14.476 1.6656 -0.645243 0.288952 -0.707226
1 27.3675 34.4717 1.75781 0.136339 0.195096 0.971262
1 9.47296 28.3135 1.75613 -0.0936105 0.333549 0.938073
1 18.5702 28.7145 1.75294 0.591451 0.119995 0.797363
1 14.6629 0.407881 1.7639 -0.298513 -0.299963 0.906042
1 28.694 12.5605 1.60523 0.596339 -0.414555 -0.687404
1 0.846305 10.5179 1.75448 0.376975 0.0943222 0.921408
1 18.5322 0.0276525 1.75654 -0.256464 0.215805 0.942154
1 31.9712 2.68376 1.6124 -0.224399 0.419411 -0.879625
1 2.21543 19.3114 1.75826 0.284889 0.0531793 0.957084
1 16.1368 3.45212 1.76113 -0.680988 -0.147828 0.717218
1 25.8521 21.2218 1.61504 0.41304 0.0970736 -0.905525
1 10.1347 33.6615 1.6102 -0.540951 -0.571144 -0.617387
1 7.74543 16.157 1.60846 0.0620183 0.219202 -0.973706
1 34.013 23.8554 1.74635 -0.615042 -0.451036 0.646753
1 30.6208 32.4879 1.74873 0.328201 0.691761 0.643235
1 27.7332 6.22264 1.62317 -0.43941 -0.147038 -0.886171
1 28.603 29.5124 1.75769 -0.371395 0.483329 0.792754
1 29.826 33.0718 1.7511 0.304018 0.545956 0.780708
1 22.9227 19.1507 1.61018 0.0692424 0.468703 -0.880638
1 9.37965 2.65134 1.61588 -0.195211 -0.00385321 -0.980754
1 6.26364 26.184 1.75687 0.23556 -0.150975 0.960062
1 33.3264 30.6681 1.61145 0.410519 -0.124457 -0.903319
1 10.1836 0.576322 1.61753 -0.387952 -0.42809 -0.81623
1 10.5969 7.948 1.60191 0.538214 -0.0719012 -0.839735
1 24.9098 15.1157 1.6293 -0.635556 0.310758 -0.706752
1 13.2181 23.715 1.60901 0.0694752 0.515114 -0.854301
1 8.33028 10.7368 1.60939 -0.515041 0.0229041 -0.85686
1 18.5544 1.57864 1.75886 -0.412742 0.23761 0.87931
1 18.3245 11.58 1.75711 0.112958 0.173475 0.978339
1 27.8296 25.5903 1.7522 0.319933 0.576591 0.751789
1 13.6594 31.0893 1.75602 0.200964 -0.422657 0.883727
1 32.2289 11.078 1.76117 0.280299 -0.44089 0.852671
1 20.1634 5.7018 1.75413 0.587375 0.477558 0.653398
1 21.4536 4.06426 1.77019 -0.217242 -0.646029 0.731746
1 14.5201 29.011 1.76043 0.524147 -0.38258 0.760856
1 17.6557 19.4611 1.61386 -0.660298 -0.244815 -0.709981
1 10.2146 18.6022 1.60839 0.344671 -0.168177 -0.923536
1 21.2168 31.1657 1.75412 0.165618 0.538364 0.826278
1 27.7355 22.2419 1.60677 0.638952 -0.05959 -0.766935
1 23.9722 32.0768 1.601 -0.646694 0.30574 -0.698792
1 19.3133 17.4412 1.75599 -0.560372 0.278747 0.779925
1 22.6616 21.1571 1.62783 0.414713 0.46953 -0.779458
1 19.2022 2.71194 1.75819 -0.442227 0.458568 0.770812
1 32.6956 0.171276 1.60861 -0.607204 0.332168 -0.721781
1 21.1784 22.315 1.59736 -0.234821 -0.816616 -0.527254
1 11.7726 11.9234 1.61496 -0.328867 -0.619384 -0.712888
1 6.61467 25.0944 1.75388 0.432886 -0.217511 0.874814
1 27.5964 11.0163 1.60708 0.332926 -0.229771 -0.91453
1 31.1379 21.3445 1.60974 0.397747 -0.676654 -0.619626
1 11.18 14.5895 1.61066 -0.0480353 -0.419525 -0.906472
1 19.6433 29.2896 1.76132 0.480047 0.296675 0.825554
1 13.7968 26.5439 1.62097 0.457658 0.476106 -0.750914
1 33.7821 3.54375 1.60732 -0.0918655 0.080982 -0.992473
1 26.3439 7.24846 1.6114 -0.240135 -0.00119562 -0.970739
