1 16.8877 32.6782 1.76044 0.0360642 -0.0321437 0.998832
1 23.8992 16.1678 1.6062 -0.514531 0.385222 -0.766069
1 20.0972 16.2233 1.75901 -0.414116 0.432073 0.801137
1 28.0822 19.9101 1.609 0.142895 -0.186993 -0.971913
1 6.83172 25.1067 1.76345 0.419073 -0.172877 0.891342
1 21.1089 9.87389 1.74387 0.14991 0.776592 0.611908
1 13.2702 23.0978 1.60755 0.0797557 0.563271 -0.822414
1 28.8751 18.0749 1.60635 -0.15872 -0.296453 -0.941766
1 10.813 6.87211 1.6099 0.385293 -0.142132 -0.911783
1 2.40384 14.2322 1.7593 -0.2748 0.419403 0.865209
1 16.605 16.7482 1.75321 -0.582504 -0.117108 0.804347
1 32.3786 15.0264 1.76337 -0.434138 -0.326722 0.83951
1 24.7107 34.463 1.7557 0.225694 -0.427432 0.875423
1 30.116 12.4142 1.76686 0.0762899 -0.685717 0.723859
1 14.9315 22.7729 1.60998 -0.0179979 0.259767 -0.965504
1 25.1311 18.8434 1.60802 -0.0468529 0.17946 -0.982649
1 16.1639 0.708472 1.76008 -0.304286 -0.119674 0.945033
1 30.6983 17.2713 1.61943 -0.304506 -0.586812 -0.750285
1 29.6651 16.4792 1.62021 -0.449272 -0.43003 -0.783089
1 13.2691 20.6142 1.62072 -0.330026 0.629233 -0.703668
1 15.4823 29.4179 1.75834 0.497929 -0.252958 0.829505
1 16.612 19.8798 1.60913 -0.498067 0.0173097 -0.866966
1 18.6143 30.6422 1.7567 0.336121 0.198635 0.920634
1 33.4775 1.93201 1.65426 -0.424163 0.642848 0.637834
1 31.1375 2.61223 1.7415 -0.391621 0.340297 0.854886
1 26.2753 13.0925 1.65255 0.586474 -0.150986 -0.795771
1 6.29376 11.4874 1.60409 -0.355041 0.341585 -0.87021
1 9.25304 16.4818 1.61309 0.0990423 -0.0535895 -0.993639
1 5.31867 33.9096 1.60651 -0.193574 -0.035503 -0.980443
1 15.2828 13.9493 1.75957 -0.251734 -0.375229 0.892095
1 11.367 11.0381 1.6275 -0.462007 -0.542157 -0.701865
1 9.34435 26.6889 1.75886 0.119392 0.212622 0.969813
1 11.2886 5.19505 1.60747 0.112874 -0.225217 -0.967748
1 16.7639 26.5621 1.60953 0.684512 0.00142282 -0.729
1 20.0557 11.6397 1.75217 0.0351168 0.52565 0.849976
1 26.7434 27.1078 1.75616 0.146641 0.32027 0.935908
1 12.0654 8.24598 1.60644 0.638165 -0.376863 -0.671356
1 2.04939 34.0101 1.60648 -0.331645 0.377346 -0.864651
1 17.6849 32.0743 1.76153 0.130768 0.0790231 0.988259
1 8.14632 19.2352 1.61391 0.460065 0.180457 -0.869353
1 1.1224 16.0315 1.74943 -0.639114 0.170229 0.750037
1 3.64481 20.5762 1.75851 0.065495 0.297 0.952629
1 20.2633 21.5801 1.62275 -0.225561 -0.576278 -0.78551
1 16.2745 14.6393 1.76294 -0.312691 -0.185538 0.931558
1 4.52108 12.3502 1.62513 -0.200584 0.764014 -0.613228
1 21.8741 27.5236 1.75523 -0.0602007 -0.584799 0.808941
1 21.6852 13.2416 1.74735 0.181128 0.791285 0.584004
1 30.5883 11.2316 1.75631 0.277905 -0.58701 0.760387
1 27.1422 4.68555 1.61715 -0.737979 -0.369413 -0.564731
1 3.44906 4.04525 1.60968 -0.211903 -0.283743 -0.935194
1 28.0565 28.7534 1.75683 -0.149731 0.56123 0.814003
1 4.32181 19.1186 1.75235 0.344812 0.396837 0.850661
1 12.9165 7.17526 1.61482 0.459685 -0.514814 -0.723641
1 12.1577 22.5193 1.60834 -0.0894059 0.733451 -0.673836
1 22.1391 20.7456 1.64083 0.2736 0.59867 -0.75282
1 7.96534 29.5409 1.75246 -0.394918 0.0251735 0.918371
1 32.3488 27.945 1.60722 -0.0261303 0.0561324 -0.998081
1 28.2675 27.5115 1.7687 0.0638889 0.661044 0.747622
1 15.4637 16.3602 1.75035 -0.504049 -0.330508 0.797934
1 5.63051 4.18909 1.62447 -0.18815 -0.674627 -0.713777
1 7.62326 5.42978 1.60688 0.113878 0.515234 -0.84945
1 27.5145 26.5878 1.7566 0.238221 0.488717 0.839289
1 20.5745 12.8729 1.75525 -0.0741189 0.595117 0.800214
1 33.7178 12.6951 1.76024 0.0156274 -0.104285 0.994425
1 29.2702 26.2879 1.59923 -0.206867 0.735475 -0.645199
1 3.15435 25.218 1.76014 0.547194 -0.64758 0.530301
1 26.1798 5.22554 1.61501 -0.587669 -0.241681 -0.772163
1 20.107 3.36401 1.74957 -0.570151 0.476306 0.669373
1 14.0251 21.2221 1.61343 -0.261463 0.445856 -0.856066
1 32.7141 26.9967 1.60736 -0.181421 -0.0333537 -0.98284
1 31.5851 5.0935 1.6111 -0.107153 0.445967 -0.888612
1 5.73934 0.950984 1.60672 0.159591 -0.0833379 -0.983659
1 11.751 4.0185 1.61297 -0.0769248 -0.334058 -0.939408
1 18.0345 14.3626 1.76042 -0.237657 0.114064 0.964629
1 15.9649 32.3566 1.75838 0.0683229 -0.153105 0.985845
1 26.0459 25.1659 1.75807 0.48382 0.111765 0.868001
1 19.39 5.71455 1.76063 0.549791 0.427356 0.717702
1 25.8139 26.8747 1.76389 0.15404 0.131405 0.979288
1 34.0966 13.6341 1.75966 -0.149676 -0.048453 0.987547
1 10.0549 27.3911 1.76156 -0.00430198 0.318263 0.947993
1 31.2387 0.669233 1.75599 -0.016053 0.406502 0.913509
1 30.9136 26.2646 1.61273 -0.275066 0.298442 -0.913932
1 31.4168 28.1307 1.60697 -0.00675753 0.248408 -0.968632
1 21.7147 8.08187 1.60315 -0.00355992 0.730599 -0.682797
1 17.664 31.0829 1.75922 0.26763 0.0643884 0.961368
1 24.5651 12.2885 1.60915 0.447899 0.171038 -0.877572
1 7.20049 14.5168 1.60693 -0.0525488 0.255484 -0.965384
1 23.8903 10.3004 1.60741 0.16683 0.292346 -0.941648
1 31.1549 10.1438 1.75885 0.482655 -0.432705 0.761453
1 2.12353 13.1566 1.75482 -0.0681676 0.376503 0.923904
1 26.5529 6.26259 1.61244 -0.401261 -0.246153 -0.882269
1 7.30456 33.492 1.60894 -0.282097 -0.260795 -0.923259
1 22.8277 4.53294 1.62182 -0.593179 0.370162 -0.714925
1 20.1051 26.4111 1.75818 -0.450771 0.667207 0.592994
1 13.7278 9.31732 1.75642 0.216781 -0.610688 0.761621
1 7.10408 32.5048 1.62775 -0.491987 -0.27548 -0.825869
1 24.4991 31.0454 1.74029 -0.643444 -0.0715046 0.762146
1 4.28156 22.353 1.75226 -0.286093 0.429866 0.856368
1 15.6581 4.40021 1.74732 -0.782361 -0.272611 0.559995
1 24.4764 18.0819 1.61132 -0.185849 0.255438 -0.948795
1 34.6123 2.11471 1.61506 -0.0275135 0.707044 -0.706634
1 24.8569 25.1767 1.76086 0.449648 -0.0804473 0.889576
1 29.6037 18.8329 1.61143 -0.0200514 -0.407678 -0.912906
1 12.6561 9.79125 1.74404 0.105539 -0.767588 0.632194
1 33.1429 13.4881 1.75974 -0.132475 -0.196596 0.971494
1 23.406 13.8048 1.6089 0.66704 0.310938 -0.677034
1 0.792359 2.81079 1.64637 0.05453 0.537159 -0.841716
1 31.1376 19.5325 1.61925 0.0981114 -0.6451 -0.757773
1 21.7679 17.9955 1.62198 -0.247361 0.687287 -0.68297
1 1.75772 4.94138 1.60903 -0.0197562 -0.0717779 -0.997225
1 28.4773 16.1495 1.61565 -0.486562 -0.200551 -0.850315
1 20.401 15.0523 1.7559 -0.189352 0.50963 0.839299
1 4.91315 3.18146 1.66828 -0.409456 -0.474774 -0.779061
1 15.4133 15.078 1.76009 -0.369029 -0.334567 0.867112
1 15.0638 20.7599 1.61017 -0.337129 0.255596 -0.906099
1 12.943 15.4156 1.60839 -0.186031 -0.742314 -0.64371
1 7.00827 10.5731 1.60738 -0.485697 0.190143 -0.853196
1 11.9797 12.281 1.62067 -0.267631 -0.667677 -0.694681
1 9.20213 31.1353 1.7729 -0.730749 0.152603 0.665371
1 19.303 25.9277 1.61238 0.504167 -0.449956 -0.737126
1 13.187 0.437963 1.74969 -0.408472 -0.586381 0.699506
1 5.69513 28.8545 1.75908 -0.264223 -0.240424 0.934014
1 19.0787 11.6307 1.75329 0.0190971 0.347614 0.937443
1 21.7124 19.4505 1.62608 0.0311971 0.691306 -0.721888
1 25.4634 27.76 1.76167 -0.0114724 0.073199 0.997251
1 26.3967 20.4469 1.60747 0.240763 0.0361753 -0.969909
1 15.8331 31.3273 1.76054 0.217699 -0.182367 0.958827
1 6.01711 18.4859 1.62245 0.519301 0.551237 -0.653043
1 27.5182 5.78061 1.61243 -0.526347 -0.386537 -0.757329
1 30.7328 1.70439 1.75556 -0.194366 0.317717 0.928051
1 6.46612 27.1921 1.75867 0.0478919 -0.184608 0.981645
1 10.8797 4.30752 1.60716 -0.0370373 -0.15902 -0.98658
1 13.4197 13.1645 1.7475 -0.162101 -0.68869 0.706704
1 14.8057 27.8274 1.75301 0.736485 -0.34322 0.582915
1 10.5972 13.348 1.61625 -0.125276 -0.440765 -0.888838
1 31.6399 11.0186 1.7527 0.32004 -0.399371 0.859114
1 8.22706 14.472 1.60706 -0.0629687 0.0648663 -0.995905
1 33.7116 26.9478 1.60883 -0.207691 -0.239136 -0.948514
1 32.9118 16.1324 1.75607 -0.59946 -0.20578 0.7735
1 7.94403 9.85842 1.6135 -0.598251 0.0407409 -0.800273
1 19.6103 29.2106 1.75429 0.53662 0.400592 0.742674
1 30.1416 5.05773 1.60842 -0.0562383 0.598948 -0.798811
1 28.6043 5.49355 1.6115 -0.543282 -0.582136 -0.604948
1 28.5608 0.373993 1.75642 0.0941602 0.0426463 0.994643
1 20.2593 10.372 1.74154 0.171971 0.590365 0.788603
1 7.50747 26.6471 1.7595 0.131965 -0.0634041 0.989224
1 8.50635 25.0934 1.75812 0.380228 0.0750302 0.921844
1 27.5279 6.82315 1.61765 -0.324712 -0.395804 -0.859012
1 17.5812 8.17224 1.75574 0.345868 0.0526724 0.936804
1 22.7246 25.2852 1.75986 0.406075 -0.454848 0.792601
1 23.343 11.9458 1.61177 0.374601 0.415264 -0.828993
1 8.96866 12.5416 1.60471 -0.255272 -0.146547 -0.955699
1 20.9073 22.6879 1.6094 -0.0887416 -0.71197 -0.69658
1 24.6165 32.7318 1.67396 0.522477 -0.403926 0.750907
1 4.8867 13.5992 1.62201 -0.119243 0.619339 -0.776016
1 10.5528 5.91489 1.60894 0.228188 -0.079835 -0.970339
1 7.38938 17.5609 1.60666 0.259603 0.260489 -0.92992
1 19.9101 13.8675 1.75558 -0.158153 0.424567 0.891477
1 26.4034 28.0489 1.75529 -0.0236302 0.259949 0.965333
1 6.06841 23.45 1.73392 0.716721 -0.328945 0.614903
1 17.8117 17.0623 1.74889 -0.616305 0.0847793 0.782931
1 11.1702 23.5143 1.74978 0.59646 0.53006 0.602721
1 9.12244 32.745 1.61944 -0.440884 -0.462231 -0.769392
1 2.78673 16.2298 1.74377 -0.757342 0.13777 0.638319
1 24.8116 6.74904 1.60529 -0.325318 0.0513985 -0.944207
1 27.6484 32.6569 1.75414 0.604503 -0.110597 0.788888
1 13.5642 16.9852 1.60543 -0.0948615 -0.78921 -0.606753
1 12.8607 17.926 1.61002 0.0785548 -0.654657 -0.751834
1 4.02947 10.2586 1.79168 -0.0862004 0.882161 0.462991
1 18.3616 10.8498 1.75673 0.0774957 0.220572 0.972287
1 22.8293 17.1467 1.61337 -0.378828 0.515308 -0.768731
1 11.6382 6.13236 1.60691 0.269367 -0.290423 -0.918203
1 27.103 8.40555 1.60832 -0.0740474 -0.292278 -0.953463
1 9.76581 15.5073 1.61151 0.0156812 -0.15541 -0.987726
1 4.80804 10.5562 1.5987 -0.416364 0.583673 -0.697114
1 16.6138 2.72534 1.75376 -0.566515 -0.0669367 0.821329
1 30.9827 4.27391 1.59627 -0.304935 0.495393 -0.813389
1 1.84994 32.881 1.61282 -0.496747 0.509611 -0.702523
1 28.2822 12.2278 1.61417 0.43314 -0.513497 -0.74075
1 1.0261 17.946 1.758 0.554718 -0.109485 0.824804
1 10.0244 2.8067 1.61071 -0.274234 -0.00874922 -0.961623
1 25.4651 5.95344 1.61355 -0.454032 -0.0902811 -0.886399
1 1.13749 27.0008 1.61138 -0.140505 -0.651842 -0.745225
1 28.0348 24.7484 1.7598 0.509483 0.470048 0.720751
1 10.3005 24.0875 1.75483 0.532855 0.372957 0.759585
1 7.29662 11.5803 1.60842 -0.35105 0.160611 -0.922479
1 16.5142 1.71559 1.75224 -0.438804 -0.0617294 0.89646
1 4.60042 21.2712 1.7588 -0.055394 0.455911 0.8883
1 8.15942 20.347 1.62178 0.596784 0.158567 -0.786578
1 10.6483 15.9564 1.60873 0.029375 -0.284265 -0.958296
1 33.9997 28.9794 1.60977 0.10123 -0.236081 -0.966446
1 27.3897 27.911 1.74824 0.0168666 0.46329 0.886046
1 20.943 27.8189 1.58759 0.160805 0.726399 -0.668196
1 5.64002 26.7072 1.7574 0.139043 -0.315411 0.938713
1 24.9022 10.5493 1.60647 0.202784 0.117054 -0.972202
1 27.5447 29.7951 1.758 -0.353318 0.412247 0.839773
1 21.7327 5.23457 1.61375 -0.367884 0.565995 -0.737775
1 33.1115 34.5758 1.75785 0.0523955 0.662277 0.747425
1 14.2242 23.5 1.61135 0.104249 0.383674 -0.917566
1 16.6568 12.7659 1.75711 -0.131842 -0.0884854 0.987314
1 15.6117 24.7383 1.60902 0.31903 0.16809 -0.93272
1 8.88329 7.1501 1.62155 0.450109 0.209653 -0.868014
1 33.2801 5.91561 1.60669 0.139549 0.255382 -0.956716
1 9.17172 3.48007 1.61072 -0.168788 0.171762 -0.970571
1 31.141 6.06592 1.61917 0.114466 0.518044 -0.84766
1 7.75795 30.9966 1.754 -0.74052 -0.0413792 0.670759
1 5.34495 1.88054 1.60718 0.354507 0.0213224 -0.93481
1 24.0726 7.44463 1.60811 -0.228228 0.201084 -0.952616
1 5.40428 19.3843 1.75367 0.383597 0.573529 0.723822
1 23.5035 8.3315 1.60512 -0.0984354 0.333483 -0.937603
1 9.16351 19.7628 1.61274 0.498669 -0.022381 -0.866503
1 34.0443 25.9661 1.60513 -0.385454 -0.317243 -0.866477
1 0.0246527 21.9922 1.75752 -0.249582 -0.259915 0.93282
1 5.46181 7.98485 1.74953 0.635577 -0.602497 0.482742
1 33.1977 14.4603 1.75948 -0.311432 -0.190579 0.930962
1 33.0084 26.0461 1.60994 -0.332367 -0.124466 -0.934901
1 18.54 8.67171 1.75872 0.305591 0.22879 0.924267
1 25.5337 21.5705 1.60673 0.465907 0.169559 -0.868435
1 19.4662 31.3861 1.76092 0.235508 0.334317 0.912561
1 25.9776 28.9613 1.75757 -0.199861 0.178618 0.963406
1 18.7754 2.02569 1.75536 -0.426333 0.270042 0.863318
1 1.11055 9.66622 1.7469 0.573497 0.217378 0.789841
1 32.2803 13.8799 1.76218 -0.209541 -0.34263 0.915804
1 28.138 10.0604 1.61257 0.201283 -0.456831 -0.866482
1 22.7192 19.8907 1.60399 0.10459 0.531286 -0.840712
1 25.8466 18.0863 1.60649 -0.184347 0.0968289 -0.97808
1 12.4297 31.6008 1.75572 0.267372 -0.648529 0.712687
1 10.8793 8.06879 1.61404 0.591927 -0.16533 -0.788853
1 2.25912 18.0676 1.7518 0.523226 0.0676087 0.849508
1 22.0608 9.9392 1.62079 0.0452151 0.693225 -0.719301
1 9.22223 17.5995 1.61053 0.222873 -0.0462142 -0.973751
1 20.4212 33.4918 1.75658 -0.00426388 0.470851 0.882202
1 25.1056 29.5244 1.75416 -0.349926 0.0359005 0.936089
1 6.49563 22.0567 1.76325 -0.550443 0.598318 0.582261
1 34.4703 5.67978 1.60541 0.116484 0.174941 -0.977664
1 29.9344 21.9723 1.61125 0.447836 -0.467993 -0.761857
1 7.42972 4.17296 1.60473 -0.0923004 0.533174 -0.840955
1 9.0568 2.51456 1.61415 -0.321259 0.184635 -0.928818
1 0.251299 33.4297 1.76239 -0.556879 0.612108 0.561435
1 30.2813 0.800121 1.75734 -0.00336298 0.272202 0.962234
1 18.4663 12.4425 1.75321 -0.0440605 0.212702 0.976123
1 4.86529 26.1186 1.75659 0.251689 -0.44765 0.858057
1 13.5976 14.6701 1.75027 -0.314034 -0.711856 0.628207
1 1.70208 2.24349 1.63468 0.0697181 0.385494 -0.920073
1 25.8362 6.97354 1.61051 -0.291869 -0.113445 -0.949707
1 10.222 4.97771 1.6066 0.0665059 -0.0182015 -0.99762
1 29.5177 20.8867 1.60748 0.284624 -0.435964 -0.853771
1 12.4917 13.6032 1.59603 -0.0689245 -0.775899 -0.62708
1 2.68683 12.2289 1.75423 0.0806215 0.492138 0.866776
1 17.5915 22.2484 1.60781 -0.101612 -0.153451 -0.982918
1 15.4256 1.32018 1.73626 -0.400021 -0.210415 0.892025
1 15.9297 25.7148 1.61579 0.504117 0.146155 -0.851179
1 19.528 12.6659 1.75433 -0.093827 0.40474 0.909605
1 11.4037 26.2479 1.75824 0.193757 0.529717 0.825747
1 25.4112 30.396 1.75218 -0.516791 0.0913852 0.85122
1 21.9355 30.7944 1.74154 0.443181 0.720616 0.533201
1 15.7677 28.4268 1.74887 0.64682 -0.201701 0.735487
1 1.87098 30.5135 1.60251 0.0289935 -0.791052 -0.611062
1 32.2597 2.43472 1.73334 -0.425944 0.484943 0.763808
1 7.78559 0.513947 1.60749 0.0677315 -0.393254 -0.916932
1 34.2515 31.8381 1.62906 0.526176 -0.200434 -0.826417
1 27.7235 15.3605 1.62338 -0.627321 -0.0405369 -0.777705
1 10.2454 11.2136 1.60764 -0.448575 -0.365823 -0.815447
1 27.4423 20.716 1.60859 0.278769 -0.0978568 -0.95536
1 34.1148 3.79951 1.60606 -0.384929 0.0280121 -0.922521
1 1.46582 13.9788 1.75365 -0.210124 0.263138 0.941598
1 11.9834 18.634 1.61161 0.259931 -0.518216 -0.814793
1 27.7313 0.998463 1.75933 -0.023233 -0.0584133 0.998022
1 25.029 16.3827 1.61497 -0.498569 0.206067 -0.842001
1 31.768 1.56711 1.75644 -0.220826 0.461494 0.85922
1 4.08603 25.5772 1.74936 0.417284 -0.535356 0.734349
1 28.8356 21.872 1.60952 0.445199 -0.305746 -0.841616
1 32.5754 29.8402 1.61 0.252881 0.0672044 -0.965161
1 13.9332 34.455 1.75549 -0.27404 -0.467045 0.840697
1 20.86 8.2543 1.76652 0.320405 0.744502 0.585711
1 4.76637 17.3061 1.61096 0.4518 0.677406 -0.580515
1 2.32442 28.7544 1.76327 -0.279346 -0.75873 0.588468
1 12.672 3.96446 1.61071 -0.11704 -0.499487 -0.858379
1 15.7722 34.3281 1.75959 -0.181233 -0.175472 0.967659
1 9.21108 9.39524 1.63482 -0.746768 -0.059297 -0.662435
1 17.3418 24.0037 1.60829 0.204297 -0.101532 -0.973629
1 4.55283 24.3825 1.72385 0.662205 -0.45438 0.595839
1 33.6226 17.6523 1.75588 0.549815 -0.393006 0.737054
1 12.3126 28.7707 1.75641 -0.325378 0.658634 0.678477
1 9.32494 4.52935 1.60741 -0.0042578 0.158513 -0.987348
1 3.62819 21.6147 1.75785 -0.13002 0.312949 0.940828
1 8.31503 22.5139 1.74334 0.791199 0.0639457 0.608207
1 25.6342 9.81574 1.60715 0.098078 -0.0132461 -0.995091
1 12.4118 26.286 1.74265 0.173023 0.682237 0.710363
1 2.8858 7.64193 1.60889 0.409466 -0.216844 -0.886181
1 26.7693 23.2917 1.63058 0.756209 -0.00699603 -0.654293
1 29.1218 19.901 1.60903 0.142789 -0.34566 -0.927432
1 29.8357 17.7228 1.61169 -0.205712 -0.449912 -0.869058
1 31.7793 7.01105 1.62014 0.308421 0.404167 -0.861119
1 6.59265 12.4898 1.60658 -0.247775 0.303987 -0.919891
1 8.11863 3.12699 1.61451 -0.279067 0.4001 -0.87295
1 16.1359 20.7677 1.61009 -0.347016 0.0737308 -0.934957
1 4.78654 28.4073 1.75672 -0.163261 -0.384488 0.908579
1 29.2069 28.0987 1.60965 -0.0755837 0.782432 -0.618132
1 33.2981 27.9114 1.60893 -0.0457043 -0.135632 -0.989705
1 22.9041 21.7655 1.64776 0.454119 0.432308 -0.779029
1 2.29579 8.56489 1.59341 0.572858 -0.0989266 -0.813663
1 14.815 21.7657 1.61085 -0.17398 0.292124 -0.940423
1 26.9979 28.9315 1.75585 -0.175205 0.362731 0.915275
1 16.9716 21.3982 1.60936 -0.254222 -0.0619853 -0.965158
1 22.6419 23.1082 1.76593 -0.78374 -0.299437 0.544141
1 26.0655 8.03144 1.60743 -0.144891 -0.130824 -0.980761
1 19.6335 32.5054 1.75641 0.106608 0.362473 0.925877
1 16.7786 31.6512 1.76017 0.173634 -0.0548062 0.983284
1 30.2325 6.31755 1.60375 0.222216 0.651334 -0.725523
1 4.42569 29.3708 1.75877 -0.374313 -0.36115 0.854084
1 22.0448 33.9204 1.74557 -0.123421 0.748983 0.650993
1 32.3249 33.6408 1.75184 0.318291 0.550425 0.771831
1 6.65844 26.176 1.75615 0.223481 -0.192652 0.95548
1 28.4864 20.8613 1.60849 0.294004 -0.261346 -0.91938
1 26.9646 1.66619 1.75903 -0.171532 -0.13552 0.975813
1 27.3888 9.40994 1.6076 0.0828394 -0.327879 -0.941081
1 0.170105 10.322 1.75104 0.474788 0.048759 0.878748
1 31.6119 18.3549 1.61731 -0.136395 -0.706816 -0.694124
1 19.3901 24.3377 1.6112 0.225629 -0.429629 -0.874363
1 31.9758 8.30489 1.58725 0.771243 0.26099 -0.580576
1 15.8937 22.9565 1.60905 0.0145139 0.110319 -0.99379
1 16.3526 18.9333 1.62257 -0.651788 0.0539175 -0.756483
1 5.57582 12.558 1.61551 -0.24642 0.491069 -0.835541
1 15.4115 7.58148 1.74958 0.42013 -0.33518 0.843294
1 22.3734 32.3904 1.75595 0.0721263 0.803916 0.590353
1 17.6257 30.1032 1.75688 0.408509 0.0486649 0.911456
1 2.1264 11.2875 1.75719 0.259681 0.371089 0.891548
1 31.7843 31.8081 1.62763 0.665711 0.304151 -0.68141
1 26.9949 2.699 1.75829 -0.390685 -0.143458 0.909277
1 13.4949 29.961 1.75145 0.389086 -0.561199 0.730526
1 3.88694 8.00603 1.61427 0.447279 -0.375427 -0.811785
1 29.1075 15.3639 1.61613 -0.635982 -0.264386 -0.725002
1 1.69397 3.6465 1.64615 -0.231041 0.0165328 -0.972804
1 18.7367 16.3633 1.75741 -0.473397 0.220416 0.852826
1 30.5198 31.016 1.62048 0.522612 0.498652 -0.691537
1 32.8335 1.25407 1.75581 -0.222992 0.611244 0.759378
1 24.3475 5.89055 1.61273 -0.449842 0.0979901 -0.887716
1 28.3317 26.1118 1.77623 0.2535 0.694738 0.67311
1 17.3301 4.62236 1.74801 -0.832245 0.0354291 0.553275
1 2.92623 27.8053 1.75521 -0.0643062 -0.671557 0.738157
1 15.7339 8.72366 1.75681 0.271991 -0.262752 0.925733
1 10.1673 14.411 1.61681 -0.0427425 -0.268996 -0.962192
1 3.08099 11.1011 1.73845 0.232101 0.552791 0.800344
1 11.2355 25.0357 1.76482 0.386601 0.5703 0.724774
1 0.718471 7.29284 1.61714 0.415957 0.0942908 -0.904483
1 13.2344 8.34413 1.74873 0.410322 -0.695833 0.589451
1 27.0651 19.7512 1.60954 0.117482 -0.0386826 -0.992321
1 15.707 11.898 1.75403 -0.0475881 -0.219736 0.974398
1 4.978 33.0035 1.61266 -0.36978 -0.0114486 -0.929049
1 14.719 11.5679 1.75715 -0.0487435 -0.401196 0.914694
1 29.3401 0.901263 1.75667 -0.0106563 0.137402 0.990458
1 32.1501 11.8402 1.75718 0.1724 -0.333396 0.92689
1 9.96283 32.2137 1.58948 -0.677015 -0.430244 -0.59711
1 13.5216 31.1658 1.75322 0.242608 -0.495139 0.834254
1 20.0578 0.0119458 1.75507 -0.140498 0.433691 0.89004
1 13.7023 6.10457 1.6186 0.259688 -0.635325 -0.727272
1 21.4015 31.7612 1.76008 0.242718 0.650317 0.719844
1 12.6987 11.3431 1.75456 -0.197618 -0.776605 0.598191
1 13.88 19.1614 1.6346 -0.472275 0.593941 -0.651299
1 4.33665 14.8411 1.64793 -0.00909148 0.796497 -0.604574
1 13.7734 11.9484 1.74855 -0.0287242 -0.564066 0.82523
1 3.0754 26.5099 1.75459 0.234635 -0.676106 0.698446
1 29.6846 31.5015 1.75265 0.695173 0.392193 0.602427
1 10.0863 16.9397 1.60949 0.12523 -0.182522 -0.975194
1 9.65789 0.785279 1.6008 -0.576102 0.0867147 -0.812765
1 0.922137 34.1221 1.60513 -0.390264 0.552249 -0.736692
1 27.9253 7.84403 1.61077 -0.148453 -0.431747 -0.889695
1 30.1808 23.4091 1.60528 0.793533 -0.385658 -0.470716
1 28.6567 32.0032 1.74423 0.669506 0.108293 0.734871
1 6.81109 2.58035 1.60569 0.465678 -0.29824 -0.833185
1 12.0079 27.5158 1.74936 -0.0432045 0.634208 0.771954
1 16.7445 17.715 1.76121 -0.731892 -0.0878053 0.67574
1 3.07674 13.3011 1.75448 -0.102798 0.532179 0.840368
1 15.5089 5.90476 1.7528 0.607234 -0.33906 0.718544
1 25.3728 8.77219 1.6071 -0.0446253 0.00666625 -0.998982
1 1.38431 0.442683 1.60636 -0.222025 0.462667 -0.85828
1 25.1083 7.70636 1.60721 -0.184095 0.0284683 -0.982496
1 10.6169 31.0373 1.76505 -0.625784 0.410376 0.663315
1 8.32222 17.1722 1.60817 0.202186 0.100755 -0.974151
1 21.127 24.067 1.62079 0.207772 -0.737002 -0.643163
1 10.7861 20.9146 1.60376 0.650285 -0.299679 -0.698084
1 8.3967 4.12483 1.60894 -0.0882285 0.34152 -0.935724
1 32.4065 25.1844 1.61328 -0.474316 -0.0308 -0.879815
1 4.46045 4.03821 1.60493 -0.237198 -0.44831 -0.861833
1 17.6861 9.20492 1.76213 0.232808 0.0731993 0.969764
1 24.4547 8.45652 1.60781 -0.0824629 0.164913 -0.982855
1 25.0513 2.69168 1.75719 -0.315187 -0.402532 0.859433
1 15.2338 23.7647 1.60878 0.148641 0.218003 -0.964562
1 0.455276 13.7374 1.75943 -0.163927 0.101082 0.98128
1 25.0417 28.5987 1.76287 -0.173882 0.00462283 0.984756
1 24.7414 14.2087 1.61216 0.71334 0.0355661 -0.699915
1 23.9372 18.9479 1.60961 -0.0394851 0.339028 -0.939947
1 14.7523 33.9331 1.75727 -0.162184 -0.326306 0.931247
1 27.1694 12.3177 1.6215 0.457243 -0.294239 -0.839257
1 25.2275 11.4795 1.60723 0.345186 0.0605557 -0.936579
1 17.448 20.5796 1.60964 -0.410032 -0.125198 -0.903438
1 32.9889 24.3853 1.61289 -0.595158 -0.191674 -0.780415
1 29.3206 3.43907 1.76154 -0.524585 0.118014 0.843139
1 3.64364 12.2691 1.76417 0.0354961 0.700821 0.712454
1 8.18959 27.9964 1.75971 -0.0929643 0.0603801 0.993837
1 28.7948 33.0073 1.75753 0.484826 0.0611973 0.872467
1 8.2151 33.1203 1.6218 -0.354826 -0.376358 -0.855835
1 2.58907 15.2501 1.74163 -0.474427 0.405761 0.781202
1 0.506386 25.8803 1.60805 -0.361258 -0.529391 -0.767618
1 26.5491 11.5732 1.60771 0.367909 -0.168089 -0.914543
1 23.7577 25.3734 1.75466 0.381073 -0.272238 0.883556
1 2.69353 3.30901 1.63095 -0.32129 -0.1286 -0.938208
1 4.76973 27.3018 1.75986 0.0420499 -0.432246 0.900775
1 21.3278 14.5416 1.75202 -0.0109032 0.644533 0.764498
1 23.6458 5.16195 1.61509 -0.532853 0.217579 -0.817757
1 2.73961 24.3395 1.75943 -0.636124 0.26066 0.726225
1 31.4301 14.2791 1.76326 -0.289053 -0.477334 0.829819
1 29.9352 9.99366 1.62732 0.212557 -0.760932 -0.613027
1 24.1114 4.13706 1.61522 -0.696037 0.118593 -0.708144
1 19.3951 9.44778 1.75197 0.269128 0.420055 0.866674
1 14.9952 0.338236 1.75684 -0.288257 -0.275962 0.916926
1 32.1042 4.099 1.60617 -0.338399 0.340704 -0.877159
1 10.3554 26.3895 1.7568 0.170111 0.369595 0.913489
1 3.034 31.6441 1.77067 0.675766 -0.297777 0.674291
1 26.7528 22.3233 1.61867 0.572694 0.0239257 -0.81942
1 9.12601 27.714 1.7601 -0.0524929 0.186462 0.981059
1 34.0744 19.2368 1.75402 0.248248 -0.338038 0.907801
1 30.5554 34.4243 1.75771 0.18706 0.321405 0.928282
1 0.515287 19.253 1.75896 0.24942 -0.186658 0.950236
1 18.0779 26.2516 1.61328 0.599712 -0.215228 -0.770729
1 7.46845 28.6737 1.76029 -0.217957 -0.0136698 0.975863
1 27.8595 11.3214 1.62099 0.335984 -0.390171 -0.857252
1 14.6473 32.9086 1.757 -0.0177563 -0.331111 0.943425
1 31.6968 15.725 1.73578 -0.579527 -0.427 0.694132
1 18.1295 21.388 1.60832 -0.256155 -0.227004 -0.939603
1 32.7198 30.8519 1.61264 0.412334 0.0748455 -0.907953
1 31.2981 25.1053 1.61045 -0.417554 0.215735 -0.882671
1 13.5849 3.81759 1.60156 -0.187986 -0.646879 -0.739059
1 20.7229 29.1059 1.75288 0.576389 0.601267 0.553403
1 22.6355 12.7182 1.6167 0.462789 0.532508 -0.708705
1 25.3901 20.6028 1.60635 0.276069 0.160459 -0.947649
1 33.9166 32.8899 1.72787 -0.689462 0.236374 0.684667
1 33.0248 28.9137 1.60778 0.105754 -0.0427215 -0.993474
1 10.465 29.2707 1.75759 -0.337082 0.344567 0.876156
1 1.00219 22.245 1.75853 -0.27896 -0.0957346 0.955519
1 34.2677 7.56535 1.62622 0.549089 0.2326 -0.802744
1 0.440356 11.2382 1.76097 0.29537 0.0959573 0.950552
1 31.3691 32.674 1.7572 0.624258 0.407254 0.666668
1 18.2558 17.9411 1.76589 -0.766542 0.0776282 0.637485
1 17.5906 6.38309 1.75156 0.571582 0.0777489 0.816853
1 3.93273 0.403366 1.60692 -0.0552772 0.12026 -0.991202
1 30.2517 25.5157 1.61343 -0.340022 0.459999 -0.820235
1 27.8687 2.17472 1.76048 -0.272334 -0.0354467 0.96155
1 23.8395 9.27037 1.60607 0.0287548 0.293248 -0.955604
1 28.9483 8.0047 1.61164 -0.144045 -0.612903 -0.776918
1 25.3638 26.0108 1.75819 0.304645 0.0208503 0.952238
1 25.8222 31.2442 1.73022 -0.673475 0.165231 0.720507
1 16.6606 30.6385 1.7588 0.316914 -0.0768155 0.945338
1 2.44226 4.24792 1.61077 -0.150836 -0.12961 -0.980025
1 9.11974 10.377 1.61809 -0.562547 -0.165659 -0.809999
1 2.67017 21.9275 1.75913 -0.186358 0.156599 0.969921
1 20.4937 6.56834 1.7706 0.417734 0.712318 0.564005
1 4.28558 18.0581 1.75291 0.534161 0.451887 0.714472
1 17.7448 13.2975 1.76036 -0.14041 0.0817864 0.98671
1 21.0161 11.4005 1.73652 -0.000897528 0.703812 0.710386
1 5.43462 9.34172 1.6024 -0.606351 0.415737 -0.677865
1 8.11202 10.8448 1.61099 -0.463111 -0.00287166 -0.886295
1 15.4604 2.28134 1.7502 -0.517953 -0.237827 0.821683
1 0.342284 29.0874 1.61223 0.0932359 -0.422415 -0.901595
1 8.84367 1.58238 1.6184 -0.452941 0.282279 -0.845673
1 33.9248 0.658395 1.75827 -0.155554 0.761007 0.629819
1 0.0903871 12.85 1.75974 -0.00455088 0.0471472 0.998878
1 32.3326 10.1056 1.75789 0.493725 -0.260048 0.829826
1 2.06559 26.9498 1.73564 -0.0133992 -0.84263 0.538326
1 8.18094 34.168 1.61195 -0.143658 -0.385284 -0.911547
1 26.0867 16.7517 1.61307 -0.411253 0.062934 -0.909346
1 1.49177 24.116 1.75845 -0.609684 0.0287876 0.792122
1 10.5793 28.2214 1.75701 -0.148033 0.390045 0.908819
1 7.50178 16.5238 1.60788 0.131094 0.244485 -0.960751
1 27.2251 25.4431 1.75206 0.438486 0.350065 0.827758
1 15.7862 21.7158 1.60648 -0.182795 0.132793 -0.974142
1 23.1868 26.3079 1.75281 0.204243 -0.36557 0.908099
1 27.2445 3.71204 1.75323 -0.60985 -0.165542 0.775035
1 19.8306 7.26245 1.74675 0.423999 0.522423 0.739797
1 5.62924 27.7969 1.75849 -0.0583704 -0.288931 0.955569
1 18.7636 13.4611 1.7571 -0.154666 0.243688 0.957442
1 7.96354 31.9409 1.59912 -0.71504 -0.29357 -0.634456
1 13.0392 32.486 1.75771 0.0730008 -0.583128 0.809094
1 3.76797 3.11652 1.62959 -0.394667 -0.287937 -0.872543
1 10.8179 1.08833 1.60977 -0.533717 -0.152948 -0.831717
1 34.5494 20.1292 1.75528 0.0759864 -0.286712 0.954999
1 17.6563 1.81522 1.75611 -0.431461 0.0980064 0.896792
1 2.72335 6.65624 1.60911 0.251519 -0.203046 -0.946314
1 8.82526 23.5987 1.75406 0.617305 0.139824 0.774199
1 15.0522 31.9902 1.7599 0.109312 -0.271627 0.956174
1 21.6542 28.7213 1.75999 -0.279766 -0.59493 0.753518
1 31.1364 12.1094 1.76078 0.129113 -0.505276 0.853244
1 0.101989 26.9042 1.60837 -0.214823 -0.433534 -0.875157
1 10.9531 12.2559 1.61337 -0.278499 -0.512049 -0.812554
1 25.9267 32.4569 1.7446 0.589659 -0.22909 0.774481
1 10.8945 2.22326 1.61048 -0.374776 -0.194923 -0.906393
1 9.92141 12.2432 1.60563 -0.27262 -0.336861 -0.901223
1 11.6189 16.1431 1.61426 0.00373053 -0.435111 -0.900369
1 27.8672 17.9946 1.60888 -0.160414 -0.161373 -0.973769
1 26.3229 9.01436 1.60692 -0.000262144 -0.149324 -0.988788
1 16.7651 8.7892 1.75932 0.268313 -0.0853868 0.95954
1 10.0271 30.2592 1.75898 -0.531745 0.264877 0.804418
1 26.7934 24.4177 1.76283 0.635378 0.20057 0.745699
1 33.1425 4.31448 1.60132 -0.32306 0.20435 -0.924053
1 1.81941 25.0394 1.58127 0.750126 -0.102029 -0.653377
1 31.5793 30.7684 1.61237 0.47337 0.290682 -0.83152
1 2.4504 23.4397 1.75958 -0.486203 0.155486 0.859902
1 7.72954 13.6063 1.61001 -0.148951 0.122435 -0.981236
1 30.6372 14.7777 1.74652 -0.423841 -0.569494 0.704298
1 18.6287 29.6076 1.75667 0.486474 0.204105 0.84952
1 24.728 9.55478 1.60842 0.0529496 0.140607 -0.988649
1 20.5503 1.03188 1.75166 -0.251178 0.546223 0.799093
1 10.1253 18.0021 1.60788 0.251148 -0.19558 -0.947984
1 1.53129 5.88631 1.6088 0.138452 -0.0450363 -0.989345
1 14.2318 3.25259 1.75702 -0.638025 -0.606097 0.474943
1 14.7068 25.6224 1.61208 0.461669 0.351926 -0.814254
1 10.307 10.1761 1.6284 -0.624644 -0.329726 -0.707885
1 30.8751 7.42788 1.61561 0.435146 0.503524 -0.746399
1 34.25 27.9244 1.61158 -0.0533816 -0.318106 -0.946551
1 27.5876 18.9406 1.60803 -0.00939389 -0.113663 -0.993475
1 7.10875 19.6078 1.62014 0.543165 0.382875 -0.747247
1 14.5904 15.5113 1.72244 -0.376816 -0.488216 0.787182
1 29.5358 6.99306 1.62086 -0.319559 -0.750351 -0.578666
1 12.7883 1.40813 1.7533 -0.568096 -0.667364 0.481551
1 26.6118 14.8351 1.61874 -0.757588 0.137344 -0.63812
1 33.1792 9.31384 1.7574 0.66102 -0.124196 0.740019
1 31.7604 12.9392 1.75974 -0.0274319 -0.408483 0.912353
1 32.6729 19.8546 1.75132 0.125298 -0.619926 0.774592
1 28.7407 13.1158 1.60568 0.568254 -0.592569 -0.57092
1 6.67607 24.1863 1.73988 0.566996 -0.237974 0.788596
1 32.0374 28.921 1.60763 0.126899 0.152224 -0.980166
1 7.31449 27.6276 1.75969 -0.0301003 -0.0585136 0.997833
1 14.271 4.92989 1.60984 -0.00308377 -0.720707 -0.693233
1 17.5115 16.1055 1.75668 -0.482695 0.033419 0.875151
1 23.3683 20.9218 1.60585 0.295864 0.42787 -0.854044
1 33.2119 18.7561 1.75375 0.325301 -0.469598 0.820766
1 17.8062 33.0411 1.76041 0.0140509 0.0954993 0.99533
1 24.209 30.0736 1.75213 -0.463788 -0.121095 0.877631
1 23.5062 28.19 1.75808 -0.129612 -0.286635 0.949232
1 5.79389 17.2458 1.61808 0.318654 0.535446 -0.782149
1 8.53699 5.13685 1.61094 0.0950953 0.314511 -0.944479
1 1.74029 21.592 1.75929 -0.140438 0.0029178 0.990085
1 17.7589 19.6976 1.59794 -0.586113 -0.160255 -0.794223
1 27.19 10.6599 1.60903 0.246582 -0.272237 -0.930099
1 19.3306 10.5874 1.75735 0.140784 0.409997 0.901156
1 25.6932 19.6928 1.60819 0.112235 0.116683 -0.986807
1 1.78246 17.1626 1.74318 0.709996 0.0352952 0.703321
1 13.093 21.9012 1.6129 -0.125725 0.57397 -0.809167
1 12.5399 23.6387 1.77793 -0.211037 -0.686354 0.695975
1 14.5261 28.9823 1.75366 0.550579 -0.423562 0.719346
1 33.5677 20.1804 1.75658 0.0758131 -0.455316 0.887096
1 7.83425 6.54765 1.61149 0.343511 0.421943 -0.839026
1 4.05718 5.01288 1.60775 -0.0518883 -0.406789 -0.912047
1 20.9597 2.16323 1.74392 -0.407001 0.621262 0.669614
1 11.0437 14.8272 1.61365 -0.0360463 -0.41846 -0.90752
1 24.4008 20.7802 1.60405 0.281243 0.28957 -0.914905
1 9.67841 21.7277 1.60308 0.788095 -0.0102142 -0.615469
1 5.02886 0.204213 1.60747 -0.024552 0.00362193 -0.999692
1 34.1634 24.9469 1.60845 -0.550687 -0.404398 -0.73021
1 14.5985 31.1292 1.75772 0.241283 -0.334713 0.910906
1 26.9648 17.2662 1.60736 -0.274306 -0.0230505 -0.961366
1 11.0061 19.1881 1.62524 0.377537 -0.350085 -0.857267
1 11.6023 19.8743 1.61647 0.464311 -0.47389 -0.748226
1 28.4741 4.17438 1.76669 -0.693526 -0.0109815 0.720347
1 0.969249 4.34568 1.61848 -0.106755 0.0462334 -0.99321
1 25.1341 15.3581 1.65146 -0.679292 0.279389 -0.678605
1 17.2004 28.2609 1.75876 0.670181 -0.0661149 0.739248
1 24.2978 26.1647 1.75818 0.255654 -0.168631 0.951948
1 12.6678 6.08726 1.61273 0.272992 -0.471636 -0.838472
1 33.8208 30.9474 1.61092 0.400599 -0.139195 -0.905619
1 10.112 33.5657 1.6087 -0.279576 -0.64017 -0.715555
1 28.9668 17.0913 1.61536 -0.32178 -0.313033 -0.89357
1 30.8004 27.3828 1.61089 -0.117772 0.380925 -0.917075
1 23.0631 7.43784 1.61346 -0.218186 0.38238 -0.897876
1 22.2798 6.91488 1.61608 -0.206548 0.55477 -0.805958
1 7.74699 15.383 1.60797 0.0238551 0.177176 -0.98389
1 25.5497 4.22001 1.61845 -0.753591 -0.165112 -0.636269
1 2.21815 10.237 1.73845 0.456169 0.404165 0.792818
1 11.1347 33.0741 1.59618 0.0317504 -0.858079 -0.512536
1 17.2542 15.1087 1.76015 -0.348247 -0.00987226 0.937351
1 12.0807 34.4648 1.74422 -0.226403 -0.758604 0.610952
1 3.15234 17.3803 1.75625 0.630349 0.2297 0.741551
1 6.526 28.2547 1.75972 -0.149024 -0.150044 0.977384
1 19.0021 4.34027 1.75357 -0.751649 0.279504 0.597412
1 10.7514 9.32894 1.60688 -0.796142 -0.282505 -0.535116
1 14.4063 12.9611 1.74913 -0.143702 -0.490945 0.859257
1 30.1332 28.2786 1.61205 -0.00322695 0.584879 -0.811114
1 22.592 28.4983 1.75536 -0.202371 -0.44903 0.870298
1 10.3226 25.3021 1.7642 0.345371 0.410368 0.843989
1 4.5385 20.1793 1.75694 0.151674 0.435002 0.887563
1 7.458 8.43603 1.60613 0.791889 0.203232 -0.575855
1 27.7555 33.5928 1.7594 0.406241 -0.0778893 0.91044
1 9.32679 20.7906 1.6198 0.645543 -0.0502203 -0.762071
1 25.5164 22.5218 1.63705 0.647477 0.202931 -0.734569
1 21.3688 33.0584 1.76133 0.0165448 0.627793 0.778204
1 11.9345 17.459 1.61041 0.0917385 -0.481856 -0.871435
1 0.744572 8.28599 1.62447 0.620257 0.0476116 -0.782953
1 17.2171 7.24609 1.76043 0.460908 0.00296993 0.887443
1 17.5095 12.2772 1.76098 -0.0548844 0.0613567 0.996606
1 9.95182 7.51795 1.61479 0.490071 0.0027948 -0.871678
1 7.37359 1.5494 1.6215 0.267196 -0.381694 -0.884825
1 16.5533 29.6513 1.7556 0.448312 -0.112871 0.886722
1 31.0062 22.15 1.60226 0.497215 -0.597824 -0.628795
1 31.9477 26.095 1.60774 -0.318883 0.084311 -0.944037
1 4.99136 32.0225 1.61636 -0.548646 -0.015615 -0.835909
1 19.5562 28.0285 1.74897 0.697639 0.338091 0.63166
1 29.8657 32.5998 1.75441 0.532813 0.241233 0.811121
1 16.5773 22.2592 1.60751 -0.100909 0.00265066 -0.994892
1 26.8829 18.213 1.6071 -0.130046 -0.0273453 -0.991131
1 28.5816 19.026 1.60797 -0.00345027 -0.254919 -0.966956
1 18.4169 24.116 1.61021 0.214065 -0.262977 -0.940755
1 15.4281 26.5708 1.60759 0.647308 0.209887 -0.732762
1 7.5041 23.3217 1.7486 0.67018 -0.06378 0.739453
1 3.81276 32.2296 1.60823 -0.54393 0.185435 -0.818385
1 3.47126 19.5481 1.76015 0.25201 0.271209 0.928944
1 18.1055 27.5061 1.72562 0.779866 0.0822477 0.620519
1 16.4924 27.4728 1.76169 0.821239 -0.135468 0.55427
1 16.5345 10.7527 1.76066 0.0752199 -0.104 0.991729
1 33.2365 21.2322 1.76268 -0.106912 -0.540842 0.834302
1 25.2639 33.4428 1.74667 0.399186 -0.335884 0.853131
1 16.3702 15.731 1.75738 -0.446466 -0.152713 0.881673
1 23.2738 29.4338 1.75845 -0.351414 -0.317261 0.880825
1 33.2002 6.87151 1.61434 0.338091 0.313274 -0.887442
1 9.37538 29.5046 1.75854 -0.390335 0.17115 0.904625
1 28.8805 10.677 1.62549 0.301345 -0.583699 -0.753981
1 33.9906 11.0363 1.75685 0.330024 -0.0685544 0.94148
1 1.95948 22.6209 1.75599 -0.331422 0.0694755 0.940921
1 19.0688 23.3025 1.60969 0.0653276 -0.375007 -0.924717
1 30.1391 19.7525 1.61126 0.124998 -0.500686 -0.856556
1 14.4875 10.2824 1.75647 0.0600776 -0.483351 0.873363
1 1.70254 12.1791 1.75135 0.111016 0.30875 0.944642
1 14.3172 16.5148 1.76725 -0.474937 -0.604623 0.639426
1 22.3963 29.8105 1.74045 -0.420858 -0.481666 0.768685
1 29.3977 11.6142 1.62275 0.368154 -0.735315 -0.569011
1 22.2548 11.452 1.60615 0.225573 0.648067 -0.72741
1 9.43141 25.6765 1.76108 0.2886 0.243609 0.92594
1 1.6835 19.6762 1.75825 0.214468 -0.0247826 0.976416
1 6.61089 16.8232 1.60763 0.199576 0.404642 -0.892432
1 9.17862 11.3792 1.60555 -0.396747 -0.18982 -0.898087
1 17.7023 18.7734 1.61392 -0.754395 -0.176858 -0.632147
1 34.6069 22.9929 1.75768 -0.442201 -0.248166 0.8619
1 9.47779 5.56945 1.6086 0.16804 0.126836 -0.977586
1 4.29003 34.0987 1.60637 -0.211635 0.0882362 -0.973358
1 19.0443 0.0919446 1.7549 -0.172852 0.286461 0.942371
1 19.407 15.4729 1.75793 -0.321878 0.345725 0.881402
1 29.9669 8.507 1.62455 -0.0615385 -0.747273 -0.661662
1 3.43246 14.3611 1.75361 -0.263732 0.626069 0.733814
1 26.8209 34.1506 1.75791 0.247243 -0.174221 0.953162
1 0.345125 17.2065 1.75871 0.713677 -0.194594 0.672903
1 3.1028 4.96624 1.60934 -0.0434103 -0.246336 -0.968212
1 25.3375 0.580385 1.75778 0.0732736 -0.332932 0.9401
1 34.1997 16.3321 1.74847 -0.688561 0.0264828 0.724695
1 12.7242 2.76598 1.60149 -0.332852 -0.555979 -0.761641
1 16.794 5.61011 1.7601 0.679387 -0.0867694 0.728632
1 19.3421 17.1984 1.75945 -0.598108 0.270736 0.754301
1 7.6288 25.6577 1.7563 0.294451 -0.0635653 0.95355
1 14.3634 14.1487 1.73094 -0.297868 -0.538241 0.788398
1 9.11654 8.23416 1.6155 0.675223 0.0579354 -0.735335
1 34.3453 11.9362 1.75986 0.161665 -0.0130177 0.98676
1 1.09677 23.2235 1.75385 -0.462437 -0.0543795 0.884983
1 17.9948 0.156323 1.75912 -0.201654 0.12831 0.971016
1 5.99307 32.6916 1.61716 -0.443579 -0.155247 -0.882687
1 33.5689 29.9454 1.61125 0.246908 -0.120506 -0.961517
1 24.344 21.7845 1.6159 0.449923 0.299868 -0.841219
1 18.503 28.5226 1.75398 0.631209 0.169472 0.756871
1 22.4299 3.55575 1.77131 -0.732545 0.18156 0.656059
1 6.64151 29.2726 1.7549 -0.351694 -0.0875935 0.932008
1 19.7197 20.4421 1.61747 -0.399836 -0.485812 -0.77725
1 1.35929 28.7508 1.61178 -0.00504117 -0.673016 -0.73961
1 11.9802 14.9807 1.62703 -0.0721589 -0.56749 -0.820212
1 10.9054 3.30774 1.61011 -0.204553 -0.191958 -0.959849
1 2.69588 1.87292 1.77071 -0.144677 -0.242631 0.95927
1 23.3811 6.38469 1.61243 -0.348483 0.271371 -0.897172
1 15.5401 30.4074 1.7574 0.355623 -0.228098 0.906368
1 33.6113 15.392 1.75875 -0.484334 -0.115511 0.867224
1 25.0728 13.2564 1.61969 0.581986 0.0610806 -0.810902
1 11.0584 27.2763 1.75736 0.0178229 0.475571 0.879497
1 15.4439 9.79587 1.75927 0.15291 -0.304985 0.940001
1 26.7978 7.39997 1.61014 -0.233931 -0.270002 -0.93401
1 2.74328 20.9811 1.76033 -0.019472 0.153446 0.987965
1 7.05187 34.4242 1.60841 -0.0788966 -0.263814 -0.961341
1 32.3143 21.1249 1.76521 -0.0569025 -0.722414 0.689115
1 34.5563 30.1281 1.61141 0.255401 -0.31148 -0.915287
1 6.25925 14.8294 1.60785 -0.057807 0.44233 -0.894988
1 30.619 24.2782 1.61125 -0.533614 0.306967 -0.788053
1 33.9229 8.43458 1.60859 0.78414 0.172275 -0.596193
1 17.2531 0.901695 1.75669 -0.317499 0.040323 0.947401
1 26.418 29.8767 1.75824 -0.367053 0.242538 0.898024
1 29.5181 29.5038 1.6153 0.182064 0.639194 -0.747184
1 6.67991 5.03689 1.61933 0.0142961 0.72344 -0.69024
1 18.6171 20.4676 1.60889 -0.414367 -0.295188 -0.860909
1 15.5641 33.3014 1.76039 -0.0472104 -0.207677 0.977058
1 23.8417 22.6266 1.61916 0.614511 0.25961 -0.744969
1 16.3972 7.88097 1.7595 0.386195 -0.149714 0.910186
1 5.30059 14.9054 1.61076 -0.0144293 0.620575 -0.784014
1 18.5093 9.83319 1.76162 0.202337 0.24755 0.947512
1 25.1906 17.3419 1.61254 -0.318125 0.165979 -0.933406
1 32.6333 22.4391 1.75859 -0.312619 -0.580918 0.751534
1 1.0682 32.0288 1.76614 -0.329307 0.686057 0.648754
1 2.50549 19.0426 1.75728 0.341065 0.111526 0.933401
1 23.0287 10.7956 1.613 0.21551 0.465553 -0.85838
1 3.19798 34.0494 1.60841 -0.265247 0.216139 -0.939643
1 14.3597 8.13123 1.75253 0.368808 -0.515754 0.773291
1 15.361 12.8531 1.75941 -0.124863 -0.331802 0.935049
1 16.2437 6.68597 1.74678 0.545175 -0.174385 0.819984
1 19.7018 22.4752 1.61023 -0.0763351 -0.483921 -0.871776
1 6.75732 0.763574 1.60779 0.124542 -0.241014 -0.962497
1 0.715376 21.236 1.75969 -0.101163 -0.166143 0.980899
1 6.82784 15.731 1.6081 0.0403485 0.350179 -0.935813
1 3.34093 18.4662 1.75515 0.450053 0.260007 0.854312
1 33.2946 11.7988 1.75988 0.178749 -0.167812 0.969478
1 6.78024 13.5279 1.61026 -0.143 0.291854 -0.945713
1 26.1843 14.0313 1.61451 0.737768 -0.200137 -0.644704
1 8.36236 16.1602 1.60806 0.097941 0.0888032 -0.991222
1 18.9971 19.3935 1.61369 -0.585983 -0.364355 -0.723788
1 14.5868 24.5551 1.60935 0.27609 0.327225 -0.903714
1 16.9666 23.1245 1.60716 0.0500537 -0.0519827 -0.997393
1 19.7911 18.1096 1.73486 -0.726101 0.300877 0.618264
1 5.01956 5.05939 1.60654 -0.052683 -0.561541 -0.82577
1 3.93033 33.2032 1.61161 -0.377297 0.150269 -0.91382
1 27.6952 34.5839 1.75835 0.184936 -0.0625983 0.980755
1 6.5245 20.4183 1.5961 -0.434925 -0.740715 -0.512037
1 4.37254 30.4283 1.75585 -0.595948 -0.280995 0.752256
1 22.5762 8.54533 1.64112 -0.0865131 0.52691 -0.845506
1 24.8331 26.9692 1.76038 0.120171 -0.0547735 0.991241
1 31.804 24.0828 1.61327 -0.574664 0.0665251 -0.815681
1 26.0797 1.19854 1.75958 -0.0748499 -0.247324 0.966037
1 0.680873 14.6384 1.75185 -0.321256 0.122716 0.939008
1 21.5823 0.818925 1.75227 -0.240539 0.705434 0.666711
1 34.1809 21.0759 1.75578 -0.0918916 -0.356043 0.929941
1 6.16706 31.6896 1.61614 -0.700875 -0.164895 -0.693963
1 3.93862 1.687 1.62323 0.263491 0.14218 -0.954126
1 14.0034 32.1135 1.75354 0.0977958 -0.430003 0.897515
1 32.7604 7.67164 1.65109 0.536228 0.294746 -0.790939
1 13.9952 22.3728 1.60988 -0.0569281 0.429321 -0.901356
1 1.80102 20.6359 1.76008 0.030983 0.00394154 0.999512
1 18.4462 1.04482 1.75565 -0.30843 0.207189 0.928409
1 32.7008 12.6273 1.75855 0.0255034 -0.255523 0.966466
1 11.811 7.18608 1.60791 0.450036 -0.328745 -0.830298
1 27.7291 21.689 1.61013 0.436404 -0.132341 -0.889965
1 32.5602 5.14216 1.60913 -0.103667 0.297743 -0.949001
1 16.2671 23.8914 1.60845 0.180124 0.0584193 -0.981908
1 20.8057 4.64793 1.60618 -0.0922438 0.843956 -0.528422
1 8.66718 28.8101 1.75548 -0.241091 0.104009 0.964913
1 12.9926 27.5176 1.76109 -0.0804426 0.775584 0.626098
1 30.5281 20.8091 1.60968 0.264809 -0.608449 -0.748108
1 11.3022 29.8695 1.7575 -0.429597 0.484821 0.761837
1 25.1098 1.61795 1.75765 -0.116001 -0.377741 0.918616
1 20.4017 31.2063 1.74473 0.286857 0.461241 0.839625
1 0.582684 27.9685 1.6101 -0.0506687 -0.483918 -0.873645
1 0.944297 1.58866 1.60699 -0.0839407 0.524932 -0.846995
1 6.05543 0.0120473 1.6084 -0.0322149 -0.131657 -0.990772
1 17.0712 14.0495 1.76072 -0.214948 -0.0503505 0.975327
1 16.6576 24.8098 1.60917 0.34413 0.00898914 -0.938879
1 17.1235 25.68 1.6173 0.513049 -0.0423699 -0.857313
1 8.392 27.0529 1.75956 0.0605692 0.0693704 0.995751
1 34.6168 4.6689 1.60159 -0.10131 0.134998 -0.985653
1 16.1538 13.5865 1.75916 -0.198263 -0.214011 0.956499
1 2.00238 1.22323 1.60631 -0.0561739 0.344874 -0.936967
1 25.9723 10.7763 1.60576 0.250479 -0.0609293 -0.966203
1 9.91278 1.77246 1.61072 -0.431697 0.0333861 -0.9014
1 18.0083 3.72616 1.76229 -0.673061 0.115382 0.730531
1 31.7356 27.0938 1.60705 -0.157099 0.172538 -0.972394
1 2.51693 0.281034 1.60851 -0.168377 0.278409 -0.945588
1 1.67692 6.81225 1.60891 0.291441 -0.0515694 -0.955198
1 16.7978 34.6057 1.76075 -0.199529 -0.0319651 0.97937
1 1.14492 13.0307 1.7585 -0.0360882 0.210397 0.97695
1 9.64442 13.3347 1.60718 -0.13674 -0.254982 -0.957229
1 10.0524 3.84497 1.60887 -0.109247 -0.00193162 -0.994013
1 33.7104 5.06696 1.59937 -0.0661222 0.234874 -0.969774
1 7.60731 12.6024 1.60747 -0.245209 0.116631 -0.962429
1 25.5929 12.3338 1.76252 -0.466246 0.0348409 0.883969
1 10.0255 19.0628 1.60547 0.378368 -0.188474 -0.906265
1 25.4418 24.3031 1.74928 0.646033 -0.0117601 0.763219
1 33.5901 10.1721 1.7515 0.495437 -0.11055 0.86158
1 30.895 28.9755 1.6117 0.11461 0.390022 -0.913645
1 24.3333 0.935423 1.7557 0.0482901 -0.48734 0.871876
1 28.7203 34.0065 1.75682 0.289753 0.0517889 0.955699
1 28.1495 3.1458 1.76194 -0.477784 -0.0367458 0.877709
1 26.5251 33.2388 1.75334 0.41911 -0.207932 0.883805
1 14.7471 9.09796 1.76144 0.235236 -0.438792 0.867252
1 29.7139 1.76442 1.75494 -0.17751 0.17007 0.969312
1 13.4968 10.5607 1.76366 0.000538336 -0.640661 0.767824
1 9.6509 28.5308 1.75203 -0.200223 0.24508 0.948602
1 17.4795 33.9347 1.76051 -0.0951977 0.0490743 0.994248
1 31.8768 9.15632 1.77408 0.708043 -0.265204 0.654479
1 34.2188 6.59577 1.6077 0.330287 0.179468 -0.926662
1 12.0551 32.9296 1.75293 0.0115009 -0.715781 0.69823
1 5.85744 25.6575 1.76176 0.323303 -0.30774 0.894858
1 0.177304 15.4786 1.74829 -0.490029 0.0551417 0.86996
1 31.6538 17.0064 1.61177 -0.433849 -0.684109 -0.586319
1 12.1021 20.6761 1.60692 0.529693 -0.592969 -0.606476
1 30.7411 33.4041 1.75883 0.385919 0.379676 0.840781
1 21.1702 26.4579 1.60004 -0.142751 0.711065 -0.688483
1 19.046 3.03347 1.75613 -0.5508 0.297995 0.779627
1 24.4204 27.8678 1.76055 -0.0530611 -0.11881 0.991498
1 6.82164 9.36269 1.62569 -0.704058 0.15894 -0.692127
1 34.4864 18.258 1.75833 0.45158 -0.270485 0.850243
1 6.08731 30.7479 1.7492 -0.743818 -0.148136 0.65176
1 8.70615 6.14692 1.61567 0.271742 0.267456 -0.924458
1 20.1817 8.94085 1.72901 0.292598 0.590846 0.751856
1 20.5684 32.3418 1.7562 0.137974 0.495904 0.857346
1 21.2643 15.8491 1.75512 -0.27381 0.620078 0.735209
1 30.0628 2.65487 1.7552 -0.346884 0.198698 0.916619
1 19.4492 33.6302 1.75615 -0.0322753 0.336706 0.941057
1 5.48697 20.6332 1.76255 0.0881068 0.607321 0.789555
1 11.4034 28.6101 1.73691 -0.220441 0.529438 0.819208
1 11.7771 2.92055 1.61519 -0.265301 -0.382418 -0.885083
1 23.8744 12.9906 1.61313 0.53644 0.29185 -0.791869
1 33.6851 22.2801 1.75787 -0.310305 -0.415051 0.855245
1 15.4425 3.27381 1.76536 -0.618541 -0.355728 0.700617
1 22.5073 0.961569 1.72936 0.174824 -0.766867 0.617536
1 24.8784 5.01567 1.61548 -0.606772 -0.0316737 -0.794244
1 23.6933 19.942 1.61342 0.124451 0.384978 -0.914496
1 12.5624 16.5723 1.60624 -0.0539323 -0.602283 -0.796459
1 26.57 9.962 1.60574 0.138371 -0.16989 -0.9757
1 1.56636 15.0532 1.75697 -0.421864 0.249163 0.87175
1 5.35326 11.3374 1.64325 -0.322735 0.508522 -0.798278
1 19.8836 2.12027 1.75453 -0.40608 0.44877 0.796055
1 27.9518 17.0153 1.61556 -0.313587 -0.162481 -0.935555
1 0.474647 31.0225 1.6152 0.387427 -0.379062 -0.840364
1 15.492 19.7679 1.61124 -0.495903 0.20547 -0.843719
1 0.207358 24.0241 1.75566 -0.640023 -0.219624 0.736299
1 12.1295 24.8101 1.70683 0.427894 0.711724 0.557096
1 5.46621 29.8215 1.75518 -0.496716 -0.151733 0.854547
1 22.5952 5.74313 1.6118 -0.391627 0.408849 -0.8243
1 27.4605 13.3259 1.61422 0.591892 -0.371514 -0.715291
1 16.5173 33.6111 1.76087 -0.0706034 -0.0795098 0.994331
1 11.1029 18.1394 1.62256 0.234071 -0.347122 -0.908139
1 28.9517 2.47203 1.75991 -0.328084 0.0716525 0.941927
1 30.6022 18.5105 1.61262 -0.0618133 -0.557761 -0.827696
1 3.94745 26.8087 1.75292 0.147855 -0.563382 0.812859
1 14.31 1.02954 1.74192 -0.409517 -0.382105 0.828427
1 26.0853 3.20303 1.75711 -0.483795 -0.277473 0.830031
1 29.5722 34.5878 1.75897 0.166136 0.173614 0.970699
1 18.1042 5.56136 1.73307 0.683382 0.156255 0.713144
1 32.2037 0.434398 1.75298 -0.022881 0.540988 0.840719
1 12.6494 19.4663 1.77732 -0.324633 0.685691 0.651492
1 12.3103 30.3541 1.73578 0.457512 -0.724383 0.515705
1 3.14921 1.03439 1.60755 0.0126616 0.203943 -0.978901
1 19.297 8.07207 1.74475 0.358704 0.383376 0.85109
1 23.7985 27.1029 1.75869 0.0729008 -0.246514 0.966393
1 7.091 30.155 1.74565 -0.547717 -0.0702201 0.833711
1 8.21389 18.2048 1.60729 0.324341 0.130177 -0.93694
1 33.0681 31.8608 1.62159 0.563388 0.0384758 -0.825296
1 33.0995 3.39301 1.58503 -0.559224 0.178947 -0.809473
1 22.8276 27.3602 1.75587 0.002805 -0.422922 0.906162
1 19.6064 30.3017 1.75268 0.392942 0.342585 0.853365
1 22.9754 9.62478 1.61496 0.0691986 0.471947 -0.878907
1 18.6408 22.3223 1.6087 -0.0938979 -0.31189 -0.945467
1 5.88391 15.971 1.61035 0.100111 0.516373 -0.850492
1 6.36448 1.72411 1.60705 0.312118 -0.1831 -0.932232
1 28.6005 1.51952 1.7609 -0.132668 0.0445642 0.990158
1 18.6682 25.2217 1.61467 0.408536 -0.317147 -0.855872
1 21.8173 24.8917 1.76674 0.425338 -0.6348 0.645071
1 13.261 5.00934 1.61217 0.0605157 -0.575484 -0.815571
1 22.1857 26.3626 1.75877 0.164114 -0.538087 0.826758
1 29.7298 33.617 1.75966 0.350331 0.209015 0.913006
1 26.635 21.3799 1.60968 0.404525 0.0238361 -0.914216
1 21.949 22.0957 1.59863 0.560334 0.527398 -0.638653
1 7.87251 24.2832 1.75346 0.516405 -0.0325265 0.855727
1 26.4629 26.1017 1.75538 0.317243 0.229898 0.920056
1 21.7546 2.75756 1.73502 0.22313 -0.734471 0.64091
1 17.4839 11.2443 1.75895 0.0430248 0.0689666 0.996691
1 18.324 15.376 1.76006 -0.359386 0.162798 0.918879
1 34.2565 14.5917 1.75668 -0.319273 -0.0312443 0.947148
1 24.1492 2.08488 1.75275 -0.140812 -0.527707 0.837674
1 26.0043 2.19006 1.75684 -0.271637 -0.256399 0.927617
1 27.9227 22.6773 1.61524 0.584386 -0.159461 -0.795654
1 12.2677 5.0406 1.6102 0.088583 -0.410882 -0.907375
1 5.57451 6.08531 1.60774 0.125241 -0.688489 -0.714351
1 8.27448 11.8234 1.61074 -0.326741 -0.0184544 -0.944934
1 3.09583 9.09244 1.77397 -0.599023 0.256227 0.75863
1 16.6545 11.7573 1.76035 -0.0181733 -0.0789783 0.996711
1 18.4792 33.8259 1.75838 -0.0720886 0.197734 0.977601
1 5.43224 21.8266 1.74642 -0.212367 0.556689 0.803117
1 20.1835 23.5529 1.60443 0.079561 -0.587882 -0.805025
1 22.9866 15.8046 1.78349 0.641369 -0.47258 0.604412
1 34.4876 9.42422 1.75729 0.651883 0.0255947 0.757888
1 18.0139 23.1796 1.60883 0.0578499 -0.211303 -0.975707
1 10.2819 20.0714 1.6172 0.527806 -0.220931 -0.820128
1 23.3783 14.7906 1.59586 0.851562 0.0879423 -0.516824
1 8.81011 15.2921 1.60568 0.0248918 -0.00790878 -0.999659
1 4.70506 1.0962 1.60858 0.139422 0.0578535 -0.988542
1 24.1552 29.0205 1.76144 -0.268298 -0.154257 0.950905
1 14.4179 6.90139 1.75059 0.523484 -0.600187 0.604764
1 28.4791 6.67578 1.6128 -0.327432 -0.569163 -0.754216
1 9.3875 24.5728 1.75687 0.457185 0.225413 0.860332
1 0.310738 0.723309 1.61154 -0.210109 0.664447 -0.717192
1 23.2817 30.6804 1.75584 -0.546645 -0.292373 0.784664
1 11.8345 1.79454 1.6119 -0.46132 -0.391053 -0.796405
1 20.6945 17.0732 1.75473 -0.52398 0.502239 0.687896
1 18.3249 7.45289 1.75551 0.421169 0.196247 0.885496
1 27.0912 30.8439 1.7573 -0.585186 0.36112 0.726051
1 14.1998 2.06488 1.74611 -0.546258 -0.443223 0.710743
1 1.75651 7.74625 1.60907 0.435847 -0.058239 -0.898135
1 33.5978 23.3434 1.75728 -0.533181 -0.414943 0.737252
1 9.77676 22.9775 1.74306 0.700217 0.28158 0.656055
1 31.5078 20.7248 1.6176 0.242453 -0.774552 -0.584197
1 30.429 15.9234 1.61558 -0.585122 -0.529808 -0.613951
1 29.5036 24.8966 1.60564 -0.45713 0.549196 -0.699583
1 8.67068 30.2939 1.75434 -0.572563 0.0768961 0.816246
1 19.5047 1.0854 1.75512 -0.283088 0.377526 0.881666
1 25.8036 34.2411 1.7619 0.234795 -0.289178 0.928034
1 19.0402 14.5161 1.75935 -0.231498 0.27447 0.933314
1 13.5612 25.4776 1.61039 0.404441 0.569482 -0.715624
1 26.2097 15.7937 1.62629 -0.58718 0.0912947 -0.804291
1 0.883129 20.2488 1.76036 0.073818 -0.138336 0.987631
1 22.563 18.7042 1.61003 -0.106663 0.564929 -0.818216
1 2.47847 5.69851 1.60831 0.0919327 -0.173007 -0.980621
1 26.3581 19.0087 1.60906 -0.0085612 0.0426486 -0.999053
1 0.966224 29.945 1.61828 0.204316 -0.525771 -0.825724
1 29.8212 13.7118 1.75021 -0.177305 -0.697776 0.694026
1 13.5779 24.3105 1.60688 0.237155 0.486945 -0.84062
1 24.114 17.1391 1.61554 -0.357388 0.322098 -0.876656
1 18.7176 32.7649 1.75776 0.0645643 0.228644 0.971367
1 11.5462 13.4723 1.62088 -0.0953929 -0.612558 -0.784648
1 30.558 29.9436 1.60539 0.316475 0.44637 -0.837017
1 0.740042 12.1383 1.75817 0.128388 0.144885 0.981083
1 3.24643 22.6651 1.75611 -0.323335 0.256148 0.910957
1 21.1662 20.8363 1.5994 0.306517 0.730573 -0.610173
1 3.38817 29.021 1.7581 -0.29475 -0.565872 0.770008
1 17.7306 24.8789 1.61101 0.356447 -0.150012 -0.922194
1 11.1617 21.8482 1.59898 0.751441 -0.358408 -0.553968
1 9.21641 14.3644 1.60752 -0.0552884 -0.113804 -0.991964
1 17.4397 10.2049 1.75917 0.145786 0.0499054 0.988057
1 5.96294 10.2786 1.61039 -0.503682 0.358119 -0.786165
1 5.52785 24.7653 1.7267 0.465658 -0.404978 0.786864
1 22.9819 34.0038 1.70646 0.341151 -0.710259 0.61575
1 32.2211 6.11035 1.60892 0.103917 0.378629 -0.919696
1 29.9752 26.9756 1.62887 -0.205345 0.541619 -0.815158
1 2.89738 33.03 1.6093 -0.426523 0.331553 -0.841517
1 4.50261 6.07569 1.61055 0.131024 -0.492403 -0.860449
1 24.0544 33.7863 1.73634 0.343501 -0.525434 0.778413
1 3.76735 6.93188 1.60933 0.280214 -0.365153 -0.887774
1 9.14037 33.869 1.60294 -0.195281 -0.514271 -0.835099
1 31.5315 34.2123 1.75246 0.175905 0.461305 0.869629
1 3.49429 5.91676 1.60757 0.114886 -0.325603 -0.938501
1 4.93462 16.1005 1.6137 0.206861 0.652181 -0.729293
1 4.98521 22.9764 1.74182 -0.495752 0.489015 0.717701
1 2.62903 20.0265 1.75992 0.155875 0.133573 0.978704
1 19.2052 21.4296 1.60923 -0.244457 -0.399233 -0.883659
1 15.5028 10.8599 1.75952 0.0533128 -0.265165 0.962728
1 1.24526 10.6686 1.75345 0.388678 0.227339 0.892887
1 25.064 23.3718 1.61047 0.838769 0.128714 -0.529055
1 26.8173 0.532345 1.75982 0.0636495 -0.177517 0.982057
1 8.52099 26.0929 1.75855 0.21716 0.0811232 0.972759
1 12.894 33.7647 1.75636 -0.166396 -0.610065 0.774682
1 21.0619 34.3821 1.74917 -0.120821 0.585976 0.80127
1 21.3999 6.56757 1.59936 -0.115625 0.745011 -0.656954
1 32.8063 10.9581 1.75765 0.335247 -0.226008 0.91462
1 18.5677 31.7003 1.76064 0.186525 0.20662 0.960477
1 0.761231 5.30596 1.60741 0.0485204 0.057688 -0.997155
1 1.45814 18.7719 1.75019 0.386784 -0.0635185 0.91998
1 20.7189 30.2567 1.7432 0.436943 0.512748 0.739034
1 23.4248 18.0322 1.60976 -0.200491 0.422383 -0.883966
1 6.89422 6.81782 1.59316 0.370684 0.599998 -0.70894
1 8.68207 13.5058 1.60563 -0.164395 -0.0486928 -0.985192
1 3.74501 23.4758 1.7518 -0.480722 0.335484 0.810159
1 23.1998 1.82216 1.75624 0.00173752 -0.662655 0.748922
1 28.2579 8.89852 1.61446 0.0197269 -0.485228 -0.874165
1 23.0272 24.1559 1.77398 0.650601 -0.355335 0.671159
1 23.5145 0.399957 1.73895 0.178667 -0.604206 0.776539
1 27.233 16.2641 1.61479 -0.451658 -0.0447099 -0.89107
1 9.73859 6.54452 1.61028 0.334208 0.067812 -0.940057
1 3.87584 27.9942 1.75902 -0.0841891 -0.532057 0.842513
1 31.5699 29.7774 1.6078 0.276735 0.258816 -0.925436
1 7.96628 7.6122 1.6203 0.558249 0.3328 -0.760002
1 6.29632 33.6588 1.60738 -0.235676 -0.148503 -0.960419
1 29.0494 22.9849 1.61569 0.631704 -0.331276 -0.700861
1 14.3657 20.0517 1.61964 -0.426537 0.412782 -0.804784
1 11.0334 17.0628 1.61836 0.111996 -0.321743 -0.94018
1 17.5623 29.1431 1.75051 0.544254 0.014194 0.8388
1 16.45 9.74244 1.75928 0.167516 -0.133138 0.976838
1 24.1563 24.396 1.73752 0.565473 -0.209352 0.797754
1 17.8436 2.77351 1.75706 -0.551182 0.116496 0.826213
1 30.8104 13.2866 1.76248 -0.0800318 -0.56085 0.82404
1 15.3774 17.4492 1.7563 -0.642374 -0.330252 0.691585
1 27.2815 31.7772 1.74683 0.780266 -0.169758 0.60197
1 16.6746 3.72609 1.76148 -0.682403 -0.0946754 0.724819
1 20.1817 24.9242 1.61049 0.292404 -0.559918 -0.775237
1 5.82685 13.723 1.61705 -0.13865 0.460588 -0.876718
1 14.4925 30.1088 1.74468 0.379388 -0.39908 0.834746
1 24.6784 19.7678 1.60845 0.10844 0.250733 -0.961963
1 23.5932 32.3953 1.63205 -0.626394 0.495437 -0.601808
1 18.7974 6.5655 1.75847 0.505876 0.294281 0.810856
1 28.2301 14.4676 1.60734 -0.79129 -0.0524651 -0.609187
1 13.4722 28.7334 1.74329 0.553318 -0.615024 0.561769
1 4.83244 7.16653 1.61413 0.321823 -0.545275 -0.774019
1 14.1757 26.6739 1.61176 0.628988 0.433111 -0.645592
1 7.16192 18.538 1.62129 0.382884 0.365564 -0.848388
1 3.07188 30.107 1.75577 -0.532679 -0.522103 0.666079
1 24.1377 11.3184 1.60769 0.309742 0.254726 -0.916065
1 20.7193 19.3739 1.59633 -0.0340137 0.812878 -0.58144
1 9.12353 18.6559 1.60842 0.351533 -0.0295454 -0.935709
1 13.768 33.2991 1.75727 -0.0840993 -0.476953 0.874896
1 15.082 18.8816 1.61315 -0.609657 0.319065 -0.725614
1 0.643342 6.32919 1.60748 0.23669 0.070911 -0.968994
1 29.1304 9.33768 1.61338 0.101607 -0.631613 -0.768597
