1 16.8555 32.6682 1.75928 0.0614349 -0.0327095 0.997575
1 22.8508 17.5822 1.61061 -0.190197 0.509038 -0.839467
1 19.2537 17.2541 1.75448 -0.686836 0.19375 0.700512
1 28.1879 19.482 1.60904 0.102289 -0.242665 -0.964702
1 8.2596 24.6138 1.74613 0.429677 0.0482355 0.901694
1 21.3436 11.9214 1.74333 0.115256 0.681962 0.722249
1 13.893 24.3924 1.61051 0.31132 0.432636 -0.846112
1 28.4902 17.4959 1.61193 -0.203242 -0.274154 -0.939964
1 11.7049 6.28783 1.60993 0.294114 -0.263863 -0.918626
1 1.32412 15.1328 1.75796 -0.360391 0.295747 0.884676
1 15.3301 15.9416 1.75516 -0.494515 -0.398529 0.772418
1 31.4015 14.1349 1.75831 -0.273303 -0.391775 0.878531
1 25.3978 33.4507 1.7515 0.346329 -0.336934 0.875518
1 30.6365 11.279 1.75511 0.25045 -0.553994 0.793956
1 15.2865 23.4344 1.60927 0.103457 0.195325 -0.975266
1 25.3618 19.2506 1.60978 0.0617335 0.144754 -0.98754
1 15.3792 0.253441 1.76152 -0.21795 -0.238551 0.946357
1 29.4383 15.8309 1.64238 -0.475432 -0.397734 -0.784712
1 28.297 15.8362 1.61161 -0.490774 -0.19044 -0.85022
1 12.8232 22.1103 1.61199 -0.079159 0.615194 -0.784392
1 17.1179 29.1524 1.76277 0.539479 0.00473427 0.841986
1 15.4448 20.0949 1.60628 -0.445356 0.167553 -0.879536
1 19.3757 31.5981 1.75929 0.225666 0.323979 0.918756
1 32.7898 3.22096 1.65296 -0.523633 0.591545 0.613093
1 30.2039 3.44239 1.74139 -0.525339 0.254652 0.811894
1 27.3637 11.9341 1.60528 0.389372 -0.38508 -0.836722
1 5.6311 12.9062 1.61214 -0.234598 0.459759 -0.856496
1 9.89325 15.9892 1.60775 0.0532025 -0.144587 -0.988061
1 4.53717 33.4833 1.61087 -0.270853 -0.0674684 -0.960254
1 14.663 12.4938 1.75112 -0.181515 -0.448342 0.875238
1 9.86504 10.0565 1.62566 -0.643196 -0.277556 -0.713626
1 9.49806 27.1319 1.75873 0.0326798 0.234954 0.971457
1 11.0475 4.52741 1.60645 -0.0146018 -0.177048 -0.984094
1 18.4593 26.3726 1.60407 0.595296 -0.261136 -0.759889
1 20.5482 13.3197 1.75483 -0.0826791 0.508994 0.85679
1 26.5593 27.9453 1.75685 -0.0639911 0.308083 0.949205
1 12.5689 6.98464 1.61138 0.431386 -0.409082 -0.804088
1 0.851135 0.0943896 1.61341 -0.297509 0.497173 -0.81505
1 17.8686 32.4366 1.76018 0.0991671 0.10832 0.989158
1 9.05693 20.3674 1.61038 0.5676 0.0713716 -0.820205
1 33.8273 16.4005 1.75105 -0.7267 0.0413435 0.685709
1 3.43411 21.3361 1.75906 -0.113489 0.264498 0.957685
1 19.3755 20.0904 1.60986 -0.466872 -0.418749 -0.778897
1 15.9424 14.0375 1.75561 -0.240498 -0.22262 0.944776
1 4.3344 13.7658 1.61482 -0.0675547 0.803114 -0.591983
1 21.7659 26.4928 1.76776 0.22647 -0.548693 0.804765
1 21.7735 14.5461 1.74703 -0.290724 0.649992 0.702132
1 31.1759 10.1878 1.7575 0.453182 -0.458466 0.764483
1 25.0598 3.90815 1.62106 -0.736871 -0.17665 -0.652546
1 3.27011 3.64263 1.61748 -0.11775 -0.195656 -0.973578
1 27.3758 29.7679 1.76111 -0.453886 0.340962 0.823245
1 5.0123 20.4103 1.75885 0.0713186 0.526027 0.847472
1 13.5747 6.1155 1.60872 0.338579 -0.60051 -0.724398
1 12.1836 23.1065 1.59186 0.105529 0.723287 -0.682437
1 22.8512 21.5342 1.61168 0.492678 0.428985 -0.757126
1 6.60702 29.3462 1.75278 -0.364049 -0.118853 0.923765
1 32.4044 28.2719 1.60777 -0.0426487 0.0377861 -0.998375
1 27.9993 28.7933 1.75315 -0.258491 0.511126 0.819715
1 14.5578 14.8162 1.74505 -0.347251 -0.494348 0.796892
1 5.70843 2.95766 1.62247 -0.391921 -0.554855 -0.733849
1 7.95178 6.45602 1.61025 0.283572 0.467744 -0.837139
1 27.5054 27.8269 1.75557 -0.051361 0.49681 0.866338
1 20.7228 14.4651 1.75501 -0.249765 0.507131 0.824885
1 33.6386 12.7088 1.76161 0.0276694 -0.0780719 0.996564
1 29.4992 27.8363 1.60818 -0.104636 0.646814 -0.755436
1 4.97594 24.2378 1.74974 0.571733 -0.376355 0.729025
1 24.4304 4.84451 1.61264 -0.538567 0.022199 -0.84229
1 18.6752 4.23394 1.75671 -0.696301 0.166065 0.698274
1 13.8256 22.3845 1.60882 -0.0250176 0.436691 -0.899264
1 32.372 27.2874 1.60673 -0.19276 0.0341242 -0.980652
1 31.0071 6.15217 1.61521 0.140841 0.535397 -0.832775
1 5.64831 0.414824 1.60698 0.103293 -0.138407 -0.984974
1 11.039 3.44682 1.60942 -0.187523 -0.183219 -0.965021
1 17.7003 14.456 1.76055 -0.28851 0.0524091 0.956041
1 16.0782 31.921 1.75929 0.146266 -0.119857 0.981957
1 27.0358 25.7095 1.7572 0.312748 0.378204 0.871292
1 20.3124 6.96758 1.77605 0.447712 0.651571 0.61238
1 26.0005 27.1358 1.75992 0.0862786 0.208831 0.974138
1 33.4049 13.6394 1.76057 -0.153978 -0.0987286 0.983129
1 10.1692 27.9117 1.75898 -0.0941307 0.327081 0.940297
1 30.8224 1.57684 1.74814 -0.162842 0.349091 0.922831
1 30.494 27.7841 1.61287 -0.0802169 0.41485 -0.906347
1 31.4896 28.5961 1.60853 0.0276858 0.213018 -0.976656
1 21.9172 9.31439 1.60809 0.128362 0.705695 -0.696791
1 18.338 31.576 1.75912 0.218071 0.170406 0.960941
1 25.5159 12.39 1.62444 0.426559 -0.049693 -0.903094
1 7.39863 15.3503 1.61059 0.00292831 0.207163 -0.978302
1 24.4816 11.0448 1.60805 0.256354 0.126454 -0.958276
1 31.9152 9.17836 1.76498 0.687266 -0.310725 0.656594
1 1.62107 14.1417 1.76228 -0.182639 0.328069 0.92683
1 25.1528 5.73734 1.61145 -0.42367 -0.0614283 -0.903731
1 6.48152 32.7623 1.6111 -0.297907 -0.290933 -0.90918
1 21.421 4.74681 1.61697 -0.391467 0.545427 -0.741123
1 19.5146 26.5422 1.76513 -0.59777 0.4584 0.657678
1 14.3613 8.03423 1.74988 0.348431 -0.560069 0.751611
1 5.47301 32.1086 1.61948 -0.526445 -0.255373 -0.810951
1 23.0693 30.9578 1.76047 -0.574709 -0.406429 0.710299
1 2.94807 23.0903 1.75494 -0.45225 0.20829 0.867228
1 14.3955 3.30555 1.74883 -0.56118 -0.621521 0.546616
1 24.3476 19.1571 1.6087 0.0535186 0.288141 -0.956091
1 34.4492 3.16457 1.62042 0.189057 0.529211 -0.82716
1 25.9611 25.1916 1.75923 0.448927 0.169278 0.877388
1 29.4311 17.7867 1.61234 -0.149652 -0.422737 -0.893811
1 13.3094 8.00447 1.74858 0.420883 -0.706032 0.569541
1 32.6479 12.8787 1.75956 -0.032359 -0.225915 0.97361
1 24.7009 14.1753 1.63315 0.724703 -0.0489409 -0.687321
1 0.790712 3.56231 1.62008 0.131521 0.306082 -0.942876
1 31.0333 17.7722 1.60637 -0.19323 -0.697464 -0.690077
1 21.3795 19.2537 1.6097 0.166503 0.705176 -0.689205
1 2.46168 5.20441 1.61203 0.128271 -0.121013 -0.984328
1 27.1273 15.9388 1.60974 -0.465563 -0.00145903 -0.885013
1 19.7659 16.2473 1.75781 -0.522541 0.318796 0.790772
1 4.57009 2.47481 1.61847 -0.400256 -0.345323 -0.848851
1 14.9411 13.8396 1.75131 -0.231712 -0.399197 0.887102
1 14.5803 21.6048 1.61096 -0.182345 0.300635 -0.936146
1 12.0217 13.5259 1.61903 -0.260925 -0.591125 -0.76321
1 5.84134 11.6314 1.61533 -0.336905 0.404993 -0.849985
1 11.186 10.4754 1.63675 -0.518809 -0.522684 -0.67649
1 7.66068 31.0185 1.77711 -0.718674 -0.0947882 0.688856
1 20.5063 24.9467 1.6117 0.358206 -0.613641 -0.703657
1 12.5541 33.5013 1.75823 -0.122822 -0.596463 0.793187
1 5.2049 27.9385 1.75402 -0.112679 -0.331873 0.93657
1 19.6496 12.9364 1.76135 -0.0559564 0.369107 0.927701
1 21.9651 20.5627 1.61856 0.34304 0.581675 -0.737548
1 25.389 27.8594 1.75876 -0.0391171 0.0887567 0.995285
1 26.8753 20.7202 1.60832 0.289917 -0.0471297 -0.955891
1 16.522 31.0057 1.76118 0.272941 -0.0743387 0.959154
1 7.46164 19.9496 1.61862 0.513239 0.443769 -0.734612
1 25.6348 4.88185 1.61544 -0.565569 -0.172361 -0.806488
1 30.0786 2.43022 1.75547 -0.327811 0.243766 0.912753
1 6.79287 26.7572 1.7589 0.0771099 -0.134898 0.987855
1 10.174 3.87304 1.60822 -0.112238 -0.0120207 -0.993609
1 12.8868 10.8304 1.7439 -0.00438921 -0.745322 0.666691
1 17.03 27.6133 1.75555 0.820493 -0.105201 0.561893
1 9.97533 12.3903 1.60954 -0.313123 -0.286712 -0.905401
1 32.3797 10.0426 1.75314 0.517541 -0.282124 0.80781
1 8.29164 14.8435 1.6084 -0.0426763 0.0618422 -0.997173
1 33.117 26.6367 1.60891 -0.31109 -0.124707 -0.942163
1 31.4494 15.3792 1.75986 -0.547736 -0.377251 0.746771
1 6.40898 10.5238 1.61537 -0.500727 0.330874 -0.799872
1 20.9739 30.8266 1.74623 0.361519 0.565119 0.741583
1 30.0255 6.09332 1.62291 0.237965 0.691874 -0.681676
1 26.7848 4.56164 1.62745 -0.72183 -0.313888 -0.616795
1 28.6256 0.347776 1.75871 0.0440282 0.0335024 0.998468
1 20.3699 12.1469 1.75508 0.0930064 0.501712 0.86002
1 7.85926 26.5811 1.7592 0.109159 0.00784473 0.993993
1 9.18633 25.2503 1.75557 0.336775 0.191136 0.921981
1 26.2637 5.80102 1.61615 -0.427243 -0.223015 -0.876201
1 18.3946 8.82716 1.75931 0.304446 0.185307 0.934331
1 23.5068 25.0026 1.75929 0.476376 -0.230821 0.848403
1 24.0571 12.8402 1.60685 0.497349 0.211638 -0.84134
1 8.54134 12.1772 1.61146 -0.321605 -0.0370375 -0.946149
1 20.2537 21.0479 1.6115 -0.334104 -0.602488 -0.724833
1 25.4457 31.9257 1.74323 0.783528 -0.263697 0.562626
1 4.71554 15.1622 1.61549 0.0796269 0.62882 -0.773463
1 10.9711 5.54537 1.60771 0.163461 -0.135359 -0.97722
1 8.25222 18.3376 1.60815 0.334733 0.20738 -0.91921
1 19.7624 15.1877 1.76061 -0.36598 0.348435 0.862932
1 25.9037 28.6971 1.7586 -0.195051 0.160359 0.967595
1 8.18832 22.5793 1.73954 0.739249 0.010765 0.673347
1 16.3124 16.7516 1.74683 -0.642992 -0.190802 0.741725
1 12.7053 25.7181 1.75856 0.405091 0.714719 0.570155
1 8.47775 32.4411 1.61259 -0.416397 -0.461711 -0.783222
1 3.02937 16.8765 1.60131 -0.953951 -0.247457 0.169535
1 23.9136 6.86047 1.60891 -0.23703 0.177422 -0.955164
1 28.8178 32.4551 1.75548 0.52144 0.0564493 0.851418
1 13.1919 15.6681 1.61584 -0.164774 -0.752425 -0.637735
1 13.4981 17.1062 1.60368 0.0445883 -0.727784 -0.684355
1 3.40261 10.6146 1.78289 0.304502 0.697743 0.648408
1 18.397 12.0674 1.75972 -0.0207843 0.152818 0.988036
1 22.0177 18.3142 1.6106 -0.0209545 0.62207 -0.782681
1 11.9389 5.15396 1.60933 0.108291 -0.326934 -0.938822
1 26.7488 7.57902 1.60863 -0.190304 -0.277461 -0.941701
1 9.60651 14.7493 1.60636 -0.0527913 -0.135223 -0.989408
1 4.28215 11.412 1.60866 -0.226429 0.804982 -0.548392
1 15.6018 2.20327 1.74969 -0.455172 -0.241338 0.857073
1 30.4713 5.05916 1.58751 -0.0105766 0.598041 -0.801396
1 0.40069 33.792 1.60422 -0.439028 0.590992 -0.676745
1 29.2691 10.2922 1.61827 0.281287 -0.650985 -0.70505
1 2.22843 18.3361 1.75456 0.384402 0.0380593 0.922381
1 9.09878 2.71277 1.61347 -0.287694 0.228098 -0.930163
1 24.0824 5.82834 1.61004 -0.375067 0.123027 -0.918798
1 0.276688 25.6068 1.60521 -0.559718 -0.477077 -0.677579
1 28.6343 26.1705 1.76707 0.155 0.772901 0.615304
1 11.4999 25.2194 1.75139 0.390373 0.535565 0.748852
1 6.52834 12.3537 1.60596 -0.263996 0.28587 -0.921186
1 15.0782 1.22121 1.74962 -0.357635 -0.272161 0.893323
1 3.80959 22.3275 1.75569 -0.29608 0.34097 0.892231
1 9.38072 21.4276 1.61315 0.675741 -0.00227528 -0.737136
1 10.6879 15.3652 1.60917 -0.0134703 -0.266123 -0.963845
1 34.1192 28.3149 1.60701 -0.0698288 -0.306195 -0.949404
1 26.8851 28.9277 1.76098 -0.264774 0.326745 0.907266
1 20.7362 27.2444 1.59634 0.0117503 0.723955 -0.689747
1 6.20126 25.9094 1.75616 0.213873 -0.227963 0.94989
1 25.2529 10.3388 1.60643 0.178485 -0.00953878 -0.983896
1 27.041 30.7311 1.70103 -0.651539 0.229485 0.723073
1 21.2671 6.02771 1.60726 -0.184312 0.613272 -0.768067
1 32.6607 1.07558 1.76406 -0.101547 0.608803 0.786795
1 14.8855 24.3246 1.61089 0.257172 0.26584 -0.929081
1 16.5579 12.8063 1.75904 -0.118728 -0.128909 0.984523
1 16.5121 25.0558 1.61027 0.377133 0.0181123 -0.925982
1 10.2104 7.457 1.61249 0.490946 0.0057676 -0.871171
1 33.7309 6.18896 1.60593 0.0782001 0.191903 -0.978293
1 8.41933 4.37582 1.60604 -0.0331412 0.336973 -0.940931
1 31.7534 7.0074 1.61135 0.297594 0.403748 -0.865116
1 6.15063 30.4724 1.75208 -0.670365 -0.234557 0.703984
1 5.38453 1.35105 1.60515 0.302263 -0.0615964 -0.951232
1 23.6718 7.9002 1.60818 -0.102728 0.226162 -0.968658
1 5.95292 20.249 1.76869 0.14951 0.658867 0.737253
1 23.6856 9.30362 1.61627 0.0224353 0.263994 -0.964263
1 9.93653 19.6334 1.6111 0.468479 -0.0979287 -0.87803
1 32.8042 25.5897 1.61103 -0.475955 -0.0693368 -0.876732
1 34.1112 20.9894 1.75696 -0.0369171 -0.397186 0.916995
1 6.03019 8.25937 1.74294 0.644784 -0.510579 0.568826
1 32.4212 13.8622 1.7572 -0.223252 -0.242481 0.944119
1 32.1086 26.3482 1.60727 -0.332979 0.0806049 -0.939483
1 18.4889 10.025 1.75988 0.192859 0.194802 0.961695
1 26.4068 21.638 1.61307 0.434689 0.032721 -0.899986
1 19.7907 32.6574 1.76153 0.0892644 0.396903 0.91351
1 25.2597 29.4241 1.75892 -0.332168 0.0330039 0.942643
1 17.6036 2.54162 1.75967 -0.458402 0.0196751 0.888527
1 2.3387 10.4919 1.75435 0.400863 0.469905 0.786447
1 31.6649 13.1068 1.75853 -0.0814893 -0.371146 0.924992
1 28.3171 8.56737 1.61168 -0.0338607 -0.513359 -0.857506
1 23.1183 20.5955 1.6008 0.335857 0.417003 -0.844576
1 25.7356 18.3732 1.60833 -0.0764006 0.0950534 -0.992536
1 13.0025 30.0346 1.73841 0.440194 -0.606966 0.661681
1 11.9908 8.11366 1.6073 0.620179 -0.377278 -0.687779
1 3.48854 18.8033 1.75558 0.327159 0.237689 0.914588
1 22.5566 11.2953 1.60547 0.212703 0.545217 -0.810861
1 9.89764 17.0383 1.60973 0.17789 -0.136037 -0.974602
1 20.023 0.329529 1.75407 -0.14666 0.41241 0.899116
1 24.1584 29.3411 1.757 -0.322097 -0.146801 0.935256
1 6.01421 22.5702 1.75812 -0.634885 0.550445 0.542154
1 0.0670163 5.83343 1.60236 0.0874336 0.0764938 -0.993229
1 30.6219 20.4186 1.62394 0.238258 -0.619035 -0.748351
1 7.06192 5.57688 1.6084 0.0563124 0.666243 -0.743606
1 8.16129 3.38273 1.61075 -0.200172 0.36707 -0.9084
1 33.7901 34.2612 1.75778 -0.349969 0.77791 0.521899
1 29.9115 1.39476 1.75467 -0.128995 0.219362 0.967078
1 18.6975 13.0578 1.75977 -0.095677 0.218846 0.971057
1 5.65664 25.0589 1.75382 0.360044 -0.301098 0.883011
1 12.9676 12.6289 1.7034 -0.139386 -0.788345 0.599236
1 1.53593 2.70365 1.62361 -0.0582293 0.241126 -0.968745
1 24.9474 6.69489 1.60824 -0.293374 -0.000962703 -0.955997
1 10.1606 4.8189 1.60545 0.0396173 0.00139128 -0.999214
1 29.9788 19.6185 1.61442 0.132738 -0.510687 -0.849458
1 11.8418 11.7003 1.60731 -0.243397 -0.708362 -0.662556
1 2.55478 13.6348 1.75794 -0.0712329 0.496213 0.865274
1 17.3806 21.9214 1.60768 -0.150179 -0.136828 -0.979145
1 14.3951 0.288005 1.74858 -0.279179 -0.36977 0.886188
1 17.2877 25.7412 1.61526 0.507393 -0.0858731 -0.857425
1 19.7141 14.0897 1.76086 -0.205556 0.363928 0.908462
1 11.3516 27.3252 1.75957 0.00834589 0.53304 0.846049
1 23.5957 30.1432 1.75581 -0.466322 -0.261481 0.845087
1 22.4058 32.9395 1.7632 0.00428138 0.821181 0.570652
1 17.8378 28.4006 1.74551 0.690512 0.0544396 0.721269
1 2.10769 30.1378 1.61607 0.0176839 -0.755286 -0.655157
1 31.5281 3.46027 1.67977 -0.521513 0.395512 0.756039
1 7.67024 34.3814 1.61229 0.0143036 -0.461116 -0.887225
1 0.599376 31.0921 1.61274 0.372103 -0.456448 -0.808204
1 26.0845 15.5675 1.63819 -0.593499 0.146922 -0.791311
1 8.87389 10.573 1.61547 -0.575533 -0.111677 -0.810117
1 27.9345 20.5127 1.60877 0.257791 -0.199618 -0.945355
1 33.4934 4.29381 1.60461 -0.391461 0.0618719 -0.918112
1 0.397938 14.824 1.7514 -0.333785 0.151731 0.930358
1 12.5203 17.6668 1.60991 0.159421 -0.568875 -0.806824
1 27.6695 0.772536 1.75877 -0.044038 -0.0692971 0.996624
1 23.8084 17.0539 1.60899 -0.300862 0.366883 -0.880272
1 31.1051 2.60219 1.75927 -0.357207 0.384387 0.851264
1 6.19175 24.094 1.74562 0.490606 -0.229253 0.840684
1 29.632 20.857 1.60455 0.289187 -0.45908 -0.84001
1 33.1635 29.8509 1.60877 0.192575 -0.078599 -0.978129
1 13.509 33.1274 1.75605 -0.0445968 -0.464453 0.884474
1 21.2319 10.2471 1.74095 0.257941 0.768095 0.586086
1 6.05915 18.6132 1.65034 0.606247 0.59594 -0.526612
1 2.20335 27.164 1.73476 0.015319 -0.80954 0.586865
1 11.9094 2.99743 1.61252 -0.272594 -0.358251 -0.892944
1 15.353 33.8151 1.75918 -0.0931075 -0.218606 0.971361
1 7.08987 9.53467 1.61791 -0.680486 0.167828 -0.713283
1 17.9236 23.6767 1.60775 0.141466 -0.19722 -0.970099
1 6.88519 23.1263 1.72377 0.667137 -0.223564 0.710597
1 0.678068 17.1648 1.73816 0.664468 -0.148513 0.732412
1 11.5624 30.3232 1.73822 -0.53803 0.574767 0.616577
1 9.20859 4.96086 1.61081 0.0537542 0.187562 -0.980781
1 2.80273 22.1415 1.76127 -0.268958 0.176615 0.94682
1 10.5594 22.7443 1.72787 0.767084 0.375048 0.520501
1 25.8293 9.46339 1.60663 0.0660659 -0.109271 -0.991814
1 12.2205 27.8015 1.74948 -0.123675 0.653525 0.746733
1 4.38133 7.59039 1.61047 0.434181 -0.473866 -0.766119
1 29.5872 23.0475 1.61842 0.644252 -0.378035 -0.664852
1 29.2444 18.9193 1.61152 0.0291356 -0.398396 -0.916751
1 29.019 16.7077 1.6138 -0.340252 -0.34108 -0.876295
1 32.699 7.59006 1.61062 0.398633 0.246556 -0.883347
1 6.21363 13.7401 1.61321 -0.142278 0.391463 -0.909128
1 7.38564 4.28065 1.6125 -0.114586 0.550279 -0.827081
1 15.4896 21.0413 1.61259 -0.293479 0.155772 -0.943189
1 4.7885 27.0207 1.75709 0.0398669 -0.417873 0.90763
1 29.2997 30.1718 1.60956 0.3456 0.575786 -0.740966
1 33.2583 27.7512 1.60803 -0.139271 -0.140533 -0.980232
1 24.5516 22.817 1.61858 0.657997 0.224385 -0.718812
1 3.255 8.5317 1.60075 0.616911 -0.305569 -0.725292
1 14.7847 22.5836 1.60999 -0.0212122 0.268235 -0.96312
1 26.1939 29.9232 1.76038 -0.453132 0.164703 0.876096
1 16.4766 21.3764 1.60748 -0.245273 0.00279372 -0.96945
1 22.6546 23.4914 1.73483 -0.86662 0.00358893 0.498957
1 25.6953 7.64311 1.60691 -0.186045 -0.107051 -0.976692
1 19.6173 33.7883 1.75768 -0.0169649 0.350923 0.936251
1 17.2026 31.7145 1.75955 0.184482 0.0133508 0.982745
1 30.7717 7.32141 1.6084 0.402822 0.543365 -0.736539
1 4.09472 27.7684 1.7621 -0.102041 -0.522531 0.846492
1 21.4238 1.47881 1.74961 -0.297468 0.652212 0.697232
1 32.6027 34.4652 1.74796 0.128447 0.558917 0.819215
1 7.21018 25.8236 1.75895 0.224327 -0.084318 0.970859
1 28.9763 20.0854 1.60992 0.196423 -0.355942 -0.913632
1 26.6364 1.10452 1.75672 -0.116304 -0.171927 0.97822
1 27.3387 8.52962 1.61046 -0.0419298 -0.365579 -0.929835
1 1.15492 10.832 1.75111 0.378254 0.227849 0.897223
1 31.7424 17.0441 1.60337 -0.386928 -0.745174 -0.543142
1 19.947 23.2902 1.61688 0.0529663 -0.493909 -0.867899
1 33.7431 8.35728 1.6028 0.755894 0.206957 -0.621122
1 16.2426 23.2818 1.60884 0.0679403 0.0544324 -0.996203
1 14.7196 19.4801 1.62706 -0.518796 0.335589 -0.786277
1 5.23727 14.0653 1.61585 -0.124745 0.591707 -0.796443
1 16.419 6.69624 1.75655 0.52496 -0.15837 0.836263
1 22.0339 34.4993 1.72419 -0.241514 0.756024 0.608357
1 18.7368 30.665 1.75805 0.350718 0.227759 0.908363
1 2.42363 12.4865 1.75784 0.100896 0.443411 0.890621
1 33.018 31.9826 1.60818 0.527178 -0.055756 -0.847924
1 26.2241 2.2547 1.74953 -0.370883 -0.247934 0.894972
1 15.0136 29.0263 1.75081 0.541661 -0.33412 0.771341
1 5.56037 7.27726 1.61616 0.40354 -0.660784 -0.632866
1 27.6489 14.9903 1.60874 -0.629887 -0.0277307 -0.776192
1 1.73357 3.69973 1.63754 0.00372378 0.103375 -0.994635
1 17.4023 16.3425 1.7422 -0.547687 -0.0154078 0.836542
1 32.0249 31.4311 1.61125 0.490832 0.144657 -0.859162
1 32.2659 2.44496 1.75298 -0.344498 0.570618 0.745464
1 23.0631 6.09699 1.61045 -0.275523 0.313155 -0.908857
1 28.4573 27.6208 1.75954 -0.0554609 0.691369 0.72037
1 15.5348 4.53464 1.745 -0.754359 -0.339889 0.561621
1 3.12921 26.1806 1.75388 0.267765 -0.665287 0.696918
1 16.1784 7.71994 1.75707 0.391452 -0.218101 0.893978
1 9.95888 13.4365 1.60917 -0.165949 -0.211472 -0.963193
1 3.35638 12.9525 1.76352 0.0784578 0.646821 0.758595
1 12.0537 26.5063 1.7494 0.186605 0.649982 0.736683
1 2.11892 7.16882 1.61245 0.408911 -0.0912526 -0.908001
1 14.3836 6.76851 1.74988 0.539478 -0.543536 0.643065
1 27.1939 19.7477 1.60814 0.143441 -0.0996515 -0.984629
1 15.6814 10.8396 1.75961 0.058539 -0.268185 0.961587
1 3.60167 32.965 1.60789 -0.412481 0.0375687 -0.910191
1 14.8562 10.243 1.76006 0.0913624 -0.417299 0.904165
1 28.999 1.18977 1.75923 -0.097017 0.0821445 0.991887
1 32.7833 10.9295 1.75489 0.343597 -0.234599 0.909343
1 9.64652 32.2982 1.6015 -0.637212 -0.50164 -0.585079
1 14.0893 29.9302 1.74891 0.381415 -0.45326 0.805653
1 19.3493 1.21169 1.75672 -0.260377 0.304221 0.916326
1 14.1738 4.9411 1.60468 0.0576889 -0.706829 -0.705028
1 21.4977 33.4929 1.74539 -0.0562692 0.665055 0.744672
1 12.4266 9.38971 1.76059 0.165874 -0.841913 0.513486
1 13.649 20.0854 1.63405 -0.352905 0.577609 -0.736088
1 4.52669 16.3617 1.623 0.300075 0.631096 -0.715313
1 13.8729 10.4513 1.75934 0.0509938 -0.588492 0.806893
1 3.69163 24.8966 1.7437 0.524967 -0.540658 0.657342
1 31.2724 32.4983 1.76047 0.567531 0.370517 0.735272
1 10.7929 16.4606 1.61082 0.0941424 -0.2846 -0.954013
1 8.7678 0.760214 1.62029 -0.503431 0.441203 -0.742898
1 34.4608 0.511295 1.62208 -0.208926 0.674522 -0.708075
1 27.0937 6.62169 1.6128 -0.332822 -0.342051 -0.878767
1 30.9631 22.4875 1.61458 0.530857 -0.641221 -0.554099
1 30.0327 32.3948 1.75351 0.523828 0.203703 0.827109
1 6.90311 1.94097 1.61166 0.414421 -0.353161 -0.838769
1 11.7616 29.0469 1.74166 -0.318699 0.546556 0.774407
1 15.1102 17.0418 1.73916 -0.654828 -0.410296 0.634711
1 2.39101 14.7675 1.75871 -0.272508 0.472933 0.837898
1 16.8514 5.74202 1.75619 0.664877 -0.069088 0.743751
1 25.3424 8.55507 1.60748 -0.0610141 -0.0399572 -0.997337
1 0.584673 1.27234 1.61334 -0.14562 0.508654 -0.848567
1 24.6695 7.64412 1.60809 -0.164477 0.054592 -0.984869
1 10.1035 31.5047 1.77304 -0.793367 0.0949217 0.601297
1 8.96011 17.6162 1.60888 0.265769 0.0254038 -0.963702
1 20.9717 22.2843 1.59658 -0.153204 -0.695201 -0.702299
1 11.4366 20.459 1.60584 0.514985 -0.418047 -0.748349
1 7.9906 5.32235 1.60762 0.0980311 0.465859 -0.879412
1 31.6887 25.4553 1.60975 -0.456422 0.177904 -0.871796
1 4.13604 3.31374 1.61196 -0.212327 -0.33049 -0.919616
1 17.64 9.43255 1.76074 0.229348 0.037359 0.972627
1 24.3638 8.58945 1.60762 -0.04126 0.117796 -0.99218
1 24.2038 1.76102 1.75827 -0.138774 -0.517172 0.844556
1 15.9115 24.2507 1.60755 0.238297 0.102667 -0.96575
1 34.2321 14.2299 1.75818 -0.245765 0.03019 0.968859
1 24.7539 28.5762 1.75778 -0.174267 -0.0322549 0.98417
1 26.2431 13.7504 1.6106 0.704045 -0.1866 -0.685201
1 23.5622 19.7165 1.60713 0.178245 0.373568 -0.910316
1 14.5177 32.8348 1.7576 -0.000111007 -0.311918 0.950109
1 28.1572 10.9198 1.61317 0.26175 -0.472378 -0.841633
1 25.4756 11.3095 1.60804 0.303295 -0.0488569 -0.951644
1 16.4843 20.4094 1.60655 -0.409707 0.000153403 -0.912217
1 31.1593 24.6062 1.62203 -0.58241 0.255914 -0.771561
1 28.8358 4.11511 1.76711 -0.669684 0.10064 0.735795
1 3.36304 14.3113 1.74781 -0.117045 0.678113 0.725578
1 8.13089 28.2955 1.75964 -0.173137 0.0479917 0.983728
1 29.575 33.2657 1.7573 0.366122 0.146114 0.919024
1 7.33108 32.2402 1.62535 -0.425787 -0.348124 -0.835174
1 1.96307 15.7943 1.73974 -0.502411 0.35205 0.789711
1 33.6441 24.9552 1.61128 -0.613909 -0.245737 -0.750153
1 27.0992 10.9533 1.61463 0.242629 -0.311619 -0.918708
1 24.8135 24.9625 1.75359 0.510173 -0.0303636 0.859536
1 2.46938 3.07082 1.62356 -0.131112 0.00151139 -0.991366
1 5.18938 26.048 1.75501 0.206336 -0.375669 0.903492
1 20.8601 15.6212 1.75404 -0.413835 0.49693 0.762759
1 22.2342 5.41177 1.61037 -0.325651 0.427669 -0.843238
1 1.60143 24.1183 1.75813 -0.619193 0.0132784 0.785127
1 30.6379 13.343 1.75834 -0.123997 -0.522341 0.843673
1 29.9097 7.93608 1.63442 -0.244584 -0.762567 -0.59889
1 22.5267 4.27202 1.61344 -0.508675 0.335575 -0.792868
1 19.45 10.6864 1.75862 0.131843 0.353012 0.926283
1 14.332 33.8503 1.75427 -0.138899 -0.339421 0.930323
1 31.4706 5.04781 1.59797 -0.163503 0.427395 -0.889157
1 10.454 26.9361 1.76064 0.0703195 0.380578 0.922071
1 3.50234 30.9356 1.77458 0.7363 -0.156692 0.658263
1 28.1802 22.3708 1.61041 0.532749 -0.201456 -0.821945
1 9.16975 28.1213 1.75915 -0.13446 0.186383 0.973233
1 34.5776 18.0807 1.74556 0.499299 -0.308425 0.809676
1 30.6988 0.522746 1.75769 0.0205448 0.31152 0.950017
1 1.51321 19.0556 1.75888 0.269099 -0.0724982 0.96038
1 19.4007 25.4666 1.62162 0.432741 -0.409749 -0.80302
1 7.05175 28.4546 1.75912 -0.200221 -0.0842232 0.976124
1 28.5037 9.72014 1.61758 0.123247 -0.554437 -0.823049
1 14.9507 31.8909 1.75897 0.135205 -0.261944 0.955565
1 30.4749 14.4831 1.75718 -0.375037 -0.523796 0.764843
1 17.4464 20.8886 1.60899 -0.322189 -0.14653 -0.935267
1 33.9215 30.4933 1.60797 0.272189 -0.213557 -0.938247
1 30.599 25.6521 1.6202 -0.397654 0.416589 -0.817512
1 12.8021 2.6396 1.60094 -0.366823 -0.531298 -0.763652
1 22.1628 31.3294 1.74423 0.344534 0.755637 0.557054
1 23.517 13.6892 1.60076 0.635434 0.239407 -0.734104
1 25.7805 20.7912 1.61393 0.294764 0.0977948 -0.950553
1 33.5706 32.7489 1.77293 -0.566057 0.259262 0.782536
1 33.2432 28.8183 1.60814 0.026014 -0.121213 -0.992286
1 9.53443 29.869 1.74987 -0.440827 0.225202 0.868882
1 0.0342104 21.8768 1.75904 -0.186571 -0.272103 0.944008
1 1.13404 7.58676 1.6153 0.486327 0.0592346 -0.871767
1 1.14733 11.9504 1.75846 0.176907 0.23447 0.955891
1 31.9332 33.5103 1.75083 0.337428 0.452853 0.825267
1 16.5252 17.7368 1.7501 -0.804207 -0.160272 0.572332
1 18.7568 6.74206 1.75831 0.499414 0.259243 0.826667
1 3.61798 0.287884 1.60559 -0.131564 0.0709696 -0.988764
1 30.1268 26.7748 1.62618 -0.22878 0.472809 -0.850948
1 27.2067 1.94059 1.7603 -0.296199 -0.137507 0.945176
1 24.1985 10.1241 1.61041 0.12842 0.162876 -0.978253
1 28.159 6.53626 1.61867 -0.353537 -0.509356 -0.784582
1 26.1436 26.1718 1.7581 0.259048 0.215221 0.941581
1 24.3471 31.0767 1.73005 -0.652648 -0.132541 0.745979
1 17.6229 30.802 1.75874 0.31134 0.0696372 0.947744
1 2.51666 4.22743 1.61826 -0.00488706 -0.0875428 -0.996149
1 7.6169 10.4041 1.61129 -0.573799 0.100305 -0.812831
1 1.79563 22.2567 1.75849 -0.280954 0.0157302 0.959592
1 20.6679 8.44657 1.75402 0.313509 0.694458 0.647642
1 5.26494 19.1561 1.7575 0.344003 0.541769 0.766908
1 17.803 13.4551 1.76106 -0.151253 0.0722371 0.985852
1 21.5161 13.3301 1.75734 -0.0759698 0.65378 0.752861
1 4.6243 9.81845 1.60773 -0.463395 0.647422 -0.60507
1 6.95665 11.3476 1.61009 -0.417504 0.210912 -0.883859
1 13.7838 0.986006 1.75538 -0.377371 -0.508892 0.773705
1 0.348542 27.829 1.60904 -0.169516 -0.47567 -0.863135
1 8.16173 2.28621 1.62289 -0.363944 0.461512 -0.809044
1 33.3317 1.922 1.74949 -0.176141 0.775967 0.605681
1 34.457 13.2719 1.75998 -0.0697151 0.0412993 0.996712
1 33.6167 10.0448 1.74885 0.550835 -0.10996 0.827339
1 2.36446 25.6096 1.77336 0.504855 -0.681293 0.530058
1 7.43893 33.3125 1.61903 -0.195224 -0.410121 -0.890892
1 24.8351 17.2445 1.60907 -0.280108 0.228858 -0.932289
1 0.00174126 24.2335 1.75061 -0.674201 -0.275798 0.68512
1 9.90402 28.8952 1.75681 -0.264852 0.280062 0.922724
1 8.11062 17.0607 1.60845 0.201862 0.138311 -0.969599
1 27.7902 26.6109 1.74591 0.1595 0.578899 0.799647
1 15.575 22.0064 1.60952 -0.124125 0.144401 -0.981703
1 24.1013 25.7359 1.7511 0.34444 -0.134624 0.929106
1 26.0086 3.2066 1.76053 -0.594384 -0.311526 0.74139
1 20.2105 9.39867 1.70643 0.246822 0.522638 0.816045
1 5.76814 26.908 1.75476 0.0555847 -0.279488 0.958539
1 18.6828 14.1038 1.75903 -0.224746 0.209701 0.951586
1 6.13774 31.4248 1.6108 -0.726757 -0.301421 -0.617228
1 13.3194 31.0875 1.75635 0.267615 -0.528744 0.805489
1 3.35457 2.60058 1.61933 -0.271815 -0.140936 -0.951974
1 9.92923 0.686539 1.60872 -0.557442 0.168153 -0.813009
1 0.454935 18.9955 1.75844 0.299986 -0.238408 0.923672
1 16.6152 1.96572 1.76394 -0.393209 -0.105924 0.913327
1 3.98809 6.59475 1.61121 0.29015 -0.40448 -0.8673
1 10.4938 24.0564 1.75382 0.513303 0.455487 0.72736
1 15.4941 30.9934 1.7622 0.267034 -0.203371 0.941984
1 21.6104 27.6672 1.76062 -0.00477165 -0.545864 0.837861
1 31.701 11.0534 1.75534 0.295889 -0.394231 0.870076
1 33.8889 26.0194 1.60993 -0.43715 -0.277541 -0.855494
1 10.2335 11.1061 1.60464 -0.48228 -0.329793 -0.811568
1 27.9528 31.6858 1.75619 0.659913 -0.0253815 0.750913
1 10.1377 1.86594 1.60995 -0.399227 0.0560604 -0.915137
1 9.27431 11.5237 1.6071 -0.423405 -0.166841 -0.890445
1 11.4004 14.4377 1.62205 -0.105145 -0.429831 -0.896766
1 27.545 17.6814 1.60937 -0.17033 -0.149053 -0.974049
1 26.3287 8.50493 1.60756 -0.0612222 -0.197728 -0.978343
1 17.3455 8.47217 1.75724 0.324955 -0.0132198 0.945637
1 9.00672 30.844 1.7625 -0.607613 0.0928515 0.788787
1 27.8899 25.0704 1.76122 0.335592 0.536975 0.773974
1 32.9142 5.61693 1.60501 -0.0753317 0.285436 -0.955433
1 1.53381 24.9992 1.58948 0.782358 -0.0205794 -0.622489
1 33.027 31.0031 1.60925 0.373826 -0.0407905 -0.926602
1 0.688833 23.5132 1.75399 -0.504056 -0.15602 0.849461
1 7.56184 14.1426 1.6087 -0.100347 0.156433 -0.982578
1 29.6128 13.5469 1.75247 -0.174581 -0.668082 0.723317
1 19.8225 30.6122 1.75096 0.372411 0.384738 0.844563
1 24.8609 9.42756 1.60673 0.0554983 0.0462113 -0.997389
1 19.5951 2.29715 1.7537 -0.394072 0.325228 0.859613
1 10.7503 17.5602 1.61047 0.215797 -0.278431 -0.9359
1 2.08687 6.13025 1.60675 0.249911 -0.0972826 -0.963369
1 12.8853 1.42739 1.75501 -0.617594 -0.587315 0.523105
1 16.1342 26.0386 1.61466 0.555575 0.0781744 -0.827784
1 8.514 9.61305 1.62213 -0.73384 -0.0513584 -0.677378
1 31.8045 8.0918 1.60176 0.576432 0.312412 -0.755066
1 34.0462 27.1725 1.60888 -0.245219 -0.302479 -0.921072
1 27.4177 18.7298 1.60802 -0.0113825 -0.134966 -0.990785
1 8.14221 21.0436 1.61498 0.633027 0.2724 -0.724621
1 13.9626 13.2094 1.74471 -0.257262 -0.615041 0.745346
1 28.2709 5.21298 1.61122 -0.606332 -0.491432 -0.625185
1 11.5522 33.9647 1.74958 -0.208344 -0.730053 0.650857
1 25.0116 15.1856 1.66634 -0.667927 0.344399 -0.659745
1 0.0932287 9.43183 1.76591 0.684099 0.0702635 0.725997
1 31.997 12.0505 1.76064 0.113954 -0.339352 0.933731
1 33.1668 18.5478 1.74603 0.422864 -0.536982 0.729957
1 29.4867 11.5256 1.60653 0.430707 -0.781108 -0.452065
1 8.43348 23.6028 1.7605 0.584849 0.0873231 0.806428
1 32.3164 29.2751 1.60798 0.116618 0.0665139 -0.990947
1 7.45255 27.5263 1.75959 -0.0452757 -0.0411153 0.998128
1 13.6383 3.70271 1.59609 -0.191795 -0.67515 -0.712311
1 16.4216 15.7539 1.75544 -0.478645 -0.181681 0.859005
1 24.0346 21.7878 1.61355 0.483354 0.273422 -0.83163
1 33.875 17.395 1.76095 0.681158 -0.376093 0.628155
1 17.7004 33.3871 1.75851 -0.00375868 0.0726738 0.997349
1 23.1096 29.1283 1.75372 -0.283768 -0.327979 0.901058
1 23.4276 27.386 1.76062 0.0440536 -0.25164 0.966818
1 7.32726 18.7702 1.61641 0.372014 0.417367 -0.829102
1 8.85629 5.94341 1.61269 0.206687 0.291004 -0.934129
1 1.03236 21.6284 1.75842 -0.164501 -0.109657 0.980263
1 16.3139 19.4598 1.6205 -0.574374 0.00441954 -0.818581
1 27.5701 9.97033 1.60348 0.106627 -0.398897 -0.910776
1 19.3672 11.8054 1.7576 0.0253547 0.314256 0.949
1 26.1552 19.9159 1.60944 0.167145 0.0479984 -0.984763
1 3.16763 17.8488 1.7656 0.478063 0.161926 0.863271
1 13.2481 23.2699 1.60442 0.142 0.548668 -0.823893
1 12.7753 24.1042 1.78205 -0.307383 -0.627967 0.714964
1 16.2129 28.4998 1.75662 0.638471 -0.136267 0.757487
1 34.0092 19.043 1.75452 0.308686 -0.402944 0.861597
1 8.90508 7.12074 1.60877 0.408332 0.276116 -0.870072
1 4.32279 4.37415 1.60891 -0.0504946 -0.409281 -0.91101
1 19.6401 3.39495 1.75367 -0.55559 0.314792 0.769562
1 10.4666 14.3072 1.6122 -0.0827907 -0.272027 -0.958722
1 25.0729 21.4678 1.60648 0.424328 0.149821 -0.893028
1 10.6552 21.5407 1.6156 0.670409 -0.26727 -0.692184
1 4.62801 34.463 1.60687 -0.099398 -0.044243 -0.994064
1 32.4074 24.5612 1.61475 -0.61309 0.0115306 -0.789929
1 15.0795 30.1138 1.75316 0.37114 -0.283353 0.884288
1 25.847 17.4334 1.60925 -0.234443 0.0903181 -0.967925
1 11.5252 18.1468 1.61499 0.274359 -0.402791 -0.873205
1 12.124 18.9165 1.61201 0.347939 -0.517729 -0.781598
1 27.453 3.84614 1.7723 -0.714194 -0.156518 0.682224
1 1.57613 4.70482 1.61432 0.0929413 0.0348799 -0.99506
1 23.5561 16.0367 1.60388 -0.465853 0.417626 -0.780109
1 19.1453 28.7317 1.75712 0.641633 0.284482 0.712304
1 25.139 25.9037 1.75585 0.320092 0.0363123 0.94669
1 13.1914 4.84686 1.61257 0.0469415 -0.559759 -0.827325
1 0.222316 30.0605 1.60631 0.203869 -0.396094 -0.895292
1 9.40965 33.4191 1.59913 -0.301601 -0.653703 -0.694052
1 27.8437 16.6981 1.61291 -0.341233 -0.15704 -0.926768
1 30.5519 28.8607 1.61238 0.09968 0.381079 -0.919153
1 22.9671 8.67837 1.62209 -0.050445 0.407822 -0.911667
1 22.2276 8.04702 1.62917 -0.0754183 0.572416 -0.816487
1 8.15653 16.0098 1.60867 0.074267 0.108834 -0.991282
1 23.706 3.92125 1.61823 -0.618458 0.10691 -0.778511
1 3.02285 11.6534 1.73467 0.229801 0.545094 0.806265
1 10.7543 33.1215 1.58243 0.357085 -0.841572 -0.405275
1 16.6877 14.8075 1.75761 -0.345233 -0.115618 0.931368
1 11.8165 32.575 1.75695 0.00756001 -0.712606 0.701524
1 4.34324 18.2412 1.75707 0.472422 0.373876 0.798144
1 6.37656 27.7005 1.75906 -0.0751441 -0.183878 0.980072
1 17.3005 4.80197 1.75176 -0.856964 0.000458477 0.515376
1 10.5264 9.28445 1.62159 -0.814331 -0.226644 -0.534321
1 14.6402 11.3403 1.75491 -0.0444175 -0.442376 0.895729
1 30.3685 29.8943 1.61077 0.296182 0.412754 -0.861342
1 22.5082 27.0977 1.75585 0.111155 -0.409548 0.905492
1 11.0329 26.1319 1.75969 0.219967 0.474328 0.852424
1 4.52129 21.4526 1.75692 -0.128541 0.450043 0.883708
1 8.03175 8.583 1.65999 0.730744 0.215216 -0.647839
1 28.4333 33.4088 1.75767 0.338349 -0.00697491 0.940995
1 10.2487 20.5891 1.60865 0.56598 -0.180659 -0.804381
1 27.0104 22.5903 1.60897 0.588377 -0.00490691 -0.808572
1 21.0143 0.35161 1.74214 -0.151985 0.575841 0.803311
1 12.4861 16.4321 1.60712 -0.047269 -0.59697 -0.80087
1 2.1938 8.1401 1.60988 0.577624 -0.0882299 -0.811521
1 18.3491 7.74346 1.75543 0.425167 0.169816 0.889042
1 17.4861 12.4656 1.75912 -0.0761324 0.00926137 0.997055
1 11.3865 7.32684 1.60916 0.49559 -0.212196 -0.842237
1 7.35365 0.863805 1.6257 0.222566 -0.455099 -0.862177
1 17.9338 29.8641 1.75696 0.441531 0.115244 0.889814
1 31.4519 20.827 1.60893 0.242052 -0.784176 -0.571383
1 31.1117 26.5919 1.60552 -0.275751 0.28384 -0.918366
1 3.17571 32.0358 1.61248 -0.576835 0.105396 -0.810033
1 21.245 29.6886 1.71797 0.461498 0.696846 0.549022
1 30.7082 33.2979 1.75622 0.373014 0.308228 0.875132
1 16.4799 22.3444 1.60679 -0.0806153 0.00825865 -0.996711
1 26.6492 18.0189 1.60833 -0.124517 -0.0286675 -0.991803
1 28.3628 18.4761 1.60951 -0.0523997 -0.265566 -0.962668
1 18.9449 23.3844 1.60899 0.0840434 -0.347211 -0.934013
1 17.136 26.6933 1.60842 0.690446 -0.0635174 -0.72059
1 9.46455 23.1571 1.74952 0.646047 0.263242 0.716468
1 1.88794 32.5003 1.61547 -0.580414 0.355467 -0.732641
1 4.05518 20.5278 1.75895 0.0329924 0.359182 0.932684
1 20.2242 28.3988 1.74839 0.65783 0.499029 0.564118
1 18.674 27.6553 1.67434 0.825208 0.155392 0.543034
1 16.6671 10.7238 1.76038 0.0799409 -0.115731 0.990058
1 33.5929 20.0655 1.75542 0.126775 -0.487437 0.863906
1 26.7487 32.1336 1.71977 0.567996 -0.203581 0.797456
1 15.6075 14.9547 1.75788 -0.359359 -0.310148 0.880153
1 22.7272 28.1289 1.75396 -0.0903558 -0.372521 0.923614
1 33.6667 7.15274 1.60812 0.269967 0.199718 -0.941929
1 8.41231 30.014 1.75363 -0.458701 0.069061 0.885903
1 29.3039 8.92667 1.61268 -0.00783509 -0.695624 -0.718363
1 0.258441 11.3415 1.75802 0.30024 0.0894818 0.949657
1 0.819577 22.5788 1.75645 -0.334517 -0.139073 0.932071
1 19.0813 22.3256 1.61336 -0.0906433 -0.397437 -0.913142
1 30.2412 18.4414 1.60915 -0.0618807 -0.55874 -0.827031
1 14.4631 9.2284 1.75564 0.193554 -0.524859 0.828891
1 1.69826 13.1167 1.75631 -0.00571758 0.326949 0.945025
1 13.4249 14.1157 1.76117 -0.397923 -0.708038 0.583386
1 21.9704 28.7593 1.75802 -0.206125 -0.507032 0.836918
1 30.2673 9.46776 1.64106 0.177411 -0.824059 -0.538007
1 22.8846 12.5951 1.60779 0.440846 0.46055 -0.770421
1 9.89504 26.0507 1.75779 0.207915 0.291058 0.93384
1 1.96656 19.9581 1.76103 0.112454 0.0136967 0.993563
1 7.30106 17.6319 1.6092 0.260221 0.283858 -0.922881
1 8.08691 11.2931 1.61102 -0.450785 0.0232874 -0.892329
1 15.6566 18.6449 1.62649 -0.716331 0.116158 -0.688024
1 33.6198 22.1329 1.75798 -0.212621 -0.435711 0.874613
1 9.94829 5.72227 1.60648 0.190874 0.0630736 -0.979586
1 3.53877 33.941 1.60867 -0.27544 0.0705719 -0.958724
1 18.3473 0.877049 1.7589 -0.233593 0.153847 0.960086
1 18.5766 16.2313 1.75521 -0.509331 0.164139 0.844773
1 29.1571 6.41414 1.60926 -0.37889 -0.672322 -0.635945
1 3.10086 15.687 1.75783 -0.354032 0.598139 0.718951
1 27.2434 33.681 1.75639 0.276522 -0.135111 0.951462
1 1.88194 17.4423 1.74833 0.556159 0.0350662 0.830336
1 3.39933 4.64833 1.61088 0.0210829 -0.257421 -0.966069
1 26.1537 34.0891 1.75531 0.21357 -0.243749 0.946031
1 32.4004 16.4173 1.76299 -0.7043 -0.283904 0.650661
1 11.8447 1.86357 1.60926 -0.456509 -0.327809 -0.827128
1 18.1298 5.75901 1.74233 0.645559 0.145906 0.749643
1 17.779 17.2218 1.75208 -0.678951 0.0290665 0.733608
1 8.19859 25.5913 1.75855 0.275288 0.0459871 0.960261
1 13.728 11.7807 1.74692 -0.112408 -0.605039 0.788221
1 10.6695 8.34039 1.61935 0.664529 -0.0831083 -0.742627
1 0.0976562 12.3017 1.75768 0.111666 0.0666827 0.991506
1 34.3983 22.8925 1.75403 -0.358782 -0.298584 0.884377
1 17.2424 0.545347 1.75768 -0.218361 0.00719382 0.975841
1 4.40234 32.3422 1.61182 -0.481317 -0.102066 -0.870584
1 34.0865 29.3896 1.60821 0.107704 -0.264762 -0.95828
1 25.6413 22.3541 1.61009 0.596077 0.0932713 -0.797492
1 20.1408 29.6196 1.75198 0.49248 0.486099 0.721922
1 21.8481 3.40127 1.74399 -0.936897 0.142311 0.319331
1 5.93842 28.6046 1.75736 -0.23364 -0.220122 0.947079
1 18.5824 19.0825 1.60982 -0.669706 -0.327798 -0.666365
1 1.23665 27.4484 1.63241 -0.262656 -0.651261 -0.711949
1 10.9424 13.2619 1.60772 -0.201093 -0.391218 -0.898059
1 10.0981 2.89821 1.60901 -0.261044 0.0227012 -0.96506
1 2.46913 1.81119 1.76069 0.0853378 -0.180878 0.979796
1 22.9399 7.21061 1.60791 -0.134111 0.352187 -0.926272
1 16.832 30.0891 1.75219 0.398461 -0.0489459 0.915878
1 32.247 14.8246 1.75963 -0.407121 -0.255334 0.876959
1 26.5245 12.7658 1.62263 0.528348 -0.209812 -0.822695
1 11.0074 28.4101 1.75734 -0.190341 0.4485 0.87328
1 16.306 8.73775 1.75782 0.286616 -0.183664 0.940276
1 26.0125 6.73004 1.60671 -0.308411 -0.168193 -0.936266
1 2.20309 21.363 1.7604 -0.124941 0.0729866 0.989476
1 6.5528 33.7736 1.61012 -0.107888 -0.292107 -0.950281
1 32.695 19.8076 1.75261 0.189608 -0.654974 0.731476
1 0.415092 28.9587 1.60724 0.0227122 -0.445858 -0.894815
1 6.46216 15.7918 1.61127 0.0688233 0.360909 -0.930058
1 29.9222 24.6085 1.61145 -0.507649 0.489338 -0.709113
1 1.04758 8.57825 1.60928 0.709345 0.120853 -0.694424
1 16.231 0.977262 1.754 -0.297339 -0.121371 0.947026
1 24.7381 30.2192 1.75255 -0.489747 -0.0560878 0.870058
1 30.346 30.9448 1.61989 0.53129 0.396917 -0.748457
1 7.05647 6.88691 1.60761 0.304012 0.628114 -0.716275
1 17.4859 19.8185 1.6159 -0.514258 -0.160558 -0.842472
1 15.5475 32.7939 1.75941 0.0341869 -0.176654 0.983679
1 26.0254 23.3112 1.6563 0.80567 0.0817507 -0.586696
1 17.2444 7.49027 1.76058 0.423436 -0.0283186 0.905483
1 5.49866 16.1447 1.61477 0.173824 0.504553 -0.845702
1 18.5129 11.0567 1.75787 0.0868673 0.18133 0.979578
1 24.7832 18.2488 1.60876 -0.103917 0.221902 -0.969516
1 32.2648 21.1225 1.76748 -0.0344988 -0.734233 0.678021
1 0.34016 32.3826 1.75221 -0.591461 0.499206 0.63322
1 3.38313 19.797 1.75974 0.147835 0.236768 0.960253
1 23.5257 11.8485 1.60857 0.336064 0.332043 -0.881367
1 2.49198 34.3649 1.60824 -0.308338 0.218121 -0.925933
1 15.3223 7.17795 1.75436 0.458097 -0.384055 0.801654
1 15.5433 11.9121 1.75783 -0.0688144 -0.285697 0.955846
1 17.592 6.5846 1.75516 0.530747 0.0565971 0.845638
1 19.2757 21.236 1.61713 -0.272019 -0.438332 -0.856662
1 6.65759 0.153043 1.60917 0.0849181 -0.306479 -0.948082
1 0.448646 20.8234 1.7586 -0.023043 -0.228791 0.973203
1 7.27115 16.4556 1.61054 0.134603 0.25238 -0.958221
1 4.34728 19.4842 1.7597 0.231615 0.404068 0.88492
1 33.925 11.8094 1.76139 0.204496 -0.0528824 0.977438
1 6.66918 14.6725 1.61203 -0.0635495 0.309518 -0.948768
1 27.5699 13.1913 1.6125 0.582309 -0.390167 -0.713222
1 9.01165 16.57 1.60787 0.139812 -0.00782047 -0.990147
1 17.1308 18.8085 1.60212 -0.698905 -0.159189 -0.697273
1 15.4091 25.2225 1.61618 0.410322 0.189391 -0.892058
1 17.2177 22.9843 1.60688 0.0253951 -0.101044 -0.994558
1 18.3625 18.1051 1.75185 -0.830696 -0.00581977 0.556696
1 5.08303 3.72169 1.60917 -0.189151 -0.523049 -0.831048
1 2.56701 33.2924 1.60533 -0.429091 0.216638 -0.876897
1 27.9444 34.3216 1.75728 0.157883 -0.0521831 0.986078
1 6.74596 21.0033 1.581 -0.10312 -0.82384 -0.557363
1 3.64505 28.7973 1.75774 -0.293932 -0.584695 0.756132
1 22.8328 9.91993 1.61416 0.0693268 0.468756 -0.880603
1 25.0742 26.8782 1.76018 0.138049 0.0393942 0.989642
1 30.994 23.6474 1.60169 -0.73399 0.268597 -0.623791
1 25.8712 0.46049 1.75666 0.0273134 -0.267579 0.963149
1 34.0795 15.335 1.75781 -0.469548 0.0183573 0.882716
1 20.6632 2.59027 1.74663 -0.441193 0.480623 0.757859
1 34.5635 19.9412 1.75604 0.132588 -0.324835 0.936431
1 4.5436 31.3504 1.60317 -0.657615 -0.0529062 -0.751494
1 3.53475 1.25711 1.61815 0.0216405 0.0930278 -0.995428
1 14.3804 31.0101 1.75527 0.241928 -0.3666 0.898374
1 0.0479346 7.79149 1.62048 0.496623 0.203561 -0.843759
1 14.2497 23.4273 1.6113 0.131661 0.37069 -0.919377
1 1.44136 20.7545 1.76046 -0.0186494 -0.0574674 0.998173
1 17.5387 1.52099 1.76183 -0.320149 0.0253604 0.947028
1 32.9597 11.9048 1.76166 0.158176 -0.196945 0.967571
1 12.6541 5.84808 1.60888 0.22808 -0.450046 -0.863388
1 28.6017 21.2703 1.60854 0.357229 -0.295098 -0.886174
1 31.9608 5.95544 1.60882 0.0405192 0.40502 -0.913409
1 16.9234 23.9994 1.60764 0.193183 -0.0471529 -0.980029
1 20.332 4.9919 1.61836 -0.0351325 0.737924 -0.673969
1 7.73955 29.2208 1.75769 -0.337402 -0.0047032 0.941349
1 12.8569 28.6431 1.74715 -0.356677 0.714897 0.601418
1 31.0426 19.1656 1.60613 0.0456216 -0.674134 -0.737199
1 10.2867 30.5118 1.7577 -0.5956 0.30009 0.745122
1 24.789 0.89359 1.74955 -0.0168683 -0.400969 0.915936
1 20.7287 32.7715 1.74607 0.083772 0.53638 0.839809
1 0.270521 26.6919 1.61008 -0.359042 -0.442508 -0.821751
1 0.600592 2.4543 1.61425 -0.00529913 0.446687 -0.894675
1 5.57999 34.0643 1.60676 -0.105587 -0.166924 -0.9803
1 16.8867 13.8047 1.762 -0.203427 -0.0734615 0.97633
1 17.5776 24.7335 1.61067 0.320274 -0.134369 -0.937747
1 18.3567 25.3817 1.60756 0.418605 -0.248604 -0.873479
1 8.50579 27.3419 1.75928 -0.010984 0.0963944 0.995283
1 0.195787 4.86671 1.61242 -0.0973992 -0.00967068 -0.995198
1 15.5964 13.025 1.75719 -0.148411 -0.264956 0.952771
1 1.47009 1.65516 1.61316 -0.151947 0.332636 -0.930734
1 26.2764 10.4078 1.60694 0.203288 -0.174403 -0.963461
1 9.14732 1.64804 1.62592 -0.421893 0.255848 -0.869797
1 16.4846 3.94555 1.75818 -0.694217 -0.140935 0.705832
1 31.4418 27.5736 1.60707 -0.131711 0.220209 -0.96652
1 1.66839 0.56352 1.60683 -0.262893 0.349705 -0.899218
1 2.97683 6.58481 1.61181 0.307085 -0.22597 -0.924466
1 16.2871 34.5684 1.76076 -0.159114 -0.118213 0.980157
1 0.666098 13.8707 1.75651 -0.161916 0.173779 0.971383
1 9.08841 12.9837 1.60665 -0.223229 -0.0986359 -0.969763
1 9.20534 3.73204 1.6095 -0.121168 0.173935 -0.977274
1 33.8416 5.20569 1.60237 -0.130307 0.145687 -0.980712
1 7.09658 13.1988 1.60848 -0.172961 0.21902 -0.960268
1 26.2806 11.796 1.77222 -0.351058 0.1974 0.91531
1 10.572 18.7144 1.61411 0.353049 -0.226661 -0.907734
1 26.7984 24.5931 1.75195 0.514465 0.326853 0.792775
1 0.159147 10.3596 1.75076 0.499413 0.0699948 0.863532
1 31.3677 29.6037 1.6074 0.198898 0.239451 -0.950317
1 25.0966 34.4884 1.75382 0.163681 -0.371532 0.913878
1 29.1406 34.1434 1.7588 0.203363 0.0874357 0.975192
1 27.1158 2.91038 1.74679 -0.510889 -0.128686 0.84996
1 27.6637 32.714 1.75659 0.462079 -0.0969009 0.881529
1 15.3041 8.41915 1.7568 0.286824 -0.381823 0.878603
1 29.1033 2.1426 1.75676 -0.272079 0.10855 0.956133
1 13.4554 9.29748 1.76308 0.209667 -0.689254 0.693519
1 8.83363 29.0826 1.758 -0.298883 0.136305 0.944505
1 17.1478 34.1631 1.75969 -0.0910709 -0.00294832 0.99584
1 33.3248 9.1839 1.77289 0.724217 -0.101088 0.682122
1 0.123041 6.81568 1.60509 0.293075 0.140974 -0.945639
1 12.221 31.2324 1.75752 0.236239 -0.685866 0.688316
1 6.80874 24.9297 1.76037 0.36762 -0.128097 0.921112
1 32.9737 15.6318 1.75936 -0.57606 -0.138594 0.805572
1 30.5722 16.0577 1.60686 -0.492318 -0.583854 -0.645553
1 12.5584 19.9045 1.62584 0.40987 -0.635552 -0.654278
1 31.2504 34.2363 1.75559 0.181566 0.376034 0.908643
1 21.1397 25.8189 1.59758 -0.330003 0.696826 -0.636813
1 17.6744 3.58985 1.75766 -0.603248 0.0263744 0.797118
1 24.4109 27.6317 1.75934 -0.00142108 -0.0828013 0.996565
1 5.82538 9.54063 1.61467 -0.520061 0.432088 -0.736775
1 1.09453 18.1441 1.75715 0.447035 -0.124751 0.885775
1 4.43796 29.8434 1.7516 -0.527665 -0.404021 0.74722
1 9.68275 6.60497 1.61437 0.330995 0.125401 -0.935263
1 20.4951 10.9844 1.75338 0.267472 0.549609 0.791447
1 20.5639 33.9424 1.7498 -0.0293681 0.48402 0.874564
1 20.6409 16.8752 1.75544 -0.590102 0.466451 0.658941
1 29.1291 3.13213 1.7553 -0.470996 0.0977429 0.876703
1 19.0621 0.0981035 1.7582 -0.129473 0.268429 0.954559
1 5.55035 21.443 1.75023 -0.127549 0.635244 0.761707
1 10.6899 29.4859 1.75756 -0.393435 0.374067 0.839811
1 11.0109 2.41398 1.6128 -0.349269 -0.159637 -0.923324
1 25.1156 13.2753 1.63725 0.568036 -0.0044757 -0.822991
1 33.1644 21.0988 1.75772 -0.0466045 -0.571196 0.81949
1 14.4548 2.11945 1.74679 -0.471747 -0.412054 0.779529
1 22.9862 0.200626 1.76395 0.205684 -0.664734 0.718208
1 23.293 5.00764 1.61262 -0.44086 0.228621 -0.867972
1 24.1926 20.7526 1.61081 0.31506 0.276507 -0.907899
1 12.3006 14.8794 1.62441 -0.0977854 -0.575427 -0.811986
1 26.786 9.42894 1.61144 0.0732059 -0.259104 -0.963071
1 0.438265 15.883 1.75548 -0.550147 0.184582 0.814412
1 4.85769 12.3866 1.62482 -0.249061 0.609226 -0.75287
1 18.6428 2.96472 1.75542 -0.494617 0.173825 0.851551
1 26.7816 16.9308 1.6099 -0.294753 -0.0312485 -0.955063
1 1.17143 30.0089 1.62924 0.150429 -0.573102 -0.805559
1 14.4713 20.5964 1.60998 -0.345849 0.34381 -0.873031
1 33.5105 23.375 1.75386 -0.462724 -0.43024 0.7751
1 13.2132 27.174 1.74432 0.0429842 0.768717 0.638143
1 4.66003 28.7734 1.76032 -0.289852 -0.405484 0.866931
1 22.1225 6.5788 1.61136 -0.133667 0.500456 -0.855381
1 28.3293 12.1009 1.60812 0.381507 -0.569709 -0.727931
1 16.3257 33.5244 1.76007 -0.0325187 -0.092903 0.995144
1 11.6473 17.007 1.60827 0.0994439 -0.445983 -0.8895
1 28.1678 2.63239 1.7604 -0.369219 -0.0186952 0.929155
1 30.0894 16.9982 1.62001 -0.298763 -0.53205 -0.792252
1 4.51272 25.3865 1.74298 0.35921 -0.474605 0.803566
1 13.4283 34.3012 1.75606 -0.210273 -0.482154 0.850478
1 25.1162 2.34916 1.75854 -0.321635 -0.392528 0.861669
1 29.6707 0.406154 1.75919 0.0469122 0.173257 0.983759
1 19.3797 5.87004 1.76545 0.574699 0.393681 0.717451
1 31.7523 1.62772 1.76565 -0.193828 0.475256 0.858232
1 13.1252 18.7055 1.78019 -0.255532 0.703421 0.663251
1 13.9709 28.72 1.75115 0.554171 -0.523418 0.647246
1 2.63577 0.787525 1.60535 -0.170482 0.204119 -0.963987
1 19.2906 9.55651 1.75455 0.232213 0.349686 0.907632
1 24.1142 26.6803 1.76144 0.175134 -0.130022 0.975921
1 5.50096 29.5204 1.75493 -0.433997 -0.253759 0.864438
1 9.22368 18.8731 1.60659 0.396292 0.0488476 -0.916824
1 34.1018 31.5084 1.60895 0.425187 -0.256345 -0.868046
1 32.4992 4.75329 1.59477 -0.325337 0.256575 -0.910123
1 23.1261 26.2004 1.75284 0.266576 -0.306059 0.913928
1 20.4006 31.6536 1.74889 0.234837 0.474041 0.848609
1 23.4637 10.7873 1.61028 0.187195 0.321126 -0.928351
1 18.3138 21.5507 1.6097 -0.21093 -0.283816 -0.935391
1 6.39508 16.8982 1.61471 0.236448 0.384712 -0.892238
1 6.36653 1.14981 1.61012 0.262571 -0.251591 -0.931535
1 28.1536 1.64926 1.76209 -0.193734 -0.0260838 0.980707
1 19.6356 24.3654 1.61898 0.246675 -0.449706 -0.858438
1 22.6838 24.3994 1.76208 0.622089 -0.323072 0.713183
1 12.7226 3.78755 1.61853 -0.147563 -0.507666 -0.848823
1 22.4119 25.4838 1.76109 0.406032 -0.41841 0.812447
1 30.1999 34.1648 1.75851 0.206707 0.238006 0.949013
1 27.5258 21.5609 1.60907 0.414132 -0.128752 -0.901065
1 22.9632 22.5265 1.71488 0.662836 0.306954 -0.682955
1 9.42776 24.2875 1.76113 0.487414 0.249245 0.836842
1 26.911 26.9035 1.75515 0.125336 0.393169 0.910884
1 22.3362 1.6913 1.75968 0.117803 -0.799388 0.589153
1 17.5308 11.4405 1.75934 0.0256869 0.017538 0.999516
1 17.5838 15.418 1.75964 -0.423831 0.0217044 0.905481
1 33.2731 14.621 1.76033 -0.347207 -0.106667 0.931703
1 23.9047 0.507431 1.75556 0.101132 -0.53066 0.84153
1 25.6089 1.43224 1.75352 -0.162305 -0.288931 0.943491
1 29.2993 22.0125 1.60562 0.458647 -0.389459 -0.798727
1 11.8637 4.08888 1.61119 -0.0861641 -0.344965 -0.934652
1 6.04484 4.25439 1.6135 -0.11028 -0.710259 -0.695249
1 7.52817 12.2106 1.60877 -0.295674 0.120824 -0.947617
1 4.09312 8.96874 1.78082 -0.611412 0.500303 0.613084
1 16.5447 11.7456 1.75986 -0.0276335 -0.134148 0.990576
1 18.0864 34.4811 1.75921 -0.117272 0.126844 0.984966
1 4.83142 22.4725 1.75177 -0.315975 0.498559 0.807217
1 20.0176 22.1662 1.62591 -0.136153 -0.541488 -0.82961
1 22.5118 16.4322 1.77695 0.396653 -0.584066 0.70819
1 1.3137 9.85132 1.76206 0.54973 0.262957 0.792875
1 18.1522 22.6334 1.60774 -0.0344163 -0.249232 -0.967832
1 11.0866 19.5354 1.61372 0.43417 -0.318926 -0.842486
1 23.1153 15.1342 1.58453 0.883805 -0.283745 -0.371993
1 9.01372 15.5377 1.6069 0.0199125 -0.0241432 -0.99951
1 4.52921 0.809958 1.60492 0.0696228 -0.0164908 -0.997437
1 23.7433 28.3708 1.7583 -0.142621 -0.205594 0.968189
1 15.5577 5.96035 1.75528 0.622161 -0.299729 0.723241
1 27.3176 5.61847 1.61454 -0.51232 -0.362867 -0.778367
1 10.3435 25.1344 1.75744 0.364849 0.363149 0.857326
1 34.3218 1.90387 1.62282 -0.0172966 0.663651 -0.747842
1 22.4795 29.846 1.7566 -0.393006 -0.472401 0.788913
1 10.9317 1.15191 1.60763 -0.518867 -0.0834068 -0.850776
1 19.9988 18.0832 1.75569 -0.774241 0.325623 0.542698
1 19.3044 8.49214 1.72765 0.360684 0.349815 0.864602
1 25.6233 30.8709 1.75541 -0.63355 0.0750436 0.770054
1 12.5411 0.12312 1.75673 -0.357389 -0.570217 0.73968
1 3.24296 7.51732 1.61234 0.462544 -0.269308 -0.844705
1 32.645 22.424 1.75815 -0.265723 -0.586604 0.76504
1 11.6264 24.043 1.74906 0.529807 0.647665 0.547571
1 31.9906 18.6476 1.6171 0.0986414 -0.833796 -0.543189
1 28.8757 14.732 1.62976 -0.664948 -0.307617 -0.6806
1 29.5137 25.9337 1.59726 -0.228076 0.698593 -0.678195
1 7.27058 30.1186 1.74566 -0.528184 -0.0716381 0.846103
1 18.5325 1.93973 1.7584 -0.361608 0.170036 0.916694
1 26.4716 33.0877 1.76293 0.398482 -0.213359 0.892014
1 18.6646 15.1549 1.75673 -0.363031 0.193145 0.911539
1 14.8009 26.0008 1.61331 0.572733 0.248196 -0.781266
1 24.6535 16.2706 1.61305 -0.462691 0.241978 -0.852856
1 0.941939 19.8943 1.75953 0.129566 -0.158367 0.978842
1 22.4213 19.6019 1.60828 0.175157 0.534934 -0.826538
1 3.34897 5.65014 1.61109 0.165816 -0.270532 -0.948323
1 26.4718 19.0087 1.60756 0.0302807 -0.000659775 -0.999541
1 1.3955 28.7782 1.61773 -0.0694058 -0.613312 -0.786786
1 30.0667 12.3708 1.76549 0.0703339 -0.637712 0.767057
1 13.6654 25.413 1.6195 0.484463 0.497167 -0.719806
1 23.8139 18.1286 1.60683 -0.115842 0.358168 -0.926443
1 18.661 33.6059 1.75872 -0.0119771 0.213366 0.976899
1 10.9479 12.1042 1.60476 -0.338753 -0.481489 -0.808341
1 31.3022 30.6021 1.61541 0.366824 0.264467 -0.891907
1 0.799367 12.9066 1.75835 0.0067906 0.179549 0.983726
1 1.81597 23.1946 1.755 -0.453143 0.0214316 0.89118
1 21.7834 21.7314 1.64042 0.525456 0.617642 -0.585162
1 3.14547 27.5204 1.75673 -0.03915 -0.680527 0.731676
1 18.6109 24.3839 1.61125 0.25279 -0.289643 -0.923149
1 11.9524 21.2859 1.61776 0.578673 -0.561586 -0.591404
1 8.87987 13.9882 1.60786 -0.119223 -0.0387018 -0.992113
1 17.6085 10.4379 1.75941 0.128474 0.0366792 0.991034
1 5.28361 10.7148 1.61038 -0.330559 0.578946 -0.745354
1 7.36132 24.0142 1.75739 0.518838 -0.0788011 0.851233
1 23.4489 33.5334 1.76837 0.406989 -0.578547 0.706855
1 32.7538 6.60579 1.61008 0.160425 0.296139 -0.941576
1 29.5791 29.067 1.6128 0.118454 0.548773 -0.827536
1 1.51692 33.669 1.60909 -0.395912 0.391101 -0.830839
1 5.21516 4.95998 1.61306 0.0288495 -0.595637 -0.802735
1 24.6009 32.8973 1.76102 0.524404 -0.373123 0.765362
1 5.00537 6.31252 1.6128 0.229517 -0.593283 -0.771581
1 8.42649 33.5797 1.59598 -0.158157 -0.550751 -0.819548
1 31.7798 0.526532 1.75633 -0.00172013 0.447453 0.894306
1 4.32036 5.48715 1.6095 0.118791 -0.438776 -0.89071
1 5.51647 17.3167 1.60847 0.390377 0.479068 -0.786193
1 3.98536 23.3905 1.75349 -0.506134 0.385793 0.771358
1 2.77134 20.5605 1.7597 0.0180597 0.149834 0.988546
1 18.4147 20.4842 1.61313 -0.382387 -0.290478 -0.877156
1 15.6819 9.61829 1.75385 0.169942 -0.286291 0.942951
1 2.01386 11.4688 1.75169 0.256886 0.36549 0.894666
1 28.1419 23.4177 1.62292 0.728604 -0.0868163 -0.67941
1 26.9279 0.0967374 1.75777 0.0815742 -0.159581 0.983809
1 8.89617 26.3248 1.75983 0.157771 0.145198 0.976743
1 12.8092 32.2482 1.75383 0.0790362 -0.581046 0.810024
1 20.3825 1.42272 1.75219 -0.282943 0.472628 0.834606
1 21.3899 7.54815 1.58894 -0.00799835 0.768577 -0.639707
1 33.8691 10.9128 1.75265 0.377981 -0.0697573 0.923182
1 18.8363 32.5373 1.76141 0.0918112 0.253006 0.963098
1 1.16599 5.63416 1.60851 0.176429 0.0241546 -0.984017
1 2.57207 19.225 1.75699 0.233713 0.0963563 0.967519
1 21.487 32.1261 1.75223 0.185509 0.669343 0.719421
1 22.9985 18.7358 1.60845 0.0159441 0.459833 -0.887862
1 8.09473 7.61171 1.59751 0.505651 0.399936 -0.76444
1 8.10418 13.2049 1.60824 -0.194864 0.0577725 -0.979127
1 2.86084 24.0807 1.74106 -0.641579 0.230397 0.731638
1 23.2776 1.53089 1.72924 -0.0429275 -0.658125 0.751684
1 27.7955 7.54223 1.6101 -0.193676 -0.438906 -0.877411
1 24.2671 24.1285 1.76416 0.665999 -0.141793 0.732353
1 24.2719 34.007 1.75383 0.30508 -0.472111 0.827065
1 25.739 16.5079 1.61863 -0.406218 0.0923205 -0.9091
1 10.7018 6.53431 1.60962 0.329806 -0.0731241 -0.941213
1 3.99069 26.5206 1.74895 0.149604 -0.553536 0.819278
1 32.2589 30.2979 1.60972 0.282909 0.096973 -0.954232
1 9.33201 8.11842 1.61266 0.597721 0.141122 -0.789186
1 5.47019 33.0882 1.60692 -0.315836 -0.186203 -0.930363
1 30.3945 21.7177 1.63433 0.422223 -0.570493 -0.704461
1 13.6034 21.3075 1.6097 -0.19269 0.468139 -0.86239
1 11.6155 15.764 1.61322 -0.0203402 -0.419639 -0.907463
1 19.0075 29.696 1.74537 0.503142 0.273008 0.819948
1 16.6854 9.68999 1.76164 0.182589 -0.118025 0.97608
1 25.5923 24.2034 1.75687 0.651969 0.109223 0.750338
1 16.5952 2.97456 1.75649 -0.545459 -0.147832 0.824997
1 31.041 12.2617 1.76188 0.0765764 -0.481235 0.87324
1 14.2094 15.8379 1.75684 -0.438999 -0.637102 0.633546
1 29.2443 31.4594 1.75821 0.73747 0.221202 0.638128
1 15.4749 3.17682 1.75121 -0.573841 -0.367798 0.731732
1 20.8639 23.6514 1.60161 0.096348 -0.648797 -0.754837
1 5.73174 15.0389 1.61517 -0.0195615 0.47001 -0.882445
1 15.9998 29.4817 1.75903 0.474658 -0.164696 0.864624
1 24.9345 20.1193 1.61194 0.198624 0.205385 -0.958314
1 23.627 32.4584 1.58576 -0.605952 0.509182 -0.611192
1 19.6474 7.59275 1.75317 0.43226 0.476485 0.765581
1 26.4907 14.6009 1.63705 -0.765912 0.180774 -0.617009
1 15.2446 27.8916 1.75338 0.736859 -0.283759 0.613613
1 5.99596 5.764 1.61068 0.142008 -0.771018 -0.620778
1 15.5245 26.8975 1.61141 0.75008 0.0638293 -0.65826
1 8.3606 19.4484 1.61056 0.472804 0.239585 -0.847971
1 2.61377 28.6642 1.76349 -0.316283 -0.748722 0.582564
1 24.5681 12.003 1.61084 0.379761 0.125129 -0.916583
1 20.8246 20.2077 1.62648 0.384985 0.747465 -0.541371
1 9.84428 18.0726 1.61028 0.297659 -0.10937 -0.948387
1 13.845 32.0288 1.75627 0.113311 -0.428245 0.896531
1 14.2415 18.6279 1.60622 -0.523923 0.58106 -0.622795
1 1.17061 6.61665 1.6094 0.318704 0.0292833 -0.947402
1 28.8626 7.61692 1.62114 -0.1872 -0.606507 -0.772726
