1 16.8207 32.6354 1.7595 0.0574017 -0.0427846 0.997434
1 22.7535 17.975 1.61363 -0.0896449 0.520614 -0.849073
1 18.7953 17.4261 1.7506 -0.741111 0.0279559 0.6708
1 28.3183 19.2323 1.61017 0.0686258 -0.263073 -0.962332
1 8.67693 24.5734 1.757 0.420118 0.107103 0.901127
1 21.3729 12.4932 1.75233 0.0444708 0.636029 0.770382
1 14.1843 24.9691 1.61372 0.388266 0.413369 -0.823635
1 28.2268 17.1782 1.60988 -0.247105 -0.244878 -0.937536
1 11.9067 5.96655 1.60865 0.226922 -0.303952 -0.925267
1 1.01097 15.0296 1.75979 -0.326387 0.200917 0.923636
1 15.0248 15.5443 1.75678 -0.443188 -0.45884 0.770097
1 31.1983 13.7917 1.75531 -0.152022 -0.441562 0.884258
1 25.633 33.0712 1.75591 0.392539 -0.289146 0.873102
1 30.7426 10.9379 1.75005 0.375741 -0.484244 0.790143
1 15.4018 23.6545 1.60973 0.156692 0.195958 -0.968012
1 25.5079 19.65 1.61023 0.11605 0.13166 -0.984479
1 15.076 34.5071 1.75546 -0.194098 -0.276293 0.941269
1 28.9637 15.4029 1.61379 -0.554997 -0.321391 -0.767259
1 27.7776 15.5466 1.61313 -0.517518 -0.134167 -0.845088
1 12.8389 22.427 1.60411 0.0420729 0.630789 -0.774813
1 17.6416 29.1645 1.76146 0.527253 0.0772061 0.846193
1 15.269 20.4219 1.60997 -0.339587 0.222016 -0.913996
1 19.4672 31.905 1.75826 0.180486 0.315073 0.931748
1 32.4803 3.65791 1.62223 -0.58811 0.5393 0.602729
1 29.7906 3.67952 1.75237 -0.565793 0.179669 0.804734
1 27.6637 11.4944 1.60708 0.408131 -0.358558 -0.839563
1 5.69391 13.3081 1.6052 -0.196573 0.449502 -0.871382
1 9.93854 15.8358 1.60962 0.0171305 -0.15123 -0.98835
1 4.20168 33.4069 1.60878 -0.275757 -0.0317246 -0.960704
1 14.5151 11.9808 1.75588 -0.152432 -0.475974 0.866148
1 9.38781 9.8431 1.61616 -0.670568 -0.175434 -0.720806
1 9.46013 27.3316 1.75862 -0.00872837 0.222195 0.974963
1 10.8331 4.38384 1.60793 -0.0369681 -0.135257 -0.990121
1 18.7437 26.0902 1.60413 0.565124 -0.291209 -0.771901
1 20.6259 13.7468 1.75279 -0.14956 0.50672 0.849038
1 26.4003 28.1519 1.75649 -0.055054 0.254213 0.96558
1 12.8297 6.60374 1.61112 0.338488 -0.472083 -0.81398
1 0.630276 0.308753 1.61065 -0.255271 0.523734 -0.812736
1 17.8625 32.5721 1.75948 0.0750454 0.0904269 0.993072
1 9.29361 20.5294 1.60929 0.577499 0.0310326 -0.815801
1 33.3832 16.3544 1.75433 -0.658459 -0.0881143 0.747441
1 3.29302 21.5547 1.75775 -0.198821 0.246819 0.948447
1 19.0805 19.5597 1.61294 -0.482705 -0.431023 -0.762375
1 15.7877 13.6224 1.75731 -0.245513 -0.235631 0.94032
1 4.26131 14.2987 1.62135 -0.061126 0.830362 -0.553862
1 21.9867 26.1868 1.75356 0.310613 -0.508264 0.803235
1 21.6039 15.0377 1.74639 -0.376052 0.607195 0.699928
1 31.4477 9.97007 1.75984 0.552439 -0.334558 0.763467
1 24.5185 3.8484 1.61199 -0.676315 -0.0292941 -0.73603
1 3.17336 3.47952 1.61858 -0.129813 -0.14343 -0.98111
1 27.2242 30.0223 1.76027 -0.418538 0.317832 0.850769
1 5.0458 20.7595 1.75811 -0.0319992 0.522572 0.851994
1 13.7086 5.711 1.6091 0.177617 -0.635413 -0.751467
1 12.3022 23.4159 1.60044 0.232599 0.724926 -0.648367
1 23.3602 21.7778 1.61192 0.478329 0.37168 -0.795648
1 6.3278 29.1321 1.75294 -0.336805 -0.16964 0.926167
1 32.3998 28.2295 1.60736 -0.0354657 0.0142029 -0.99927
1 28.0015 29.1824 1.75585 -0.26284 0.487749 0.832476
1 14.2491 14.0623 1.73573 -0.344562 -0.522688 0.779791
1 5.61557 2.59592 1.63469 -0.449042 -0.471236 -0.759143
1 8.23086 6.78178 1.60955 0.349487 0.400293 -0.847128
1 27.4307 28.2619 1.75538 -0.0833534 0.44708 0.890602
1 20.5567 14.9327 1.75086 -0.338622 0.468292 0.816111
1 33.6576 12.7183 1.76146 0.0539433 -0.0801424 0.995323
1 29.7027 28.3397 1.60822 0.0644168 0.527389 -0.847179
1 5.37573 24.1014 1.74915 0.571314 -0.316352 0.757312
1 23.9547 4.78139 1.61256 -0.480409 0.0876617 -0.872653
1 18.0785 4.46275 1.75557 -0.723893 0.10277 0.682215
1 13.8013 22.7025 1.60858 0.0666513 0.45785 -0.886528
1 32.3261 27.2215 1.60776 -0.203491 0.0120527 -0.979003
1 31.2124 6.47858 1.62831 0.186664 0.511545 -0.838736
1 5.50046 0.207883 1.60669 0.0863975 -0.148988 -0.985057
1 10.777 3.17509 1.6103 -0.218212 -0.139481 -0.965882
1 17.5949 14.4097 1.76123 -0.322481 0.0337517 0.945974
1 16.2101 31.7545 1.7593 0.164412 -0.109491 0.980296
1 27.511 25.8748 1.75404 0.320866 0.463662 0.825871
1 20.3903 7.51344 1.75488 0.395988 0.653929 0.644648
1 25.9785 27.1077 1.76172 0.117382 0.197184 0.973314
1 33.2463 13.5828 1.76047 -0.116016 -0.137407 0.983697
1 10.1025 28.1933 1.75838 -0.144751 0.303263 0.941849
1 30.5723 1.92074 1.75274 -0.224007 0.329638 0.917148
1 30.6258 28.0476 1.61162 -0.00978934 0.347342 -0.937687
1 31.4936 28.7356 1.60878 0.0779686 0.194091 -0.97788
1 21.9552 9.7527 1.61038 0.214706 0.723376 -0.656222
1 18.4409 31.7717 1.75929 0.185189 0.170096 0.96787
1 26.1367 12.1294 1.61884 0.477172 -0.121961 -0.870306
1 7.45981 15.6716 1.61337 0.0309573 0.21588 -0.975929
1 24.6038 11.4916 1.60477 0.339286 0.149413 -0.928741
1 32.3652 9.09985 1.76839 0.782094 -0.187569 0.594262
1 1.45937 14.1193 1.76253 -0.15127 0.271922 0.950356
1 24.742 5.68587 1.61189 -0.39253 -0.0255639 -0.919384
1 6.0297 32.379 1.61885 -0.435046 -0.304868 -0.847225
1 21.2138 5.00677 1.61633 -0.224716 0.627747 -0.745276
1 19.5041 26.5981 1.776 -0.610551 0.440998 0.657836
1 14.7042 7.64596 1.75319 0.412104 -0.479975 0.774464
1 4.90091 31.9946 1.6273 -0.537164 -0.155795 -0.828965
1 22.8344 30.8067 1.75929 -0.494786 -0.484161 0.721647
1 2.41484 23.2511 1.75633 -0.493012 0.147729 0.857389
1 13.8604 2.49763 1.73971 -0.570781 -0.620507 0.537756
1 24.5403 19.3332 1.60965 0.0728937 0.261924 -0.962332
1 34.4207 3.60706 1.61352 0.162248 0.484695 -0.859504
1 26.4046 25.2914 1.75872 0.452115 0.240723 0.858862
1 29.2134 17.4478 1.60898 -0.211806 -0.40158 -0.890995
1 13.6257 7.58912 1.74711 0.480697 -0.647462 0.591374
1 32.6486 12.7015 1.76013 0.0404517 -0.229981 0.972354
1 25.2392 13.9495 1.60272 0.781752 0.0100687 -0.623508
1 0.794706 3.73334 1.62176 0.099378 0.280157 -0.954796
1 30.6086 17.2591 1.62055 -0.281197 -0.629875 -0.724006
1 21.2624 19.5048 1.60328 0.203973 0.713218 -0.670609
1 2.7278 5.19802 1.61218 0.122696 -0.153532 -0.980497
1 26.6056 15.813 1.6092 -0.471303 0.0191484 -0.881764
1 19.4734 16.5326 1.75229 -0.605863 0.21424 0.76618
1 4.42797 2.29675 1.61632 -0.39335 -0.276122 -0.876945
1 14.7672 13.2199 1.74648 -0.256804 -0.404277 0.877845
1 14.4954 21.9259 1.61263 -0.0906963 0.330052 -0.939596
1 11.7932 12.8865 1.61232 -0.24429 -0.589829 -0.769691
1 5.62562 11.9139 1.61746 -0.273588 0.427897 -0.861426
1 10.6462 10.4131 1.60625 -0.575007 -0.434467 -0.693257
1 7.30239 30.96 1.77004 -0.718742 -0.174674 0.672977
1 20.8788 24.4722 1.61554 0.367922 -0.661875 -0.653112
1 12.449 32.956 1.75486 0.00218475 -0.616618 0.78726
1 5.21728 27.4821 1.75682 -0.0408406 -0.332719 0.942141
1 19.6754 13.4249 1.75952 -0.125938 0.357686 0.925311
1 22.3287 21.006 1.61025 0.359568 0.579268 -0.731546
1 25.3963 27.8984 1.75973 -0.0207784 0.0825756 0.996368
1 27.1371 20.7193 1.60858 0.298928 -0.0648623 -0.952069
1 16.7832 30.9204 1.76067 0.28189 -0.0469998 0.958295
1 8.07412 20.2455 1.61397 0.549633 0.27747 -0.787981
1 25.1082 4.76543 1.61403 -0.549851 -0.125948 -0.825712
1 29.7056 2.681 1.7574 -0.379607 0.195936 0.904161
1 6.93504 26.5913 1.75835 0.0934489 -0.129356 0.987185
1 10.0162 3.73084 1.60784 -0.129632 0.0150074 -0.991449
1 12.935 10.1911 1.74977 0.115617 -0.710512 0.694122
1 17.6721 27.6324 1.72999 0.814741 0.0498358 0.577679
1 9.79797 12.0739 1.6098 -0.354354 -0.280206 -0.892142
1 32.7949 9.95941 1.75042 0.589435 -0.209193 0.780259
1 8.19975 14.9834 1.60804 -0.0151211 0.0807742 -0.996618
1 32.9423 26.4955 1.60856 -0.340821 -0.125441 -0.931722
1 31.1253 15.0609 1.76147 -0.461859 -0.464559 0.75556
1 6.09523 10.6904 1.61141 -0.417615 0.387366 -0.821915
1 21.1608 31.4508 1.75152 0.279431 0.580127 0.765096
1 30.2523 6.55433 1.62405 0.319232 0.655827 -0.684093
1 26.1554 4.27623 1.62425 -0.753268 -0.247448 -0.609391
1 28.6649 0.350671 1.75877 0.0269027 0.0628017 0.997663
1 20.3526 12.6273 1.75252 0.0359223 0.461919 0.886195
1 7.99624 26.5692 1.75909 0.0974469 0.0162396 0.995108
1 9.49945 25.3489 1.75729 0.300397 0.222217 0.927567
1 25.8172 5.63594 1.6166 -0.427137 -0.195668 -0.882762
1 18.6243 9.08094 1.76142 0.27839 0.228266 0.932949
1 23.9303 24.894 1.75668 0.540489 -0.156871 0.826597
1 24.3327 13.1388 1.61235 0.592573 0.16298 -0.788857
1 8.38857 12.2295 1.61132 -0.296333 -0.043587 -0.95409
1 20.0234 20.485 1.61484 -0.311487 -0.60602 -0.731926
1 25.9246 32.0731 1.74562 0.597287 -0.253215 0.761006
1 4.78213 15.6117 1.61246 0.118005 0.638987 -0.760112
1 11.103 5.34968 1.60862 0.130005 -0.157831 -0.978871
1 8.54872 18.4711 1.60855 0.340602 0.132371 -0.930843
1 19.48 15.5313 1.7581 -0.454451 0.280997 0.84529
1 25.7528 28.874 1.75942 -0.195273 0.125575 0.972676
1 8.98511 22.467 1.7386 0.786152 0.166933 0.595061
1 15.8758 16.5278 1.75349 -0.622327 -0.30373 0.721427
1 12.928 26.3265 1.75052 0.269509 0.739235 0.617168
1 8.1216 32.4887 1.61026 -0.435196 -0.473913 -0.765514
1 2.80483 16.8817 1.58381 -0.956757 -0.280366 0.0775234
1 23.6802 6.87479 1.60993 -0.188771 0.183626 -0.964701
1 29.1534 32.6066 1.75705 0.474697 0.152485 0.86684
1 13.033 15.1931 1.62762 -0.194937 -0.745397 -0.637482
1 13.51 16.7305 1.60871 -0.0528114 -0.757425 -0.650783
1 3.23378 10.485 1.76952 0.325966 0.700709 0.634628
1 18.2866 12.2347 1.76031 -0.0453808 0.135981 0.989672
1 21.864 18.5083 1.60752 0.0036583 0.649866 -0.76004
1 12.0013 4.80827 1.60971 0.0385462 -0.335466 -0.941264
1 26.5248 7.37345 1.60951 -0.200247 -0.254241 -0.946183
1 9.47454 14.699 1.60605 -0.0686382 -0.118115 -0.990625
1 4.19187 11.9656 1.63057 -0.1205 0.820393 -0.558959
1 15.3504 1.83853 1.75164 -0.406425 -0.259588 0.876032
1 30.2419 5.34292 1.5852 0.0935172 0.594882 -0.798355
1 34.615 34.036 1.61155 -0.403297 0.63064 -0.663057
1 29.4284 9.57341 1.61391 0.189405 -0.680006 -0.708321
1 2.68772 18.5911 1.75195 0.309911 0.106635 0.944767
1 8.79234 3.14397 1.6146 -0.222828 0.252054 -0.941709
1 23.708 5.80419 1.61131 -0.312573 0.151597 -0.937719
1 34.3974 25.2343 1.59994 -0.585239 -0.443865 -0.678586
1 28.5978 26.6461 1.7648 0.161197 0.722908 0.671877
1 11.8041 25.855 1.7482 0.313035 0.556961 0.769287
1 6.3999 12.4945 1.60521 -0.243992 0.278688 -0.928871
1 14.7783 0.831078 1.76222 -0.334194 -0.32585 0.884385
1 3.50698 22.5404 1.76075 -0.386366 0.285642 0.877001
1 9.72704 21.4967 1.61491 0.68374 -0.0506592 -0.727965
1 10.637 15.0901 1.61057 -0.0559382 -0.265092 -0.962599
1 34.1743 28.1055 1.60798 -0.0796263 -0.320597 -0.943863
1 26.7512 29.1428 1.7584 -0.242675 0.294786 0.924235
1 20.8241 27.222 1.60415 0.0088888 0.707152 -0.707005
1 6.51167 25.6295 1.75539 0.251523 -0.198328 0.947313
1 25.4996 10.2966 1.60807 0.197845 -0.0288678 -0.979808
1 26.3985 30.8317 1.74723 -0.626572 0.213265 0.749617
1 21.0732 6.35033 1.60769 0.0047145 0.663169 -0.748455
1 32.4984 1.5993 1.76229 -0.171694 0.617829 0.767338
1 15.1114 24.601 1.61226 0.311964 0.25734 -0.914579
1 16.3734 12.8028 1.76173 -0.134833 -0.143853 0.980371
1 16.9646 25.0035 1.60878 0.377569 -0.030912 -0.925465
1 10.598 7.45284 1.61103 0.495413 -0.0600761 -0.866577
1 33.9443 6.25777 1.60405 0.134011 0.179846 -0.974524
1 8.31775 4.6204 1.60621 -0.0248288 0.374437 -0.92692
1 32.0858 7.16918 1.61873 0.318 0.365964 -0.874612
1 5.65503 30.3026 1.75096 -0.684675 -0.304395 0.662241
1 5.41186 1.15458 1.60895 0.29918 -0.103729 -0.948542
1 23.5891 7.96354 1.61114 -0.0787243 0.228791 -0.970287
1 6.01379 20.7178 1.7617 0.0214912 0.667115 0.744645
1 23.8336 9.82662 1.61273 0.105395 0.277797 -0.954841
1 10.1545 19.6331 1.61009 0.462848 -0.133558 -0.876318
1 32.4921 25.5272 1.61144 -0.493101 -0.0338239 -0.869314
1 34.1996 20.5683 1.75536 -0.0274998 -0.383934 0.922951
1 6.1494 8.40419 1.74016 0.601284 -0.478397 0.639996
1 32.2493 13.6266 1.75682 -0.140518 -0.286771 0.947638
1 31.8426 26.3474 1.60906 -0.332805 0.103463 -0.937303
1 18.4527 10.1069 1.76186 0.160088 0.174815 0.9715
1 26.6733 21.6195 1.60774 0.448324 0.0299776 -0.893369
1 19.7751 32.9498 1.76167 0.0508568 0.361566 0.930958
1 24.9839 29.4624 1.76 -0.312449 -0.00831834 0.949898
1 17.3051 2.64195 1.759 -0.44879 -0.0355054 0.892932
1 2.48665 11.0683 1.74514 0.331328 0.488428 0.807255
1 31.6198 12.7908 1.75773 0.0293082 -0.380067 0.924494
1 28.1442 8.23554 1.60992 -0.0657923 -0.501265 -0.862789
1 23.1986 20.6599 1.61327 0.295688 0.447066 -0.844216
1 25.6808 18.6773 1.60732 -0.0334668 0.105745 -0.99383
1 13.4906 29.394 1.75329 0.459736 -0.594455 0.659747
1 12.2872 7.74747 1.60671 0.558611 -0.4447 -0.70014
1 3.70483 19.0149 1.75983 0.277027 0.275987 0.920373
1 22.7662 11.5447 1.60883 0.29027 0.528243 -0.797937
1 10.0501 16.8699 1.61311 0.1289 -0.16753 -0.977404
1 19.8368 0.788843 1.7534 -0.170315 0.362221 0.9164
1 23.9202 29.2168 1.75896 -0.270759 -0.190481 0.943614
1 6.08437 22.7249 1.73914 -0.776943 0.479928 0.407466
1 0.269027 5.9065 1.60415 0.132348 0.0778182 -0.988144
1 30.7433 19.8086 1.6116 0.1596 -0.649716 -0.743234
1 7.2802 6.07994 1.61743 0.181403 0.603924 -0.776125
1 7.82906 3.7106 1.6109 -0.203512 0.446618 -0.871272
1 33.3853 0.662454 1.73949 -0.01333 0.788971 0.614285
1 29.674 1.63535 1.75439 -0.182815 0.202931 0.961976
1 18.7447 13.1758 1.76099 -0.130828 0.208588 0.969214
1 6.2004 24.671 1.74033 0.418153 -0.234848 0.877493
1 12.7563 11.687 1.74048 -0.128874 -0.783907 0.607356
1 1.39652 2.86479 1.62615 -0.0685357 0.238682 -0.968676
1 24.6921 6.6907 1.60857 -0.258973 0.0213454 -0.965649
1 9.92996 4.70875 1.60606 0.0288476 0.0407356 -0.998753
1 29.9419 19.2945 1.61321 0.0832197 -0.518769 -0.850854
1 11.6579 11.3437 1.6027 -0.32926 -0.670898 -0.664442
1 2.44664 13.9397 1.7589 -0.0952598 0.443863 0.891017
1 17.3322 21.7662 1.60827 -0.131201 -0.122589 -0.983747
1 14.0738 34.5476 1.75818 -0.239524 -0.411891 0.87919
1 17.7671 25.6407 1.61263 0.494249 -0.144672 -0.857198
1 19.6525 14.4797 1.75756 -0.289868 0.337023 0.895763
1 11.2917 27.6297 1.75636 -0.0599843 0.502731 0.862359
1 23.2882 29.9533 1.75171 -0.388306 -0.337044 0.857683
1 22.2563 33.5954 1.76428 -0.0588965 0.797978 0.599802
1 18.4403 28.5135 1.74721 0.644776 0.169263 0.745395
1 2.08147 29.9536 1.60978 0.140009 -0.761365 -0.633026
1 31.1772 3.7991 1.67068 -0.557224 0.33771 0.758587
1 7.29622 33.9797 1.61563 -0.0936711 -0.411307 -0.906671
1 1.10229 30.7523 1.61497 0.318791 -0.590188 -0.741654
1 25.4203 15.7959 1.61517 -0.538581 0.161782 -0.826896
1 8.47621 10.5033 1.61219 -0.56099 -0.0480171 -0.826429
1 28.1428 20.3802 1.6073 0.240708 -0.218505 -0.945682
1 33.2781 4.64571 1.60406 -0.284032 0.196072 -0.938553
1 34.5969 15.0556 1.76301 -0.370777 0.0457962 0.927592
1 12.6104 17.3695 1.60846 0.0967283 -0.600272 -0.793925
1 27.6974 0.659097 1.75892 -0.0332478 -0.051488 0.99812
1 23.5534 17.2365 1.61362 -0.230229 0.403964 -0.885329
1 30.7449 2.95211 1.75493 -0.406776 0.331919 0.851095
1 6.64471 23.6164 1.75524 0.570042 -0.176938 0.802337
1 29.8494 20.5468 1.60904 0.251416 -0.481521 -0.839599
1 33.3753 29.6708 1.60978 0.197296 -0.121041 -0.972843
1 13.4986 32.6929 1.75679 0.0373789 -0.472146 0.880728
1 21.41 10.9645 1.74726 0.245829 0.749582 0.614569
1 6.44587 19.0318 1.68629 0.680294 0.545737 -0.489255
1 2.28477 26.8598 1.74806 0.0527577 -0.78908 0.61202
1 11.6374 2.74385 1.61447 -0.308417 -0.308089 -0.899978
1 15.2192 33.4988 1.75646 -0.0698507 -0.228646 0.971001
1 6.63504 9.63222 1.61149 -0.596153 0.260529 -0.759425
1 18.0821 23.5312 1.6085 0.142812 -0.223703 -0.964138
1 7.74801 22.9428 1.74853 0.686093 -0.0487747 0.725877
1 1.22511 17.2215 1.73919 0.595444 -0.0368819 0.80255
1 11.15 30.8732 1.74073 -0.616566 0.486584 0.618936
1 9.12007 5.23871 1.60635 0.0950422 0.219224 -0.971034
1 2.49197 22.287 1.75877 -0.324325 0.124316 0.937741
1 11.1147 23.2298 1.73965 0.573272 0.571522 0.58713
1 25.744 9.32727 1.60665 0.0685173 -0.0919304 -0.993405
1 11.9769 28.3796 1.75995 -0.224572 0.607239 0.762121
1 4.78815 7.4045 1.61443 0.409441 -0.546932 -0.730222
1 29.9685 22.7691 1.61008 0.555916 -0.484997 -0.675081
1 29.1805 18.622 1.60954 -0.0186722 -0.402569 -0.915199
1 28.5919 16.3138 1.62618 -0.389741 -0.285816 -0.875449
1 33.1109 7.6899 1.61608 0.427936 0.242384 -0.870701
1 6.17029 14.2211 1.6121 -0.102717 0.409543 -0.90649
1 7.36618 4.83038 1.61095 -0.029368 0.581883 -0.812742
1 15.369 21.3961 1.61176 -0.188104 0.191346 -0.963329
1 4.97814 26.502 1.75415 0.124956 -0.407656 0.904545
1 29.6896 30.5955 1.6098 0.520944 0.492791 -0.696976
1 33.2272 27.6634 1.60779 -0.151805 -0.155353 -0.976125
1 25.2493 23.1654 1.62273 0.789125 0.14143 -0.597728
1 3.71316 8.31827 1.62036 0.596383 -0.367448 -0.713659
1 14.7459 22.9101 1.61185 0.0537104 0.290744 -0.955292
1 25.9259 29.9433 1.75899 -0.423139 0.160335 0.891766
1 16.3799 21.3855 1.60678 -0.195871 0.0330921 -0.980071
1 22.3933 23.2087 1.70642 -0.772126 -0.324058 0.546633
1 25.5048 7.55623 1.6074 -0.167207 -0.0804594 -0.982633
1 19.5346 34.0175 1.7607 -0.0437341 0.312906 0.948777
1 17.3296 31.7416 1.75931 0.17649 0.0202259 0.984095
1 31.077 7.60987 1.62143 0.457504 0.447017 -0.768678
1 4.20729 27.3305 1.75822 -0.0254193 -0.497132 0.867302
1 21.2592 2.08011 1.75094 -0.338885 0.616707 0.710514
1 32.4627 0.340971 1.76163 0.0499592 0.606745 0.793325
1 7.4984 25.7413 1.75826 0.222871 -0.0542185 0.973339
1 29.0769 19.8922 1.60561 0.16152 -0.369788 -0.914969
1 26.6949 0.915932 1.75696 -0.0869344 -0.174489 0.980814
1 27.1628 8.26386 1.61076 -0.0735366 -0.343718 -0.936189
1 1.45653 11.0815 1.75696 0.353499 0.282938 0.891619
1 31.3841 16.7828 1.6027 -0.39762 -0.726521 -0.560416
1 19.9235 22.7972 1.61542 0.0588149 -0.53961 -0.839858
1 34.2609 8.41957 1.60165 0.75323 0.208353 -0.623886
1 16.3213 23.3191 1.6084 0.100335 0.0575642 -0.993287
1 14.661 19.7023 1.61964 -0.435209 0.383343 -0.814642
1 5.19701 14.43 1.60898 -0.0874837 0.622132 -0.778009
1 16.8672 6.63255 1.75941 0.54344 -0.0478897 0.838081
1 21.8869 0.44621 1.66131 -0.265828 0.735902 0.622723
1 18.9706 30.9208 1.7572 0.308078 0.252821 0.917153
1 2.67381 12.8557 1.76131 0.0833095 0.477702 0.874563
1 33.5777 31.9169 1.6191 0.529636 -0.192713 -0.826043
1 25.8792 2.05302 1.75474 -0.322819 -0.314657 0.892624
1 15.534 28.7592 1.75278 0.59602 -0.248504 0.763548
1 5.96566 6.91007 1.61067 0.335866 -0.745893 -0.575185
1 27.0356 14.7651 1.62614 -0.646026 0.00501229 -0.763299
1 1.74961 3.79064 1.62697 0.00572303 0.0990314 -0.995068
1 17.0114 16.2195 1.7441 -0.568566 -0.101074 0.816405
1 32.3418 31.6962 1.61398 0.601786 0.0811807 -0.794521
1 32.0212 2.86663 1.75374 -0.412049 0.538423 0.735062
1 22.7908 6.28103 1.61262 -0.205477 0.32733 -0.922298
1 28.4278 28.0157 1.7508 -0.0716305 0.643215 0.762327
1 15.0184 4.17493 1.75596 -0.590341 -0.578359 0.563026
1 3.35547 25.7368 1.72095 0.354792 -0.637751 0.683664
1 16.5392 7.60982 1.75777 0.409389 -0.118553 0.904625
1 9.84711 13.1067 1.60899 -0.218755 -0.232382 -0.947705
1 3.39011 13.6597 1.77298 0.0126638 0.644216 0.764738
1 12.1771 27.0984 1.75351 0.0746923 0.638951 0.765612
1 2.53844 7.10403 1.61063 0.398993 -0.139226 -0.906323
1 14.7276 6.4709 1.75043 0.58131 -0.443192 0.682393
1 27.4083 19.6752 1.60798 0.129647 -0.128062 -0.983256
1 15.7566 10.3762 1.75829 0.106285 -0.251944 0.961888
1 3.23932 32.9854 1.60958 -0.401212 0.0920929 -0.911344
1 14.9488 9.81908 1.7587 0.139109 -0.383775 0.912888
1 28.7974 1.26929 1.75744 -0.12756 0.0708527 0.989297
1 33.0934 10.8564 1.75789 0.409018 -0.187262 0.893105
1 9.30004 32.3618 1.60064 -0.641409 -0.51478 -0.568855
1 14.5136 29.5329 1.75243 0.444138 -0.422325 0.790179
1 19.1504 1.59363 1.75605 -0.272506 0.252506 0.92843
1 14.168 4.50797 1.60149 -0.113172 -0.733878 -0.669788
1 21.346 34.1233 1.73928 -0.104681 0.637662 0.763171
1 12.5701 8.92397 1.76189 0.324124 -0.774289 0.543526
1 13.6406 20.2975 1.632 -0.269433 0.604609 -0.749569
1 4.72011 16.8331 1.63564 0.351732 0.625701 -0.696264
1 13.9585 9.96591 1.75719 0.123905 -0.551854 0.824685
1 3.97463 24.4472 1.73938 0.627623 -0.484144 0.609667
1 31.5275 32.7592 1.75319 0.488224 0.421227 0.764333
1 10.8852 16.1811 1.61253 0.0355279 -0.299374 -0.953474
1 8.47531 1.11705 1.63694 -0.476938 0.50219 -0.721343
1 34.2799 0.823091 1.62597 -0.162687 0.710708 -0.684417
1 26.761 6.36229 1.61205 -0.355959 -0.313359 -0.880397
1 31.1969 22.0274 1.60074 0.397791 -0.749815 -0.528715
1 30.3756 32.6838 1.75269 0.469847 0.26242 0.84284
1 6.91161 1.56265 1.60778 0.351583 -0.43879 -0.826954
1 11.3865 29.6697 1.75018 -0.412385 0.48478 0.771315
1 14.6194 16.5357 1.74776 -0.574736 -0.54095 0.614045
1 2.12218 14.9565 1.759 -0.288633 0.345713 0.892846
1 17.2193 5.70541 1.7526 0.668621 0.0358226 0.74274
1 25.1558 8.51694 1.60783 -0.0331878 -0.000586717 -0.999449
1 0.395059 1.57281 1.61897 -0.158617 0.506046 -0.847796
1 24.5227 7.69428 1.60817 -0.127263 0.0783229 -0.988772
1 9.77937 31.5924 1.77273 -0.781122 0.0841554 0.618681
1 9.16964 17.6766 1.6093 0.240091 -0.0202145 -0.97054
1 20.6615 21.7804 1.59093 -0.123165 -0.68804 -0.715145
1 11.6429 20.3312 1.60866 0.481513 -0.446436 -0.754215
1 8.16075 5.67224 1.60812 0.152314 0.419522 -0.894876
1 31.4044 25.4288 1.60738 -0.436305 0.223575 -0.871581
1 4.06587 3.18691 1.61044 -0.207463 -0.282103 -0.936684
1 17.624 9.45579 1.75851 0.236544 0.0440219 0.970623
1 24.1958 8.76455 1.60922 0.00302685 0.172642 -0.98498
1 24.3755 1.19476 1.75194 -0.120351 -0.477419 0.870395
1 16.1626 24.3337 1.6083 0.268052 0.0866766 -0.959497
1 33.9672 14.2959 1.75858 -0.238922 -0.0392233 0.970246
1 24.6459 28.536 1.75925 -0.147359 -0.050142 0.987811
1 26.8201 13.6289 1.62386 0.754767 -0.216017 -0.619405
1 23.8484 19.9808 1.61341 0.198019 0.34848 -0.916161
1 14.5733 32.5296 1.75863 0.0390844 -0.312538 0.949101
1 28.5439 10.5876 1.60998 0.296208 -0.528109 -0.79584
1 25.6182 11.2714 1.60585 0.3372 -0.0309091 -0.940925
1 16.271 20.4243 1.60701 -0.345183 0.0512982 -0.937132
1 30.572 24.893 1.62155 -0.515909 0.380208 -0.767646
1 28.6461 4.23799 1.76936 -0.722342 -0.0115895 0.691439
1 3.15025 14.8311 1.75684 -0.189871 0.542211 0.818509
1 7.95738 28.3221 1.75873 -0.183854 0.0138219 0.982856
1 29.8502 33.4829 1.75923 0.310396 0.20631 0.92795
1 6.82112 31.7958 1.60354 -0.592643 -0.388723 -0.705456
1 1.51068 15.8152 1.7278 -0.499836 0.224096 0.836627
1 33.1006 24.7122 1.61813 -0.651816 -0.194367 -0.733047
1 27.5048 10.4344 1.61415 0.234212 -0.366123 -0.90061
1 25.2505 24.9557 1.75596 0.525367 0.0443145 0.849721
1 2.35259 2.95864 1.61896 -0.136971 0.0444341 -0.989578
1 5.50909 25.556 1.74904 0.281944 -0.349065 0.893678
1 20.6769 16.0668 1.75454 -0.515858 0.420455 0.746397
1 21.9721 5.68943 1.61866 -0.211959 0.485304 -0.848265
1 1.10211 23.99 1.7597 -0.596283 -0.00144524 0.802773
1 30.565 12.9345 1.75746 0.0217906 -0.540613 0.840989
1 29.6177 7.3193 1.62288 -0.276914 -0.732433 -0.621981
1 22.1906 4.4369 1.61031 -0.387094 0.441761 -0.809324
1 19.5872 11.2956 1.75652 0.082672 0.345185 0.934887
1 14.2004 33.5029 1.75662 -0.0960311 -0.364531 0.926226
1 31.281 5.39535 1.59295 -0.0441269 0.458753 -0.887468
1 10.4187 27.2245 1.76028 0.0143112 0.362308 0.931949
1 3.18389 30.694 1.77456 0.714267 -0.275112 0.643534
1 28.5841 22.3101 1.61187 0.521837 -0.240129 -0.81855
1 9.00772 28.2536 1.7583 -0.165821 0.155831 0.973766
1 0.452697 17.9707 1.75016 0.470536 -0.219518 0.854639
1 30.665 0.851496 1.75872 -0.0440186 0.324507 0.944858
1 1.81907 19.1279 1.75698 0.216474 -0.0195738 0.976092
1 19.8297 25.2976 1.61025 0.427117 -0.464329 -0.775867
1 6.88897 28.3145 1.75925 -0.184191 -0.1222 0.975264
1 28.5259 9.36657 1.60939 0.112117 -0.548481 -0.828612
1 15.1175 31.6314 1.75889 0.168323 -0.248792 0.953818
1 30.2572 14.0931 1.75831 -0.232433 -0.582449 0.778927
1 17.238 20.7345 1.60859 -0.29459 -0.109058 -0.94938
1 34.0516 30.3764 1.60962 0.307246 -0.247975 -0.918754
1 30.4914 26.0993 1.61266 -0.325857 0.464246 -0.823585
1 12.5352 2.39302 1.60999 -0.402922 -0.470439 -0.785074
1 22.3165 32.0327 1.75683 0.227437 0.76162 0.606801
1 23.5492 13.8417 1.60882 0.695835 0.239305 -0.677161
1 25.9659 20.8091 1.60913 0.284178 0.0882556 -0.954701
1 33.5327 33.0281 1.7306 -0.641206 0.240436 0.728729
1 33.326 28.6764 1.60813 0.0246228 -0.145724 -0.989019
1 9.15252 30.0005 1.75342 -0.470019 0.151282 0.869595
1 34.2061 21.6286 1.75458 -0.210115 -0.352237 0.91202
1 1.62364 7.66328 1.61181 0.487474 0.0136494 -0.873031
1 1.17111 12.2991 1.75979 0.148445 0.218812 0.964409
1 32.0516 33.8425 1.75249 0.266515 0.507376 0.819475
1 15.8228 17.5584 1.73289 -0.795183 -0.266797 0.544521
1 19.2086 6.96343 1.75157 0.51934 0.412021 0.748681
1 3.61427 0.173999 1.60337 -0.138422 0.0511795 -0.98905
1 29.9851 27.2083 1.61427 -0.120113 0.480735 -0.8686
1 26.9187 1.87154 1.75685 -0.261236 -0.181181 0.948119
1 24.538 10.5268 1.60769 0.206806 0.14163 -0.968077
1 27.7921 6.13348 1.6164 -0.409729 -0.464103 -0.785322
1 26.6037 26.3104 1.75607 0.267059 0.293202 0.917993
1 24.0149 31.0305 1.74912 -0.579418 -0.22185 0.784256
1 17.8754 30.8848 1.7591 0.294079 0.0972389 0.950822
1 2.57961 4.23349 1.61744 -0.00694812 -0.0829363 -0.996531
1 7.24458 10.4898 1.60944 -0.530094 0.154336 -0.833775
1 1.47 22.0591 1.75674 -0.269315 -0.036086 0.962376
1 20.6852 8.98852 1.75253 0.266643 0.655026 0.706995
1 5.52611 19.5273 1.75314 0.257471 0.591779 0.763876
1 17.8036 13.4318 1.76018 -0.17757 0.0739592 0.981325
1 21.63 13.7719 1.7592 -0.15382 0.649364 0.744759
1 4.32502 10.3774 1.60711 -0.376758 0.708099 -0.5972
1 6.69874 11.4765 1.60872 -0.375749 0.233566 -0.896805
1 13.2791 0.418765 1.75586 -0.352175 -0.522388 0.776585
1 0.367725 27.4976 1.61049 -0.182174 -0.478757 -0.858839
1 7.63548 2.62939 1.60819 -0.376662 0.540536 -0.752294
1 33.1478 2.43749 1.75226 -0.243107 0.765455 0.5958
1 34.379 13.4071 1.75988 -0.0718478 0.0129621 0.997331
1 34.0377 10.1185 1.75028 0.566143 -0.0432596 0.823171
1 2.53679 25.3242 1.77726 0.549403 -0.680369 0.48503
1 7.24053 32.9081 1.61588 -0.321289 -0.384368 -0.865468
1 24.5443 17.4245 1.60892 -0.237859 0.252913 -0.937794
1 34.1192 24.0369 1.75193 -0.714406 -0.296763 0.633685
1 9.55341 29.0541 1.75286 -0.297125 0.22374 0.928255
1 8.25293 17.2948 1.61015 0.21276 0.115893 -0.970207
1 27.7718 27.064 1.74561 0.123906 0.547151 0.827812
1 15.5605 22.3838 1.60941 -0.027265 0.161144 -0.986554
1 24.5395 25.6882 1.75595 0.374919 -0.061596 0.925009
1 25.6854 3.06908 1.74952 -0.575067 -0.3245 0.750998
1 20.4017 10.1217 1.74071 0.15644 0.495162 0.8546
1 5.94152 26.5412 1.75405 0.108631 -0.270998 0.95643
1 18.6454 14.2214 1.75849 -0.268351 0.197399 0.942879
1 5.45287 31.2152 1.60381 -0.692194 -0.242171 -0.679868
1 13.6555 30.5897 1.74852 0.310398 -0.491729 0.813545
1 3.26085 2.47821 1.61494 -0.283873 -0.100064 -0.953627
1 9.58755 0.64616 1.60251 -0.536852 0.235473 -0.81015
1 0.733426 18.8801 1.75753 0.275931 -0.187628 0.942686
1 16.424 1.83044 1.75967 -0.362563 -0.119857 0.92422
1 4.33842 6.39136 1.61051 0.27292 -0.440348 -0.855341
1 10.8787 24.4018 1.76061 0.422783 0.492424 0.760771
1 15.7623 30.7842 1.76199 0.299507 -0.177533 0.937431
1 21.7874 27.3108 1.75594 0.0854937 -0.520989 0.849271
1 31.9236 10.8336 1.75768 0.38643 -0.328269 0.861923
1 33.5995 25.7957 1.6117 -0.47112 -0.27139 -0.839282
1 9.73495 10.8836 1.61331 -0.507088 -0.279076 -0.815462
1 28.4155 31.6559 1.76127 0.60768 0.126147 0.7841
1 9.76408 1.66027 1.61338 -0.413104 0.109896 -0.904029
1 8.89547 11.4235 1.61053 -0.417618 -0.129927 -0.899285
1 11.1899 13.9721 1.61922 -0.118556 -0.406819 -0.905783
1 27.3455 17.5768 1.60982 -0.186828 -0.128911 -0.973898
1 26.1563 8.34696 1.60867 -0.0620779 -0.172254 -0.983094
1 17.7309 8.46175 1.75526 0.343345 0.0769064 0.936055
1 8.67842 30.9427 1.76078 -0.631245 0.0330717 0.774878
1 28.333 25.2504 1.7639 0.372478 0.625193 0.685852
1 33.1147 5.68961 1.60358 -0.0339995 0.266348 -0.963277
1 1.48794 24.923 1.5768 0.75161 -0.0239941 -0.659172
1 33.1721 30.9904 1.6089 0.42475 -0.0623768 -0.903159
1 0.179253 23.3313 1.76599 -0.524077 -0.216106 0.823797
1 7.4779 14.2656 1.60808 -0.0797928 0.171023 -0.982031
1 29.5007 13.1287 1.7638 -0.0110625 -0.712388 0.701698
1 20.0613 31.0624 1.75305 0.30303 0.412861 0.858905
1 24.8007 9.54869 1.60809 0.0906191 0.0782698 -0.992805
1 19.2572 2.64902 1.75426 -0.423949 0.277626 0.862085
1 10.8991 17.2988 1.61516 0.154392 -0.312794 -0.937189
1 2.32035 6.11393 1.60741 0.242678 -0.117867 -0.96292
1 12.4621 0.922891 1.7387 -0.537381 -0.61099 0.581303
1 16.6462 26.0519 1.62116 0.560769 0.0340005 -0.827274
1 7.98648 9.60273 1.62452 -0.712417 0.0216003 -0.701424
1 32.2094 8.25453 1.60271 0.681482 0.220238 -0.69791
1 33.9277 26.9966 1.60799 -0.269945 -0.304988 -0.913298
1 27.4449 18.617 1.6077 -0.0305312 -0.140098 -0.989667
1 8.41034 21.3337 1.60533 0.683543 0.240135 -0.689278
1 13.7239 12.5371 1.74861 -0.268703 -0.616731 0.739893
1 27.7756 4.89297 1.60692 -0.681913 -0.446187 -0.57958
1 11.4315 33.363 1.74444 -0.082437 -0.735349 0.672656
1 24.4004 15.4229 1.63132 -0.553318 0.348513 -0.756556
1 0.589901 9.58168 1.75428 0.658798 0.148477 0.737523
1 32.1619 11.8116 1.76001 0.209202 -0.303566 0.92956
1 33.3555 18.0922 1.75158 0.44198 -0.483099 0.755824
1 29.7221 10.7368 1.60766 0.415654 -0.747358 -0.518351
1 8.85332 23.5524 1.75735 0.583457 0.160113 0.796205
1 32.4301 29.2088 1.60742 0.134178 0.0359283 -0.990306
1 7.42406 27.455 1.75967 -0.0422961 -0.0588738 0.997369
1 13.4008 3.32849 1.59848 -0.280787 -0.619418 -0.733131
1 16.1019 15.4828 1.75802 -0.466163 -0.252794 0.847813
1 24.533 22.2104 1.62078 0.556631 0.18316 -0.810317
1 34.432 17.234 1.75874 0.688538 -0.278364 0.669648
1 17.6027 33.5096 1.75866 -0.0214554 0.0390725 0.999006
1 22.8785 28.8794 1.756 -0.214962 -0.374703 0.901881
1 23.4833 27.2932 1.76113 0.0789147 -0.242392 0.966964
1 7.79854 19.1481 1.6136 0.409532 0.332495 -0.849547
1 9.05516 6.2438 1.61004 0.262828 0.241345 -0.93417
1 0.6132 21.497 1.75649 -0.187874 -0.184473 0.964714
1 15.8055 19.5338 1.61043 -0.508117 0.121848 -0.852625
1 27.6045 9.30054 1.61199 0.0788037 -0.404092 -0.911318
1 19.33 12.3283 1.75439 -0.0110963 0.289292 0.957176
1 26.4544 19.992 1.6088 0.167523 0.011001 -0.985807
1 3.58788 18.0271 1.76765 0.455564 0.21986 0.862626
1 13.3412 23.646 1.60213 0.239317 0.551082 -0.799397
1 12.9646 24.526 1.78276 -0.400572 -0.614828 0.679359
1 16.8279 28.4039 1.75318 0.656171 -0.0352828 0.753787
1 34.2027 18.646 1.75881 0.317072 -0.35922 0.877739
1 9.33127 7.27431 1.61347 0.451111 0.185513 -0.872974
1 4.44899 4.18301 1.60952 -0.0622159 -0.401714 -0.913649
1 19.2073 3.76611 1.75646 -0.589959 0.275303 0.75905
1 10.2337 14.0799 1.60876 -0.126064 -0.240622 -0.962397
1 25.3718 21.5751 1.61121 0.403801 0.152202 -0.902097
1 10.9979 21.5222 1.61285 0.620816 -0.339316 -0.70672
1 4.59195 34.3227 1.60453 -0.0993165 -0.0532085 -0.993632
1 31.7935 24.3972 1.61859 -0.621524 0.113281 -0.775162
1 15.4739 29.8487 1.75371 0.418293 -0.246265 0.874291
1 25.5601 17.6926 1.60946 -0.206043 0.111897 -0.972124
1 11.6202 17.914 1.61524 0.23106 -0.428638 -0.87343
1 12.2823 18.5997 1.61699 0.299096 -0.541982 -0.785364
1 27.4547 3.65566 1.7628 -0.62818 -0.158072 0.761842
1 1.75767 4.82891 1.61301 0.0958138 0.0026536 -0.995396
1 23.3133 16.203 1.60502 -0.378455 0.469427 -0.797753
1 19.6214 29.0612 1.76352 0.559872 0.408241 0.721029
1 25.5885 25.9555 1.75534 0.326921 0.112618 0.938317
1 13.1895 4.47238 1.61213 -0.0579735 -0.560045 -0.826431
1 0.393131 29.9275 1.60696 0.216182 -0.435733 -0.873729
1 9.14481 33.4851 1.59875 -0.331513 -0.634776 -0.697968
1 27.4254 16.4967 1.61004 -0.360038 -0.116607 -0.925622
1 30.5727 29.1165 1.61038 0.187329 0.362579 -0.912932
1 23.2243 9.02919 1.61644 -0.0138835 0.399821 -0.916488
1 22.3718 8.54852 1.6267 0.0107165 0.613879 -0.789327
1 8.2465 16.2354 1.61031 0.0884311 0.104047 -0.990633
1 23.2625 3.93622 1.61559 -0.541009 0.235362 -0.807412
1 3.29629 12.0153 1.76648 0.164444 0.667698 0.726042
1 10.5826 33.0356 1.58578 0.365131 -0.825834 -0.429742
1 16.4335 14.5649 1.7548 -0.351762 -0.154366 0.923274
1 11.8326 31.9569 1.75699 0.159547 -0.723305 0.671844
1 4.64294 18.6036 1.75491 0.396912 0.430236 0.810776
1 6.3121 27.4823 1.75854 -0.041593 -0.197795 0.979361
1 16.5365 4.71067 1.75322 -0.817189 -0.0935154 0.568733
1 10.6925 9.37987 1.64274 -0.800225 -0.255085 -0.542745
1 14.6291 10.8652 1.75501 -0.00339819 -0.443479 0.896278
1 30.6445 30.1911 1.61346 0.398719 0.350709 -0.847365
1 22.7418 26.7217 1.75851 0.198403 -0.373919 0.905992
1 11.0985 26.5031 1.75742 0.154868 0.46905 0.869487
1 4.3933 21.7998 1.75539 -0.239633 0.419753 0.875433
1 8.15499 8.70333 1.6195 0.765791 0.171318 -0.61985
1 28.637 33.4551 1.75982 0.319779 0.0713172 0.944804
1 10.4925 20.5919 1.6061 0.544671 -0.214908 -0.810647
1 27.3854 22.4372 1.60945 0.596684 -0.0462858 -0.80114
1 20.8316 0.90816 1.74849 -0.186938 0.54326 0.818488
1 12.4852 16.1171 1.60183 -0.101388 -0.58722 -0.803052
1 2.62564 8.10403 1.60765 0.559418 -0.16108 -0.813083
1 18.6364 7.9455 1.76364 0.401557 0.268017 0.875739
1 17.3184 12.5279 1.76006 -0.095063 -0.0059258 0.995454
1 11.6913 7.02166 1.61246 0.442193 -0.285889 -0.850137
1 7.35279 0.448774 1.61101 0.13183 -0.472431 -0.871453
1 18.3183 29.9966 1.75749 0.413445 0.17284 0.893974
1 31.61 20.0893 1.61815 0.229533 -0.794754 -0.561855
1 30.9823 26.9601 1.61448 -0.225674 0.294177 -0.928726
1 2.51365 32.0486 1.61588 -0.59339 0.20682 -0.77789
1 21.5017 30.2586 1.63036 0.3647 0.754128 0.546155
1 30.9681 33.6127 1.75656 0.298296 0.347447 0.888988
1 16.5267 22.3459 1.60762 -0.0481838 0.0124094 -0.998761
1 26.4938 18.0563 1.60788 -0.123013 -0.011892 -0.992334
1 28.3064 18.1722 1.60976 -0.0929015 -0.265097 -0.959736
1 18.9585 22.9721 1.60882 0.0631924 -0.373746 -0.925376
1 17.5991 26.7007 1.61524 0.704239 -0.081721 -0.705244
1 10.0071 23.3826 1.75321 0.589228 0.359374 0.723644
1 1.21263 32.6605 1.61597 -0.575158 0.463216 -0.674258
1 4.07767 20.8518 1.75656 -0.063474 0.356914 0.931978
1 20.6799 28.8968 1.74543 0.551941 0.617566 0.560334
1 19.4088 27.8865 1.74273 0.758314 0.301254 0.578105
1 16.6395 10.8035 1.76011 0.072327 -0.110648 0.991224
1 33.6883 19.6196 1.76011 0.147428 -0.478188 0.865795
1 27.2098 31.8122 1.7587 0.60736 -0.0869172 0.789657
1 15.3244 14.5216 1.75571 -0.342737 -0.341118 0.875311
1 22.6441 27.8256 1.76026 -0.0186886 -0.387042 0.921873
1 34.0092 7.22618 1.61265 0.321906 0.175021 -0.930454
1 8.00289 30.0872 1.7545 -0.495231 -0.0190737 0.868552
1 29.1254 8.34726 1.60814 -0.0686351 -0.64798 -0.758559
1 0.515271 11.5188 1.75983 0.292512 0.124096 0.948176
1 0.396497 22.4168 1.75598 -0.356033 -0.196375 0.913607
1 18.8738 21.9093 1.60913 -0.10371 -0.380255 -0.919049
1 30.0669 18.1375 1.60345 -0.122906 -0.539378 -0.833046
1 14.6506 8.81537 1.75196 0.26221 -0.453279 0.85193
1 1.77531 13.127 1.76095 0.0229835 0.326076 0.945064
1 13.0843 13.3253 1.75721 -0.368378 -0.740636 0.561922
1 21.8088 28.4597 1.75551 -0.127013 -0.545793 0.828238
1 30.2817 8.79346 1.64205 -0.0489674 -0.793956 -0.606
1 23.0531 12.7611 1.60382 0.507138 0.425965 -0.749243
1 10.0248 26.2659 1.75842 0.159403 0.295093 0.942078
1 2.00592 20.1523 1.76023 0.040834 0.0239227 0.99888
1 7.52919 17.9969 1.61055 0.288572 0.26585 -0.91981
1 7.79103 11.3508 1.60865 -0.414408 0.0542704 -0.908472
1 15.3435 18.6489 1.63188 -0.632207 0.243639 -0.735496
1 33.0672 21.8141 1.75632 -0.234138 -0.551509 0.800635
1 10.1221 5.66273 1.60767 0.185068 0.0273662 -0.982345
1 3.12381 33.9653 1.61233 -0.271626 0.115964 -0.955391
1 18.2766 1.06172 1.75944 -0.22966 0.119667 0.965886
1 18.2202 16.3574 1.75822 -0.552402 0.0806682 0.829665
1 28.8389 5.97276 1.60893 -0.436501 -0.610245 -0.661112
1 2.75859 15.8866 1.72961 -0.384358 0.409788 0.82725
1 27.4734 33.4744 1.75685 0.301656 -0.0636085 0.951293
1 2.38925 17.676 1.75682 0.455617 0.0742811 0.887071
1 3.5238 4.42495 1.61211 -0.00811468 -0.252104 -0.967666
1 26.4371 33.7438 1.75429 0.252516 -0.188883 0.948978
1 32.0528 16.2471 1.76929 -0.633079 -0.391384 0.667855
1 11.5785 1.6477 1.61367 -0.486518 -0.268134 -0.831508
1 18.4958 5.74139 1.76762 0.627079 0.278273 0.727555
1 17.139 17.153 1.74706 -0.703159 -0.0704355 0.707536
1 8.48332 25.5416 1.75804 0.26361 0.0785138 0.961429
1 13.6548 11.1859 1.75279 -0.0668658 -0.624902 0.777835
1 11.0951 8.35677 1.61344 0.651794 -0.163318 -0.740603
1 0.240581 12.5552 1.75787 0.0922274 0.0709166 0.993209
1 33.9123 22.6068 1.75856 -0.374089 -0.371214 0.849858
1 16.9229 0.660885 1.75703 -0.235206 -0.0329144 0.971388
1 3.7444 32.1185 1.6176 -0.509872 0.00825797 -0.860211
1 34.2523 29.2096 1.60891 0.107772 -0.301395 -0.947389
1 26.1218 22.4688 1.61711 0.58952 0.137532 -0.795959
1 20.4876 30.0982 1.75862 0.391503 0.564783 0.726461
1 21.607 3.52403 1.71824 -0.951851 0.225255 0.207941
1 5.70845 28.344 1.75591 -0.196746 -0.252775 0.94731
1 17.8619 19.0853 1.60667 -0.588237 -0.245832 -0.770418
1 1.11927 26.6721 1.632 -0.314285 -0.648903 -0.692928
1 10.7706 12.8184 1.61113 -0.237909 -0.408953 -0.880998
1 9.78006 2.73445 1.6093 -0.27884 0.06662 -0.958024
1 2.36754 1.70466 1.75719 0.137528 -0.187015 0.972683
1 22.7857 7.41228 1.61527 -0.0805099 0.349807 -0.933356
1 17.2112 30.0516 1.75217 0.400276 -0.00143333 0.916393
1 31.9419 14.5581 1.75775 -0.313986 -0.340088 0.886427
1 27.1703 12.562 1.6219 0.590224 -0.277604 -0.758005
1 10.9457 28.7106 1.75698 -0.241816 0.420907 0.874278
1 16.6927 8.64026 1.75846 0.300375 -0.0938148 0.949196
1 25.7292 6.60522 1.6058 -0.29917 -0.141925 -0.943586
1 2.24005 21.3628 1.76108 -0.1553 0.0806435 0.98457
1 6.3832 33.3866 1.61108 -0.209395 -0.275166 -0.938316
1 32.8029 19.3124 1.75267 0.214716 -0.651323 0.727788
1 0.483655 28.6631 1.6138 0.0134625 -0.473522 -0.880679
1 6.54862 16.1327 1.61088 0.110433 0.374086 -0.920795
1 29.5295 24.6482 1.60549 -0.413645 0.618242 -0.668337
1 1.52599 8.64624 1.6091 0.68417 0.0679426 -0.726151
1 15.8513 0.884255 1.75938 -0.277206 -0.175434 0.944659
1 24.3504 30.1607 1.74832 -0.430147 -0.132869 0.892927
1 30.9165 31.2603 1.62755 0.60965 0.316374 -0.726797
1 7.38794 7.33111 1.60349 0.429994 0.549729 -0.716173
1 16.9982 19.7228 1.605 -0.477195 -0.0807478 -0.87508
1 15.6295 32.58 1.75884 0.0514596 -0.169155 0.984245
1 27.1213 23.398 1.63595 0.773577 0.0678495 -0.63006
1 17.6168 7.46299 1.76231 0.438387 0.0684264 0.896178
1 5.65366 16.5516 1.61666 0.221085 0.513861 -0.828896
1 18.5378 11.2055 1.75919 0.0661819 0.186632 0.980198
1 24.7618 18.3719 1.60796 -0.0818343 0.221389 -0.971746
1 32.3911 20.6869 1.76563 -2.86353e-05 -0.717902 0.696144
1 0.124626 32.3742 1.76823 -0.561198 0.535528 0.631084
1 3.62401 19.9913 1.76205 0.0927669 0.28059 0.955334
1 23.8303 12.1401 1.61037 0.421517 0.300725 -0.855504
1 2.05486 34.2878 1.60888 -0.331938 0.285002 -0.899217
1 15.7212 6.92561 1.75631 0.499363 -0.273507 0.822089
1 15.5214 11.4339 1.75629 -0.0171996 -0.287909 0.957503
1 18.049 6.59823 1.75899 0.530079 0.183206 0.82792
1 19.0305 20.7008 1.61299 -0.288088 -0.419244 -0.860953
1 6.42457 34.4066 1.61114 0.00763072 -0.285723 -0.958282
1 0.500147 20.5325 1.75857 -0.0228348 -0.220427 0.975136
1 7.39882 16.7383 1.6111 0.170121 0.249006 -0.953444
1 4.5615 19.7422 1.76047 0.165262 0.44185 0.881735
1 34.1712 11.9201 1.76039 0.216061 -0.018857 0.976198
1 6.7301 15.0395 1.61541 -0.0327513 0.316517 -0.948021
1 28.2211 13.0383 1.62479 0.63438 -0.471009 -0.612955
1 9.11965 16.6413 1.60936 0.123653 -0.0299176 -0.991874
1 16.585 18.7982 1.60782 -0.648311 -0.0487299 -0.759815
1 15.928 25.2862 1.61228 0.427727 0.139909 -0.893015
1 17.2603 22.9808 1.60669 0.047879 -0.09998 -0.993837
1 17.8144 18.1263 1.70792 -0.861559 -0.148573 0.48543
1 5.07045 3.38554 1.60894 -0.238489 -0.467373 -0.851285
1 2.14187 33.1657 1.60615 -0.460497 0.279751 -0.842426
1 28.0244 34.2638 1.75725 0.157891 -0.00421584 0.987448
1 6.89067 21.1306 1.58903 -0.0503915 -0.820643 -0.569215
1 3.61662 28.2485 1.76016 -0.212386 -0.581894 0.785043
1 22.9343 10.2514 1.61423 0.108243 0.493772 -0.862829
1 25.0641 26.8023 1.76067 0.164193 0.0318409 0.985914
1 30.7122 23.7828 1.6016 -0.697119 0.332205 -0.635346
1 26.0324 0.201491 1.75858 0.0563233 -0.253787 0.965619
1 33.6279 15.4077 1.76027 -0.462211 -0.0973923 0.881406
1 20.2706 2.95694 1.74264 -0.477035 0.441155 0.760145
1 0.0459015 19.6241 1.75721 0.136177 -0.301994 0.943534
1 4.10953 31.1754 1.60659 -0.67015 0.037574 -0.741274
1 3.42175 1.13532 1.61554 -0.00489223 0.0875752 -0.996146
1 14.6828 30.6788 1.75388 0.29 -0.33845 0.895182
1 0.546259 7.84416 1.61611 0.510839 0.18814 -0.838837
1 14.3376 23.836 1.61765 0.199944 0.380137 -0.903061
1 1.39323 20.8987 1.76059 -0.0820058 -0.065324 0.994489
1 17.4263 1.6147 1.76129 -0.30153 0.00727889 0.953429
1 33.1801 11.8198 1.76183 0.222311 -0.161403 0.961523
1 12.7845 5.48416 1.60928 0.128356 -0.465956 -0.875448
1 28.8765 21.0906 1.6093 0.335044 -0.312253 -0.888957
1 32.1191 6.13201 1.6088 0.0649469 0.371474 -0.926169
1 17.1286 23.9813 1.60822 0.208937 -0.0656117 -0.975726
1 20.2236 5.18362 1.5946 0.0805821 0.779568 -0.621112
1 7.43259 29.2008 1.75685 -0.338805 -0.0601191 0.938934
1 12.5468 29.1858 1.71717 -0.407632 0.676966 0.612824
1 31.0618 18.5339 1.61731 -0.0512837 -0.690135 -0.721862
1 9.97361 30.6239 1.76172 -0.606954 0.248609 0.754851
1 24.8605 0.274364 1.74984 0.0443741 -0.405751 0.912906
1 20.6682 33.3141 1.74791 0.0111588 0.50112 0.865306
1 0.0338196 26.3683 1.60801 -0.370954 -0.442697 -0.816341
1 0.458296 2.72473 1.62038 -0.0275229 0.439275 -0.897931
1 5.52497 33.8637 1.60632 -0.126724 -0.157398 -0.979371
1 16.8409 13.6875 1.76044 -0.23012 -0.0686682 0.970737
1 17.9567 24.5661 1.60872 0.309259 -0.189634 -0.931879
1 18.8135 25.0714 1.61343 0.396165 -0.310684 -0.864019
1 8.4626 27.4251 1.75895 -0.0331779 0.082058 0.996075
1 0.533234 4.98717 1.61752 -0.0156245 0.0390599 -0.999115
1 15.4351 12.5035 1.75769 -0.137299 -0.295999 0.945269
1 1.31767 1.82716 1.61231 -0.155485 0.337633 -0.928347
1 26.4984 10.2397 1.61346 0.191311 -0.193046 -0.962358
1 8.74538 2.11892 1.62041 -0.376838 0.308193 -0.873505
1 15.9621 3.71388 1.75488 -0.647106 -0.277806 0.709984
1 31.5335 27.7497 1.61083 -0.09977 0.173551 -0.979758
1 1.50466 0.724572 1.60657 -0.249695 0.352478 -0.901893
1 3.30724 6.37531 1.61049 0.281748 -0.261717 -0.923105
1 16.0657 34.5095 1.76021 -0.152871 -0.151177 0.976614
1 0.41864 14.185 1.76017 -0.197161 0.108155 0.974387
1 8.87168 13.0903 1.60698 -0.185379 -0.0949845 -0.978066
1 9.1281 4.08535 1.60923 -0.0693685 0.189103 -0.979504
1 34.083 5.25553 1.60631 -0.0632898 0.146048 -0.987251
1 6.87848 13.4038 1.60914 -0.156454 0.238408 -0.95848
1 26.6004 11.2746 1.76717 -0.339247 0.199344 0.919333
1 10.7381 18.63 1.60915 0.32677 -0.255954 -0.909785
1 27.2319 24.7024 1.75378 0.509212 0.394165 0.765073
1 0.51867 10.5204 1.75615 0.480768 0.130103 0.867142
1 31.5433 29.7382 1.61153 0.259727 0.206935 -0.94325
1 25.457 34.0647 1.7493 0.198881 -0.314667 0.928133
1 29.3023 34.2621 1.7602 0.165315 0.135168 0.976934
1 26.7248 2.80636 1.75891 -0.436328 -0.198939 0.87752
1 27.9802 32.591 1.75781 0.46669 -0.00303432 0.884416
1 15.5814 8.14095 1.7553 0.356069 -0.300525 0.884816
1 28.7769 2.24054 1.75611 -0.308881 0.0718904 0.94838
1 13.622 8.86477 1.756 0.296554 -0.617565 0.728471
1 8.50469 29.1856 1.75769 -0.327084 0.0775767 0.941806
1 17.0054 34.2694 1.76028 -0.107756 -0.0316161 0.993675
1 33.8649 9.22925 1.76609 0.736198 -0.021772 0.676416
1 0.38792 6.85646 1.60739 0.304107 0.0864871 -0.948704
1 12.5581 30.7509 1.73381 0.379057 -0.637807 0.670461
1 7.28076 24.805 1.75673 0.376553 -0.0610228 0.924383
1 32.5322 15.4722 1.75915 -0.503386 -0.273536 0.819622
1 30.2128 15.7105 1.61868 -0.535459 -0.553316 -0.638063
1 12.6988 19.5828 1.61236 0.367171 -0.658189 -0.657246
1 31.3701 34.6065 1.75583 0.112417 0.41403 0.903295
1 21.1824 25.7638 1.62308 -0.349049 0.694662 -0.628975
1 17.2035 3.69126 1.75627 -0.606271 -0.0645322 0.792636
1 24.4287 27.5654 1.75932 0.0272564 -0.0822137 0.996242
1 5.44979 9.75251 1.61605 -0.445066 0.495454 -0.74595
1 1.51604 18.2061 1.75874 0.378098 -0.0587944 0.923897
1 4.10377 29.4209 1.75185 -0.460989 -0.465064 0.755781
1 10.0141 6.61632 1.61047 0.335919 0.0586548 -0.940063
1 20.6072 11.5602 1.75597 0.207123 0.5369 0.817826
1 20.4009 34.4766 1.74908 -0.0683217 0.451604 0.889599
1 20.295 17.2353 1.75547 -0.695781 0.333945 0.6359
1 28.6412 3.25637 1.75804 -0.528047 0.0366433 0.848424
1 18.9572 0.282971 1.75888 -0.141367 0.22716 0.963542
1 5.41556 21.8219 1.73976 -0.24033 0.596485 0.765798
1 10.3102 29.6312 1.76 -0.41278 0.311621 0.855865
1 10.689 2.16576 1.614 -0.378746 -0.106681 -0.919331
1 25.8139 13.0709 1.61814 0.630759 -0.0604225 -0.773622
1 33.2952 20.6791 1.76113 -0.0402692 -0.549272 0.834673
1 14.0773 1.45595 1.74008 -0.489625 -0.415086 0.766793
1 22.9636 0.142501 1.76443 0.165178 -0.728752 0.664557
1 22.9127 5.13146 1.61345 -0.35545 0.293586 -0.887391
1 24.239 21.1694 1.60993 0.373601 0.289766 -0.881169
1 12.1444 14.2897 1.62337 -0.145381 -0.564645 -0.812429
1 26.6821 9.21766 1.60975 0.058293 -0.25168 -0.966053
1 0.0373219 16.0097 1.75126 -0.572753 0.102632 0.813277
1 4.85554 12.9152 1.63547 -0.179285 0.613212 -0.769303
1 18.26 3.23295 1.75626 -0.520416 0.113529 0.846333
1 26.462 16.9913 1.60806 -0.291599 -0.00211751 -0.956538
1 1.28506 29.343 1.63473 0.121099 -0.601632 -0.78954
1 14.3676 20.9058 1.62013 -0.249888 0.384643 -0.888598
1 33.0548 23.1166 1.75163 -0.458881 -0.501435 0.733479
1 13.0795 27.814 1.75304 -0.0968927 0.751426 0.652665
1 4.62665 28.3496 1.75932 -0.228785 -0.402773 0.886246
1 21.9413 6.90852 1.61592 -0.0591046 0.492726 -0.868175
1 28.6194 11.8016 1.611 0.463099 -0.504198 -0.728919
1 16.2605 33.4844 1.7597 -0.0377452 -0.100732 0.994197
1 11.7349 16.7589 1.60639 0.0330232 -0.459108 -0.887766
1 27.7767 2.60166 1.75744 -0.385941 -0.0619578 0.92044
1 29.6527 16.5095 1.62429 -0.376701 -0.466374 -0.80037
1 4.65838 25.1174 1.75658 0.415064 -0.456894 0.786746
1 13.2055 33.8142 1.75485 -0.136627 -0.513201 0.847324
1 24.7758 2.24096 1.75282 -0.337437 -0.43409 0.835286
1 29.6672 0.614118 1.75923 -0.00790973 0.191602 0.981441
1 19.7651 6.1709 1.77027 0.594865 0.560773 0.575908
1 31.5043 2.08754 1.76581 -0.263932 0.457979 0.848879
1 13.3018 18.4143 1.77985 -0.200941 0.736519 0.645881
1 14.4904 28.2771 1.75044 0.629138 -0.426504 0.64983
1 2.54792 0.600863 1.60361 -0.207358 0.188047 -0.960021
1 19.4218 10.2108 1.74985 0.173606 0.31999 0.931379
1 24.1199 26.5622 1.76084 0.210309 -0.131629 0.968733
1 5.21672 29.269 1.75489 -0.432167 -0.289914 0.853921
1 9.59396 18.7847 1.60767 0.359313 -0.0434085 -0.932207
1 34.6121 31.2013 1.61416 0.42112 -0.389278 -0.819219
1 32.3224 5.13015 1.59363 -0.20115 0.346658 -0.91617
1 23.4268 25.8648 1.7541 0.352004 -0.250471 0.901864
1 20.481 32.1735 1.75024 0.165582 0.473958 0.864839
1 23.6498 11.0607 1.60833 0.238407 0.335555 -0.911353
1 18.1525 21.1823 1.61134 -0.214855 -0.259747 -0.941472
1 6.59417 17.2662 1.61517 0.279642 0.379365 -0.881977
1 6.35725 0.790574 1.61422 0.217259 -0.290096 -0.93201
1 27.8882 1.62802 1.75917 -0.202455 -0.0545747 0.97777
1 19.9689 24.0346 1.61118 0.253569 -0.528601 -0.810113
1 23.1132 24.1953 1.76225 0.718749 -0.254118 0.647167
1 12.4806 3.54284 1.61612 -0.193601 -0.459219 -0.86697
1 22.6725 25.2208 1.75615 0.502782 -0.340814 0.794391
1 30.3447 34.4433 1.75888 0.138128 0.275451 0.95134
1 27.8383 21.4817 1.60912 0.425153 -0.143792 -0.893627
1 23.6192 22.8271 1.65492 0.650735 0.267229 -0.710727
1 9.76951 24.3877 1.75764 0.444638 0.298017 0.844679
1 26.9065 27.3174 1.75318 0.0905696 0.371097 0.924167
1 22.5213 1.68257 1.77047 0.00319991 -0.804136 0.594436
1 17.503 11.5122 1.75956 0.0178632 0.0228354 0.99958
1 17.2564 15.3129 1.75506 -0.449322 -0.0428423 0.892342
1 32.9754 14.5394 1.75915 -0.304597 -0.186924 0.933959
1 23.9139 0.131403 1.74664 0.0919553 -0.57383 0.813796
1 25.4987 1.08019 1.75341 -0.119697 -0.313609 0.941978
1 29.6374 21.7596 1.61073 0.420712 -0.413144 -0.807659
1 11.5907 3.81948 1.61275 -0.12682 -0.293249 -0.947587
1 6.15527 3.75543 1.61594 -0.21467 -0.658489 -0.721325
1 7.38263 12.3239 1.60678 -0.26979 0.121826 -0.955182
1 4.28325 9.00288 1.76991 -0.648994 0.515054 0.559934
1 16.4901 11.801 1.76014 -0.0305252 -0.13294 0.990654
1 17.9299 0.0658683 1.75981 -0.139182 0.0830749 0.986776
1 4.58379 22.8098 1.74499 -0.43169 0.445164 0.784521
1 19.7406 21.6135 1.62648 -0.129472 -0.531068 -0.837379
1 22.3612 16.7363 1.77671 0.283574 -0.630498 0.722536
1 1.79439 10.0679 1.74954 0.523017 0.344158 0.779749
1 18.0762 22.4509 1.60585 -0.0303629 -0.239292 -0.970473
1 11.3306 19.3771 1.61779 0.403377 -0.354362 -0.843632
1 23.0872 15.1839 1.63261 0.845037 -0.44996 -0.288875
1 8.99465 15.5854 1.60833 0.0192889 -0.0210038 -0.999593
1 4.49434 0.698103 1.60585 0.0837769 -0.021957 -0.996243
1 23.6465 28.2551 1.75949 -0.0995042 -0.220702 0.970252
1 15.9299 5.81365 1.75951 0.65297 -0.194801 0.731903
1 26.8045 5.30679 1.61908 -0.55076 -0.326212 -0.768277
1 10.6062 25.4273 1.75489 0.307191 0.383124 0.87112
1 34.1636 2.373 1.61659 -0.0310357 0.663187 -0.74781
1 22.2379 29.6311 1.74582 -0.316792 -0.543888 0.777064
1 10.6673 0.960714 1.61379 -0.536789 -0.0225864 -0.843414
1 19.5713 18.315 1.75757 -0.849 0.153757 0.505528
1 19.65 9.20661 1.73262 0.291043 0.396062 0.870879
1 25.1794 30.8305 1.75358 -0.551488 0.0102219 0.83412
1 12.2846 34.2155 1.75978 -0.239791 -0.620653 0.746519
1 3.61505 7.31897 1.61574 0.44233 -0.321099 -0.8374
1 32.1522 22.1227 1.7622 -0.211146 -0.721697 0.65922
1 12.0257 24.7392 1.74401 0.454099 0.671662 0.585375
1 32.0322 18.2375 1.61157 0.0483134 -0.84006 -0.540338
1 28.3156 14.4119 1.61733 -0.732927 -0.166942 -0.659506
1 29.4837 26.0796 1.60197 -0.13728 0.742337 -0.655813
1 6.80667 30.0219 1.7513 -0.517133 -0.15932 0.840946
1 18.2873 2.20518 1.75823 -0.369639 0.123394 0.920945
1 26.7696 32.7534 1.75994 0.441843 -0.149943 0.884473
1 18.3927 15.2735 1.7565 -0.41166 0.13974 0.90056
1 15.1115 25.8784 1.60221 0.564524 0.270804 -0.779729
1 24.3828 16.4469 1.61678 -0.395987 0.289521 -0.87142
1 1.0904 19.7848 1.75839 0.104405 -0.128109 0.986249
1 22.3291 19.7872 1.60416 0.167394 0.564485 -0.808292
1 3.68557 5.42165 1.61004 0.133144 -0.309862 -0.941413
1 26.578 19.0474 1.60708 0.0299363 -0.0132519 -0.999464
1 1.34839 28.0397 1.62256 -0.0991248 -0.648071 -0.755101
1 30.0764 11.9754 1.75843 0.212814 -0.61777 0.757014
1 13.9714 26.0695 1.62913 0.535841 0.528074 -0.658796
1 23.7719 18.3098 1.60847 -0.0626384 0.36236 -0.929931
1 18.5574 33.8384 1.75842 -0.0370212 0.172443 0.984324
1 10.7213 11.6613 1.61545 -0.391351 -0.468499 -0.792056
1 31.7774 30.7522 1.62119 0.445915 0.188785 -0.87494
1 0.83362 13.3061 1.75953 -0.0312929 0.169085 0.985105
1 1.31373 23.0319 1.7562 -0.435923 -0.026161 0.899604
1 22.3105 22.1553 1.62069 0.584352 0.478104 -0.655705
1 3.23978 27.0381 1.75617 0.0422694 -0.656754 0.75292
1 18.9533 24.0278 1.60959 0.230284 -0.356653 -0.90541
1 12.2323 21.0918 1.61949 0.493956 -0.641025 -0.587448
1 8.6177 14.0567 1.60712 -0.0937571 -0.0118322 -0.995525
1 17.5631 10.4855 1.75961 0.118351 0.0331143 0.99242
1 5.04645 11.0271 1.6186 -0.272437 0.604365 -0.74868
1 7.77006 23.9268 1.75734 0.52109 -0.0149719 0.85337
1 23.6245 33.5455 1.77232 0.337065 -0.576563 0.744286
1 33.0051 6.69545 1.6079 0.201858 0.270285 -0.941382
1 29.6461 29.475 1.60681 0.286004 0.509696 -0.811426
1 1.12995 33.8182 1.60761 -0.394164 0.435688 -0.809204
1 5.41266 4.54358 1.61509 -0.023512 -0.595811 -0.80278
1 24.7329 32.5989 1.75649 0.462163 -0.426397 0.777555
1 5.34865 5.99512 1.60761 0.195381 -0.63 -0.751616
1 8.19603 33.6832 1.61381 -0.18797 -0.537034 -0.822352
1 31.6615 1.00404 1.75288 -0.0704298 0.462518 0.883808
1 4.63522 5.26632 1.61289 0.102191 -0.467412 -0.878113
1 5.76926 17.77 1.61086 0.450117 0.461425 -0.764514
1 3.51431 23.5405 1.73954 -0.572367 0.314447 0.75731
1 2.8885 20.6236 1.76076 -0.0272302 0.176396 0.983943
1 18.0738 20.1164 1.60894 -0.399569 -0.254518 -0.880662
1 15.7797 9.17259 1.7582 0.229836 -0.250931 0.940324
1 2.06301 11.982 1.75421 0.203224 0.365676 0.908285
1 28.669 23.3489 1.61023 0.689264 -0.218021 -0.690928
1 27.0299 34.5312 1.75828 0.104561 -0.129917 0.985996
1 9.01375 26.4154 1.75944 0.128503 0.154346 0.979625
1 12.9366 31.7772 1.75678 0.201002 -0.565959 0.799556
1 20.1465 1.87965 1.75596 -0.314043 0.417366 0.85275
1 21.4705 8.19793 1.59129 0.038439 0.801502 -0.596755
1 34.1822 11.0152 1.75611 0.389739 -0.0266911 0.920538
1 18.8209 32.7876 1.7609 0.055839 0.225385 0.972668
1 1.33563 5.74576 1.60729 0.187351 0.00555755 -0.982277
1 2.75546 19.551 1.75904 0.149571 0.133311 0.979723
1 21.4865 32.7095 1.75799 0.0783227 0.649678 0.756164
1 23.0952 19.1114 1.61251 0.07964 0.449885 -0.889529
1 8.54121 7.84269 1.61581 0.550362 0.308287 -0.775926
1 7.88304 13.2502 1.60784 -0.173452 0.0708075 -0.982294
1 2.32211 24.2328 1.76275 -0.654245 0.187781 0.732599
1 23.4467 1.37709 1.74674 -0.0910252 -0.647246 0.756827
1 27.5445 7.22387 1.61085 -0.224412 -0.421389 -0.878676
1 24.7116 24.051 1.76872 0.708309 -0.0488189 0.704213
1 24.5697 33.7455 1.75041 0.257722 -0.450108 0.854975
1 25.4235 16.7457 1.61451 -0.374958 0.12948 -0.917955
1 10.9727 6.36188 1.60832 0.304984 -0.13173 -0.943203
1 4.11878 26.2069 1.75827 0.209538 -0.537515 0.816806
1 32.551 30.1816 1.61163 0.303334 0.0467339 -0.951738
1 9.7879 8.23291 1.61585 0.634269 0.0729924 -0.769659
1 5.14248 32.9483 1.60437 -0.347237 -0.159022 -0.924196
1 30.6583 21.136 1.62836 0.350995 -0.596531 -0.721771
1 13.5248 21.5756 1.61107 -0.0947246 0.507253 -0.856575
1 11.6145 15.3537 1.61262 -0.0719114 -0.419509 -0.904898
1 19.3881 30.0214 1.74349 0.435263 0.348808 0.829988
1 16.6374 9.74485 1.75999 0.185691 -0.106087 0.976865
1 26.0436 24.2632 1.75427 0.648439 0.169978 0.742047
1 16.2211 2.79805 1.74998 -0.507107 -0.209714 0.83598
1 31.1359 11.8769 1.75982 0.204208 -0.451721 0.868474
1 13.9035 15.0897 1.75523 -0.409941 -0.671778 0.616979
1 29.6998 31.6544 1.74874 0.716042 0.339296 0.610051
1 15.0752 2.8003 1.75568 -0.486953 -0.41409 0.769029
1 20.838 23.1488 1.60321 0.110107 -0.683511 -0.721588
1 5.77312 15.3925 1.61141 0.0234296 0.491136 -0.870768
1 16.4771 29.3388 1.75933 0.499404 -0.101952 0.86035
1 24.9104 20.4389 1.6096 0.242784 0.220415 -0.944708
1 23.5403 32.5294 1.58956 -0.522795 0.573598 -0.630612
1 19.7037 8.13955 1.74574 0.396433 0.460535 0.794197
1 25.6288 14.8179 1.62157 -0.718733 0.175322 -0.672819
1 15.9012 27.7111 1.75028 0.77547 -0.162561 0.610099
1 6.2555 5.24626 1.60988 0.0621247 -0.79447 -0.604117
1 15.8376 26.8044 1.60966 0.742848 0.0873226 -0.66374
1 8.90121 19.5535 1.60928 0.460562 0.111407 -0.880608
1 2.64067 28.3087 1.77001 -0.30141 -0.72902 0.614559
1 24.9947 12.378 1.62317 0.478708 0.0663029 -0.875467
1 21.1953 20.7862 1.72158 0.409294 0.752826 -0.515492
1 10.1104 17.9151 1.61107 0.239713 -0.163677 -0.956947
1 14.0073 31.6336 1.75607 0.166377 -0.406907 0.89819
1 14.0876 18.9204 1.6136 -0.456849 0.607751 -0.64956
1 1.47802 6.71538 1.60871 0.331026 -0.00598589 -0.943603
1 28.5633 7.14976 1.61378 -0.239717 -0.576296 -0.781293
