1 16.8491 32.5474 1.76002 0.0639477 -0.0332511 0.997399
1 22.4926 19.1412 1.61427 -0.0148174 0.606727 -0.794772
1 17.5617 17.324 1.74544 -0.742467 -0.0274189 0.669321
1 28.4498 18.6956 1.6099 -0.0269504 -0.216908 -0.97582
1 9.35683 24.6491 1.75919 0.409094 0.215162 0.886762
1 21.5299 13.381 1.75383 -0.108269 0.612848 0.782748
1 14.7329 25.6186 1.61243 0.502265 0.358231 -0.78702
1 27.75 16.7333 1.61219 -0.321992 -0.156639 -0.933695
1 12.1117 5.11252 1.60693 0.0726017 -0.363609 -0.928718
1 0.516315 15.2232 1.75909 -0.413428 0.154447 0.897342
1 14.2922 14.4155 1.74411 -0.41596 -0.516106 0.74874
1 31.1743 13.0551 1.75672 -0.00039797 -0.423322 0.905979
1 26.2986 32.5896 1.75633 0.46796 -0.260045 0.844624
1 31.186 10.0345 1.74575 0.495224 -0.439143 0.749604
1 15.7647 24.0962 1.61028 0.241419 0.158571 -0.957378
1 26.0589 19.9889 1.60848 0.160943 0.126737 -0.978793
1 14.5456 33.7273 1.75599 -0.0910706 -0.325379 0.941188
1 28.1031 14.7416 1.61757 -0.630866 -0.196897 -0.750493
1 26.5235 15.5223 1.61913 -0.542053 0.0261542 -0.839937
1 12.4485 22.8579 1.60412 -0.0379002 0.735451 -0.676517
1 18.5302 29.4652 1.76382 0.52177 0.216664 0.825114
1 15.0984 21.2501 1.60925 -0.227013 0.249757 -0.941322
1 19.6135 32.626 1.75641 0.136531 0.315797 0.938952
1 31.393 4.49271 1.63231 -0.624217 0.425167 0.655429
1 29.0486 3.85504 1.76114 -0.543895 -0.003756 0.839145
1 28.0194 10.586 1.61854 0.307104 -0.4439 -0.841807
1 5.81862 13.9473 1.61149 -0.108302 0.414499 -0.903582
1 9.87531 15.1188 1.60977 -0.0539443 -0.154991 -0.986442
1 3.56828 33.6508 1.60606 -0.314846 -0.0111516 -0.949077
1 14.4959 11.1671 1.75641 -0.0685317 -0.412158 0.908531
1 8.3744 9.73673 1.61305 -0.696629 -0.0393202 -0.716353
1 9.35721 27.6568 1.7591 -0.0802715 0.207329 0.974972
1 10.465 3.96958 1.60756 -0.11192 -0.0565816 -0.992105
1 19.5951 25.4704 1.61872 0.503169 -0.425145 -0.752378
1 20.4775 14.9498 1.7559 -0.344488 0.416734 0.841226
1 25.9987 28.4975 1.76124 -0.127943 0.223985 0.966158
1 13.1894 5.87968 1.61187 0.199955 -0.545898 -0.813642
1 0.201822 0.916961 1.60937 -0.29633 0.487356 -0.821385
1 17.8382 32.9155 1.76053 0.0384417 0.0794845 0.996095
1 10.015 20.7443 1.61445 0.615048 -0.135289 -0.776797
1 32.4688 16.1878 1.75789 -0.586415 -0.246442 0.771611
1 2.74183 21.8725 1.75673 -0.236676 0.139226 0.961562
1 18.2485 19.1504 1.61034 -0.531021 -0.296276 -0.793875
1 15.4568 12.9011 1.75696 -0.224098 -0.258095 0.939769
1 4.16436 15.592 1.61715 -0.0344221 0.791937 -0.609632
1 22.2084 24.9748 1.75171 0.403817 -0.469112 0.785408
1 21.0908 15.7293 1.76095 -0.49021 0.441385 0.75158
1 32.4047 9.48217 1.75461 0.664292 -0.231183 0.710824
1 23.6258 3.69714 1.61718 -0.643319 0.12028 -0.75609
1 2.80167 3.26797 1.61255 -0.0902908 -0.0836709 -0.992394
1 26.5913 30.3255 1.74802 -0.482576 0.287318 0.827387
1 4.83753 21.4268 1.76641 -0.0832809 0.429477 0.89923
1 13.9674 4.96981 1.60802 0.0358462 -0.692465 -0.72056
1 12.9181 24.1405 1.60892 0.184637 0.658278 -0.72978
1 24.1027 22.2326 1.61641 0.560791 0.338859 -0.755439
1 5.50599 28.4925 1.75736 -0.30267 -0.301376 0.904192
1 32.697 28.1789 1.60779 0.0069012 0.0209334 -0.999757
1 27.7776 30.1809 1.73322 -0.460468 0.45434 0.762591
1 13.6749 12.7907 1.74442 -0.282908 -0.575281 0.767473
1 5.09443 1.86696 1.63936 -0.403586 -0.391191 -0.827096
1 9.0673 7.25065 1.61803 0.457395 0.196033 -0.867387
1 27.3161 29.2709 1.75763 -0.255316 0.440442 0.860712
1 19.7799 16.0126 1.75452 -0.514333 0.283904 0.809234
1 33.7487 12.7383 1.75988 0.0513628 -0.0544575 0.997194
1 29.9038 29.1182 1.60481 0.143964 0.580417 -0.801493
1 6.3127 23.4927 1.74476 0.572548 -0.25249 0.780024
1 23.1312 4.68335 1.60987 -0.463712 0.247785 -0.850631
1 16.8606 4.64055 1.76088 -0.780172 -0.0372825 0.624453
1 13.7612 23.4612 1.61175 0.127814 0.46814 -0.874362
1 32.0775 27.39 1.60939 -0.109634 0.134736 -0.984798
1 31.8334 7.2602 1.61478 0.329434 0.459463 -0.824844
1 5.30582 0.0612431 1.60619 0.0813225 -0.189916 -0.978427
1 10.2177 2.85001 1.6104 -0.26545 0.0136638 -0.964028
1 17.4156 14.2819 1.76074 -0.315806 -0.0003098 0.948824
1 16.5427 31.5498 1.76095 0.200121 -0.0716252 0.97715
1 27.9209 26.914 1.74557 0.229789 0.586254 0.776855
1 20.6401 8.84683 1.75773 0.306045 0.664577 0.68167
1 26.1651 27.5045 1.75994 0.0619571 0.259625 0.96372
1 33.106 13.458 1.76049 -0.0926507 -0.150122 0.984317
1 9.55163 28.6936 1.75704 -0.252259 0.224883 0.941166
1 29.9358 2.30632 1.7563 -0.267911 0.228719 0.935901
1 30.8003 28.7123 1.60934 0.10619 0.399037 -0.910765
1 31.6143 29.3861 1.61047 0.216871 0.25393 -0.942596
1 22.266 10.9143 1.61566 0.282534 0.65711 -0.698842
1 18.6181 32.2274 1.75946 0.150882 0.177158 0.972548
1 27.1187 11.5755 1.60183 0.425643 -0.310451 -0.84997
1 7.65632 16.2745 1.61225 0.116534 0.226336 -0.967053
1 25.1536 11.9682 1.61074 0.451222 0.0726225 -0.889452
1 33.8401 9.3101 1.73836 0.722581 -0.0582199 0.68883
1 1.19237 14.4372 1.76072 -0.262578 0.262546 0.928505
1 23.7469 5.51593 1.61249 -0.376588 0.131142 -0.917051
1 4.83482 32.0443 1.6128 -0.537269 -0.187484 -0.822309
1 21.154 5.61664 1.6232 -0.189126 0.657986 -0.728894
1 19.6606 26.5939 1.77644 -0.647535 0.481689 0.590486
1 15.3815 6.9474 1.75361 0.514262 -0.34268 0.786197
1 3.62332 31.9144 1.61441 -0.578697 0.0402186 -0.81455
1 22.233 29.9457 1.7557 -0.454626 -0.491347 0.742895
1 1.53746 23.3093 1.75461 -0.501183 -0.0517425 0.863793
1 12.7082 0.966909 1.74276 -0.51448 -0.644464 0.565665
1 25.0763 19.7929 1.60661 0.12332 0.260453 -0.957578
1 34.3205 4.10079 1.6139 0.0581507 0.350149 -0.934887
1 27.2165 25.8741 1.75445 0.372814 0.385547 0.844016
1 28.806 16.7987 1.61399 -0.322676 -0.323512 -0.889505
1 14.3446 6.60372 1.74678 0.555989 -0.536175 0.635133
1 32.7403 12.4718 1.76062 0.0909974 -0.197925 0.975984
1 26.4179 13.6187 1.61763 0.770875 -0.069448 -0.63319
1 0.683026 4.24804 1.61069 0.0579266 0.208824 -0.976236
1 29.7441 16.4706 1.62041 -0.384918 -0.489722 -0.782311
1 21.4659 20.3783 1.60027 0.115043 0.785268 -0.608374
1 3.24534 5.05091 1.60822 0.125146 -0.222656 -0.966831
1 25.588 16.1833 1.6133 -0.429265 0.161331 -0.888653
1 18.7623 16.7504 1.74834 -0.623898 0.122099 0.771909
1 3.92738 1.92599 1.61553 -0.316817 -0.215358 -0.923714
1 14.5023 12.283 1.75673 -0.201756 -0.42387 0.882966
1 14.4337 22.6179 1.61251 -0.0233505 0.352167 -0.935646
1 11.3239 11.7089 1.61463 -0.372591 -0.555367 -0.743467
1 5.46558 12.9179 1.6208 -0.191313 0.493153 -0.848646
1 9.74518 9.96969 1.61866 -0.651309 -0.229495 -0.723277
1 6.10053 30.5976 1.75387 -0.712932 -0.25586 0.652889
1 21.3388 23.4538 1.60656 0.0722595 -0.778594 -0.623353
1 12.6695 31.9367 1.75918 0.236595 -0.60473 0.760476
1 5.38979 26.4477 1.75629 0.0878137 -0.371673 0.924201
1 19.4333 14.1033 1.75728 -0.249568 0.279685 0.927088
1 22.9382 21.6293 1.61557 0.386445 0.537614 -0.749421
1 25.2489 27.9065 1.76197 -0.0449829 0.0862784 0.995255
1 27.6264 20.894 1.6068 0.334448 -0.0609428 -0.940441
1 17.3167 30.948 1.76063 0.297147 0.0155587 0.954705
1 8.71983 20.6788 1.61914 0.646721 0.112778 -0.754343
1 24.2976 4.62683 1.61606 -0.55655 0.00623822 -0.83079
1 28.9732 2.84842 1.75854 -0.38662 0.0811167 0.918665
1 7.31255 26.3878 1.75988 0.0949058 -0.102793 0.990165
1 9.53322 3.6367 1.60908 -0.133668 0.134242 -0.981892
1 13.0884 9.32353 1.76183 0.201494 -0.631584 0.748667
1 19.0892 27.765 1.73569 0.782939 0.262727 0.563898
1 9.30341 11.6795 1.61077 -0.40068 -0.180961 -0.89817
1 33.2964 10.1495 1.77562 0.539376 -0.0926402 0.836954
1 8.20966 15.4168 1.60778 0.031597 0.102413 -0.99424
1 32.5348 26.4509 1.60938 -0.267792 0.0409559 -0.962606
1 30.5964 14.4639 1.75369 -0.309676 -0.514128 0.799858
1 5.40216 10.6118 1.61848 -0.377728 0.520013 -0.766099
1 21.401 32.6323 1.75555 0.15065 0.616284 0.772981
1 30.8462 7.39572 1.61784 0.385914 0.588096 -0.710783
1 25.0042 3.84854 1.62924 -0.711808 -0.136881 -0.688907
1 28.7183 0.442605 1.76099 0.0193042 0.049551 0.998585
1 20.4737 13.8449 1.75502 -0.174648 0.429078 0.886222
1 8.28195 26.4859 1.76049 0.0880202 0.0454662 0.995081
1 9.92689 25.8979 1.75558 0.233655 0.301306 0.924456
1 24.8253 5.53754 1.61692 -0.438352 -0.0656192 -0.896405
1 19.0117 9.89007 1.75368 0.201064 0.299726 0.932597
1 24.8243 25.0335 1.75815 0.496443 -0.041536 0.867075
1 25.3671 12.9797 1.61008 0.604177 0.0582634 -0.794717
1 8.38108 12.4666 1.60793 -0.293339 -0.010889 -0.955946
1 19.4636 19.5227 1.6097 -0.474844 -0.476667 -0.739805
1 26.7705 31.6317 1.72905 0.660374 -0.196594 0.724746
1 4.96328 16.6053 1.60949 0.210633 0.655588 -0.725147
1 11.0201 4.84489 1.60765 0.031344 -0.153177 -0.987702
1 9.21033 18.8434 1.6114 0.394954 0.0312674 -0.918169
1 18.4607 15.8166 1.75551 -0.495475 0.125054 0.859573
1 25.1765 29.0344 1.76028 -0.263431 0.0839369 0.96102
1 10.545 23.0042 1.72484 0.720634 0.366272 0.588669
1 15.1399 15.8735 1.75716 -0.542933 -0.401088 0.737802
1 13.248 27.693 1.75211 -0.0813355 0.798846 0.596012
1 7.44243 32.0385 1.61269 -0.590952 -0.409867 -0.694827
1 2.83794 16.8787 1.58362 -0.787307 -0.0257235 -0.616024
1 23.4387 7.52659 1.61136 -0.0958023 0.245001 -0.964778
1 29.8204 32.767 1.75675 0.4621 0.262127 0.847203
1 12.1482 13.589 1.61362 -0.228973 -0.700091 -0.676346
1 13.3287 16.1819 1.59577 -0.121058 -0.753858 -0.645789
1 3.52429 11.3562 1.75971 0.210685 0.749686 0.627362
1 18.344 12.7151 1.75778 -0.102637 0.135195 0.985489
1 21.4625 18.8401 1.60344 -0.167784 0.726834 -0.666003
1 11.6827 4.14413 1.60772 -0.0883466 -0.290735 -0.952716
1 26.0963 6.91392 1.60939 -0.223264 -0.193567 -0.955346
1 8.95863 14.7306 1.6095 -0.0663417 -0.0183105 -0.997629
1 4.38559 13.1231 1.61092 -0.178669 0.78115 -0.598232
1 14.7708 1.1681 1.75672 -0.347191 -0.326586 0.87909
1 30.3788 6.15545 1.58617 0.189022 0.658622 -0.728346
1 33.9875 0.330316 1.63736 -0.338694 0.636731 -0.692719
1 29.4052 8.64998 1.60375 -0.0215625 -0.723494 -0.689994
1 3.32926 18.8871 1.75847 0.383427 0.182789 0.905302
1 8.49322 3.85518 1.60872 -0.0970055 0.34351 -0.934126
1 23.3652 6.45773 1.6122 -0.22593 0.235066 -0.945357
1 33.226 24.601 1.6059 -0.620606 -0.151583 -0.769332
1 28.7735 27.8945 1.74984 0.0428694 0.711337 0.701543
1 11.9646 26.7254 1.76041 0.105164 0.630898 0.768705
1 6.45938 12.9846 1.61038 -0.227094 0.306485 -0.924389
1 14.5527 0.128575 1.75464 -0.226307 -0.341081 0.912386
1 2.6011 22.8727 1.75776 -0.426928 0.117191 0.89666
1 10.4288 21.6469 1.61181 0.716032 -0.20512 -0.667251
1 10.5276 14.3256 1.60998 -0.124803 -0.294472 -0.947476
1 34.0935 27.3035 1.61359 -0.166897 -0.261277 -0.950726
1 26.2445 29.4308 1.75736 -0.306281 0.259141 0.91599
1 20.8506 27.9387 1.58732 0.192128 0.709637 -0.677865
1 7.15972 25.0272 1.75409 0.313447 -0.141857 0.93895
1 26.0171 10.2862 1.60798 0.238486 -0.107731 -0.965152
1 25.4399 30.954 1.74271 -0.685646 0.157284 0.71074
1 20.9782 7.03704 1.59892 0.064232 0.753118 -0.654742
1 31.9015 2.58944 1.75398 -0.259257 0.567676 0.781364
1 15.8359 25.1848 1.61204 0.407748 0.156741 -0.899541
1 16.3763 12.5251 1.76122 -0.155064 -0.12271 0.980254
1 17.7456 24.738 1.61135 0.376451 -0.155012 -0.913376
1 11.527 7.30361 1.61555 0.463543 -0.278798 -0.841071
1 34.3358 6.22494 1.60659 0.205708 0.193498 -0.959293
1 8.44595 5.17962 1.61152 0.108691 0.361176 -0.926141
1 32.9412 7.46715 1.61154 0.478948 0.297822 -0.825779
1 4.7369 29.9651 1.7251 -0.605072 -0.427281 0.671803
1 6.04224 0.722191 1.60203 0.272484 -0.263527 -0.925368
1 23.6085 8.59104 1.6078 0.0139845 0.255446 -0.966722
1 5.77345 21.5644 1.75247 -0.0575765 0.588615 0.80636
1 24.2542 10.4338 1.6093 0.220166 0.224995 -0.94916
1 10.9128 19.658 1.60584 0.4618 -0.27442 -0.843466
1 31.9472 25.6216 1.61322 -0.361995 0.146014 -0.920674
1 34.2658 19.969 1.75874 0.108205 -0.379259 0.918942
1 6.12621 8.29223 1.70071 0.687828 -0.451677 0.568226
1 32.1217 13.2501 1.76056 -0.050746 -0.2893 0.955892
1 31.5057 26.5762 1.60766 -0.21079 0.260502 -0.942182
1 18.4056 10.6671 1.75863 0.125822 0.158259 0.979348
1 27.4677 21.8248 1.609 0.494647 0.00511923 -0.869079
1 19.7167 33.696 1.75815 0.0148201 0.324742 0.945687
1 24.2939 29.5366 1.75936 -0.364739 -0.0715075 0.92836
1 16.4266 2.77869 1.75481 -0.508852 -0.140457 0.849318
1 2.77581 12.0696 1.757 0.162512 0.556945 0.814495
1 31.7979 12.1729 1.76033 0.14796 -0.339925 0.928741
1 27.8927 7.37235 1.61157 -0.191283 -0.478429 -0.85704
1 23.754 21.1474 1.62294 0.352745 0.421341 -0.83549
1 25.6305 18.9617 1.60721 0.000381558 0.162962 -0.986632
1 14.3531 28.1612 1.75078 0.630123 -0.497592 0.59611
1 12.71 7.04869 1.61412 0.409146 -0.505276 -0.759799
1 4.27582 19.4672 1.75979 0.291338 0.330223 0.897817
1 23.1529 11.8903 1.61458 0.396398 0.440729 -0.805374
1 10.1297 16.1809 1.60924 0.0405077 -0.173766 -0.983954
1 19.3623 1.58082 1.75511 -0.241745 0.279757 0.929137
1 23.5369 28.7836 1.76225 -0.242082 -0.22154 0.944625
1 6.48899 22.423 1.61274 -0.868704 0.34966 0.350845
1 0.669084 5.89255 1.61257 0.196218 0.115571 -0.973726
1 30.5599 18.5587 1.61259 -0.0521836 -0.550901 -0.832937
1 7.86714 6.81552 1.61111 0.388515 0.412563 -0.823922
1 7.66581 4.49137 1.61562 -0.00287559 0.512653 -0.858591
1 32.901 2.18467 1.76068 -0.0985741 0.779809 0.618208
1 29.0841 1.81778 1.75851 -0.208037 0.11206 0.971681
1 18.4228 13.7618 1.75911 -0.229608 0.140522 0.963086
1 7.4057 23.9962 1.75717 0.483068 -0.0901882 0.870926
1 12.6852 10.6218 1.74897 0.0108333 -0.6943 0.719604
1 1.2534 3.31991 1.61303 -0.0515377 0.17512 -0.983197
1 24.2546 6.87229 1.61042 -0.204839 0.0936612 -0.974304
1 10.0634 4.84484 1.60894 0.0358832 0.0317641 -0.998851
1 29.6007 18.6464 1.61037 -0.0289458 -0.389303 -0.920655
1 11.0443 10.4671 1.61304 -0.585507 -0.483704 -0.650548
1 2.2529 14.4302 1.76166 -0.227219 0.441701 0.867912
1 17.0756 21.6154 1.6083 -0.133144 -0.089647 -0.987034
1 13.6165 34.017 1.75827 -0.133475 -0.476617 0.868919
1 18.822 24.8939 1.60943 0.397828 -0.320605 -0.859619
1 19.3698 15.1311 1.75736 -0.382735 0.261107 0.886193
1 11.2517 28.3078 1.75433 -0.183565 0.48488 0.8551
1 22.64 29.0728 1.75429 -0.312012 -0.372754 0.873901
1 22.0701 0.443815 1.74479 -0.136297 0.76961 0.623798
1 19.2244 28.8271 1.75083 0.599546 0.352158 0.7187
1 2.04651 28.9654 1.62242 0.0333118 -0.733991 -0.678342
1 30.0713 4.3713 1.73924 -0.618059 0.194076 0.761799
1 6.87351 33.4785 1.61203 -0.151407 -0.353152 -0.923233
1 1.42832 30.1213 1.61584 0.275136 -0.626643 -0.729122
1 24.4608 16.0303 1.61222 -0.481761 0.327318 -0.812877
1 7.67518 10.5726 1.6086 -0.542238 0.0676129 -0.8375
1 28.3341 20.1981 1.60738 0.216014 -0.173753 -0.960806
1 33.1391 4.81637 1.60468 -0.136153 0.307945 -0.941612
1 34.0888 15.3153 1.75926 -0.406172 -0.0129838 0.913705
1 12.4524 16.5569 1.6067 0.00884784 -0.610553 -0.791926
1 27.6975 0.467065 1.75923 0.00157098 -0.082424 0.996596
1 23.0818 18.0866 1.61543 -0.165188 0.512215 -0.842822
1 30.0251 3.35305 1.75791 -0.446436 0.194408 0.873441
1 7.66865 23.003 1.75394 0.644943 -0.100459 0.757599
1 30.0458 19.6434 1.61042 0.128175 -0.458383 -0.879464
1 33.7371 29.1037 1.60862 0.135555 -0.143047 -0.980389
1 13.7059 31.8217 1.75038 0.171178 -0.458866 0.87186
1 21.5289 11.9941 1.74837 0.127683 0.710324 0.692197
1 7.52431 19.9558 1.62723 0.610621 0.391812 -0.688205
1 2.25987 26.0734 1.73399 0.0621079 -0.750972 0.657406
1 10.9152 2.09618 1.61192 -0.382232 -0.151436 -0.911573
1 15.1853 32.9803 1.75794 0.00323257 -0.23515 0.971954
1 5.90816 9.48921 1.61305 -0.552238 0.3946 -0.734387
1 18.245 22.9876 1.60753 0.0929853 -0.258546 -0.961513
1 9.0071 22.7205 1.7441 0.727057 0.117179 0.676504
1 1.96726 17.5127 1.76546 0.591603 -0.00190848 0.806228
1 10.4027 31.2979 1.7569 -0.688088 0.267324 0.674591
1 9.38408 5.57703 1.60878 0.168969 0.164078 -0.971868
1 1.68991 22.3385 1.75742 -0.321016 -0.0191762 0.94688
1 11.8506 24.0146 1.72636 0.411755 0.750315 0.51719
1 25.8514 9.23483 1.60656 0.0968686 -0.100876 -0.990172
1 11.4586 29.3493 1.74866 -0.372639 0.515345 0.771725
1 5.58627 6.65828 1.62501 0.312786 -0.629368 -0.711379
1 30.5317 22.175 1.60862 0.481996 -0.508344 -0.713629
1 28.9315 17.8358 1.61059 -0.157213 -0.303185 -0.939874
1 27.647 15.7257 1.61527 -0.470761 -0.145774 -0.870134
1 34.1474 7.82557 1.61665 0.510145 0.152969 -0.846376
1 6.15091 14.9814 1.6094 -0.00802423 0.395664 -0.91836
1 7.63422 5.68238 1.61676 0.187344 0.538581 -0.821482
1 15.3605 22.1707 1.61055 -0.0779016 0.197063 -0.977291
1 5.74188 25.4032 1.75446 0.277136 -0.34862 0.895355
1 30.8355 31.1643 1.59946 0.557681 0.423929 -0.713636
1 33.0948 27.276 1.60843 -0.150398 -0.0657059 -0.98644
1 26.6475 23.5764 1.61243 0.8031 0.169412 -0.571253
1 5.10624 7.91752 1.61445 0.547207 -0.520128 -0.655768
1 14.7816 23.5925 1.60932 0.142824 0.302551 -0.942372
1 25.2798 30.0054 1.75889 -0.471609 0.115506 0.87421
1 16.0934 21.3826 1.60814 -0.188258 0.074164 -0.979315
1 22.1965 23.1334 1.78512 -0.533397 -0.686347 0.494384
1 25.1345 7.40219 1.60716 -0.136425 -0.0311091 -0.990162
1 19.4059 0.0796062 1.75701 -0.0985203 0.279266 0.955146
1 17.6199 31.9011 1.75946 0.168749 0.0505508 0.984362
1 31.7591 8.33184 1.6167 0.568362 0.351967 -0.743696
1 4.24955 26.6929 1.76013 -0.0190842 -0.500125 0.865743
1 20.6605 2.95849 1.74714 -0.447165 0.494941 0.745035
1 32.2719 1.20028 1.7644 -0.0481663 0.564712 0.823882
1 7.92924 25.6026 1.759 0.226514 -0.0198004 0.973807
1 29.0664 19.5138 1.60762 0.105837 -0.29132 -0.950753
1 26.7119 0.710199 1.75881 -0.0589575 -0.200676 0.977882
1 26.9189 7.58392 1.60958 -0.136476 -0.313953 -0.939579
1 1.84427 11.4249 1.75462 0.274752 0.378533 0.883869
1 30.5948 16.0771 1.6113 -0.497381 -0.611905 -0.614967
1 19.8621 21.9286 1.61143 -0.0508875 -0.5748 -0.81671
1 0.802293 8.47858 1.62046 0.796903 0.11555 -0.592954
1 16.5818 23.4358 1.60749 0.14589 0.0150094 -0.989187
1 14.4759 20.5494 1.61422 -0.354694 0.372049 -0.857771
1 5.21458 15.3902 1.61333 0.0153562 0.569415 -0.821907
1 17.7815 6.55796 1.75558 0.570603 0.141267 0.808984
1 21.622 1.98211 1.75202 -0.304151 0.663458 0.683605
1 19.3672 31.5571 1.75733 0.254949 0.283847 0.924355
1 2.62588 13.3444 1.75908 -0.0188001 0.532889 0.845976
1 34.2289 31.5993 1.60067 0.525923 -0.330441 -0.783718
1 25.002 1.51176 1.75855 -0.254161 -0.416755 0.872764
1 16.638 28.3999 1.75241 0.667123 -0.0960065 0.738735
1 6.63962 6.02618 1.59857 0.125668 -0.8485 -0.514058
1 25.5075 15.0815 1.62947 -0.583267 0.207361 -0.785367
1 1.70242 4.19722 1.61266 0.0104179 0.0354246 -0.999318
1 16.3105 15.7442 1.75553 -0.542717 -0.190391 0.818053
1 33.1323 32.1053 1.60502 0.585385 -0.0874022 -0.806031
1 31.1255 3.59728 1.75469 -0.476939 0.398899 0.783204
1 22.5707 7.10383 1.61865 -0.106488 0.393536 -0.913121
1 28.4154 29.1349 1.74943 -0.211919 0.60082 0.770783
1 14.2386 3.32331 1.67217 -0.505794 -0.687003 0.521727
1 4.02776 25.1201 1.68766 0.397631 -0.598743 0.695267
1 17.3675 7.43563 1.75931 0.454093 0.036986 0.890186
1 9.39259 12.7178 1.60832 -0.259302 -0.168953 -0.950903
1 3.24406 14.3082 1.76491 -0.172086 0.624011 0.762231
1 12.2303 27.9747 1.76096 -0.148713 0.651408 0.74401
1 3.43491 6.87313 1.60936 0.407268 -0.248054 -0.878978
1 15.5418 5.80462 1.75427 0.665622 -0.263428 0.69825
1 27.7439 19.3705 1.60837 0.0776224 -0.11231 -0.990637
1 15.852 9.76888 1.76013 0.1454 -0.209971 0.966836
1 2.79342 32.9912 1.60598 -0.461779 0.0977995 -0.881587
1 15.0856 9.12034 1.75862 0.200646 -0.331922 0.921721
1 28.2642 1.2703 1.76047 -0.144588 -0.00575057 0.989475
1 33.746 10.9506 1.73743 0.381091 -0.0630048 0.922388
1 8.85947 32.5517 1.59078 -0.612317 -0.546216 -0.571591
1 15.2943 28.7246 1.75776 0.604303 -0.313556 0.732462
1 18.5157 2.20734 1.75763 -0.348895 0.160405 0.923332
1 13.4599 3.70751 1.60426 -0.184914 -0.644984 -0.741487
1 21.0964 0.825436 1.75183 -0.125172 0.596094 0.793098
1 13.2826 7.88981 1.76527 0.408437 -0.738444 0.536545
1 13.3152 21.1382 1.6232 -0.234656 0.617802 -0.750505
1 5.2904 17.9622 1.62621 0.512343 0.653993 -0.556595
1 14.1122 9.06031 1.75815 0.204731 -0.484633 0.850421
1 4.71695 23.852 1.71497 0.673016 -0.408594 0.616523
1 32.0836 33.4264 1.73126 0.396343 0.539166 0.74311
1 10.8277 15.42 1.61392 -0.0488577 -0.313384 -0.948369
1 7.60755 2.06538 1.60621 -0.381002 0.546197 -0.745994
1 33.9066 1.72212 1.61611 -0.166302 0.66396 -0.729041
1 25.9941 5.88631 1.61398 -0.388109 -0.220206 -0.894919
1 31.1354 20.953 1.61988 0.280325 -0.694584 -0.662548
1 30.9794 33.2462 1.74928 0.409316 0.361418 0.837757
1 7.05317 0.788636 1.6185 0.277075 -0.489348 -0.826903
1 10.4727 30.229 1.75714 -0.515644 0.349471 0.782293
1 13.9094 15.3764 1.75574 -0.503003 -0.643838 0.576594
1 1.56017 15.307 1.76218 -0.446606 0.325471 0.833434
1 18.2041 5.70055 1.75117 0.672188 0.238424 0.70094
1 25.1622 8.49212 1.60734 0.0185182 -0.0079394 -0.999797
1 0.148152 2.16877 1.6122 -0.19859 0.453701 -0.868745
1 24.3323 7.93529 1.60733 -0.0522877 0.104942 -0.993103
1 9.02687 31.66 1.75392 -0.778604 -0.0431228 0.626032
1 9.80998 18.0097 1.61096 0.268177 -0.091186 -0.959045
1 20.5097 20.3848 1.62148 -0.293877 -0.693734 -0.657548
1 12.0159 19.4746 1.61779 0.407363 -0.473087 -0.781181
1 8.6671 6.24785 1.61142 0.283455 0.297539 -0.91166
1 30.9397 25.6288 1.61983 -0.317552 0.342226 -0.884332
1 3.72832 2.95424 1.61174 -0.160615 -0.234791 -0.958685
1 18.037 9.37658 1.75439 0.24061 0.136169 0.961023
1 24.4313 9.16542 1.60733 0.09101 0.150585 -0.984399
1 24.4996 0.495776 1.75786 -0.0533865 -0.476104 0.877767
1 16.7157 24.5062 1.6097 0.317323 0.00535254 -0.948302
1 33.5351 14.4519 1.75943 -0.257237 -0.0875026 0.962378
1 24.4069 28.398 1.76081 -0.15809 -0.0644814 0.985317
1 27.9561 13.4156 1.62454 0.731471 -0.326171 -0.598802
1 24.4066 20.4662 1.61062 0.226678 0.357474 -0.905996
1 14.7913 31.9849 1.75796 0.1372 -0.301211 0.943635
1 28.7611 9.66038 1.61514 0.139391 -0.56954 -0.810058
1 26.1022 11.3081 1.60789 0.376649 -0.116932 -0.918947
1 15.699 20.4236 1.61213 -0.351196 0.124811 -0.927946
1 30.0803 25.2091 1.62273 -0.256962 0.544215 -0.798624
1 27.8656 4.06569 1.75399 -0.709136 -0.205796 0.67437
1 2.93863 15.5109 1.75982 -0.419955 0.50466 0.754292
1 7.50398 28.2997 1.75722 -0.219789 -0.0558879 0.973945
1 30.2405 33.8598 1.76006 0.266906 0.279875 0.922188
1 5.75399 31.484 1.61416 -0.658475 -0.316636 -0.682753
1 0.493539 16.1482 1.72598 -0.614328 0.102861 0.782318
1 32.0201 24.6274 1.6073 -0.522584 0.118625 -0.844295
1 27.7974 9.52076 1.61382 0.147904 -0.41362 -0.898356
1 26.154 25.3415 1.75431 0.457879 0.178696 0.87087
1 2.02089 2.67842 1.6146 -0.119202 0.0771949 -0.989865
1 6.36753 24.4752 1.75684 0.40908 -0.250635 0.877403
1 20.4546 16.7716 1.75236 -0.658283 0.292431 0.693649
1 21.8574 6.39275 1.62224 -0.132963 0.548502 -0.82551
1 0.366501 23.7104 1.75789 -0.541787 -0.232605 0.807689
1 30.7106 12.1473 1.7516 0.14639 -0.526129 0.83771
1 29.1209 5.9932 1.61186 -0.40862 -0.681605 -0.606997
1 22.0481 4.9275 1.60348 -0.343144 0.46979 -0.813357
1 19.7948 12.1763 1.75831 -0.0160549 0.347144 0.937674
1 14.0697 32.8171 1.75457 0.0330689 -0.398166 0.916717
1 31.4039 6.19067 1.60134 0.090998 0.517347 -0.850924
1 10.3289 27.9923 1.75794 -0.126613 0.350499 0.927965
1 2.61832 30.1993 1.75028 0.654757 -0.551232 0.517143
1 29.5262 21.8064 1.6102 0.454955 -0.351038 -0.818406
1 8.56299 28.3461 1.75885 -0.209489 0.0834164 0.974246
1 1.01489 18.1458 1.74956 0.467907 -0.139795 0.872651
1 30.4655 1.36662 1.7592 -0.106584 0.290504 0.950919
1 2.37962 19.3723 1.75905 0.249098 0.0470638 0.967334
1 20.6991 24.725 1.60802 0.347965 -0.637027 -0.687835
1 6.47865 27.9543 1.75823 -0.174553 -0.192568 0.965634
1 28.484 8.4175 1.61986 -0.0190335 -0.565617 -0.824448
1 15.5814 31.1998 1.76072 0.250763 -0.203362 0.946447
1 30.2357 13.3511 1.75973 -0.0585706 -0.564063 0.823652
1 16.7655 20.5931 1.61095 -0.304096 -0.0525475 -0.951191
1 34.4885 29.7493 1.6097 0.228405 -0.290541 -0.929202
1 30.5313 26.7423 1.6242 -0.179058 0.477777 -0.860039
1 11.8821 1.60636 1.62042 -0.497741 -0.361846 -0.78824
1 22.2618 33.4451 1.75642 0.0715822 0.795776 0.601346
1 24.4848 13.64 1.64133 0.701225 0.222648 -0.677283
1 26.5667 20.9318 1.6066 0.329071 0.0909122 -0.939919
1 33.7203 32.8579 1.76543 -0.694817 0.227678 0.682197
1 33.6644 28.1515 1.60783 -0.0235559 -0.156148 -0.987453
1 8.26847 30.1564 1.7519 -0.528384 -0.00957638 0.848952
1 33.8062 20.9978 1.75711 -0.0711402 -0.459935 0.885098
1 2.78996 7.75891 1.61385 0.550858 -0.1104 -0.827265
1 1.02305 12.7594 1.75799 0.0546618 0.237564 0.969833
1 32.5196 0.0288716 1.7557 0.163146 0.58244 0.796334
1 14.7781 16.7958 1.7563 -0.649257 -0.483873 0.586798
1 19.5639 8.11926 1.74559 0.422876 0.465801 0.777307
1 3.30112 0.0123946 1.60643 -0.20991 0.0316663 -0.977208
1 30.0813 27.8753 1.60885 -0.0163117 0.537527 -0.843089
1 26.164 1.53767 1.75828 -0.236771 -0.264999 0.934727
1 25.1387 10.9482 1.6079 0.309776 0.0592644 -0.948961
1 26.9046 5.44579 1.61403 -0.487231 -0.363883 -0.793848
1 27.0408 27.169 1.75799 0.153645 0.427469 0.890878
1 23.1497 30.9058 1.74575 -0.615884 -0.268316 0.740738
1 18.355 31.1787 1.7595 0.277929 0.14798 0.949135
1 2.65396 4.24254 1.60963 0.0173468 -0.1041 -0.994416
1 6.45146 10.7308 1.61306 -0.473991 0.305357 -0.825887
1 0.855262 21.7126 1.75856 -0.201008 -0.156836 0.966953
1 20.8996 10.2872 1.74641 0.176648 0.642437 0.745701
1 6.03107 20.405 1.76897 0.184498 0.604864 0.774662
1 17.4994 13.2631 1.76017 -0.181519 0.00643865 0.983366
1 21.7039 14.5853 1.75481 -0.310157 0.576209 0.756165
1 4.37083 11.1484 1.60475 -0.200529 0.750254 -0.630006
1 6.09926 11.8926 1.60898 -0.317032 0.355102 -0.879428
1 12.6332 34.2679 1.75798 -0.229402 -0.609319 0.759016
1 0.0584551 26.5351 1.6114 -0.328909 -0.384605 -0.862495
1 7.31885 3.35598 1.61104 -0.136174 0.654419 -0.74377
1 32.371 3.53525 1.72659 -0.417783 0.623871 0.660487
1 34.0912 13.6458 1.75927 -0.113601 0.00641855 0.993506
1 34.5656 10.1486 1.76754 0.537731 0.0675982 0.840402
1 3.1308 24.699 1.76858 0.678401 -0.579659 0.451407
1 6.54111 32.4616 1.61939 -0.39029 -0.352603 -0.850496
1 24.1199 17.9524 1.60855 -0.176602 0.364986 -0.91411
1 33.4109 23.4731 1.7466 -0.611369 -0.415703 0.673364
1 8.68481 29.2739 1.75348 -0.360686 0.0815012 0.929119
1 8.78816 17.8309 1.61301 0.262874 0.0671726 -0.962489
1 27.8491 28.1391 1.75211 -0.00403222 0.554651 0.832073
1 15.6358 23.1025 1.60918 0.0767005 0.160886 -0.983988
1 25.3254 25.894 1.75712 0.325418 0.0549429 0.943973
1 24.6103 2.51515 1.75962 -0.504593 -0.438599 0.743651
1 20.5544 11.4402 1.74815 0.048283 0.50483 0.861867
1 6.52355 25.8859 1.75471 0.179516 -0.232181 0.955963
1 18.3592 14.7895 1.75839 -0.356765 0.130842 0.924986
1 4.37137 31.0502 1.61659 -0.709245 -0.101397 -0.697632
1 14.517 29.7437 1.75743 0.439473 -0.409519 0.799474
1 2.9391 2.25459 1.61446 -0.213949 -0.0642476 -0.97473
1 8.40187 0.943946 1.60901 -0.556789 0.405442 -0.724985
1 1.37469 18.9976 1.7546 0.298418 -0.109126 0.948176
1 15.9278 1.37317 1.75822 -0.360654 -0.179972 0.915171
1 4.88984 5.82542 1.6141 0.217021 -0.50077 -0.837933
1 11.7091 25.409 1.75236 0.303997 0.569312 0.763851
1 16.497 30.3249 1.75641 0.38399 -0.100786 0.91782
1 21.9652 26.1478 1.75115 0.168045 -0.524199 0.834851
1 32.1967 10.4782 1.76545 0.45698 -0.258734 0.851015
1 32.9915 25.5346 1.61256 -0.440515 -0.0569544 -0.895937
1 8.93144 10.6833 1.61401 -0.545261 -0.125305 -0.828848
1 29.3934 31.6532 1.7538 0.616422 0.198804 0.761906
1 8.7914 1.81789 1.61359 -0.422782 0.309339 -0.851801
1 8.20087 11.4736 1.60971 -0.418517 -0.00290604 -0.908204
1 10.3121 13.2176 1.60776 -0.206394 -0.314053 -0.9267
1 26.9537 17.4354 1.60821 -0.227832 -0.0291119 -0.973265
1 25.9594 7.90749 1.60912 -0.0666105 -0.147789 -0.986773
1 17.9697 8.33692 1.76155 0.337393 0.129837 0.932367
1 7.66167 30.9759 1.75282 -0.694221 -0.109951 0.711314
1 28.7337 26.518 1.77781 0.299957 0.725266 0.61969
1 33.2531 5.85557 1.60651 0.0831032 0.300674 -0.950099
1 0.860995 24.877 1.58435 0.74424 0.304873 -0.594272
1 33.95 30.7101 1.62697 0.401816 -0.20983 -0.891356
1 34.186 22.8549 1.76104 -0.398916 -0.361083 0.842903
1 7.26884 14.9377 1.60966 0.000959866 0.223419 -0.974722
1 29.7519 12.2932 1.76362 0.124115 -0.713403 0.689675
1 20.4088 32.0475 1.75353 0.226224 0.445839 0.866054
1 25.1017 9.90521 1.60761 0.174496 0.0451821 -0.983621
1 18.5537 3.26763 1.75655 -0.512314 0.192151 0.837026
1 11.1378 16.517 1.61367 0.0527675 -0.334143 -0.941044
1 2.83583 6.0076 1.60935 0.270366 -0.163435 -0.948784
1 11.3278 33.965 1.75279 -0.257871 -0.747684 0.611941
1 17.9959 25.6876 1.60712 0.53964 -0.186925 -0.820882
1 7.04121 9.74234 1.61476 -0.625849 0.170677 -0.76104
1 33.0998 8.4235 1.64981 0.731566 0.109655 -0.672894
1 33.5967 26.3836 1.61099 -0.307559 -0.166596 -0.936831
1 27.2953 18.4431 1.60825 -0.068828 -0.0709986 -0.995099
1 8.97086 21.6944 1.60715 0.774564 0.0912265 -0.625883
1 13.5337 11.4764 1.75501 -0.12799 -0.578425 0.805632
1 26.384 4.30594 1.60054 -0.680014 -0.387252 -0.622588
1 11.516 32.1069 1.74871 0.247856 -0.754697 0.607454
1 23.2562 15.9592 1.61941 -0.46085 0.509773 -0.726463
1 1.71835 9.88515 1.72699 0.507133 0.367671 0.779509
1 32.5915 11.3842 1.76032 0.298563 -0.226658 0.927085
1 33.787 17.3784 1.75389 0.685034 -0.312895 0.657895
1 30.2164 9.41296 1.61991 0.269779 -0.791837 -0.547917
1 9.73783 23.7059 1.75702 0.556424 0.295429 0.776604
1 32.6919 29.1529 1.60723 0.168189 0.0511575 -0.984426
1 7.30405 27.3499 1.76027 -0.0609669 -0.0817759 0.994784
1 12.7647 2.53189 1.60048 -0.33702 -0.549099 -0.764793
1 15.3915 14.9199 1.75392 -0.430504 -0.318029 0.844703
1 25.6662 22.6091 1.62039 0.614043 0.241232 -0.751505
1 0.57214 17.2818 1.68922 0.681485 -0.108613 0.723728
1 17.3313 33.8058 1.75941 -0.0544378 0.01791 0.998357
1 22.5679 28.0184 1.75547 -0.13493 -0.392767 0.909686
1 23.5799 26.6909 1.75913 0.117113 -0.233652 0.965242
1 8.60444 19.6535 1.60688 0.512454 0.189311 -0.837587
1 9.75051 6.53695 1.61125 0.330696 0.0834334 -0.940042
1 0.17123 20.8893 1.75876 -0.0571412 -0.28762 0.956038
1 15.1208 19.5967 1.61203 -0.488179 0.229053 -0.84215
1 27.5538 8.44883 1.61344 -0.0103212 -0.407127 -0.913313
1 19.2821 13.0872 1.75728 -0.119402 0.2665 0.95641
1 27.0719 20.0761 1.60646 0.191639 -0.0140615 -0.981365
1 4.42207 18.4314 1.76158 0.51532 0.359644 0.777882
1 13.9421 24.6076 1.60153 0.317848 0.489138 -0.812229
1 13.4197 25.3642 1.77805 -0.428948 -0.618316 0.658551
1 17.9856 28.4514 1.75364 0.653052 0.110742 0.749172
1 34.4466 18.0981 1.74727 0.49752 -0.283398 0.819853
1 10.2281 7.46243 1.60858 0.484464 -0.0307122 -0.874272
1 4.49376 3.75541 1.61084 -0.0705112 -0.39349 -0.916621
1 18.3363 4.40216 1.75992 -0.694627 0.176482 0.697386
1 9.57418 13.9067 1.60783 -0.140267 -0.15606 -0.977737
1 26.269 21.8439 1.61512 0.47282 0.180797 -0.862412
1 11.7379 21.6792 1.61456 0.646397 -0.488251 -0.58633
1 4.39958 34.2342 1.60464 -0.0860623 -0.0742074 -0.993522
1 30.9683 24.3943 1.61636 -0.466899 0.378891 -0.799029
1 16.1435 29.3583 1.75904 0.516883 -0.172017 0.838595
1 25.2001 17.9953 1.60874 -0.158935 0.214402 -0.963728
1 11.7432 17.3777 1.60441 0.130065 -0.443069 -0.887002
1 12.678 17.8016 1.61359 0.211756 -0.587549 -0.78099
1 26.5866 3.30911 1.75245 -0.60455 -0.277421 0.746697
1 2.2527 5.13444 1.6092 0.133959 -0.0695889 -0.988541
1 22.5706 17.1561 1.61091 -0.28005 0.639594 -0.715885
1 20.136 29.8466 1.75585 0.478695 0.456631 0.749893
1 26.2805 26.3896 1.75716 0.261033 0.242948 0.934258
1 12.4842 3.63415 1.61732 -0.157073 -0.461676 -0.873031
1 0.821461 29.2535 1.6124 0.164803 -0.48031 -0.861477
1 8.96577 33.7689 1.59126 -0.365184 -0.588167 -0.721595
1 26.6967 16.4692 1.61075 -0.386544 0.00129613 -0.92227
1 30.7639 29.9251 1.61124 0.29913 0.429276 -0.852199
1 23.5594 9.66498 1.6072 0.122155 0.364075 -0.923324
1 22.6197 9.76536 1.621 0.0953059 0.567558 -0.817799
1 8.55076 16.6786 1.61129 0.135722 0.0930299 -0.98637
1 22.3449 3.79436 1.61369 -0.556833 0.3551 -0.750893
1 3.52839 12.9987 1.77074 0.040331 0.71752 0.695369
1 10.3334 33.1835 1.60948 0.160043 -0.83508 -0.526334
1 15.6466 13.9755 1.75086 -0.319932 -0.241352 0.916184
1 12.4175 30.8486 1.72077 0.43916 -0.639332 0.631184
1 5.31552 19.3781 1.76701 0.383676 0.487675 0.784197
1 6.37955 26.8977 1.75955 0.00500475 -0.224456 0.974471
1 15.366 4.38878 1.74359 -0.70547 -0.35134 0.615526
1 10.9008 9.30174 1.61942 -0.870777 -0.140254 -0.471249
1 14.719 10.1143 1.75689 0.0678266 -0.37211 0.925707
1 31.6784 30.6818 1.60993 0.425459 0.276548 -0.861688
1 22.9486 25.855 1.75837 0.250981 -0.348967 0.902901
1 11.1119 27.2265 1.75341 0.00876337 0.479239 0.877641
1 3.5878 22.3517 1.76206 -0.340975 0.264749 0.902022
1 8.23602 8.79385 1.64641 0.783932 0.151922 -0.601971
1 29.1489 33.4919 1.75949 0.324324 0.144348 0.934868
1 11.2716 20.6191 1.61233 0.562511 -0.384848 -0.731761
1 28.4355 22.4396 1.60905 0.573745 -0.145935 -0.805928
1 20.4776 1.87778 1.75705 -0.28289 0.471334 0.835355
1 12.5476 15.1039 1.61752 -0.160956 -0.608905 -0.776742
1 3.87013 8.08156 1.61135 0.572609 -0.302008 -0.762175
1 18.9145 8.81599 1.75846 0.329682 0.306058 0.893106
1 17.3654 12.2392 1.76048 -0.0711084 0.00541044 0.997454
1 12.1507 6.25389 1.61476 0.286582 -0.370442 -0.88354
1 7.64128 34.288 1.61075 -0.0165391 -0.524426 -0.851295
1 19.0346 30.4456 1.75401 0.387285 0.244542 0.888937
1 31.5267 18.514 1.61008 -0.0673702 -0.710196 -0.700773
1 31.0763 27.6243 1.61183 -0.0619694 0.33837 -0.938971
1 1.19364 32.5443 1.63874 -0.573353 0.485211 -0.660179
1 22.2516 31.8502 1.75183 0.297534 0.750149 0.59055
1 31.4515 34.2478 1.7532 0.226615 0.413405 0.881897
1 16.3579 22.3739 1.60753 -0.0253662 0.0365747 -0.999009
1 26.2545 18.167 1.60816 -0.117247 0.0682511 -0.990755
1 27.9526 17.7256 1.6103 -0.171873 -0.167646 -0.970749
1 18.9685 22.2932 1.60675 -0.00914569 -0.396183 -0.918126
1 18.5793 26.4442 1.60792 0.670076 -0.263104 -0.6941
1 10.9034 24.2479 1.7599 0.491902 0.52306 0.696018
1 34.3794 33.66 1.62659 -0.602524 0.517813 -0.607318
1 3.89382 21.4204 1.76057 -0.134407 0.27569 0.951804
1 21.352 30.2756 1.73707 0.476359 0.676741 0.561341
1 20.3583 28.7701 1.73454 0.592102 0.579081 0.560429
1 16.5578 10.4954 1.76056 0.0818338 -0.101272 0.991487
1 33.8534 19.0147 1.75532 0.297705 -0.40654 0.863769
1 28.1347 31.4621 1.75007 0.64515 -0.0138922 0.76393
1 14.6547 13.4679 1.74564 -0.314321 -0.396382 0.862603
1 22.6407 26.9356 1.75957 0.0477956 -0.399529 0.915474
1 0.208522 7.11807 1.61223 0.364459 0.145484 -0.919785
1 7.01042 30.0123 1.75451 -0.526648 -0.181398 0.830504
1 28.8984 7.27043 1.61533 -0.209429 -0.638308 -0.740744
1 0.939939 11.7693 1.75953 0.223221 0.225082 0.948425
1 34.4483 21.8778 1.75728 -0.229055 -0.326436 0.917046
1 18.7917 21.2412 1.60749 -0.179026 -0.38273 -0.906348
1 29.8527 17.5983 1.60887 -0.202876 -0.44762 -0.870906
1 15.2758 8.06197 1.75209 0.353846 -0.360732 0.86294
1 1.67329 13.5365 1.75969 -0.0798338 0.349302 0.933603
1 12.6734 12.1042 1.73419 -0.189063 -0.749568 0.634353
1 21.7191 27.3601 1.75153 -0.0493339 -0.573845 0.817477
1 29.9788 7.65763 1.65815 -0.260275 -0.798733 -0.542478
1 23.191 13.0592 1.61388 0.548637 0.454663 -0.701626
1 10.1747 26.9351 1.75853 0.0486367 0.334541 0.941125
1 2.29625 20.452 1.7588 0.0385493 0.041179 0.998408
1 8.12025 18.6356 1.6144 0.372932 0.198806 -0.90631
1 7.09874 11.4599 1.60568 -0.403714 0.178786 -0.897246
1 14.5542 18.7546 1.6103 -0.587246 0.365556 -0.722157
1 32.8468 21.0181 1.75129 -0.067419 -0.63203 0.772006
1 10.3698 5.75694 1.6088 0.190834 -0.0313605 -0.981121
1 2.46763 34.0147 1.60808 -0.354429 0.154402 -0.922247
1 17.8133 1.37071 1.75756 -0.281859 0.0613408 0.957493
1 17.3992 16.3618 1.75211 -0.60818 -0.0296926 0.793244
1 27.9058 5.08948 1.60782 -0.6143 -0.477593 -0.628124
1 1.86239 16.1434 1.69465 -0.6539 0.290549 0.698567
1 28.0912 33.2261 1.75896 0.341947 -0.0112896 0.939651
1 3.30479 17.886 1.76645 0.58619 0.142872 0.797477
1 3.57191 3.99815 1.60885 -0.0199409 -0.248431 -0.968444
1 27.0273 33.2723 1.75676 0.32138 -0.155154 0.934153
1 31.2679 15.5309 1.76848 -0.553282 -0.459121 0.695045
1 10.781 1.05358 1.61561 -0.541919 -0.0987465 -0.834609
1 19.4997 5.91576 1.77116 0.588407 0.542261 0.599775
1 16.1703 16.7425 1.75518 -0.69882 -0.221929 0.679998
1 8.93796 25.5787 1.75976 0.249422 0.14157 0.957991
1 13.7164 10.2579 1.75682 0.0469727 -0.535625 0.843149
1 11.9845 8.15402 1.60971 0.578002 -0.407042 -0.707269
1 0.0843173 12.9014 1.75983 0.0274327 0.0912155 0.995453
1 33.3004 22.1187 1.76035 -0.250774 -0.493932 0.832553
1 16.7625 0.8273 1.76183 -0.25999 -0.0644424 0.963459
1 2.40491 32.101 1.62039 -0.538838 0.249407 -0.804642
1 0.0109537 28.6036 1.60808 0.0470875 -0.329259 -0.943065
1 27.1854 22.7354 1.6123 0.651007 0.0947372 -0.753136
1 21.131 31.3854 1.73978 0.346685 0.558166 0.75383
1 20.916 3.94068 1.61149 -0.720172 0.507814 -0.472734
1 5.55633 27.4636 1.76195 -0.103894 -0.324973 0.939999
1 17.0133 18.8847 1.6029 -0.599174 -0.131797 -0.789696
1 0.640773 25.7879 1.60259 -0.518859 -0.469815 -0.714185
1 10.3468 12.1248 1.61069 -0.341988 -0.352494 -0.871087
1 9.23455 2.69884 1.60796 -0.272024 0.230885 -0.934182
1 2.14047 1.49692 1.76115 0.157766 -0.183389 0.970298
1 22.6801 8.33598 1.61466 0.0303641 0.409774 -0.911682
1 17.8806 30.1809 1.75463 0.416579 0.0928879 0.904342
1 31.4786 14.0587 1.75493 -0.19027 -0.394494 0.898984
1 28.1478 11.6448 1.62086 0.462481 -0.494597 -0.735857
1 10.46 29.1253 1.75746 -0.321575 0.357228 0.876914
1 16.9658 8.35998 1.75964 0.314192 -0.0310174 0.948853
1 25.1592 6.44535 1.60446 -0.28933 -0.0577985 -0.955483
1 1.9079 21.3745 1.75842 -0.139292 0.00748079 0.990223
1 5.64659 32.834 1.61325 -0.30169 -0.237859 -0.923259
1 33.0632 18.4596 1.75417 0.434456 -0.513448 0.740013
1 0.41839 27.6193 1.61323 -0.119032 -0.427712 -0.896044
1 6.87147 16.9086 1.61113 0.236669 0.380038 -0.894181
1 29.2399 24.7547 1.60888 -0.182216 0.728529 -0.660336
1 2.58562 8.7164 1.60066 0.709625 -0.0527899 -0.702599
1 15.6092 0.406142 1.75484 -0.236918 -0.19114 0.952542
1 23.3546 29.9371 1.75332 -0.44684 -0.244132 0.860659
1 32.0271 31.6996 1.60805 0.578767 0.174456 -0.796614
1 8.27554 7.85198 1.60184 0.583651 0.296306 -0.756012
1 16.3081 19.6157 1.6122 -0.478646 0.000194504 -0.878008
1 15.8291 32.234 1.75901 0.0964406 -0.155771 0.983074
1 28.1681 23.5187 1.61793 0.729426 -0.0889533 -0.678252
1 18.4974 7.54397 1.75512 0.442067 0.249373 0.86162
1 6.08808 17.4749 1.6226 0.346356 0.551784 -0.758665
1 18.4074 11.7048 1.75943 0.000768177 0.152538 0.988297
1 24.6054 18.8731 1.60637 -0.024134 0.303216 -0.952616
1 32.4155 19.6872 1.75271 0.192541 -0.701092 0.686584
1 0.363525 32.0797 1.78057 -0.575946 0.511039 0.638064
1 4.06328 20.4486 1.7582 0.0717636 0.305805 0.949386
1 24.1945 12.5606 1.61191 0.523916 0.256348 -0.812279
1 1.43637 34.5868 1.60778 -0.351827 0.330189 -0.875896
1 16.5644 6.60491 1.75644 0.563824 -0.098066 0.820052
1 15.545 10.7845 1.75852 0.0126611 -0.24837 0.968582
1 19.0009 6.7407 1.75419 0.527076 0.38373 0.75825
1 18.5813 20.178 1.60614 -0.352694 -0.346385 -0.869266
1 5.8765 33.8347 1.60876 -0.0832921 -0.246747 -0.965494
1 0.601773 19.9227 1.76028 0.11789 -0.225002 0.9672
1 7.84523 17.372 1.61225 0.254621 0.224131 -0.940709
1 5.03508 20.3812 1.76194 0.149677 0.456443 0.877073
1 34.5038 11.9767 1.76121 0.1925 0.0646312 0.979166
1 6.76622 15.8239 1.6093 0.0891568 0.337981 -0.93692
1 28.8751 12.178 1.60772 0.47015 -0.673665 -0.570206
1 9.45581 17.0131 1.61128 0.142342 -0.0512082 -0.988492
1 15.7995 18.6856 1.61523 -0.630298 0.0918418 -0.770902
1 16.8637 25.5469 1.61232 0.489659 -0.0124296 -0.871825
1 17.3043 22.6823 1.60762 0.0369375 -0.112002 -0.993021
1 16.1261 17.7337 1.74408 -0.852093 -0.201144 0.483195
1 4.67284 2.72234 1.61416 -0.229282 -0.38239 -0.895102
1 1.52723 33.5073 1.60743 -0.512796 0.277881 -0.812295
1 28.3511 34.1665 1.75829 0.182259 0.0177569 0.98309
1 6.91613 20.9873 1.58902 -0.184201 -0.777026 -0.601914
1 3.60395 27.5299 1.76692 -0.209083 -0.593649 0.777088
1 23.2856 10.7522 1.6117 0.251339 0.436291 -0.86399
1 25.3823 26.9051 1.76159 0.135962 0.0953224 0.986118
1 30.2373 23.7668 1.60962 -0.525267 0.549678 -0.649576
1 26.2603 34.4865 1.75995 0.101976 -0.246975 0.963641
1 33.0388 15.3404 1.76137 -0.411328 -0.180109 0.893515
1 19.53 3.7396 1.75378 -0.565257 0.35987 0.742279
1 0.294226 18.9844 1.75515 0.297089 -0.260508 0.918626
1 3.02564 31.1135 1.63608 -0.691272 0.19138 -0.69679
1 3.06801 1.05584 1.61583 -0.164117 0.0475029 -0.985296
1 15.4027 30.2032 1.7562 0.382257 -0.2599 0.886754
1 1.59546 7.72525 1.6177 0.561615 0.108073 -0.82031
1 14.9293 24.6103 1.61814 0.312875 0.314738 -0.89613
1 1.14747 20.7747 1.75996 -0.0314333 -0.121028 0.992151
1 16.9086 1.89003 1.75657 -0.382799 -0.0486576 0.922549
1 33.4928 11.8403 1.76249 0.216472 -0.0852001 0.972564
1 12.9977 4.7282 1.6135 -0.00415082 -0.524513 -0.851392
1 29.277 20.545 1.60681 0.276001 -0.344338 -0.89736
1 32.4466 6.49425 1.60957 0.203084 0.366589 -0.907948
1 17.5368 23.7546 1.60847 0.2115 -0.131369 -0.968509
1 20.2113 5.39133 1.58578 0.0487626 0.835193 -0.547791
1 6.57366 28.9738 1.75788 -0.343918 -0.197803 0.917929
1 11.5898 30.4156 1.73081 -0.559657 0.530275 0.636861
1 30.7887 17.3871 1.61606 -0.256076 -0.589337 -0.76623
1 9.27165 30.7321 1.75713 -0.632095 0.110471 0.766976
1 25.1946 34.2794 1.75751 0.122308 -0.391587 0.911976
1 20.4844 34.4084 1.75202 -0.0266469 0.467955 0.88335
1 34.0841 25.4801 1.61283 -0.464557 -0.261533 -0.846042
1 0.302312 3.23714 1.6124 -0.0739626 0.331789 -0.94045
1 4.91122 33.4436 1.60942 -0.2187 -0.126551 -0.967551
1 16.5458 13.5783 1.76272 -0.254727 -0.12022 0.959511
1 18.5755 23.9355 1.60996 0.249742 -0.292787 -0.922987
1 19.8051 24.2714 1.61349 0.301624 -0.492887 -0.81614
1 8.31918 27.4353 1.75952 -0.0611264 0.0576664 0.996463
1 1.25255 5.08902 1.61219 0.12226 0.0731556 -0.989798
1 15.424 11.8289 1.75839 -0.112298 -0.267042 0.957119
1 1.14095 2.20868 1.61062 -0.125135 0.286341 -0.949921
1 26.8117 9.58917 1.60466 0.147969 -0.250688 -0.956692
1 8.24266 2.83092 1.60803 -0.239881 0.442637 -0.864019
1 15.1179 3.0198 1.76776 -0.546521 -0.451114 0.705557
1 31.751 28.3805 1.60987 0.0547906 0.203003 -0.977644
1 1.2058 1.08043 1.6095 -0.226971 0.340546 -0.912421
1 3.8794 5.88289 1.60902 0.248778 -0.330148 -0.910556
1 15.5138 34.0148 1.75767 -0.114664 -0.197221 0.97363
1 34.6064 14.4428 1.75572 -0.260292 0.0850672 0.961775
1 8.65467 13.4648 1.60825 -0.170187 -0.0239465 -0.985121
1 9.1696 4.55871 1.60834 0.0113591 0.207042 -0.978266
1 34.1404 5.27074 1.61338 0.0488719 0.183073 -0.981884
1 6.80899 14.0034 1.60924 -0.111318 0.260414 -0.959058
1 26.9127 10.6514 1.76298 -0.291968 0.268228 0.918046
1 10.8888 18.0135 1.60578 0.243372 -0.276104 -0.929805
1 28.0654 25.2206 1.76012 0.462339 0.511804 0.724086
1 1.06872 10.6045 1.75895 0.423222 0.250153 0.870808
1 32.3818 30.0738 1.61559 0.321442 0.120459 -0.939236
1 26.0051 33.5746 1.75395 0.266721 -0.281351 0.921793
1 29.4834 34.475 1.76032 0.147131 0.156287 0.976692
1 25.7299 2.41736 1.75791 -0.402473 -0.314135 0.859846
1 28.7021 32.4172 1.75785 0.488074 0.0819427 0.868947
1 16.2766 7.59806 1.75844 0.4167 -0.167508 0.893477
1 28.0696 2.20276 1.76056 -0.339951 -0.0359338 0.939756
1 14.3517 7.79235 1.75468 0.372641 -0.551237 0.74651
1 7.63586 29.2626 1.75857 -0.376106 -0.0701723 0.923916
1 16.5099 34.4267 1.75851 -0.145573 -0.0759663 0.986427
1 0.583502 9.37492 1.7423 0.660224 0.174078 0.730617
1 1.20166 6.77765 1.60903 0.350661 0.0574923 -0.934736
1 13.5169 29.4695 1.7492 0.478381 -0.571414 0.666812
1 8.24902 24.679 1.75711 0.383197 0.0368499 0.922931
1 32.0124 15.009 1.76891 -0.388596 -0.363569 0.846647
1 29.3989 14.992 1.61556 -0.58099 -0.454152 -0.675424
1 13.1033 18.8911 1.60707 0.329328 -0.669153 -0.666167
1 31.3912 0.665999 1.75636 0.0349959 0.405755 0.913312
1 20.9677 26.574 1.61449 -0.128871 0.704082 -0.698327
1 16.198 3.7292 1.76127 -0.625064 -0.194932 0.755841
1 24.4177 27.3967 1.76071 0.0199172 -0.0737463 0.997078
1 4.69116 9.69422 1.62083 -0.498426 0.619358 -0.606603
1 2.28809 18.4188 1.75435 0.428396 0.0165537 0.903439
1 3.33223 28.7054 1.74616 -0.47863 -0.570432 0.667473
1 10.8343 6.62759 1.60706 0.344434 -0.129289 -0.929865
1 20.6896 12.7289 1.75931 -0.015697 0.509295 0.860449
1 20.1112 0.841175 1.75449 -0.153019 0.409209 0.899518
1 19.4942 17.6049 1.75743 -0.784883 0.0481287 0.617772
1 27.8027 3.10368 1.74508 -0.535756 -0.0773454 0.840823
1 18.6447 0.766505 1.75755 -0.185074 0.168 0.968258
1 4.6675 22.4904 1.75107 -0.330178 0.434379 0.838032
1 9.536 29.7723 1.76301 -0.452593 0.20062 0.868856
1 9.88609 1.82738 1.61112 -0.411627 0.0784026 -0.907974
1 27.2908 12.659 1.61861 0.610048 -0.276879 -0.742415
1 33.3085 19.9736 1.75783 0.116203 -0.535071 0.836777
1 13.6684 0.581637 1.76152 -0.319091 -0.513708 0.79642
1 23.2833 33.7333 1.7619 0.184948 -0.684654 0.705012
1 22.6915 5.71682 1.60744 -0.274647 0.356874 -0.892866
1 24.9169 21.613 1.61524 0.42163 0.284462 -0.860993
1 11.2141 12.8852 1.61931 -0.200344 -0.488102 -0.849481
1 26.6267 8.60284 1.6062 0.0165642 -0.24626 -0.969062
1 33.7203 16.2201 1.75171 -0.593484 -0.0400736 0.803848
1 4.83504 14.2803 1.61955 -0.141304 0.593965 -0.791984
1 17.4395 3.70635 1.75721 -0.602831 0.00938942 0.797814
1 25.8892 17.1777 1.60995 -0.27606 0.116297 -0.954078
1 1.28035 28.1727 1.61546 -0.019932 -0.564468 -0.825214
1 14.1471 21.6218 1.61311 -0.179786 0.426264 -0.886553
1 32.3411 22.565 1.75669 -0.330244 -0.607305 0.722578
1 12.567 29.1188 1.74819 -0.377308 0.694561 0.612555
1 4.62624 27.7553 1.76 -0.201549 -0.43598 0.877097
1 21.8129 7.81932 1.61384 0.007694 0.556128 -0.831061
1 29.1762 10.7114 1.61518 0.300057 -0.640008 -0.707358
1 16.2523 33.3479 1.75962 -0.0294711 -0.100077 0.994543
1 11.7645 15.7059 1.62001 -0.0578468 -0.467546 -0.882074
1 26.897 2.37754 1.7568 -0.410124 -0.180919 0.893906
1 28.7641 15.7272 1.61627 -0.479776 -0.321365 -0.816419
1 5.2584 24.5906 1.74584 0.453938 -0.424277 0.783537
1 13.0895 33.0012 1.75551 0.0317976 -0.55619 0.830447
1 23.9225 1.48136 1.75039 -0.249897 -0.564066 0.787008
1 29.5885 0.915107 1.76027 -0.0451824 0.167668 0.984808
1 20.1905 7.41404 1.77064 0.472298 0.6379 0.608291
1 30.8553 2.65167 1.7635 -0.316046 0.355073 0.879794
1 13.7071 17.798 1.77625 -0.122946 0.756907 0.641854
1 15.818 27.6478 1.7545 0.770218 -0.223012 0.597519
1 2.26802 0.474319 1.60875 -0.252537 0.196818 -0.947358
1 19.2776 11.233 1.75483 0.0775751 0.287115 0.95475
1 24.5188 26.4392 1.76186 0.187926 -0.0671025 0.979888
1 4.48956 28.8084 1.75862 -0.404308 -0.423569 0.810632
1 10.3065 18.889 1.60789 0.376431 -0.161613 -0.912239
1 0.42354 30.649 1.60551 0.334558 -0.43046 -0.838317
1 32.2776 5.45625 1.60172 -0.053166 0.43866 -0.897079
1 23.9659 25.6559 1.76219 0.318663 -0.165092 0.93338
1 20.5866 33.2135 1.75178 0.0923732 0.469999 0.87782
1 24.1512 11.4841 1.61127 0.363658 0.254494 -0.896095
1 17.7988 20.8697 1.60915 -0.243517 -0.219269 -0.944786
1 7.13758 18.0384 1.61449 0.369201 0.359795 -0.856877
1 6.63389 34.4769 1.61142 0.088391 -0.358597 -0.929298
1 27.2919 1.50239 1.75955 -0.216798 -0.13726 0.966519
1 20.4041 23.1884 1.62408 0.113669 -0.621387 -0.775215
1 24.395 24.1403 1.77239 0.682051 -0.121921 0.721069
1 11.8252 2.6858 1.61749 -0.306864 -0.356204 -0.882583
1 23.3823 24.8385 1.7653 0.460847 -0.258689 0.848941
1 30.445 0.288873 1.75916 0.0809847 0.281586 0.956112
1 28.5488 21.3907 1.60862 0.406864 -0.194745 -0.892489
1 24.7871 23.2622 1.61898 0.78749 0.246429 -0.564918
1 10.4353 25.0743 1.74948 0.387526 0.392187 0.834274
1 26.9195 28.2746 1.75949 -0.0570898 0.393033 0.917751
1 22.8886 1.50655 1.76208 -0.0514399 -0.78761 0.614023
1 17.4769 11.2277 1.76003 0.0393868 0.0158389 0.999098
1 16.4679 14.741 1.75589 -0.393116 -0.1397 0.908814
1 32.5313 14.2276 1.7569 -0.242706 -0.250761 0.93713
1 24.2426 33.9775 1.75682 0.163553 -0.531325 0.831231
1 25.5752 0.64862 1.75852 -0.0683013 -0.339671 0.938061
1 30.2166 20.7699 1.60942 0.298511 -0.521763 -0.799159
1 11.1183 3.28407 1.6094 -0.226425 -0.189065 -0.955503
1 6.06503 2.61629 1.62729 -0.314648 -0.625753 -0.713744
1 7.34248 12.3996 1.60824 -0.300622 0.151015 -0.941712
1 3.56565 9.23192 1.76646 -0.742334 0.271634 0.612499
1 16.4329 11.5056 1.75936 -0.0379521 -0.11934 0.992128
1 17.6165 0.273905 1.76022 -0.160653 0.0416895 0.98613
1 3.73383 23.2562 1.73194 -0.532271 0.298522 0.792194
1 19.6073 20.7151 1.60969 -0.260768 -0.532969 -0.80495
1 21.6293 16.976 1.77495 0.440015 -0.746626 0.498936
1 2.54662 10.781 1.75404 0.319799 0.53342 0.783065
1 18.0293 21.9296 1.60841 -0.0732307 -0.244252 -0.966943
1 11.7036 18.5129 1.62277 0.306558 -0.396811 -0.865195
1 22.949 14.8369 1.60752 0.685223 -0.522996 -0.506897
1 9.15739 15.8603 1.60845 0.0418751 -0.0284767 -0.998717
1 4.28879 0.544023 1.62084 0.0854343 -0.0443988 -0.995354
1 23.5057 27.7415 1.75851 -0.0645163 -0.234408 0.969995
1 16.8833 5.64184 1.75541 0.698483 -0.0138036 0.715493
1 25.5536 4.86728 1.62194 -0.565633 -0.231002 -0.791643
1 10.9755 26.1129 1.75397 0.195032 0.455245 0.868743
1 33.9231 3.06014 1.61305 -0.0405919 0.550881 -0.833596
1 21.6487 28.6618 1.76309 -0.263336 -0.554059 0.789729
1 9.60983 0.870842 1.60872 -0.560422 0.151081 -0.814311
1 18.4325 18.2922 1.71629 -0.908062 -0.127732 0.398882
1 19.9255 10.491 1.74938 0.145624 0.43564 0.888263
1 24.2806 30.5987 1.75221 -0.55243 -0.0511618 0.831988
1 12.1041 33.1161 1.75817 0.0114663 -0.69015 0.723576
1 4.49415 7.00032 1.61196 0.401232 -0.435932 -0.80559
1 31.9532 21.1582 1.76862 -0.0285662 -0.797988 0.601996
1 12.8095 26.2041 1.74984 0.27685 0.744507 0.607506
1 31.776 17.2667 1.61586 -0.362388 -0.692238 -0.624085
1 26.7452 14.5753 1.62052 -0.723186 0.0210367 -0.690333
1 29.608 26.4346 1.60869 -0.0288325 0.735111 -0.677333
1 5.70302 29.5363 1.7546 -0.505971 -0.29669 0.809919
1 17.5691 2.72871 1.75965 -0.459319 0.037902 0.887462
1 27.5321 32.3596 1.75575 0.49622 -0.103013 0.862064
1 17.4009 15.3615 1.75728 -0.458902 -0.0150315 0.88836
1 15.8986 26.2131 1.61185 0.580718 0.161401 -0.797945
1 23.6734 16.9856 1.61184 -0.325192 0.445371 -0.834203
1 1.55118 19.9032 1.76102 0.131895 -0.0736035 0.988527
1 22.4365 20.4275 1.61901 0.179956 0.634402 -0.751764
1 4.19926 4.83808 1.60832 0.087728 -0.372155 -0.924016
1 26.6288 19.1623 1.60738 0.0406402 0.0268464 -0.998813
1 1.19037 26.949 1.61427 -0.260821 -0.571886 -0.777765
1 30.4118 11.0757 1.75644 0.321135 -0.592417 0.73886
1 14.7849 26.6847 1.60817 0.708736 0.282077 -0.646626
1 23.6234 19.0027 1.6099 -0.00130763 0.43422 -0.900806
1 18.411 34.2431 1.7584 -0.0704976 0.14529 0.986874
1 10.17 11.0348 1.61266 -0.500827 -0.340905 -0.795586
1 32.8715 31.0199 1.61129 0.461532 0.0149417 -0.886998
1 0.633407 13.6789 1.75918 -0.116427 0.176055 0.977471
1 0.620608 22.6832 1.75791 -0.369516 -0.188641 0.909875
1 23.268 22.8369 1.61775 0.589865 0.487416 -0.643805
1 3.29497 26.2327 1.75722 0.054752 -0.638102 0.768002
1 19.424 23.236 1.60568 0.146358 -0.451626 -0.880121
1 12.4484 20.4062 1.65746 0.457566 -0.632848 -0.624609
1 8.04615 14.3052 1.60869 -0.0867215 0.108158 -0.990344
1 17.5083 10.2068 1.76101 0.147123 0.0300198 0.988663
1 5.0907 11.8842 1.61514 -0.273718 0.535881 -0.798693
1 8.55479 23.7253 1.7556 0.544162 0.0898469 0.834155
1 24.279 32.7571 1.75436 0.372078 -0.563128 0.737865
1 33.6349 6.84198 1.62009 0.314093 0.270124 -0.910153
1 29.7857 30.308 1.60659 0.361584 0.582532 -0.727951
1 0.457606 34.3254 1.60587 -0.454514 0.462984 -0.760962
1 5.45957 3.49577 1.62155 -0.128228 -0.570983 -0.810886
1 25.4357 32.0498 1.75528 0.591741 -0.386884 0.707223
1 5.85895 5.30752 1.61564 0.111167 -0.669023 -0.734881
1 7.84935 33.1622 1.61575 -0.338634 -0.43895 -0.832256
1 31.3764 1.71474 1.76154 -0.147677 0.416527 0.897049
1 5.12902 4.61571 1.63029 0.0499177 -0.519001 -0.853315
1 6.57242 18.8057 1.6259 0.50638 0.44677 -0.737547
1 2.6455 23.8311 1.75475 -0.593309 0.106348 0.797918
1 3.10129 20.9223 1.75933 -0.043148 0.162422 0.985777
1 17.4717 19.8531 1.60832 -0.419286 -0.174794 -0.890868
1 16.027 8.71295 1.75919 0.27422 -0.19182 0.942342
1 1.93207 12.5078 1.75883 0.104432 0.392036 0.914003
1 29.4319 22.9506 1.609 0.628885 -0.315282 -0.710705
1 27.2893 34.202 1.75899 0.162657 -0.125042 0.978727
1 9.23327 26.6265 1.7596 0.0859414 0.192356 0.977555
1 13.5473 30.7025 1.74334 0.325141 -0.50416 0.800067
1 19.5636 2.63036 1.75575 -0.394048 0.329642 0.857941
1 21.6718 9.24187 1.60695 0.152233 0.786745 -0.598212
1 0.178096 11.0798 1.75334 0.352938 0.099742 0.930315
1 18.7989 33.2731 1.76132 0.0274643 0.198636 0.979688
1 1.77373 5.98643 1.61008 0.248706 -0.0148442 -0.968465
1 3.22097 19.9091 1.75773 0.162127 0.177251 0.97072
1 21.4002 34.0399 1.74665 0.00927809 0.638828 0.769294
1 23.3424 20.0579 1.61152 0.161444 0.491064 -0.856032
1 9.48102 8.26317 1.61423 0.617712 0.0626495 -0.783905
1 7.62855 13.36 1.60748 -0.194649 0.131447 -0.972025
1 1.54602 24.2622 1.76691 -0.666755 -0.107269 0.737517
1 23.5048 0.338416 1.75463 -0.0083399 -0.60215 0.798339
1 27.0425 6.53033 1.61036 -0.308765 -0.352443 -0.88343
1 25.6932 24.3783 1.75865 0.645948 0.0847847 0.758658
1 25.1435 33.1706 1.75705 0.34614 -0.414778 0.841514
1 24.7933 17.031 1.61028 -0.318154 0.276157 -0.906926
1 11.3464 5.75989 1.60773 0.187914 -0.216588 -0.958007
1 4.74702 25.6795 1.76166 0.229919 -0.502605 0.833382
1 33.3677 29.9877 1.60983 0.290872 -0.0750895 -0.953811
1 10.7444 8.31696 1.61495 0.614668 -0.162048 -0.771961
1 4.08463 32.7888 1.60661 -0.436765 -0.0652038 -0.897209
1 31.0197 19.673 1.61714 0.118978 -0.611188 -0.782492
1 13.3728 22.3872 1.61203 -0.0355698 0.550555 -0.834041
1 11.5401 14.5271 1.61122 -0.212869 -0.455415 -0.864456
1 20.0772 30.9081 1.74911 0.350709 0.38518 0.853604
1 16.8659 9.40449 1.76152 0.216776 -0.0583819 0.974474
1 26.9186 24.7021 1.74703 0.57199 0.29421 0.765682
1 15.4151 2.13804 1.7265 -0.469286 -0.279948 0.837496
1 31.3963 11.2359 1.75893 0.30218 -0.401717 0.864471
1 13.1559 13.7248 1.75786 -0.357905 -0.726227 0.586941
1 30.653 32.1644 1.73766 0.62201 0.409443 0.667428
1 14.1208 1.89723 1.75014 -0.422056 -0.476682 0.771131
1 20.8145 21.9175 1.61388 -0.0906248 -0.741096 -0.665255
1 5.91536 16.2783 1.61473 0.147924 0.492909 -0.857414
1 17.3314 29.2817 1.76121 0.529425 0.0047403 0.848343
1 25.4863 20.8197 1.6075 0.289547 0.22558 -0.930202
1 23.2982 32.5473 1.57886 -0.381881 0.711976 -0.589285
1 19.876 9.37165 1.74662 0.286289 0.480133 0.829163
1 24.2869 14.9872 1.62269 -0.636278 0.380655 -0.671008
1 17.3677 27.5211 1.71747 0.805587 0.0410533 0.591054
1 6.38563 4.12889 1.63681 -0.098435 -0.786627 -0.609532
1 17.1868 26.543 1.61231 0.692149 -0.0184604 -0.721519
1 9.75359 19.7976 1.60756 0.505279 -0.0439478 -0.861836
1 2.60703 27.4315 1.75799 -0.244498 -0.726688 0.641985
1 26.2305 12.3004 1.61011 0.513862 -0.114442 -0.850205
1 21.9978 21.8665 1.59366 0.343149 0.697762 -0.62879
1 10.4038 17.1815 1.61213 0.145536 -0.200511 -0.968821
1 14.5287 30.9484 1.75392 0.272363 -0.363207 0.89101
1 13.8551 19.8549 1.6217 -0.409762 0.553485 -0.725086
1 2.30366 6.89258 1.60637 0.412035 -0.0704985 -0.908437
1 28.0531 6.25822 1.61084 -0.396885 -0.504228 -0.766966
