1 18.3968 32.0831 1.76064 0.0748378 0.166046 0.983274
1 30.659 21.7949 1.60626 0.507202 -0.553786 -0.660354
1 15.1673 7.97812 1.7501 0.451981 -0.430874 0.781064
1 27.8448 17.1505 1.60896 -0.20798 -0.0660747 -0.975899
1 10.5257 26.4879 1.75672 0.227879 0.453012 0.861888
1 12.9691 12.3636 1.71859 -0.137621 -0.795831 0.589672
1 18.3314 24.9041 1.61243 0.350839 -0.295782 -0.888496
1 24.6134 19.8333 1.60679 0.13317 0.303616 -0.943442
1 7.46436 0.29658 1.61195 -0.372873 -0.0114592 -0.927811
1 31.0393 14.3853 1.74564 -0.337998 -0.638022 0.691871
1 18.7054 6.13012 1.75705 0.612605 0.127829 0.779984
1 32.8047 10.6206 1.75411 0.317454 -0.368811 0.873614
1 28.1674 33.8293 1.75882 0.244309 0.220426 0.944312
1 3.18344 9.44041 1.7532 0.428794 0.479918 0.765385
1 16.3386 24.9713 1.60926 0.344804 0.0193184 -0.938476
1 28.5052 19.9927 1.60617 0.247466 -0.191993 -0.949684
1 16.6326 30.0075 1.762 0.358015 -0.0786211 0.9304
1 22.7275 18.9203 1.61286 -0.066625 0.531051 -0.844717
1 22.2187 20.0487 1.60572 0.122701 0.602344 -0.78875
1 18.3847 25.9223 1.60458 0.523018 -0.276312 -0.80629
1 19.4153 33.5262 1.75653 -0.149323 0.350438 0.924606
1 13.531 26.1744 1.61077 0.538339 0.368878 -0.757707
1 17.085 0.833567 1.75911 -0.35722 2.90033e-05 0.93402
1 30.2473 23.2077 1.77706 -0.744339 0.456433 0.487471
1 24.1925 32.9605 1.749 0.482087 -0.381738 0.788586
1 29.3121 7.08437 1.61287 -0.342861 -0.393256 -0.85311
1 11.5887 19.496 1.60891 0.488388 -0.38361 -0.783786
1 8.16014 12.0857 1.60992 -0.338703 0.038923 -0.940088
1 12.0712 5.43853 1.60316 0.161439 -0.380021 -0.910781
1 18.3445 11.0224 1.75856 0.0545101 0.172932 0.983424
1 6.914 17.6995 1.60947 0.281253 0.358259 -0.890251
1 7.31638 28.76 1.75997 -0.156307 0.0359338 0.987055
1 5.98146 1.54824 1.6082 -0.150067 0.229199 -0.961742
1 18.5957 21.0887 1.61044 -0.344869 -0.347011 -0.872152
1 13.0523 9.39659 1.75202 0.290309 -0.737566 0.609686
1 25.5656 29.4904 1.75915 -0.373626 0.0556601 0.925908
1 5.01567 8.80265 1.58373 0.908513 0.130969 -0.396802
1 14.9025 4.85081 1.59285 -0.0999986 -0.791536 -0.602885
1 17.7765 33.6506 1.75936 -0.129976 0.118023 0.984468
1 10.6338 11.2259 1.61172 -0.402007 -0.39765 -0.824782
1 32.0877 11.5046 1.75583 0.176517 -0.486014 0.855939
1 2.5026 22.4547 1.75663 -0.299196 0.126676 0.945746
1 14.5483 20.8065 1.61028 -0.383424 0.258141 -0.886763
1 18.2027 8.16353 1.76207 0.394267 0.119025 0.911256
1 13.6382 16.6164 1.59184 -0.0502974 -0.796747 -0.602216
1 26.4914 24.1817 1.74956 0.640019 0.209092 0.739362
1 14.2175 9.16215 1.75393 0.341378 -0.565221 0.75099
1 4.16657 10.2408 1.76496 0.281635 0.700855 0.65535
1 22.5662 13.2725 1.6035 0.506734 0.557356 -0.657704
1 33.9226 7.68014 1.6121 0.681588 0.0420401 -0.730527
1 21.9102 28.233 1.7517 -0.114459 -0.556417 0.822982
1 3.14648 23.245 1.76019 -0.454549 0.200429 0.867878
1 5.45258 33.9799 1.60683 -0.453563 0.259415 -0.852634
1 20.7565 23.0961 1.60335 -0.0216954 -0.645736 -0.763252
1 31.0518 19.0255 1.61628 0.14816 -0.592135 -0.792102
1 4.24308 26.7545 1.75911 0.215879 -0.37505 0.901518
1 32.6514 28.7713 1.6065 0.101174 -0.0516096 -0.993529
1 22.3336 29.3986 1.75462 -0.328978 -0.559654 0.760632
1 19.2335 8.07785 1.7653 0.393426 0.320021 0.86186
1 32.2731 6.06664 1.61276 0.35125 0.378403 -0.856408
1 9.15525 2.91794 1.60749 -0.0758303 -0.111075 -0.990915
1 25.2529 30.3869 1.74633 -0.54674 0.00492832 0.837288
1 13.9129 12.1908 1.74843 -0.153643 -0.62739 0.763397
1 34.4086 12.9336 1.76015 -0.056458 -0.0576129 0.996741
1 32.6425 30.8593 1.61255 0.413062 -0.0309281 -0.910178
1 11.5046 29.4146 1.74486 -0.311143 0.633662 0.708282
1 22.8871 12.2036 1.61337 0.377535 0.497279 -0.781141
1 12.8405 28.9464 1.74613 0.504498 -0.689495 0.519691
1 16.2027 25.9192 1.61995 0.522613 0.0394279 -0.851658
1 31.9653 28.071 1.6095 -0.00775214 0.0818163 -0.996617
1 0.409408 6.23976 1.61129 0.302319 -0.0681926 -0.950764
1 12.2332 3.53465 1.6432 -0.0654744 -0.488396 -0.870162
1 5.63075 2.52502 1.61238 -0.0290468 0.33343 -0.942327
1 17.2154 8.497 1.76007 0.342714 -0.0624313 0.937363
1 19.1439 31.4191 1.75864 0.161312 0.258047 0.95257
1 27.6486 29.7509 1.75451 -0.444973 0.405435 0.798512
1 15.8355 17.2918 1.75434 -0.600985 -0.311638 0.736002
1 25.8499 28.5684 1.75879 -0.196345 0.131338 0.971699
1 0.436068 12.1934 1.76017 0.0783221 0.042407 0.996026
1 5.94181 29.1002 1.75992 -0.217944 -0.131477 0.967065
1 23.779 2.42766 1.75298 -0.140723 -0.184827 0.972644
1 30.1729 28.1331 1.61025 0.0147232 0.471351 -0.881823
1 32.6887 29.7899 1.60806 0.260465 -0.0387469 -0.964705
1 31.5031 8.13716 1.59882 -0.355731 -0.736169 -0.57577
1 18.1265 0.531137 1.75452 -0.333484 0.170695 0.927174
1 28.5449 6.21478 1.61499 -0.482768 -0.249491 -0.839458
1 9.85911 16.3981 1.6118 0.069085 -0.120402 -0.990318
1 27.8943 10.5818 1.61158 0.21991 -0.22068 -0.950232
1 4.10215 11.6491 1.76717 0.0838492 0.715426 0.693638
1 33.0036 15.6344 1.7511 -0.540752 -0.27799 0.79392
1 23.8856 10.193 1.61073 0.102017 0.374974 -0.921405
1 11.4462 6.30899 1.60833 0.301767 -0.291805 -0.907627
1 26.0942 13.9783 1.64 0.713421 -0.218513 -0.665795
1 19.2461 26.3972 1.76146 -0.660706 0.353995 0.661933
1 19.8049 14.3243 1.75734 -0.175927 0.406581 0.896516
1 8.52532 6.87963 1.61904 0.461221 0.0782266 -0.88383
1 22.5698 24.1476 1.75855 0.618976 -0.359251 0.698432
1 0.464642 22.2129 1.75947 -0.279541 -0.197836 0.939531
1 15.9911 27.6883 1.76465 0.797832 -0.218902 0.561735
1 27.708 20.6356 1.6056 0.334308 -0.0628932 -0.940363
1 5.23032 33.0499 1.59447 -0.640954 0.173241 -0.747774
1 27.7589 28.5989 1.76317 -0.177656 0.494079 0.851073
1 24.6121 18.5807 1.60728 -0.0716808 0.281328 -0.956931
1 21.6414 14.2616 1.75112 0.0744977 0.756589 0.649633
1 0.194554 11.2552 1.75969 0.244468 -0.0152409 0.969537
1 29.7389 8.23132 1.61226 -0.127491 -0.493839 -0.860157
1 4.01917 33.4101 1.6048 -0.475235 0.388747 -0.789321
1 24.7642 16.4739 1.60702 -0.427882 0.245104 -0.869966
1 28.3367 22.2767 1.6101 0.608494 -0.122113 -0.784107
1 31.438 5.26528 1.61216 0.222908 0.551691 -0.803709
1 23.0623 21.0566 1.61543 0.312299 0.473224 -0.823729
1 14.7496 10.0361 1.75521 0.188386 -0.46338 0.865904
1 1.91829 7.44447 1.6082 0.514099 -0.257568 -0.818145
1 19.7024 6.81674 1.75192 0.497284 0.359223 0.789726
1 14.5072 24.4853 1.61317 0.215613 0.281625 -0.934986
1 5.29489 17.898 1.61369 0.417275 0.679284 -0.603701
1 10.2953 19.7631 1.60762 0.512727 -0.170808 -0.841389
1 5.05149 15.7341 1.60181 0.0681931 0.593463 -0.801967
1 3.09544 25.4479 1.76131 0.43108 -0.591908 0.681039
1 17.1405 19.3194 1.61864 -0.683346 -0.101537 -0.723
1 20.5011 28.4954 1.76248 0.584794 0.498278 0.640106
1 6.65278 26.1492 1.7573 0.272129 -0.100264 0.957023
1 14.8797 12.0605 1.75572 -0.117801 -0.457212 0.881521
1 28.5594 13.5732 1.60901 -0.812069 0.249145 -0.527703
1 24.2349 27.9076 1.75944 -0.0766294 -0.143274 0.986712
1 26.324 18.7262 1.60592 0.00372953 0.068712 -0.99763
1 18.5806 33.0702 1.7604 -0.0615937 0.219584 0.973647
1 11.7475 11.5349 1.61071 -0.301453 -0.601833 -0.739543
1 22.8997 10.187 1.61015 0.106335 0.53485 -0.838229
1 23.8943 1.37155 1.75476 0.0214625 -0.205317 0.97846
1 8.59165 27.3081 1.76111 0.0879037 0.164617 0.982433
1 7.04631 1.56846 1.60838 -0.178608 0.0848456 -0.980255
1 20.3736 11.2293 1.75737 0.191095 0.582837 0.7898
1 17.4391 4.48161 1.76877 -0.817416 0.123352 0.562685
1 5.93498 14.4329 1.60765 -0.0775989 0.462373 -0.883283
1 2.31567 10.0144 1.7568 0.4122 0.319763 0.853137
1 8.72682 15.1759 1.6091 -0.0176104 0.0442114 -0.998867
1 31.6696 26.6143 1.60775 -0.187849 0.0631523 -0.980166
1 31.5502 12.564 1.76107 0.0283964 -0.555009 0.831359
1 9.56595 20.8673 1.6116 0.634255 -0.0183017 -0.772907
1 14.6957 3.06647 1.77864 -0.662833 -0.490129 0.566061
1 2.11324 3.06051 1.62379 -0.304799 -0.546874 -0.77976
1 22.2346 11.0055 1.62007 0.196308 0.692943 -0.693753
1 27.734 1.16674 1.76047 -0.110135 0.241576 0.964112
1 13.98 13.5013 1.7426 -0.348405 -0.639251 0.685545
1 9.36237 27.9343 1.76103 -0.0155747 0.281361 0.959476
1 10.0443 28.648 1.75339 -0.132384 0.385485 0.913168
1 23.6626 9.09824 1.6092 -0.0484813 0.447034 -0.893202
1 17.1416 15.7415 1.75677 -0.436437 -0.0270557 0.899328
1 25.8933 24.937 1.76367 0.471854 0.14926 0.868951
1 30.6847 8.70643 1.61677 -0.0708146 -0.664099 -0.744284
1 6.54331 16.6014 1.61637 0.166993 0.392475 -0.904476
1 12.4272 21.4905 1.62531 -0.395223 0.590808 -0.703381
1 29.5178 0.757173 1.74787 -0.113341 0.48235 0.868615
1 12.012 17.2752 1.60027 0.112111 -0.475835 -0.87236
1 6.54521 0.712865 1.60924 -0.26961 0.117803 -0.955737
1 11.082 12.3545 1.60844 -0.175938 -0.502378 -0.846559
1 14.1641 11.0119 1.75427 0.0251049 -0.547177 0.83664
1 24.8524 28.7338 1.75858 -0.225388 -0.0483346 0.973069
1 10.6209 30.7073 1.75314 -0.446818 0.549794 0.705748
1 17.4874 6.41095 1.75382 0.597023 -0.0970954 0.796326
1 7.96949 32.11 1.75861 -0.777885 0.162236 0.607104
1 7.54334 8.55725 1.60278 0.770308 0.0819891 -0.632379
1 30.6409 13.0384 1.7499 -0.0527556 -0.704285 0.707954
1 24.8785 10.1069 1.61048 0.114175 0.215238 -0.969864
1 28.4579 2.65331 1.76241 -0.438994 0.396588 0.806227
1 6.83989 19.7831 1.61965 0.527597 0.48348 -0.69849
1 4.60289 13.4159 1.60204 -0.278917 0.737341 -0.615251
1 31.7991 10.4052 1.75013 0.362066 -0.554409 0.749359
1 15.7653 14.1608 1.76093 -0.314012 -0.28326 0.906179
1 30.2756 20.8028 1.60805 0.349601 -0.500395 -0.792076
1 5.64005 0.341178 1.61193 -0.280776 0.25565 -0.925099
1 25.4884 9.26273 1.60889 -0.00976335 0.141394 -0.989905
1 8.46906 14.109 1.60877 -0.115614 0.0665444 -0.991063
1 12.9462 17.7649 1.61607 0.186221 -0.624505 -0.758495
1 15.0664 28.6366 1.7547 0.604941 -0.28563 0.743278
1 2.37045 6.43687 1.61775 0.241095 -0.400794 -0.883877
1 13.4029 5.96216 1.61342 0.192304 -0.56933 -0.799301
1 23.8916 5.81677 1.61294 -0.54822 0.368297 -0.750874
1 4.4205 20.2913 1.75647 0.116395 0.409293 0.904948
1 6.02648 4.53372 1.6104 0.19331 0.354024 -0.91504
1 23.3629 11.2431 1.60904 0.245268 0.435362 -0.8662
1 29.8295 24.5931 1.63613 -0.489464 0.350508 -0.798479
1 24.1322 30.6148 1.75253 -0.542646 -0.229467 0.80801
1 8.57491 30.1974 1.76119 -0.413692 0.194383 0.889423
1 9.63176 19.0209 1.60799 0.395794 -0.0649307 -0.916041
1 15.5736 30.0567 1.75422 0.346323 -0.218639 0.912281
1 1.87306 23.3436 1.75504 -0.478696 0.048365 0.876648
1 9.24739 9.36707 1.6261 -0.760835 -0.0185077 -0.648681
1 7.53497 13.7936 1.60887 -0.149211 0.205815 -0.967148
1 34.0354 27.4148 1.60993 -0.0528768 -0.389851 -0.919359
1 24.4646 29.6492 1.75818 -0.39157 -0.135251 0.910154
1 20.6758 26.6297 1.59538 -0.233431 0.711296 -0.663
1 9.59524 25.8065 1.75808 0.336279 0.303813 0.891411
1 28.1015 9.60245 1.60943 0.0855411 -0.250924 -0.96422
1 21.3844 27.2227 1.76324 0.0847187 -0.618172 0.781464
1 27.3289 13.1244 1.61611 0.611373 -0.294887 -0.734346
1 22.3268 1.21535 1.73775 0.207984 -0.478003 0.853379
1 17.3401 24.5881 1.60875 0.286834 -0.135253 -0.948384
1 18.8903 12.1448 1.75715 -0.0674086 0.248721 0.966227
1 18.6982 22.9765 1.60633 0.00279667 -0.357375 -0.933957
1 9.02498 1.07418 1.61087 -0.298096 -0.164246 -0.940299
1 34.325 4.55694 1.60965 0.0199848 0.0136552 -0.999707
1 6.61195 2.48818 1.60816 -0.0623695 0.188313 -0.980127
1 1.24015 5.6685 1.60923 0.176719 -0.230014 -0.957008
1 4.2515 24.6778 1.75577 0.615997 -0.38058 0.689715
1 9.62863 0.134565 1.61146 -0.439562 -0.311941 -0.842305
1 25.4312 10.9421 1.60933 0.240342 0.104898 -0.965004
1 1.05609 24.162 1.76016 -0.643874 -0.0480604 0.763621
1 26.1643 11.6232 1.60564 0.363126 -0.0111539 -0.931673
1 10.1021 12.0704 1.60687 -0.274958 -0.319291 -0.906891
1 30.825 26.074 1.60445 -0.271181 0.209138 -0.939533
1 34.4971 19.776 1.75831 0.180582 -0.324663 0.928431
1 5.61111 9.63115 1.77329 0.62358 -0.490256 0.608931
1 33.0839 11.663 1.75733 0.146354 -0.306472 0.940561
1 31.1549 27.5508 1.6117 -0.0877093 0.243519 -0.965922
1 16.7459 14.7583 1.76337 -0.337133 -0.091644 0.936986
1 28.913 17.263 1.60876 -0.166845 -0.23631 -0.957246
1 16.0072 0.691121 1.76076 -0.356714 -0.160122 0.920389
1 23.8418 28.7815 1.76052 -0.227971 -0.232997 0.945379
1 13.7339 30.4418 1.7517 0.309526 -0.452186 0.836493
1 2.66961 15.4611 1.75704 -0.481976 0.448443 0.752727
1 33.8444 10.9144 1.75856 0.284215 -0.185636 0.940617
1 24.9402 6.26755 1.61207 -0.498446 0.208526 -0.841468
1 30.1639 19.6954 1.61073 0.207696 -0.444055 -0.871595
1 27.4648 19.6912 1.60802 0.184093 -0.0506097 -0.981605
1 21.226 31.9869 1.75436 0.0485926 0.542456 0.838678
1 7.5974 33.967 1.61126 -0.544444 -0.0550486 -0.836989
1 4.0228 21.2887 1.7541 -0.102076 0.361889 0.926616
1 30.7388 10.0225 1.60582 0.233235 -0.703058 -0.671797
1 9.23509 13.3653 1.60871 -0.191092 -0.0732578 -0.978834
1 14.9227 33.2622 1.75905 -0.0853006 -0.255373 0.963072
1 23.3064 27.5773 1.75545 -0.0192643 -0.304528 0.952308
1 8.43133 22.4652 1.69252 -0.794867 -0.282836 0.536833
1 32.1778 3.23556 1.61062 -0.207399 0.40052 -0.892507
1 25.1231 15.3685 1.61188 -0.643152 0.0926977 -0.760107
1 8.76372 4.91916 1.60823 0.165778 -0.0091815 -0.98612
1 7.01314 4.40301 1.61055 0.141931 0.209423 -0.96747
1 2.52109 31.9604 1.77235 0.648233 -0.168312 0.742607
1 24.7471 1.7917 1.75602 -0.110218 -0.0766204 0.99095
1 15.7916 13.061 1.76196 -0.191578 -0.320712 0.9276
1 8.56428 25.2965 1.7574 0.415404 0.144813 0.898036
1 21.2612 10.9308 1.74861 0.249023 0.747382 0.615961
1 2.88755 34.0405 1.61332 -0.370355 0.663867 -0.649706
1 24.401 11.141 1.61035 0.245312 0.268164 -0.931617
1 7.98766 1.17442 1.60813 -0.258582 -0.0294665 -0.96554
1 25.5782 17.1363 1.61153 -0.252893 0.158434 -0.954434
1 9.51154 21.84 1.61485 0.743189 0.0281802 -0.668488
1 34.1093 15.5078 1.75862 -0.5108 -0.0746075 0.856456
1 15.0168 22.5238 1.60788 -0.111967 0.200407 -0.973293
1 16.0261 29.1259 1.74949 0.489776 -0.180172 0.853029
1 19.729 23.0194 1.61115 0.0189562 -0.511774 -0.858911
1 15.8758 11.9909 1.75695 -0.0619649 -0.28158 0.957535
1 6.01742 31.0393 1.75718 -0.569841 -0.116614 0.813439
1 22.3855 27.2023 1.75358 0.0570957 -0.457195 0.887532
1 12.8272 0.320415 1.75274 -0.348187 -0.575551 0.739937
1 19.9914 0.613305 1.7442 -0.429106 0.466156 0.773671
1 28.8257 25.5134 1.58706 -0.0375481 0.949653 -0.311044
1 25.2924 32.2616 1.74986 0.670544 -0.162109 0.723942
1 9.59459 5.50527 1.60833 0.23147 -0.0952523 -0.968168
1 32.0317 24.0943 1.60333 -0.590683 -0.0495984 -0.805378
1 24.166 21.7224 1.61241 0.484058 0.339533 -0.806477
1 6.40165 18.5562 1.62637 0.34616 0.496321 -0.79614
1 26.8409 17.8604 1.60699 -0.121751 0.00363024 -0.992554
1 0.506439 7.28132 1.60619 0.511252 -0.0918459 -0.854509
1 33.1679 14.5971 1.75995 -0.353135 -0.260816 0.898482
1 5.30462 10.9954 1.62157 -0.42902 0.575117 -0.696551
1 26.861 0.73477 1.76075 0.00343143 0.0989982 0.995082
1 27.0867 22.4632 1.61574 0.637904 0.120043 -0.760702
1 23.0068 1.87411 1.7536 0.0214723 -0.33913 0.940494
1 11.659 24.9893 1.75529 0.467636 0.708048 0.529136
1 27.4499 16.2786 1.60899 -0.365104 -0.0146775 -0.930851
1 1.26873 27.8612 1.62504 -0.0616543 -0.768817 -0.63649
1 19.3801 29.716 1.75638 0.396672 0.313554 0.862749
1 13.2121 13.9615 1.7661 -0.39528 -0.763148 0.511233
1 12.949 15.3427 1.61832 -0.218275 -0.653559 -0.724718
1 9.1709 23.6386 1.75793 0.68712 0.193181 0.700391
1 3.73381 2.25349 1.63028 0.0882503 0.664825 -0.741768
1 17.7105 30.1389 1.76038 0.347857 0.0631297 0.93542
1 10.9555 21.474 1.60295 0.735344 -0.347533 -0.581798
1 17.0624 21.9585 1.60827 -0.19349 -0.116531 -0.974157
1 12.1162 28.2084 1.76083 -0.0706286 0.712698 0.697906
1 5.60149 22.2556 1.74621 -0.450203 0.545935 0.706592
1 2.85879 30.0404 1.75931 -0.344756 -0.593034 0.727636
1 8.25183 3.25347 1.6079 -0.0228342 0.00250574 -0.999736
1 1.46749 22.4239 1.75761 -0.307605 -0.0379486 0.950757
1 9.60582 30.5814 1.74095 -0.446809 0.36878 0.815085
1 27.3552 8.93514 1.60682 -0.0300882 -0.127793 -0.991344
1 5.04805 31.5639 1.74474 -0.653559 -0.275595 0.704917
1 34.4108 3.33508 1.60719 -0.163043 -0.01606 -0.986488
1 27.1315 14.4773 1.71087 -0.70162 0.337768 -0.627409
1 25.5311 18.1335 1.60881 -0.115151 0.149506 -0.982033
1 24.5484 17.5243 1.6115 -0.246132 0.28869 -0.925244
1 2.13365 5.33004 1.63241 0.0652115 -0.3859 -0.920233
1 10.8633 18.8366 1.60793 0.377209 -0.261882 -0.888331
1 7.79458 5.24015 1.60951 0.215228 0.140668 -0.96638
1 13.2006 22.3259 1.61073 -0.176787 0.461307 -0.86945
1 6.30796 25.2177 1.74689 0.409467 -0.156479 0.898805
1 0.469163 31.8278 1.6091 0.530448 -0.448532 -0.719336
1 32.5194 27.1667 1.60787 -0.10601 -0.0900703 -0.990277
1 30.5524 16.6403 1.61361 -0.240465 -0.518945 -0.820288
1 33.3414 0.64172 1.60167 -0.59806 0.145191 -0.78819
1 15.2521 25.2878 1.61126 0.374896 0.168364 -0.91165
1 23.3924 29.6501 1.75834 -0.370203 -0.351549 0.859862
1 13.5187 24.3803 1.60799 0.188578 0.426425 -0.884647
1 22.102 22.371 1.78223 -0.48405 -0.652039 0.583558
1 25.9784 7.62343 1.60824 -0.25163 0.0742907 -0.964968
1 16.3024 34.415 1.75798 -0.238532 -0.0872226 0.96721
1 18.5241 34.1619 1.7567 -0.216174 0.232537 0.948259
1 3.04725 5.62998 1.62933 0.0155402 -0.542545 -0.839883
1 5.11145 26.0956 1.76468 0.344992 -0.251615 0.904251
1 11.8363 33.6813 1.75762 -0.236904 -0.683904 0.690037
1 21.0371 3.10951 1.75784 0.049565 -0.552563 0.831996
1 9.58463 26.8983 1.75993 0.156493 0.309815 0.93783
1 26.6396 16.9107 1.61358 -0.251613 0.0467341 -0.966699
1 26.1073 33.7735 1.75637 0.310347 -0.0722906 0.947871
1 26.9102 7.1905 1.61197 -0.3106 -0.0613906 -0.948556
1 2.84704 13.1932 1.75132 -0.0890736 0.518693 0.850308
1 21.7158 18.896 1.61257 -0.0776967 0.670143 -0.738154
1 16.7246 20.2305 1.61312 -0.504189 -0.0768639 -0.860166
1 33.7574 34.2075 1.61201 -0.740004 -0.00848307 -0.672549
1 16.3917 23.9907 1.60736 0.157137 -0.000812164 -0.987576
1 14.8338 26.1723 1.61259 0.54916 0.170889 -0.818059
1 11.9913 18.407 1.60739 0.302338 -0.445614 -0.842627
1 19.5649 15.45 1.75899 -0.320194 0.399491 0.859001
1 20.2823 25.3634 1.76038 -0.452042 0.636663 0.624755
1 18.888 1.14219 1.75576 -0.429432 0.271738 0.861247
1 1.26659 14.055 1.75729 -0.23643 0.217835 0.946915
1 34.522 25.2524 1.60739 -0.438759 -0.494877 -0.750058
1 25.2141 34.3462 1.75808 0.236263 -0.189866 0.952959
1 18.546 2.94088 1.75515 -0.633486 0.224969 0.740327
1 32.3693 0.186272 1.61076 -0.682624 0.34826 -0.642448
1 23.2393 22.2247 1.60969 0.504103 0.482899 -0.716023
1 3.24517 6.91613 1.61416 0.197079 -0.595438 -0.778854
1 16.2692 8.08787 1.7581 0.40277 -0.248793 0.88084
1 1.45126 29.4781 1.60168 0.0922299 -0.768067 -0.633693
1 23.3311 33.962 1.76245 0.308566 -0.578518 0.755052
1 24.0179 12.1462 1.60877 0.391231 0.302343 -0.869211
1 22.9796 30.5732 1.75491 -0.507119 -0.468273 0.723568
1 14.2042 28.0318 1.75908 0.7329 -0.367366 0.572625
1 7.43913 25.0282 1.75246 0.437641 -0.020409 0.898918
1 17.6874 13.9654 1.7612 -0.216714 0.0537291 0.974755
1 7.78623 14.9014 1.60958 -0.0380033 0.185917 -0.98183
1 0.608695 15.7511 1.73896 -0.535078 0.128978 0.834899
1 7.2575 31.3121 1.75442 -0.625527 0.0370211 0.779324
1 2.06595 4.20964 1.64489 -0.112792 -0.440079 -0.890847
1 21.4286 15.7654 1.75769 -0.224221 0.734918 0.640016
1 29.1664 18.2535 1.60757 -0.00831198 -0.288217 -0.957529
1 18.7728 14.55 1.75856 -0.231419 0.251351 0.939823
1 10.6209 7.03287 1.61184 0.44749 -0.178315 -0.876331
1 19.5415 13.2607 1.75565 -0.057492 0.347491 0.935919
1 25.908 1.2757 1.75973 -0.0612969 0.0118903 0.998049
1 1.33753 10.4695 1.75524 0.372209 0.14808 0.91626
1 10.718 8.09115 1.61264 0.640399 -0.183709 -0.745748
1 22.0994 33.501 1.77165 -0.229006 0.672996 0.703301
1 14.468 32.3718 1.75977 0.036578 -0.319086 0.94702
1 4.05345 1.11491 1.606 -0.097647 0.537172 -0.837802
1 14.1625 1.00914 1.75379 -0.449244 -0.439563 0.777794
1 21.07 12.3228 1.73611 0.0465631 0.684828 0.727215
1 17.2786 26.536 1.60928 0.666469 -0.112511 -0.736994
1 12.7307 16.5391 1.62642 0.00452342 -0.62391 -0.781483
1 20.0172 12.2993 1.75053 0.0608037 0.475069 0.877845
1 10.4465 24.1626 1.762 0.56923 0.435092 0.697619
1 22.0245 3.53638 1.75527 -0.210666 -0.428156 0.878807
1 7.32663 12.7104 1.60864 -0.269002 0.203916 -0.941306
1 6.60006 6.4717 1.61911 0.409401 0.302722 -0.860669
1 14.0674 3.60577 1.59673 -0.27598 -0.717788 -0.63923
1 25.266 8.31459 1.60936 -0.147764 0.1723 -0.973899
1 21.6942 17.544 1.62476 -0.320539 0.709122 -0.628013
1 23.0171 4.08657 1.75633 -0.422248 -0.270956 0.865037
1 10.0759 1.18782 1.61564 -0.282259 -0.31096 -0.907542
1 4.85102 30.5217 1.75435 -0.472417 -0.276117 0.837007
1 20.3845 6.04488 1.7592 0.602424 0.440709 0.665478
1 32.8978 16.625 1.75171 -0.711851 -0.239946 0.660071
1 18.3226 18.3888 1.75184 -0.795598 0.111442 0.595487
1 26.4272 9.16984 1.60727 -0.0081708 0.00907945 -0.999925
1 11.9855 2.31743 1.63235 -0.208141 -0.535163 -0.818705
1 25.9625 10.087 1.60847 0.118212 0.0505599 -0.9917
1 2.28547 28.7634 1.76278 -0.162388 -0.742795 0.649527
1 10.3754 14.5247 1.61487 -0.114369 -0.213629 -0.970197
1 13.464 20.1842 1.61547 -0.521199 0.524158 -0.673505
1 6.36456 10.1645 1.60701 -0.590671 0.34719 -0.7284
1 7.29195 3.39295 1.60927 0.0189733 0.139242 -0.990077
1 29.4481 26.8965 1.63205 -0.150521 0.581273 -0.799666
1 31.6978 6.78499 1.6119 0.504637 0.461038 -0.729922
1 16.6778 13.7567 1.76117 -0.236504 -0.122445 0.963884
1 26.6431 10.7555 1.60819 0.229676 -0.05196 -0.971879
1 29.7357 32.1208 1.75398 0.410435 0.448951 0.793717
1 17.2738 23.6341 1.60705 0.105832 -0.136606 -0.984956
1 33.4237 12.7187 1.76004 -0.0277168 -0.233941 0.971856
1 25.2258 27.8023 1.75916 -0.0557579 0.0356438 0.997808
1 28.7739 7.86147 1.61396 -0.196801 -0.330361 -0.923109
1 28.5097 21.2513 1.60964 0.43557 -0.180264 -0.88192
1 18.3475 29.3676 1.75191 0.463468 0.142292 0.874614
1 26.5474 4.84417 1.59561 -0.765967 0.0447505 -0.641321
1 28.2346 8.63022 1.60939 -0.0635156 -0.259125 -0.963753
1 13.9606 23.0208 1.60618 -0.0392342 0.36195 -0.931372
1 29.2302 28.1918 1.61149 0.0567325 0.659962 -0.749154
1 25.0773 0.816408 1.7577 0.0460493 -0.115902 0.992193
1 34.2859 16.4933 1.74072 -0.713918 0.0334138 0.699432
1 5.69095 27.7299 1.75866 0.0271661 -0.186572 0.982066
1 26.2407 3.99771 1.76611 -0.711186 0.174112 0.681102
1 7.6222 6.25704 1.61108 0.35297 0.176508 -0.918835
1 31.0582 11.6522 1.70216 0.211887 -0.678961 0.702933
1 29.9346 25.7145 1.62429 -0.318955 0.378124 -0.869074
1 27.2684 6.30724 1.61649 -0.470299 -0.0818287 -0.878705
1 27.3868 26.4316 1.74577 0.204887 0.419104 0.884519
1 33.0033 6.94052 1.61009 0.522404 0.238798 -0.818578
1 8.69631 26.317 1.75948 0.247745 0.171135 0.953591
1 13.1715 10.8233 1.74791 0.0699774 -0.691772 0.718718
1 24.8708 12.8629 1.60395 0.508457 0.13915 -0.84977
1 32.0472 20.8226 1.7698 0.0421006 -0.754863 0.654529
1 33.8678 8.69346 1.76369 0.731063 -0.219548 0.646023
1 22.3937 7.89585 1.65803 -0.227578 0.645408 -0.729148
1 24.8379 13.8243 1.61376 0.657313 0.0674272 -0.750596
1 15.335 16.0922 1.74756 -0.465517 -0.406389 0.78622
1 17.2421 29.1915 1.75018 0.501878 -0.0286885 0.864463
1 1.37249 6.6299 1.6026 0.343814 -0.224311 -0.911853
1 6.82137 29.6131 1.75691 -0.303067 -0.00696267 0.952944
1 0.880537 34.5583 1.77608 0.601492 0.420153 0.67947
1 29.2031 15.3884 1.61289 -0.488446 -0.274329 -0.82835
1 6.48058 28.2689 1.7592 -0.0710638 -0.0853228 0.993816
1 5.36048 20.7268 1.76832 0.0179116 0.555784 0.831134
1 24.6651 2.79909 1.7508 -0.287699 -0.0256189 0.957378
1 2.59693 18.781 1.76147 0.365027 0.107247 0.924799
1 18.5356 19.3481 1.60411 -0.695792 -0.29449 -0.655095
1 4.70201 27.6216 1.76227 0.0573009 -0.321053 0.945326
1 27.6667 5.43852 1.61098 -0.624962 -0.0974848 -0.774545
1 19.8265 30.7083 1.75907 0.248381 0.353406 0.901893
1 0.739285 8.56856 1.73148 0.726244 0.0271137 0.686902
1 14.8084 23.5329 1.60815 0.0570325 0.236369 -0.969988
1 0.840208 26.285 1.61136 -0.256674 -0.650472 -0.714846
1 30.8035 29.7633 1.61324 0.235446 0.3063 -0.922359
1 3.665 3.75317 1.73491 0.44923 0.685365 -0.57312
1 11.0045 32.5931 1.7403 -0.0125679 -0.82381 0.566727
1 30.3968 7.46171 1.61658 -0.287207 -0.552763 -0.782282
1 29.926 17.4612 1.60743 -0.121404 -0.409467 -0.904211
1 3.96633 32.1758 1.75325 0.788414 0.164576 0.592721
1 34.3608 28.4452 1.61122 0.111992 -0.413261 -0.9037
1 4.18191 28.6753 1.75873 -0.138386 -0.408023 0.902423
1 0.282779 20.7409 1.75787 0.00963644 -0.246993 0.968969
1 1.25938 2.14317 1.61221 -0.328194 -0.340764 -0.881004
1 1.88298 13.2251 1.75676 -0.0934231 0.326617 0.940528
1 22.9263 2.99684 1.75744 -0.187933 -0.308177 0.932582
1 19.2095 5.25258 1.75354 0.724726 0.182131 0.664531
1 15.1738 18.0383 1.75959 -0.678016 -0.422184 0.60171
1 10.8413 4.01341 1.60653 0.0172099 -0.269298 -0.962903
1 32.0514 31.7302 1.60917 0.539455 0.107626 -0.835108
1 26.8661 34.3779 1.76027 0.175878 0.0629847 0.982395
1 27.3139 11.4295 1.61421 0.333867 -0.161476 -0.928686
1 24.3089 8.11108 1.60774 -0.186385 0.331773 -0.924763
1 27.1665 27.4655 1.76051 0.0159321 0.40413 0.914563
1 27.7407 24.5981 1.76484 0.524621 0.430726 0.734335
1 19.2779 0.0503895 1.75293 -0.313828 0.35087 0.882271
1 32.5238 5.11845 1.60502 0.161516 0.347831 -0.92354
1 9.15057 19.9563 1.60933 0.505085 0.0403381 -0.862126
1 34.2671 21.6024 1.75841 -0.159162 -0.327311 0.931415
1 14.6241 16.7267 1.76482 -0.487792 -0.594003 0.639702
1 2.48167 24.1516 1.76768 -0.625278 0.159778 0.763871
1 17.993 9.16571 1.76004 0.276637 0.0975147 0.956014
1 13.9348 8.11007 1.72247 0.533094 -0.595945 0.60055
1 13.8366 18.1449 1.59194 0.229565 -0.764687 -0.602124
1 8.52863 19.1004 1.61069 0.383691 0.136011 -0.91339
1 18.1838 28.4054 1.75223 0.632268 0.0748651 0.771124
1 32.5418 26.0492 1.60939 -0.268805 -0.123612 -0.95523
1 8.63 5.91338 1.60968 0.306396 0.038553 -0.951123
1 23.2714 0.597179 1.75259 0.157271 -0.350111 0.923411
1 33.7432 13.6848 1.75941 -0.191419 -0.160755 0.968254
1 3.25323 10.7435 1.75788 0.265112 0.524636 0.808995
1 9.43992 24.6956 1.75311 0.517414 0.262315 0.814539
1 10.4813 6.00743 1.60912 0.280504 -0.180198 -0.942786
1 25.0524 21.167 1.61467 0.381898 0.238711 -0.892844
1 32.5788 19.5166 1.75626 0.241728 -0.66198 0.709472
1 4.90063 29.5081 1.75855 -0.291247 -0.27341 0.916745
1 11.2524 15.0029 1.62214 -0.0879744 -0.357997 -0.929569
1 26.6507 29.3884 1.75599 -0.356275 0.244007 0.901958
1 15.4822 24.3199 1.60735 0.198432 0.136706 -0.970534
1 26.9487 25.349 1.757 0.390861 0.326632 0.860546
1 27.1275 31.9743 1.75289 0.710875 -0.0345878 0.702467
1 16.4765 16.4953 1.74667 -0.516396 -0.173398 0.838611
1 7.67453 26.8835 1.76146 0.161349 0.0370807 0.986201
1 15.2171 11.0259 1.75501 0.0356751 -0.379382 0.924552
1 9.56684 7.49998 1.61385 0.561879 -0.0422308 -0.826141
1 21.8311 31.0364 1.73892 0.188689 0.635217 0.74893
1 4.17377 7.26374 1.59829 0.156295 -0.736668 -0.657946
1 9.13122 8.45768 1.65976 0.756133 -0.100569 -0.646644
1 1.79671 18.1044 1.74364 0.522082 -0.0315126 0.852313
1 14.7054 30.7182 1.75443 0.259309 -0.306087 0.916007
1 34.036 2.42255 1.60683 -0.317139 0.0298223 -0.94791
1 9.4877 29.5912 1.75367 -0.288531 0.314299 0.904415
1 20.2193 31.7325 1.75858 0.0990234 0.403053 0.909803
1 25.1469 24.1244 1.75631 0.614967 0.010912 0.788477
1 0.0656819 9.37508 1.75708 0.578444 -0.0810807 0.811682
1 31.6629 25.5101 1.60844 -0.352803 0.025649 -0.935346
1 6.02367 15.5804 1.61257 0.0568778 0.456799 -0.88775
1 24.7354 4.11952 1.76088 -0.612237 -0.0293603 0.790129
1 5.82295 5.5886 1.61343 0.327932 0.469419 -0.819821
1 7.46228 18.9568 1.61575 0.38856 0.326136 -0.861776
1 6.39214 12.3765 1.61068 -0.310599 0.356573 -0.881126
1 25.5963 20.3287 1.60741 0.23635 0.199436 -0.950981
1 26.7102 8.22188 1.60651 -0.140975 -0.0148297 -0.989902
1 16.6915 12.7626 1.75936 -0.137867 -0.145379 0.979723
1 2.69103 27.6197 1.7526 0.00742088 -0.611471 0.791232
1 25.8032 31.2186 1.74 -0.735841 0.0761844 0.672855
1 34.1032 6.69477 1.61078 0.442883 0.079649 -0.893035
1 1.92198 25.0099 1.5858 0.781488 -0.134854 -0.609173
1 0.713676 30.5489 1.60724 0.277981 -0.56082 -0.779877
1 32.9685 20.7064 1.74665 0.00314996 -0.59533 0.803475
1 9.50218 17.3414 1.60901 0.171418 -0.0536253 -0.983738
1 2.0749 8.86516 1.74673 0.598052 0.266258 0.755937
1 17.816 1.60061 1.75629 -0.469334 0.110694 0.876055
1 27.119 9.89527 1.60903 0.109867 -0.0990997 -0.988994
1 12.5231 32.7642 1.76278 0.037481 -0.62304 0.781292
1 8.31107 11.1428 1.61079 -0.466034 -0.00501617 -0.884752
1 33.1963 3.03819 1.60887 -0.224413 0.204673 -0.952758
1 19.2614 27.6342 1.74539 0.733105 0.240135 0.636312
1 19.1414 24.0374 1.61304 0.201719 -0.429463 -0.880267
1 8.02812 20.0848 1.61814 0.503255 0.251912 -0.826604
1 34.5285 0.548218 1.60439 -0.571717 -0.138602 -0.808659
1 33.3851 26.6241 1.61071 -0.177822 -0.270402 -0.946183
1 27.3492 18.7136 1.60682 0.0311031 -0.0462131 -0.998447
1 10.8038 9.29495 1.61708 -0.754413 -0.20618 -0.623178
1 20.1799 7.9281 1.70494 0.347179 0.506478 0.78927
1 21.8676 9.34932 1.63371 -0.0113779 0.785741 -0.618451
1 21.3714 29.6447 1.69438 0.391026 0.676882 0.623642
1 26.2972 23.1876 1.62001 0.811104 0.163219 -0.561668
1 3.79678 13.0368 1.76239 -0.11623 0.699699 0.70492
1 0.214956 10.3049 1.75607 0.41852 -0.0381653 0.907405
1 5.20047 19.5496 1.75526 0.27599 0.546631 0.790585
1 21.7023 7.1624 1.57807 -0.19069 0.830206 -0.523827
1 11.3696 27.3344 1.75437 0.0903373 0.580256 0.809408
1 33.2092 27.938 1.60498 0.0036872 -0.215294 -0.976542
1 7.36476 27.7935 1.76076 0.0079055 0.0278622 0.999581
1 2.77839 2.30484 1.62614 0.303526 0.7786 -0.54923
1 16.4053 9.17234 1.7596 0.27543 -0.19471 0.941396
1 30.1464 18.5519 1.60862 0.04262 -0.451893 -0.891053
1 6.31451 22.8976 1.74991 -0.703927 0.484721 0.519166
1 17.6141 32.7268 1.76176 -0.0116992 0.0730757 0.997258
1 22.9069 26.2198 1.75386 0.233179 -0.359537 0.903527
1 23.8204 25.6147 1.75846 0.359388 -0.202342 0.910988
1 12.0053 12.8328 1.59281 -0.0589921 -0.683152 -0.72789
1 7.99977 4.22653 1.6078 0.0918027 0.0693451 -0.99336
1 1.01192 21.4229 1.76086 -0.126565 -0.133831 0.982889
1 12.2124 22.7818 1.61033 -0.144877 0.625501 -0.766654
1 26.2472 5.76438 1.6174 -0.604899 0.0551769 -0.794388
1 14.9542 14.6706 1.7465 -0.356072 -0.438278 0.825303
1 29.3377 20.4962 1.6114 0.324284 -0.326726 -0.887744
1 4.32702 22.7053 1.74107 -0.483283 0.385655 0.785944
1 20.1278 24.1111 1.61226 0.21588 -0.574155 -0.789773
1 11.34 22.3444 1.77787 0.361149 -0.720498 0.591991
1 21.0246 34.4229 1.72176 -0.331679 0.600015 0.727992
1 3.43227 18.2418 1.75692 0.464026 0.252513 0.849068
1 9.54391 2.01269 1.61164 -0.181839 -0.191692 -0.964463
1 31.5673 2.46081 1.61495 -0.375447 0.503456 -0.778185
1 11.989 31.8096 1.76823 0.239012 -0.701707 0.671179
1 6.86271 14.6155 1.60978 -0.0597335 0.3266 -0.943273
1 30.958 17.7959 1.61345 -0.0648316 -0.60592 -0.792879
1 7.5869 9.53628 1.61211 -0.734014 0.121341 -0.668206
1 11.7519 4.43 1.60293 0.0379823 -0.370166 -0.928189
1 29.8408 29.2723 1.61318 0.198553 0.486943 -0.850567
1 19.4043 32.4354 1.75999 0.0150611 0.309625 0.950739
1 26.6514 20.6743 1.60767 0.311719 0.0784624 -0.946929
1 8.60546 10.2237 1.61744 -0.601308 -0.0354491 -0.79823
1 4.03716 15.2772 1.61514 -0.127228 0.785141 -0.606108
1 34.1187 33.0883 1.75599 -0.78437 -0.112917 0.609929
1 33.2878 5.95114 1.60938 0.303795 0.214748 -0.92822
1 28.0962 23.3178 1.61433 0.775634 -0.0308962 -0.630427
1 15.8342 4.3681 1.77596 -0.761836 -0.350776 0.544575
1 26.4838 26.6581 1.76092 0.157099 0.263109 0.951889
1 4.6626 0.156691 1.61044 -0.277499 0.407579 -0.869985
1 34.3955 26.3652 1.60958 -0.228976 -0.465636 -0.854841
1 7.00794 7.47878 1.61732 0.554612 0.208677 -0.805518
1 23.7823 19.1635 1.60638 -0.000435082 0.387681 -0.921793
1 31.7859 29.2811 1.61103 0.162176 0.126511 -0.978618
1 26.8026 12.3296 1.64224 0.478134 -0.124505 -0.869417
1 28.9911 12.2893 1.61248 0.492164 -0.453365 -0.743125
1 9.41167 14.3806 1.61018 -0.102747 -0.0725318 -0.99206
1 23.6812 14.1991 1.59578 0.731106 0.273893 -0.624873
1 1.58176 16.2278 1.76121 -0.700504 0.230896 0.675263
1 6.14075 8.12299 1.6144 0.650593 0.299292 -0.697963
1 18.5375 7.14679 1.75933 0.513169 0.124538 0.849204
1 22.3705 32.1884 1.76168 -0.0133243 0.687492 0.72607
1 4.68321 23.5465 1.66133 -0.7591 0.268272 0.593125
1 6.63412 27.1717 1.75904 0.108462 -0.0847612 0.99048
1 13.8146 29.2359 1.75838 0.507641 -0.504785 0.698206
1 8.27394 21.1842 1.61636 0.652814 0.254576 -0.71346
1 19.6976 10.1462 1.74985 0.181883 0.379759 0.907029
1 34.3066 31.0663 1.61062 0.400303 -0.354391 -0.845083
1 23.8053 24.6133 1.75866 0.571729 -0.168277 0.803
1 7.44296 30.3825 1.76356 -0.465557 0.0343453 0.884351
1 34.3993 23.7395 1.75577 -0.60213 -0.299812 0.739967
1 7.77077 33.033 1.61025 -0.724006 -0.0510511 -0.687902
1 28.6238 1.57164 1.76163 -0.227534 0.377578 0.897588
1 9.92925 10.2689 1.61178 -0.592863 -0.215962 -0.775805
1 29.6181 14.4097 1.62246 -0.612922 -0.346046 -0.710337
1 13.8585 34.5302 1.75374 -0.265907 -0.41 0.872464
1 6.29838 11.2651 1.61438 -0.452558 0.364011 -0.814056
1 0.446565 2.64493 1.61083 -0.262069 -0.168649 -0.950199
1 17.7892 16.5734 1.7578 -0.528028 0.0845544 0.845007
1 16.2422 11.0126 1.75704 0.0620676 -0.201096 0.977603
1 8.51246 0.122725 1.61243 -0.43172 -0.156608 -0.888308
1 10.43 2.53982 1.61177 -0.129836 -0.279444 -0.951343
1 19.3384 1.98756 1.75138 -0.52739 0.33708 0.779895
1 23.6374 16.9866 1.61549 -0.388647 0.398575 -0.830717
1 30.3633 27.0255 1.60609 -0.154669 0.396112 -0.905082
1 12.376 8.11688 1.60568 0.652428 -0.350634 -0.671858
1 13.4789 1.61277 1.7621 -0.568284 -0.556458 0.606142
1 25.5132 3.30771 1.74664 -0.479903 0.101496 0.871431
1 15.7483 23.2223 1.60714 0.0162201 0.0908219 -0.995735
1 26.408 19.7054 1.60635 0.152743 0.0751828 -0.985402
1 25.4354 19.2391 1.60768 0.0570145 0.19364 -0.979415
1 17.4672 21.0456 1.6094 -0.3573 -0.182066 -0.916073
1 19.2059 20.3717 1.61261 -0.466642 -0.4338 -0.770755
1 10.4783 29.5971 1.75127 -0.2823 0.473599 0.834272
1 14.3518 6.13228 1.60929 0.250837 -0.697707 -0.671034
1 2.99926 21.4751 1.75917 -0.141085 0.200193 0.969545
1 16.085 2.48711 1.73521 -0.579163 -0.156117 0.800123
1 16.0856 3.45975 1.75752 -0.675739 -0.223938 0.702302
1 17.6716 12.9272 1.76054 -0.118151 0.0213954 0.992765
1 0.591808 18.0538 1.7294 0.528929 -0.213939 0.821258
1 29.5423 1.91703 1.75968 -0.292871 0.525859 0.798561
1 17.3742 7.45551 1.76072 0.482748 -0.0903268 0.871089
1 23.7573 26.6457 1.75594 0.155618 -0.218879 0.963263
1 3.0374 4.42591 1.61561 -0.249645 -0.623102 -0.74123
1 3.25511 26.5898 1.75834 0.221941 -0.53652 0.81418
1 24.0823 7.05021 1.60816 -0.350697 0.355032 -0.866581
1 2.31458 12.2172 1.75404 0.071938 0.388023 0.918838
1 33.9027 20.6401 1.75475 0.0143435 -0.42125 0.906831
1 16.3496 21.193 1.60907 -0.330358 -0.0170634 -0.943702
1 25.915 16.1716 1.61712 -0.395363 0.118355 -0.910868
1 18.4534 15.6934 1.76296 -0.392923 0.213744 0.894385
1 0.576072 14.8078 1.75912 -0.373907 0.102778 0.921754
1 20.9443 9.01759 1.74835 0.168486 0.707521 0.686313
1 23.9624 23.642 1.77169 0.759938 -0.109035 0.640786
1 23.1228 6.84866 1.6358 -0.378548 0.49787 -0.780274
1 29.8796 6.32499 1.61492 -0.48396 -0.477283 -0.733474
1 7.97378 29.4511 1.75705 -0.284427 0.125396 0.950462
1 2.25614 19.7686 1.7605 0.179201 0.0499986 0.982541
1 12.0817 14.5009 1.62552 -0.206381 -0.482486 -0.851243
1 7.94569 18.0369 1.61238 0.285396 0.197484 -0.937843
1 14.3894 27.0533 1.6067 0.73065 0.148322 -0.666447
1 33.2149 18.3209 1.75156 0.457578 -0.518589 0.72228
1 7.61533 2.42112 1.60808 -0.0970703 0.0499651 -0.994023
1 12.934 4.89955 1.61045 0.0319252 -0.504171 -0.863014
1 15.5835 32.4848 1.76042 0.0265658 -0.178524 0.983577
1 15.7491 10.0586 1.75567 0.169077 -0.295665 0.94021
1 23.3547 7.97719 1.60983 -0.206559 0.485684 -0.849379
1 31.8202 15.6465 1.75682 -0.56382 -0.508604 0.650714
1 28.6144 0.501734 1.7568 -0.0295497 0.340733 0.939696
1 4.84937 21.7009 1.7548 -0.237746 0.475384 0.847046
1 30.6851 5.80276 1.61553 0.3712 0.674964 -0.637678
1 27.8676 32.7594 1.75167 0.481831 0.102899 0.870202
1 32.7424 9.483 1.75453 0.512509 -0.382789 0.76864
1 5.0093 4.62402 1.61066 0.215468 0.516824 -0.828533
1 19.5911 17.3853 1.75891 -0.564901 0.405194 0.718822
1 16.3527 6.98333 1.75459 0.535461 -0.318416 0.782236
1 10.3876 27.5973 1.75637 0.037687 0.434901 0.899689
1 20.0011 9.12427 1.75682 0.256718 0.494375 0.830475
1 6.4736 33.3569 1.60903 -0.575879 0.075438 -0.814047
1 0.836488 13.1366 1.75978 -0.0819023 0.124833 0.988792
1 33.5213 19.632 1.74914 0.200455 -0.499831 0.842607
1 15.1821 31.5773 1.7604 0.145266 -0.23843 0.960234
1 9.56157 6.52306 1.61172 0.39132 -0.0598863 -0.918304
1 0.605518 28.9327 1.62803 0.0962451 -0.602251 -0.792484
1 29.5501 16.4102 1.61075 -0.295305 -0.344174 -0.891257
1 16.6183 1.68127 1.7602 -0.473363 -0.0725485 0.877875
1 21.9377 5.19388 1.75181 -0.894122 0.195258 0.403015
1 5.75388 26.7627 1.75286 0.190459 -0.210554 0.95885
1 12.2068 24.0634 1.6078 0.143304 0.64988 -0.746404
1 30.8264 23.8974 1.60225 -0.627831 0.176355 -0.758108
1 4.97804 14.5199 1.61444 -0.131556 0.603547 -0.786399
1 5.41409 3.57998 1.63038 0.0882867 0.425268 -0.900751
1 3.09071 0.807712 1.7814 0.0701314 -0.717049 0.693485
1 25.1417 11.9245 1.60722 0.379807 0.13975 -0.914449
1 20.2272 33.9846 1.75089 -0.241951 0.47937 0.843602
1 32.4831 12.5451 1.75515 -0.00112876 -0.400109 0.916467
1 29.078 9.02228 1.60829 0.0158039 -0.404402 -0.914445
1 5.85583 30.0767 1.75487 -0.403305 -0.121897 0.90691
1 17.791 14.9527 1.76116 -0.321173 0.0901435 0.942721
1 24.5754 9.12344 1.6074 -0.0321418 0.294283 -0.955178
1 1.99999 21.5629 1.75932 -0.144739 0.0299201 0.989017
1 10.9685 5.0993 1.60935 0.153328 -0.248475 -0.956426
1 2.73777 17.3406 1.74348 0.626085 0.129127 0.768989
1 0.35783 27.396 1.61896 -0.0371097 -0.577136 -0.815804
1 10.499 17.125 1.60982 0.137399 -0.219407 -0.96591
1 2.20277 33.0623 1.60346 0.558879 -0.313493 -0.767709
1 0.161546 1.63075 1.61101 -0.430368 -0.146437 -0.890696
1 15.996 30.8882 1.75994 0.237534 -0.156305 0.958721
1 22.8741 28.511 1.75785 -0.182801 -0.407454 0.894743
1 1.59944 30.9929 1.61961 0.374365 -0.681177 -0.629166
1 2.15422 0.756073 1.58894 0.0167447 0.873732 -0.486119
1 13.5243 21.2569 1.61572 -0.35677 0.415208 -0.83685
1 18.075 31.123 1.76086 0.208128 0.118337 0.970917
1 30.3505 15.4662 1.60654 -0.438126 -0.508255 -0.741433
1 19.0665 16.5048 1.75925 -0.484684 0.308638 0.818428
1 11.3164 16.5121 1.61043 0.0560648 -0.356467 -0.932624
1 14.854 13.2137 1.76157 -0.27869 -0.491194 0.825264
1 26.2312 21.551 1.61591 0.441588 0.154752 -0.883771
1 4.59696 18.4101 1.77184 0.5231 0.477977 0.705624
1 29.0908 29.9544 1.70788 -0.413468 -0.866717 -0.279008
1 3.44132 20.5225 1.75958 0.0429641 0.253053 0.966498
1 29.681 10.6592 1.62484 0.323116 -0.529212 -0.784558
1 13.1663 3.75338 1.61539 -0.140858 -0.612805 -0.777579
1 20.8278 17.1668 1.7527 -0.469493 0.626681 0.62197
1 19.3246 11.1558 1.75539 0.0529512 0.354481 0.933563
1 20.276 16.2351 1.75606 -0.371467 0.537336 0.757154
1 15.6006 20.4556 1.61278 -0.446072 0.094394 -0.890005
1 9.98173 4.56675 1.60882 0.110003 -0.146647 -0.983054
1 0.904527 19.9009 1.75848 0.173298 -0.153684 0.972805
1 9.69533 15.3786 1.6104 -0.019321 -0.0995962 -0.99484
1 3.52942 22.228 1.73545 -0.288447 0.303648 0.908073
1 1.39455 12.3572 1.76011 0.0524334 0.215628 0.975067
1 10.1335 18.1243 1.60983 0.273566 -0.151516 -0.949845
1 28.1635 4.55584 1.59911 -0.807858 -0.0689922 -0.585325
1 8.28075 13.0688 1.60868 -0.223361 0.0595248 -0.972917
1 13.0112 23.4292 1.60831 0.0164051 0.508301 -0.861023
1 18.1848 23.8908 1.60781 0.163799 -0.277805 -0.94657
1 16.6782 22.8793 1.60704 -0.0305758 -0.0527032 -0.998142
1 17.8063 5.38139 1.76019 0.720729 -0.0754499 0.689098
1 30.3329 4.45527 1.61159 0.0562566 0.682775 -0.728459
1 12.4551 6.45072 1.60669 0.295886 -0.434726 -0.850567
1 27.5925 2.19522 1.76094 -0.300251 0.275224 0.913291
1 6.41403 20.8164 1.59655 -0.352014 -0.762136 -0.543355
1 7.78184 23.3247 1.75567 0.73676 -0.0533919 0.674043
1 28.6635 11.2119 1.60999 0.328102 -0.347034 -0.878588
1 26.1929 27.6221 1.75971 -0.017345 0.211971 0.977122
1 31.0195 31.0185 1.6114 0.438836 0.326287 -0.837234
1 27.159 33.4669 1.76184 0.331525 0.0693912 0.940891
1 32.7313 13.5958 1.75925 -0.180447 -0.337095 0.924016
1 13.0132 33.7998 1.75789 -0.138973 -0.527175 0.838316
1 0.570439 18.9961 1.76493 0.343806 -0.213654 0.914412
1 8.22327 7.77089 1.63281 0.617018 0.0499583 -0.785362
1 10.1895 33.9281 1.60834 -0.574072 -0.414671 -0.706038
1 20.3175 32.8321 1.75755 -0.0645111 0.44198 0.894702
1 1.03053 1.02184 1.61193 -0.46462 -0.385002 -0.797434
1 17.3359 25.5518 1.60856 0.469359 -0.121699 -0.874581
1 1.54512 20.6018 1.75958 0.0301846 -0.0611997 0.997669
1 13.9642 31.5045 1.75143 0.15126 -0.396828 0.905344
1 1.20475 11.4105 1.75923 0.211929 0.154797 0.964948
1 6.51262 34.3297 1.61039 -0.422267 0.108532 -0.899951
1 28.5225 16.3273 1.60967 -0.3246 -0.174059 -0.929698
1 34.2098 5.61775 1.60889 0.209542 0.056952 -0.97614
1 17.7093 22.7872 1.60885 -0.043298 -0.207514 -0.977273
1 20.4074 4.82499 1.60402 0.543684 0.607339 -0.579264
1 5.13077 28.5335 1.76013 -0.112751 -0.253114 0.960844
1 3.83391 30.9336 1.74556 -0.518898 -0.435766 0.735427
1 26.8818 15.5258 1.69413 -0.521399 0.0673708 -0.850649
1 3.23686 28.7834 1.75671 -0.156873 -0.572001 0.805112
1 30.7906 32.8003 1.76259 0.236278 0.623938 0.744898
1 14.9025 0.446585 1.76402 -0.342989 -0.31419 0.885236
1 30.84 24.9221 1.61349 -0.453887 0.175638 -0.873578
1 3.72669 34.559 1.60491 -0.258834 0.564693 -0.783663
1 9.98712 3.47845 1.60716 -0.0216685 -0.188708 -0.981794
1 18.9967 9.0871 1.75829 0.282653 0.288374 0.914849
1 19.1618 22.0509 1.60526 -0.159142 -0.429583 -0.888894
1 19.8783 21.4054 1.6284 -0.237406 -0.566441 -0.789166
1 8.21116 28.235 1.76027 -0.0702713 0.147025 0.986633
1 33.4472 4.91417 1.60956 0.102724 0.184942 -0.977366
1 18.7178 10.0727 1.75834 0.167203 0.22241 0.960509
1 11.9045 0.968087 1.61726 -0.407221 -0.658012 -0.633396
1 28.0839 7.03556 1.6132 -0.335306 -0.209948 -0.918418
1 5.79341 7.03525 1.61147 0.468977 0.432335 -0.770161
1 12.7294 30.3312 1.75057 0.344249 -0.585987 0.733561
1 31.0202 28.6475 1.61269 0.0621358 0.284622 -0.956624
1 13.9339 4.89586 1.60934 -0.0187844 -0.656148 -0.754398
1 0.492841 4.02666 1.60847 -0.0845067 -0.152714 -0.984651
1 17.0367 30.9045 1.76047 0.23197 -0.021573 0.972484
1 34.1865 14.5779 1.75836 -0.340877 -0.0783738 0.936835
1 7.03097 15.6847 1.60795 0.0632171 0.298926 -0.95218
1 6.34711 3.50242 1.61295 0.0555105 0.280795 -0.958161
1 32.7573 4.08214 1.6085 -0.0362186 0.305297 -0.951568
1 8.99938 18.2045 1.60939 0.282495 0.0294557 -0.958816
1 25.3531 5.20194 1.78386 0.69181 -0.210079 0.690844
1 9.15112 12.3194 1.60867 -0.303333 -0.130702 -0.943878
1 26.5181 30.356 1.75042 -0.548147 0.188123 0.814951
1 3.21318 11.9758 1.75189 0.0798746 0.556698 0.826866
1 33.5783 29.1612 1.60382 0.169338 -0.219619 -0.960777
1 29.9248 33.2649 1.75141 0.200486 0.471091 0.858999
1 27.2271 3.1933 1.74635 -0.493063 0.263628 0.829089
1 25.2499 33.2586 1.76017 0.446858 -0.205492 0.870684
1 30.5033 0.848149 1.75931 -0.255116 0.656342 0.710022
1 20.6565 14.9637 1.75819 -0.16214 0.605273 0.77933
1 26.0012 0.268206 1.7594 0.11687 -0.0482026 0.991977
1 20.5788 13.499 1.75017 -0.0557646 0.530964 0.845558
1 3.66846 27.6887 1.75817 0.0328601 -0.470659 0.881703
1 16.337 31.7698 1.76107 0.125433 -0.0997322 0.987077
1 2.26894 14.2057 1.75387 -0.25986 0.410595 0.874005
1 1.25652 4.64339 1.60582 -0.00617278 -0.278624 -0.96038
1 21.9224 0.0837129 1.6116 -0.471231 0.682594 0.558575
1 11.4584 26.1513 1.74441 0.307444 0.593314 0.743947
1 31.7393 13.6691 1.75446 -0.192004 -0.499465 0.844789
1 21.2234 20.0829 1.61517 0.173848 0.759296 -0.627093
1 4.41213 16.6365 1.61674 0.185388 0.704765 -0.68479
1 23.8477 3.46923 1.75412 -0.352877 -0.135928 0.925744
1 21.4161 25.353 1.5898 -0.441401 0.589661 -0.676362
1 12.9956 31.4847 1.74849 0.170262 -0.54584 0.820408
1 25.5417 26.8314 1.76012 0.122376 0.0945725 0.987968
1 10.8126 20.5364 1.62601 0.620536 -0.269146 -0.736543
1 4.11968 19.2281 1.75016 0.336513 0.380425 0.861415
1 5.55812 24.2111 1.63841 0.686538 -0.22388 0.691768
1 9.07584 3.96855 1.6079 0.0488691 -0.0636843 -0.996773
1 14.2659 15.3469 1.74864 -0.368619 -0.60232 0.708047
1 15.2843 34.2088 1.75543 -0.229871 -0.230788 0.945461
1 15.2203 6.77982 1.74109 0.586379 -0.521521 0.619819
1 24.3476 33.9435 1.76574 0.316505 -0.35696 0.878865
1 15.8925 33.4433 1.75975 -0.104206 -0.133818 0.985512
1 33.2444 23.0163 1.75624 -0.447887 -0.481578 0.753313
1 3.88932 29.7961 1.75541 -0.326987 -0.433509 0.839732
1 4.45309 3.28493 1.64413 0.208116 0.596789 -0.774939
1 29.914 9.46412 1.60693 0.102333 -0.55726 -0.824008
1 34.192 18.6861 1.74894 0.391364 -0.37895 0.838589
1 17.7021 27.4925 1.73812 0.798502 -0.00932826 0.60192
1 29.2711 3.18476 1.76368 -0.460346 0.586703 0.666228
1 23.7519 13.1513 1.60975 0.558535 0.323557 -0.763773
1 29.2958 19.285 1.60749 0.148673 -0.31564 -0.937159
1 5.64676 13.3241 1.614 -0.20902 0.52392 -0.825723
1 27.634 7.87446 1.60894 -0.183952 -0.157955 -0.970161
1 32.1683 14.7332 1.74641 -0.395752 -0.430407 0.811252
1 12.8154 19.0504 1.61156 0.384624 -0.574313 -0.722654
1 11.4342 31.0718 1.61323 0.43795 -0.731581 0.522484
1 23.1708 19.9645 1.61631 0.127285 0.458036 -0.879774
1 33.5319 25.5871 1.61163 -0.367559 -0.320591 -0.872996
1 12.8812 25.123 1.61911 0.336228 0.524564 -0.782166
1 1.3962 17.2063 1.74373 0.721697 -0.100914 0.684814
1 6.42423 32.0519 1.73094 -0.763321 -0.080597 0.640972
1 5.1639 25.1375 1.7466 0.50961 -0.259043 0.820484
1 26.0103 13.0464 1.61302 0.584009 -0.0448898 -0.810505
1 22.6358 6.00687 1.59775 -0.485205 0.57439 -0.659282
1 17.3532 31.8166 1.7607 0.107891 0.0268314 0.993801
1 7.37038 10.5816 1.60508 -0.559493 0.16498 -0.812249
1 24.2504 0.367661 1.75991 0.154697 -0.227412 0.961433
1 23.5897 18.1053 1.61154 -0.189637 0.425128 -0.885045
1 10.4995 25.3199 1.75175 0.411309 0.437948 0.799391
1 18.7513 30.4247 1.75805 0.306452 0.209631 0.928516
1 26.3396 32.7883 1.75714 0.497236 -0.0357875 0.866877
1 25.5948 2.23104 1.7539 -0.231465 0.0571994 0.97116
1 16.6536 18.2872 1.75741 -0.780882 -0.0974535 0.61703
1 21.2271 2.04351 1.66215 0.300012 -0.544059 0.783577
1 5.52924 16.6774 1.77198 -0.264024 -0.531132 0.805103
1 20.6371 1.24377 1.6704 -0.562463 0.558437 0.609741
1 10.7666 0.459951 1.6131 -0.373134 -0.469914 -0.79997
1 15.9795 15.3782 1.7539 -0.410921 -0.245338 0.87804
1 24.7785 26.071 1.7605 0.257678 -0.0462538 0.965123
1 4.09715 25.7468 1.7551 0.404957 -0.408069 0.818223
1 11.1659 13.8435 1.61443 -0.20893 -0.336004 -0.918395
1 33.4094 24.4785 1.61627 -0.594921 -0.310485 -0.741396
1 3.96708 5.86568 1.60406 -0.100853 -0.724556 -0.681797
1 24.7989 25.0929 1.75625 0.43305 -0.0297499 0.900879
1 15.4489 1.43932 1.76198 -0.473992 -0.251508 0.843845
1 27.9465 12.1367 1.62003 0.431222 -0.287072 -0.855358
1 15.275 21.4861 1.60853 -0.27928 0.14897 -0.948583
1 10.6145 15.7667 1.61077 -0.00740348 -0.243639 -0.969838
1 11.3093 3.08553 1.61423 -0.0961213 -0.380012 -0.919973
1 26.7598 1.71122 1.7619 -0.171605 0.144372 0.97453
1 17.9482 20.1613 1.61087 -0.525137 -0.242407 -0.815763
1 28.0092 25.751 1.76852 0.315611 0.520319 0.79351
1 5.03667 1.19127 1.60752 -0.12349 0.372012 -0.919977
1 25.8157 25.881 1.76016 0.303412 0.134534 0.943314
1 26.4459 2.66162 1.74958 -0.344418 0.177446 0.921894
1 28.156 18.0572 1.60754 -0.0648197 -0.133452 -0.988933
1 28.4231 14.5837 1.65614 -0.650743 -0.0562811 -0.757209
1 11.0371 28.4641 1.75867 -0.123357 0.546768 0.828147
1 26.8181 28.4137 1.75808 -0.16216 0.307254 0.937709
1 19.8631 3.1879 1.76498 0.479676 -0.700282 0.528693
1 17.3338 10.9833 1.75764 0.064362 -0.00902504 0.997886
1 15.3809 9.02144 1.75803 0.31488 -0.367812 0.874966
1 34.0596 11.9388 1.75878 0.110423 -0.132005 0.985079
1 32.1966 33.6337 1.7736 -0.358962 0.804021 0.474022
1 28.54 31.9662 1.75453 0.566922 0.229226 0.791236
1 28.0198 15.456 1.62469 -0.488442 -0.0978235 -0.867096
1 4.68885 2.20253 1.60744 0.0362357 0.494497 -0.868424
1 30.4076 3.03774 1.60736 -0.267347 0.725189 -0.634529
1 7.53379 16.8889 1.61082 0.172014 0.245521 -0.954008
1 32.3708 7.71666 1.78486 -0.679688 -0.322756 0.658675
1 17.7416 10.1057 1.75662 0.168779 0.0564654 0.984035
1 16.6081 32.6892 1.7604 0.00619716 -0.0486241 0.998798
1 0.700369 23.1878 1.75902 -0.473117 -0.151526 0.867871
1 14.6496 19.7303 1.61003 -0.532619 0.287996 -0.795849
1 23.4304 15.0939 1.77511 0.787318 -0.258951 0.55953
1 3.24682 14.3128 1.7616 -0.281433 0.595927 0.752108
1 16.002 22.1671 1.6076 -0.160697 0.043596 -0.986041
1 9.44335 11.1666 1.61018 -0.437401 -0.199102 -0.876949
1 29.0195 5.40229 1.60868 -0.628086 -0.266526 -0.731076
1 8.91535 16.2219 1.61046 0.0811245 0.0146409 -0.996596
1 11.0282 1.70863 1.61539 -0.221548 -0.42616 -0.8771
1 24.6144 27.0327 1.75936 0.079648 -0.0709664 0.994294
1 19.8556 18.3516 1.75579 -0.703992 0.39457 0.590516
1 22.7617 9.01236 1.60646 -0.0514031 0.595774 -0.801506
1 8.54259 31.1623 1.75795 -0.57895 0.190432 0.792813
1 12.9994 2.39921 1.60197 -0.359733 -0.663611 -0.655906
1 22.7189 25.1824 1.75852 0.437988 -0.359529 0.823957
1 4.94774 5.94662 1.62143 0.329822 0.691611 -0.642566
1 16.4322 5.8197 1.7519 0.672486 -0.299764 0.676686
1 18.343 17.4329 1.75982 -0.636656 0.170079 0.752159
1 21.9282 26.1344 1.76431 0.277758 -0.516407 0.810046
1 19.4058 28.7096 1.75915 0.559241 0.303937 0.77128
1 1.21201 3.39746 1.61438 -0.186564 -0.34351 -0.920432
1 34.3519 17.4927 1.76262 0.694321 -0.304315 0.652159
1 9.54955 31.7199 1.75006 -0.642826 0.382368 0.663754
1 22.6586 17.7192 1.61163 -0.275871 0.571299 -0.77299
1 22.0623 21.245 1.60056 0.325223 0.60516 -0.726644
1 33.3029 31.6757 1.60999 0.529273 -0.146792 -0.835657
1 2.18693 26.4932 1.74943 0.144573 -0.738669 0.658382
1 13.4661 32.5254 1.74963 0.0114827 -0.471279 0.881909
1 28.9112 33.0739 1.75195 0.337722 0.296088 0.893463
1 16.7574 10.1211 1.75959 0.176416 -0.109589 0.978196
1 20.8759 21.7898 1.62506 -0.235241 -0.749551 -0.618737
1 25.4578 22.215 1.61901 0.592372 0.215352 -0.77635
1 1.58295 19.0764 1.75941 0.320465 -0.0526256 0.945797
1 31.3054 20.2328 1.61751 0.31045 -0.725908 -0.613741
1 32.6939 2.19949 1.61198 -0.374944 0.281064 -0.883414
1 28.3256 19.0199 1.60738 0.0932347 -0.173213 -0.980461
1 32.5373 25.0174 1.60816 -0.447148 -0.15358 -0.881176
1 1.25118 9.51161 1.75775 0.532385 0.111874 0.839077
1 19.3537 25.1285 1.60479 0.404672 -0.471274 -0.783672
1 29.4297 22.7034 1.59748 0.670078 -0.324751 -0.667482
1 16.8398 33.6253 1.7594 -0.115923 -0.00737629 0.993231
1 6.59756 13.509 1.61108 -0.185421 0.355959 -0.915922
1 33.576 30.3052 1.60893 0.317876 -0.217195 -0.92292
1 0.203109 13.8573 1.76018 -0.211914 0.022555 0.977028
1 33.2933 21.8559 1.75813 -0.21436 -0.484182 0.848303
1 31.5643 16.8196 1.59785 -0.295582 -0.697589 -0.652687
1 6.9655 24.1783 1.74982 0.565182 -0.0979082 0.819136
1 18.1319 21.9297 1.61154 -0.19534 -0.274959 -0.941403
1 5.40574 12.1893 1.6103 -0.333728 0.515415 -0.789286
1 7.98054 15.9531 1.60922 0.0757702 0.154183 -0.985133
1 16.8778 11.8219 1.75541 -0.0342463 -0.0947555 0.994911
1 12.1009 20.3061 1.61468 0.582679 -0.528198 -0.61765
1 12.4889 26.8423 1.73192 0.219629 0.776509 0.59059
1 28.0298 3.73326 1.77236 -0.662215 0.323758 0.67576
1 0.439526 5.1517 1.60824 0.103499 -0.108192 -0.988728
1 31.7386 30.2978 1.61188 0.338784 0.146118 -0.929449
1 13.4138 7.16768 1.61099 0.450286 -0.530761 -0.718008
1 32.2865 1.30944 1.60543 -0.508163 0.364699 -0.780234
1 29.1551 34.1913 1.76105 0.123214 0.380545 0.916517
1 33.629 1.54627 1.6103 -0.465032 0.0872238 -0.880987
1 6.81549 5.44573 1.61213 0.266101 0.295556 -0.917517
1 22.1193 2.40226 1.7488 -0.0014894 -0.459637 0.888106
1 31.1487 3.64802 1.60788 -0.159296 0.581796 -0.797582
1 12.0055 15.718 1.62607 -0.0364864 -0.495585 -0.867793
1 34.1943 22.6586 1.75713 -0.381295 -0.335317 0.861497
1 2.49359 20.6843 1.75991 0.0104442 0.1 0.994933
1 14.2427 21.9219 1.60915 -0.223943 0.313437 -0.922826
1 18.5653 13.4341 1.75874 -0.112298 0.196556 0.974041
1 1.62039 15.1269 1.75051 -0.434995 0.289479 0.852632
1 23.9029 15.9084 1.60596 -0.585882 0.311316 -0.748215
1 27.7443 0.132352 1.75775 0.0744836 0.20509 0.975905
1 8.89067 28.8812 1.76061 -0.179424 0.235639 0.955134
1 20.3709 29.6197 1.75501 0.397728 0.497903 0.770652
1 13.9816 33.4739 1.75393 -0.12048 -0.375197 0.919082
1 30.1394 11.5633 1.5992 0.422541 -0.690103 -0.587551
1 2.26141 11.1221 1.75776 0.249671 0.337993 0.907428
1 17.3374 34.5207 1.75914 -0.241635 0.0567152 0.968708
1 31.8577 4.30961 1.61413 0.00664409 0.467499 -0.883969
1 3.23402 19.5674 1.76378 0.223047 0.227405 0.947912
1 14.8528 2.12459 1.69741 -0.579413 -0.345361 0.738246
1 27.412 21.5612 1.61043 0.489253 0.00697711 -0.872114
1 9.27334 32.9445 1.60089 -0.75886 -0.210985 -0.61613
1 8.5103 17.1809 1.6095 0.174841 0.0981019 -0.979697
1 32.2844 22.1789 1.7622 -0.220321 -0.631706 0.743241
1 31.0699 34.0477 1.72944 -0.0389895 0.670769 0.740641
1 25.9691 6.67862 1.61616 -0.42887 0.0590148 -0.901437
1 27.5143 30.8594 1.75972 -0.698874 0.305024 0.646944
1 30.1328 34.3607 1.73911 -0.0115272 0.529092 0.848486
1 24.0257 20.6498 1.61412 0.275192 0.349158 -0.895744
1 8.53827 2.05576 1.60824 -0.159189 -0.0608029 -0.985374
1 7.71505 25.9364 1.75549 0.303555 0.0273851 0.95242
1 34.5461 29.8741 1.61144 0.211749 -0.403413 -0.89018
1 8.82376 33.8102 1.61111 -0.594883 -0.223118 -0.772226
1 11.7043 7.34401 1.6131 0.474682 -0.326896 -0.8172
1 22.64 16.4342 1.60792 -0.509058 0.524267 -0.682645
1 14.0501 25.3576 1.61051 0.38335 0.322933 -0.865307
1 7.25951 11.617 1.6104 -0.409032 0.193721 -0.89172
1 17.3415 2.54467 1.75342 -0.586122 0.0430634 0.809077
1 17.8923 11.92 1.75782 -0.03948 0.0780459 0.996168
1 28.1033 27.3824 1.75681 0.0538475 0.613006 0.788241
1 14.6897 29.6668 1.76268 0.434904 -0.345234 0.831668
1 33.6887 9.9341 1.75513 0.444425 -0.21963 0.868475
1 20.8656 7.32203 1.77163 0.36115 0.660152 0.658612
1 21.2521 4.24203 1.7772 -0.224793 -0.571946 0.788889
1 16.8697 28.321 1.74804 0.648365 -0.121846 0.751516
1 15.8479 19.4676 1.61538 -0.608302 0.0815644 -0.789504
1 11.1551 17.8324 1.60596 0.214002 -0.323876 -0.921579
1 21.2099 33.1856 1.75341 -0.137068 0.565835 0.813046
1 29.4469 21.6871 1.6182 0.50419 -0.329557 -0.798238
1 23.6445 32.2121 1.60447 -0.544029 0.527899 -0.652192
1 17.0888 17.4068 1.75908 -0.635571 -0.0644717 0.769346
1 24.5838 22.8157 1.60765 0.713699 0.310066 -0.628087
1 17.4077 3.53091 1.75907 -0.697569 0.0165851 0.716326
1 31.0822 1.59831 1.60656 -0.515144 0.611012 -0.601075
1 20.1593 20.0337 1.61314 -0.428359 -0.648436 -0.629316
1 11.2067 10.3738 1.61154 -0.548959 -0.424569 -0.71999
1 8.24687 24.2942 1.75651 0.578768 0.0759113 0.811951
1 28.9137 10.1057 1.611 0.189796 -0.397317 -0.89784
1 31.95 18.2316 1.62217 0.109125 -0.770014 -0.628626
1 10.237 13.3148 1.61236 -0.219733 -0.205941 -0.953575
1 20.832 30.8159 1.7561 0.224766 0.501599 0.835391
1 15.8304 26.8216 1.61546 0.698609 0.0030669 -0.715497
1 33.6575 3.89351 1.60814 -0.0733947 0.135642 -0.988036
1 25.0486 7.29263 1.60902 -0.313763 0.210263 -0.925928
