1 17.5055 33.4425 1.75978 -0.0795965 0.0765529 0.993883
1 31.7901 17.8411 1.60447 -0.0636019 -0.699937 -0.711367
1 18.2326 6.36131 1.75579 0.497333 0.0776486 0.864078
1 25.8549 18.0931 1.6093 -0.164839 0.144213 -0.975721
1 9.10855 29.4692 1.75024 -0.278136 0.271625 0.921336
1 14.9221 6.59242 1.75849 0.480496 -0.563674 0.67186
1 19.0811 22.1781 1.60937 -0.125385 -0.482143 -0.867073
1 26.2885 20.9479 1.6064 0.300694 0.101887 -0.948263
1 5.61385 1.20016 1.60575 -0.21392 0.265225 -0.940156
1 31.3764 9.76595 1.73197 0.459401 -0.55778 0.691254
1 20.2723 8.969 1.73448 0.198988 0.56603 0.800008
1 2.08126 9.96377 1.75092 0.441785 0.273632 0.854372
1 28.4948 1.54173 1.75183 -0.162481 0.35421 0.920942
1 3.95292 12.6772 1.77188 -0.0685008 0.729935 0.680075
1 18.1371 23.3377 1.60912 0.0693563 -0.3205 -0.944706
1 29.1583 18.8015 1.60945 -0.0218995 -0.258275 -0.965823
1 19.0574 30.88 1.75982 0.263931 0.2732 0.925042
1 24.3555 21.9085 1.61103 0.536564 0.31891 -0.781278
1 25.5447 22.51 1.61187 0.59505 0.160923 -0.787413
1 19.9654 22.7962 1.59683 -0.0728788 -0.667529 -0.741008
1 17.623 0.737923 1.75909 -0.317023 0.0767308 0.945309
1 16.603 26.6897 1.60885 0.702625 -0.0172826 -0.71135
1 14.6314 34.068 1.75869 -0.202668 -0.31619 0.926795
1 29.0145 27.0257 1.68564 0.069871 0.991983 -0.105298
1 28.641 31.5414 1.75555 0.685771 0.157226 0.710633
1 25.1848 5.73236 1.61417 -0.624013 0.0430966 -0.780224
1 12.6884 16.8105 1.62202 0.101562 -0.561692 -0.821089
1 6.82167 14.0155 1.61054 -0.151409 0.29468 -0.943525
1 11.4039 3.63944 1.607 -0.0339988 -0.390341 -0.920042
1 19.2748 13.5936 1.75872 -0.169384 0.272983 0.94699
1 9.24943 19.9516 1.60933 0.545923 0.0816784 -0.833845
1 6.08415 28.3361 1.76014 -0.111689 -0.15316 0.981869
1 6.02918 3.24812 1.60794 0.0920435 0.326774 -0.94061
1 15.1207 19.7122 1.6147 -0.54882 0.174875 -0.817444
1 16.0634 5.61875 1.76548 0.694531 -0.307317 0.650525
1 23.409 28.1224 1.75511 -0.189529 -0.307463 0.932494
1 5.64777 8.36836 1.59386 0.815186 0.226385 -0.533124
1 12.8382 1.40785 1.64229 -0.448954 -0.64837 -0.614863
1 16.5677 33.5791 1.75892 -0.104923 -0.0428934 0.993555
1 7.35739 10.2811 1.60977 -0.635431 0.152087 -0.757032
1 0.895213 9.9072 1.74407 0.471418 0.0551824 0.880182
1 0.133253 21.9195 1.75711 -0.288629 -0.293596 0.911315
1 13.3383 23.8614 1.61067 0.116508 0.472558 -0.873564
1 19.256 10.5993 1.75769 0.114697 0.315458 0.941982
1 12.2154 11.6588 1.6238 -0.467096 -0.646843 -0.602839
1 28.0412 26.4349 1.75152 0.185642 0.441815 0.877688
1 17.1062 6.3949 1.75838 0.514996 -0.136763 0.846212
1 3.33344 14.5579 1.75094 -0.299074 0.6562 0.692789
1 25.7387 14.5829 1.63047 0.766797 -0.191592 -0.61263
1 2.70672 7.05008 1.61343 0.229432 -0.551831 -0.801775
1 21.8621 24.5285 1.75581 0.43958 -0.487606 0.754328
1 33.893 22.4546 1.75182 -0.454096 -0.401022 0.795599
1 3.8225 2.11032 1.63453 0.0859485 0.51933 -0.85024
1 19.8655 20.1002 1.60969 -0.405312 -0.663735 -0.628632
1 29.6554 15.9275 1.61652 -0.49811 -0.340523 -0.797453
1 8.08638 24.3469 1.75436 0.534805 0.0768875 0.84147
1 33.5423 28.6373 1.60741 0.0960446 -0.257324 -0.96154
1 21.7064 25.7185 1.75503 0.204176 -0.551401 0.808869
1 19.8982 11.6328 1.75739 0.0222183 0.437927 0.898736
1 0.451569 7.60228 1.60961 0.488251 -0.137879 -0.861743
1 8.57061 2.28411 1.60619 -0.14314 -0.027096 -0.989331
1 22.699 28.7259 1.75372 -0.336856 -0.415954 0.844696
1 14.2943 7.91035 1.75733 0.321025 -0.559849 0.763879
1 33.9676 12.4531 1.76021 -0.00695302 -0.104071 0.994546
1 0.833748 29.7003 1.61573 0.223016 -0.570989 -0.790086
1 7.24783 31.8292 1.75229 -0.739606 0.0977971 0.665897
1 25.7759 13.654 1.6294 0.629571 -0.0706161 -0.773727
1 16.4913 27.5718 1.74706 0.809624 -0.0387356 0.585669
1 18.7613 24.4412 1.61122 0.254218 -0.423594 -0.869449
1 32.6079 28.2135 1.60758 0.0491748 -0.0994691 -0.993825
1 1.76622 4.87983 1.62092 -0.0834264 -0.380491 -0.921014
1 9.67015 34.4669 1.61206 -0.499674 -0.267413 -0.823903
1 6.97537 5.66894 1.60872 0.284395 0.328812 -0.900556
1 18.8036 8.78852 1.76063 0.267134 0.192176 0.944303
1 18.411 33.685 1.75865 -0.109206 0.202647 0.973143
1 24.4347 30.2527 1.75091 -0.546272 -0.147957 0.824436
1 13.8904 12.8878 1.73171 -0.064665 -0.675958 0.734098
1 24.3254 28.519 1.76072 -0.227164 -0.151339 0.962025
1 0.305612 12.6012 1.76107 -0.0334171 0.0625734 0.997481
1 5.37813 27.4605 1.75926 0.0252527 -0.264935 0.963935
1 24.3031 34.5333 1.75461 0.20898 -0.285234 0.935398
1 33.0272 30.4686 1.60909 0.388799 -0.0632338 -0.91915
1 34.5704 29.1096 1.60648 0.152061 -0.415769 -0.896668
1 29.0324 5.57191 1.63825 -0.603707 -0.539228 -0.587173
1 15.4978 0.173458 1.75338 -0.286869 -0.214582 0.933628
1 24.759 6.66989 1.60802 -0.456339 0.166486 -0.874092
1 9.60651 14.505 1.61045 -0.0998546 -0.131245 -0.986308
1 28.3333 8.32751 1.61216 -0.158113 -0.351559 -0.922717
1 2.38062 15.56 1.75863 -0.569911 0.431116 0.699528
1 31.4072 11.9002 1.75624 0.0933516 -0.54621 0.83243
1 24.887 12.982 1.61331 0.507058 0.117392 -0.85388
1 12.2365 4.37669 1.60918 0.0517164 -0.502493 -0.863033
1 29.4464 11.9157 1.60306 0.402014 -0.599856 -0.691778
1 18.7471 26.7688 1.76784 -0.675835 0.332473 0.657806
1 18.9486 16.2365 1.75996 -0.473921 0.212811 0.854465
1 11.4283 5.73701 1.61401 0.27147 -0.346353 -0.897966
1 25.8267 24.1942 1.75887 0.627358 0.133599 0.767185
1 34.218 19.8788 1.75352 0.0662716 -0.425492 0.902532
1 20.5381 29.099 1.7573 0.58983 0.515173 0.62185
1 29.4406 19.821 1.6107 0.145373 -0.306476 -0.940712
1 2.49141 33.8976 1.59004 -0.191587 0.544132 -0.816832
1 25.6913 30.0604 1.76057 -0.55553 0.0486022 0.830075
1 25.2475 20.5191 1.60882 0.241945 0.216921 -0.945731
1 20.051 18.2604 1.73928 -0.697218 0.412265 0.586451
1 0.972344 11.763 1.75995 0.114924 0.160477 0.980326
1 26.7074 5.79238 1.61519 -0.6096 -0.128206 -0.782273
1 1.79111 0.223372 1.60287 0.0990842 0.696893 -0.710297
1 22.8165 20.1279 1.61553 0.148863 0.510448 -0.846926
1 31.1692 18.9687 1.61375 0.0233557 -0.554769 -0.831677
1 33.5809 7.23878 1.59771 0.492258 0.084893 -0.8663
1 27.4257 22.796 1.60984 0.652324 0.113317 -0.749422
1 16.5022 7.48301 1.75821 0.392184 -0.231488 0.890284
1 3.67004 7.29495 1.60001 0.171968 -0.710017 -0.682864
1 20.2464 10.5752 1.74875 0.155283 0.510667 0.845639
1 16.8688 24.784 1.61126 0.317718 -0.0975117 -0.943158
1 8.87465 20.865 1.61073 0.684931 0.138851 -0.715256
1 12.0041 17.9387 1.60202 0.267654 -0.442819 -0.855729
1 7.1191 19.1062 1.60924 0.443297 0.465769 -0.765864
1 7.84407 22.945 1.75381 0.738482 -0.0568499 0.671873
1 13.117 20.7509 1.62575 -0.426228 0.549637 -0.718491
1 22.3745 33.4402 1.75269 -0.204497 0.787111 0.581926
1 8.95306 26.2321 1.7593 0.231641 0.21938 0.947742
1 15.0246 8.7827 1.75061 0.172796 -0.443485 0.879467
1 28.4018 14.2057 1.61658 -0.8028 0.0909256 -0.589274
1 24.3397 26.4851 1.76072 0.149127 -0.147801 0.97771
1 26.292 18.9814 1.60693 -0.00806378 0.106962 -0.99423
1 17.5022 34.3994 1.75898 -0.200035 0.0692335 0.97734
1 10.1741 9.52702 1.63557 -0.814684 -0.208759 -0.541027
1 24.5381 13.929 1.61807 0.648406 0.142715 -0.747798
1 25.2631 34.2082 1.75844 0.241048 -0.144003 0.95977
1 8.04128 28.0018 1.75939 -0.0467505 0.107598 0.993095
1 6.99262 3.55504 1.61286 0.0624946 0.201707 -0.97745
1 20.777 15.0363 1.76065 -0.199481 0.595884 0.777901
1 15.3353 4.29163 1.7732 -0.651797 -0.541289 0.531193
1 7.33615 18.0694 1.61094 0.331107 0.342111 -0.879391
1 3.11019 13.3471 1.74367 -0.117637 0.551468 0.82586
1 8.76558 15.0631 1.60627 -0.0333684 0.0146627 -0.999336
1 31.6951 27.7769 1.60806 -0.00987023 0.0472976 -0.998832
1 33.6844 9.56574 1.75611 0.490971 -0.143562 0.859266
1 12.1593 19.0422 1.60679 0.414315 -0.507389 -0.755579
1 11.8104 33.3824 1.75461 -0.151267 -0.681945 0.715591
1 34.4953 1.1667 1.60346 -0.586528 -0.0377854 -0.809047
1 24.2819 14.857 1.59577 0.794235 0.113903 -0.596839
1 26.8022 1.51823 1.75867 -0.132702 0.101585 0.985936
1 14.1014 9.18656 1.76516 0.133097 -0.591202 0.795466
1 7.78306 29.012 1.75894 -0.21903 0.0917547 0.971394
1 7.09282 30.1507 1.75641 -0.392255 0.0266562 0.91947
1 24.1918 12.1483 1.61019 0.361726 0.255318 -0.896642
1 15.9319 13.5261 1.75933 -0.218871 -0.307689 0.925971
1 28.1082 27.5826 1.76032 -0.00541019 0.432089 0.901815
1 27.5582 5.10381 1.61439 -0.759043 -0.231264 -0.608581
1 9.25685 18.9 1.61068 0.406683 0.0519982 -0.912088
1 13.0674 25.9 1.62027 0.440515 0.578028 -0.686899
1 28.5898 3.67218 1.76149 -0.534614 0.282723 0.796402
1 11.8547 12.7096 1.61199 -0.325185 -0.583049 -0.744519
1 5.82761 2.17728 1.60794 -0.0701454 0.292838 -0.953586
1 8.55426 10.631 1.61119 -0.57958 -0.0615222 -0.812589
1 15.3798 7.68291 1.75666 0.33881 -0.399417 0.851865
1 23.3985 27.1122 1.75403 -0.00238586 -0.297249 0.954797
1 5.57256 31.9345 1.7515 -0.759889 -0.0729673 0.645945
1 20.1168 7.4061 1.74913 0.33249 0.519572 0.78708
1 2.96195 30.4588 1.75048 -0.47286 -0.626202 0.619898
1 11.9093 7.61495 1.59292 0.564149 -0.401894 -0.72126
1 32.4642 8.87441 1.7219 0.784347 -0.0337968 0.619401
1 25.9063 11.1622 1.6068 0.2357 -0.00593112 -0.971808
1 25.798 3.0223 1.74628 -0.389141 -0.0230065 0.920891
1 9.61514 21.7665 1.60329 0.78072 -0.0723319 -0.620681
1 5.13469 17.6982 1.62339 0.375786 0.70446 -0.602097
1 1.53846 8.97372 1.75513 0.609488 0.158902 0.776708
1 15.3979 10.8721 1.75969 0.0349684 -0.309624 0.950216
1 31.0562 16.8323 1.59917 -0.308002 -0.553685 -0.773672
1 5.0619 2.79532 1.61223 0.0634242 0.414061 -0.908037
1 25.2861 10.4036 1.607 0.109782 0.0914936 -0.989736
1 7.83575 15.3768 1.60696 7.45786e-05 0.164564 -0.986366
1 12.9634 13.1537 1.61775 -0.244375 -0.796872 -0.552517
1 19.2006 28.8566 1.75607 0.603691 0.31172 0.733749
1 2.51557 3.64168 1.61001 -0.42469 -0.529789 -0.73414
1 12.059 1.90685 1.61719 -0.315446 -0.546811 -0.775559
1 22.7868 7.86344 1.60068 -0.219453 0.592466 -0.775129
1 3.01827 22.8771 1.76255 -0.424715 0.199293 0.883119
1 8.80296 6.56532 1.60883 0.404962 0.0636863 -0.912113
1 26.069 12.7528 1.63932 0.477574 -0.0440668 -0.877486
1 29.9668 27.8874 1.60857 -0.00502413 0.353767 -0.93532
1 21.6556 28.3115 1.76439 -0.268515 -0.588675 0.76247
1 4.84052 29.9402 1.75685 -0.405518 -0.300918 0.863136
1 11.69 16.9739 1.60758 0.135865 -0.381474 -0.91434
1 18.4918 29.952 1.75633 0.397506 0.181456 0.899479
1 33.5626 21.2862 1.75623 -0.239085 -0.498287 0.833396
1 6.05051 10.2474 1.61095 -0.620468 0.370221 -0.691344
1 7.17844 16.1724 1.60686 0.108832 0.301011 -0.94739
1 32.0116 25.7887 1.6119 -0.354161 -0.0317287 -0.934646
1 22.4331 27.6056 1.75598 -0.127716 -0.463424 0.876885
1 20.7209 27.7899 1.58972 0.247287 0.749902 -0.613593
1 9.86967 28.6544 1.75404 -0.156448 0.368805 0.916246
1 27.4656 7.73894 1.61087 -0.255337 -0.223453 -0.940676
1 23.0988 23.9098 1.77089 0.684092 -0.279161 0.67386
1 29.8006 10.6331 1.60464 0.201178 -0.634643 -0.74616
1 23.9384 32.807 1.76185 0.548587 -0.347521 0.760449
1 18.1342 22.3103 1.61059 -0.10695 -0.323541 -0.940151
1 18.2572 13.5965 1.76108 -0.195749 0.11005 0.97446
1 17.4232 20.6875 1.60924 -0.411786 -0.213442 -0.885932
1 6.64532 1.10117 1.60679 -0.247271 0.150592 -0.957172
1 34.5674 4.77073 1.6097 -0.0245637 -0.0876937 -0.995845
1 7.29992 4.65256 1.61401 0.159572 0.21648 -0.963158
1 1.54049 3.80586 1.62162 -0.278949 -0.385605 -0.879487
1 9.3096 22.7802 1.75052 0.771849 0.210723 0.599872
1 6.25936 33.817 1.62443 -0.582616 0.170434 -0.794676
1 26.9906 10.8885 1.60901 0.220569 -0.169297 -0.960567
1 32.7425 21.8057 1.76354 -0.374659 -0.600996 0.705999
1 28.027 10.5533 1.60977 0.191205 -0.331415 -0.923907
1 7.58894 11.2387 1.60909 -0.501458 0.134176 -0.854714
1 30.9709 29.4806 1.61447 0.269846 0.229043 -0.935266
1 1.94479 18.6735 1.75924 0.350587 0.000862958 0.93653
1 5.87404 9.23259 1.78744 0.733118 -0.399331 0.55052
1 0.505207 10.8383 1.75651 0.272765 0.0613671 0.960122
1 31.7976 28.8624 1.60808 0.154086 0.0689722 -0.985647
1 16.2351 12.5699 1.7535 -0.132993 -0.198204 0.971096
1 26.8289 17.0946 1.60768 -0.306768 0.0610593 -0.949824
1 13.8771 33.2083 1.75681 -0.109525 -0.401512 0.909281
1 23.352 26.1033 1.75703 0.180564 -0.290472 0.939693
1 16.7704 29.3209 1.75812 0.509016 -0.0315671 0.860178
1 32.7777 15.963 1.75386 -0.598431 -0.23987 0.764423
1 1.53363 10.8531 1.75725 0.285005 0.231253 0.930212
1 22.8623 9.09714 1.60409 -0.0490825 0.544249 -0.837487
1 30.0526 16.9711 1.60762 -0.314964 -0.387223 -0.866519
1 28.4586 19.5271 1.60853 0.0962661 -0.158229 -0.982699
1 19.456 1.59276 1.75429 -0.436093 0.388636 0.811656
1 4.82083 0.627889 1.61163 -0.282173 0.361089 -0.888816
1 1.67634 23.0396 1.74558 -0.448018 -0.0023378 0.894021
1 30.4434 7.2033 1.75751 -0.515712 -0.67735 -0.524632
1 7.95497 13.3854 1.60644 -0.229094 0.107551 -0.967444
1 14.8454 31.2503 1.75541 0.182261 -0.276928 0.943447
1 24.1738 25.5058 1.75577 0.339256 -0.163137 0.92644
1 7.83663 21.5046 1.77298 -0.771659 -0.313634 0.553332
1 33.008 5.14854 1.607 0.0822346 0.175832 -0.980979
1 22.027 18.4586 1.60888 -0.170975 0.639491 -0.749546
1 9.71037 3.67004 1.60998 0.00735417 -0.146293 -0.989214
1 9.00348 5.53042 1.6069 0.24732 -0.00468696 -0.968923
1 2.86949 31.9205 1.77351 0.380591 0.641618 0.66594
1 25.0797 0.58047 1.75771 0.0859186 -0.145778 0.985579
1 16.3512 10.4109 1.75935 0.0818973 -0.160963 0.983557
1 10.4401 27.6222 1.75825 -0.0355719 0.452785 0.89091
1 21.5247 15.8911 1.75373 -0.284151 0.703974 0.650907
1 1.66151 1.53781 1.59918 0.444696 0.714078 -0.540683
1 25.3854 12.0616 1.60333 0.359003 0.0595968 -0.931432
1 6.76383 2.49226 1.61225 -0.0605334 0.196631 -0.978607
1 24.5238 19.6451 1.6116 0.0856793 0.316294 -0.944784
1 11.1285 21.5115 1.60305 0.728301 -0.408787 -0.549974
1 31.3262 13.067 1.75876 -0.121295 -0.527933 0.84058
1 15.2516 23.5082 1.60661 0.0750189 0.147639 -0.986192
1 19.5741 29.9259 1.75284 0.426842 0.32943 0.842189
1 17.5993 19.7588 1.60498 -0.593072 -0.21535 -0.775816
1 15.6178 9.65026 1.76071 0.112744 -0.308766 0.944432
1 3.38076 28.3725 1.75253 -0.135671 -0.562117 0.815854
1 23.6869 24.6841 1.75127 0.514606 -0.222669 0.82801
1 12.0816 30.9386 1.74383 0.269719 -0.624543 0.732938
1 16.5217 1.81786 1.76126 -0.463372 -0.106638 0.879724
1 30.7666 31.0564 1.65167 0.369566 0.81743 -0.441848
1 29.9375 31.7939 1.75257 0.528446 0.391916 0.753091
1 10.5383 4.19594 1.61149 0.0651049 -0.249478 -0.96619
1 29.2694 24.8197 1.61709 -0.35549 0.548228 -0.757016
1 28.6558 22.5678 1.60994 0.57513 -0.134426 -0.806942
1 10.2265 20.6846 1.61006 0.655114 -0.114947 -0.746735
1 25.0527 18.7467 1.60811 -0.0691841 0.2439 -0.96733
1 2.41564 5.93623 1.61751 0.0427823 -0.498099 -0.866064
1 32.3918 11.4696 1.75827 0.177307 -0.379263 0.908142
1 4.25115 14.8705 1.61455 -0.145166 0.769197 -0.622304
1 26.9543 0.448215 1.75761 0.0425199 0.107311 0.993316
1 30.638 21.1808 1.61388 0.307893 -0.508123 -0.804371
1 24.6093 33.4903 1.75447 0.385483 -0.275039 0.88077
1 11.1477 29.5396 1.65659 -0.443897 0.557603 0.701452
1 24.8068 17.7522 1.60921 -0.258391 0.274325 -0.926272
1 33.8462 24.681 1.61568 -0.559141 -0.351542 -0.750853
1 20.7629 33.0915 1.75002 -0.0870361 0.541401 0.836247
1 13.2663 8.80487 1.76333 0.260665 -0.697416 0.667581
1 11.148 10.5372 1.61579 -0.635031 -0.432172 -0.640283
1 12.5026 27.2881 1.75436 0.057502 0.756444 0.651526
1 5.92783 5.4647 1.60387 0.275565 0.489699 -0.827199
1 19.552 31.8971 1.75763 0.12165 0.357085 0.926116
1 13.0781 19.278 1.73538 0.448016 -0.687543 -0.57146
1 15.5955 21.5994 1.60439 -0.236068 0.0904245 -0.96752
1 8.72843 31.6113 1.75851 -0.668598 0.289423 0.684989
1 3.63006 23.7174 1.753 -0.611373 0.328813 0.719795
1 3.49655 24.9978 1.76114 0.581827 -0.554502 0.594983
1 7.96177 3.8586 1.60913 0.0640997 0.0859 -0.99424
1 34.456 20.9066 1.75823 -0.108921 -0.36031 0.926452
1 5.33448 30.9535 1.75481 -0.577075 -0.186492 0.795113
1 26.6604 8.28186 1.60803 -0.168398 -0.0968838 -0.980946
1 2.53914 27.5445 1.75883 -0.00499845 -0.70672 0.707476
1 32.3951 3.2564 1.60953 -0.239292 0.299488 -0.923605
1 22.6882 17.2902 1.61686 -0.377468 0.540753 -0.751734
1 25.5603 19.6147 1.60786 0.092439 0.188807 -0.977654
1 24.2252 20.6565 1.61184 0.26114 0.353456 -0.898262
1 0.54613 3.15599 1.61508 -0.326723 -0.219573 -0.91926
1 11.8128 15.909 1.59937 -0.0111955 -0.47214 -0.881452
1 9.72248 4.803 1.60792 0.155903 -0.12323 -0.980055
1 14.8315 25.2707 1.62025 0.384329 0.241174 -0.891137
1 9.81697 25.7468 1.75957 0.317606 0.353295 0.879948
1 1.64111 28.7598 1.60825 0.0393338 -0.769211 -0.637783
1 32.515 27.1199 1.60696 -0.124265 -0.103248 -0.986863
1 27.3725 15.9363 1.62073 -0.516964 0.0695505 -0.853177
1 31.2837 2.02066 1.59099 -0.463306 0.604236 -0.648264
1 17.7854 24.2983 1.61026 0.235018 -0.252443 -0.938637
1 22.4268 26.4752 1.75832 0.0753454 -0.453666 0.887981
1 15.9274 25.2897 1.6092 0.371113 0.057765 -0.926789
1 22.2042 22.7421 1.7858 -0.665945 -0.426002 0.612405
1 24.7242 9.60278 1.60765 -0.0177207 0.183295 -0.982898
1 14.9189 33.0538 1.75903 -0.0568955 -0.25691 0.964759
1 16.4734 34.5258 1.75612 -0.228312 -0.0669058 0.971286
1 1.43115 2.71683 1.6201 -0.489097 -0.379782 -0.785207
1 9.3044 24.727 1.75457 0.491668 0.281489 0.824031
1 12.3842 29.5451 1.75549 0.490195 -0.655201 0.574822
1 22.4024 0.810271 1.75466 0.266891 -0.612821 0.743787
1 8.80147 28.5702 1.7619 -0.143562 0.21046 0.967004
1 24.0603 18.5148 1.60938 -0.121259 0.371323 -0.920552
1 28.6293 33.7913 1.76 0.239441 0.30389 0.922127
1 24.7161 8.60871 1.61239 -0.159158 0.195595 -0.967684
1 0.141648 15.3132 1.74858 -0.5227 0.0864064 0.848127
1 23.0306 22.1185 1.61871 0.518062 0.420576 -0.7448
1 13.6449 21.6131 1.61058 -0.273608 0.422482 -0.864088
1 32.2827 34.598 1.60021 -0.578621 0.666961 -0.469426
1 17.2311 22.6856 1.60797 -0.0440998 -0.173773 -0.983798
1 18.953 25.4948 1.60442 0.443697 -0.465023 -0.766085
1 12.4112 14.2051 1.62614 -0.227907 -0.58394 -0.779148
1 17.6157 16.1812 1.75518 -0.494177 -0.0337142 0.868707
1 19.8387 25.8116 1.77136 -0.450409 0.640816 0.62168
1 15.5846 1.17688 1.76116 -0.409696 -0.241725 0.879613
1 33.277 14.1498 1.75725 -0.311239 -0.183636 0.93242
1 31.4112 23.7247 1.60796 -0.636168 0.104231 -0.764478
1 27.7352 33.2141 1.75747 0.361392 0.141177 0.921664
1 16.9282 4.49889 1.75139 -0.833259 -0.0638346 0.549185
1 30.5055 3.80324 1.61458 -0.150228 0.615942 -0.773335
1 28.2141 23.6547 1.61547 0.751537 -0.0605641 -0.656905
1 3.36039 5.97241 1.61504 -0.0403558 -0.658475 -0.751519
1 18.6992 7.33551 1.75701 0.369862 0.173666 0.912712
1 0.568779 25.0356 1.60769 -0.614909 -0.550668 -0.564492
1 26.3351 31.8682 1.75289 0.748908 -0.0566804 0.660246
1 26.5962 11.858 1.61219 0.350574 -0.11222 -0.929787
1 21.516 26.9697 1.75994 -0.0375478 -0.630404 0.775358
1 19.5583 27.9251 1.76253 0.752504 0.365001 0.54819
1 10.7615 26.5272 1.75734 0.167509 0.495346 0.852393
1 17.1263 13.1653 1.75516 -0.184572 -0.061301 0.980905
1 8.16142 16.3023 1.60732 0.106448 0.136617 -0.984888
1 31.489 14.1956 1.74991 -0.327895 -0.466132 0.821709
1 3.58813 29.5953 1.75767 -0.333201 -0.518228 0.787665
1 34.1918 2.7666 1.61039 -0.341465 -0.0111009 -0.939829
1 18.7503 18.0347 1.75586 -0.722677 0.13758 0.677354
1 27.7282 17.6815 1.61009 -0.215207 -0.067228 -0.974252
1 18.3264 15.4223 1.75691 -0.395197 0.0952779 0.913642
1 13.4835 5.30084 1.62166 0.18824 -0.668349 -0.719636
1 19.5995 15.2788 1.76144 -0.331202 0.347179 0.877367
1 26.092 0.048012 1.75724 0.137331 -0.0217922 0.990285
1 2.20911 12.9915 1.75815 -0.0775467 0.394562 0.915591
1 13.9581 6.3699 1.61067 0.374281 -0.711272 -0.594984
1 19.4634 2.70986 1.75071 -0.587245 0.373553 0.718054
1 15.2422 30.3028 1.76118 0.330957 -0.234853 0.913954
1 4.57517 4.52767 1.6673 0.44675 0.619758 -0.645224
1 12.9865 31.1256 1.74802 0.198599 -0.523643 0.828466
1 20.6959 17.0676 1.7555 -0.490063 0.524075 0.696551
1 20.7933 23.6883 1.61794 0.123111 -0.775317 -0.619457
1 11.0482 11.6217 1.62026 -0.486981 -0.443178 -0.752624
1 20.1954 16.1384 1.75948 -0.394046 0.44259 0.805507
1 11.9191 28.5257 1.76325 -0.240354 0.679451 0.693237
1 21.3604 2.26352 1.76235 0.199082 -0.686545 0.699301
1 6.90791 15.1073 1.60891 -0.025815 0.324848 -0.945414
1 9.72687 7.1915 1.61166 0.477384 -0.06225 -0.876487
1 10.4858 33.8643 1.61471 -0.535885 -0.457293 -0.709725
1 24.2519 10.45 1.60714 0.0998065 0.254396 -0.961936
1 21.5742 21.7118 1.61161 0.451901 0.595114 -0.664548
1 22.1333 3.20788 1.75058 -0.16197 -0.54122 0.825134
1 7.03094 34.4856 1.60718 -0.474345 0.0805144 -0.876649
1 3.47153 27.1956 1.74862 0.0784646 -0.53931 0.838444
1 21.0724 9.89803 1.73331 0.0464383 0.755401 0.653615
1 30.4525 12.4208 1.7612 -0.0255971 -0.707896 0.705853
1 14.8062 17.0724 1.74107 -0.498152 -0.59343 0.632207
1 26.5851 9.23902 1.60644 -0.0288786 -0.0936264 -0.995188
1 8.92031 33.5458 1.61051 -0.658142 -0.180394 -0.730963
1 26.2852 10.195 1.60724 0.105841 -0.0573665 -0.992727
1 4.95869 24.1501 1.62982 0.71576 -0.337166 0.611561
1 8.68361 12.68 1.6062 -0.298867 -0.0281791 -0.953879
1 12.5098 24.5943 1.61373 0.214669 0.644825 -0.733565
1 4.73165 13.179 1.6074 -0.311749 0.734545 -0.602707
1 8.23845 4.89455 1.60758 0.169591 0.0840341 -0.981925
1 32.1614 31.0534 1.60338 0.475416 0.136822 -0.869057
1 32.5985 7.93521 1.60447 0.644048 0.273425 -0.714451
1 16.2405 11.4887 1.75837 -0.0222858 -0.18208 0.983031
1 27.3068 9.88568 1.60789 0.0801564 -0.210349 -0.974335
1 31.5271 33.9385 1.77379 0.126085 0.764312 0.6324
1 17.3266 21.6665 1.60721 -0.227366 -0.194246 -0.95424
1 33.7361 11.3215 1.76028 0.197247 -0.16674 0.96607
1 24.3703 27.4997 1.75962 -0.0433543 -0.150703 0.987628
1 25.9262 6.50267 1.6114 -0.466575 -0.0183831 -0.88429
1 30.1635 18.9434 1.61314 0.00738787 -0.406685 -0.913538
1 20.5553 31.9991 1.75429 0.0989897 0.497815 0.861616
1 21.9209 6.36261 1.63645 -0.386905 0.707829 -0.591001
1 26.4808 7.34406 1.60991 -0.313781 -0.0745976 -0.946561
1 15.3146 24.4735 1.60618 0.237449 0.155327 -0.958901
1 32.0026 32.0609 1.59841 0.592607 0.337603 -0.731328
1 25.7317 33.3229 1.75729 0.378536 -0.106488 0.91944
1 30.4117 13.7958 1.74303 -0.320394 -0.65436 0.684953
1 6.88384 26.4088 1.75803 0.21294 -0.0869444 0.973189
1 24.0193 3.177 1.75369 -0.302712 -0.274555 0.91268
1 10.6852 6.57242 1.615 0.380373 -0.220723 -0.898108
1 0.235748 9.08342 1.75986 0.648264 -0.0469343 0.759968
1 29.948 28.9706 1.61391 0.186473 0.377335 -0.907109
1 24.4758 7.65938 1.60445 -0.286506 0.242302 -0.926933
1 26.8579 29.7838 1.76125 -0.467368 0.243204 0.849952
1 1.64616 7.1735 1.6102 0.349639 -0.366118 -0.862386
1 9.40043 27.7406 1.75908 -0.00937409 0.282962 0.959085
1 15.9895 6.66601 1.75711 0.502453 -0.34649 0.79214
1 28.3207 12.3361 1.60945 0.462696 -0.392531 -0.794879
1 34.3673 17.1267 1.74413 0.692698 -0.26999 0.668786
1 3.235 10.2188 1.75795 0.375105 0.476925 0.794883
1 22.4768 12.9589 1.61881 0.406001 0.554743 -0.726239
1 28.849 13.1212 1.60931 0.65448 -0.379461 -0.653962
1 14.4035 11.6038 1.75402 -0.000523281 -0.483642 0.875266
1 20.0765 30.9838 1.75242 0.267483 0.420613 0.866913
1 2.70579 4.83923 1.6179 -0.187509 -0.533834 -0.824537
1 5.09361 28.4176 1.75794 -0.13447 -0.285575 0.948876
1 1.40191 33.3566 1.75465 0.758023 -0.408209 0.50869
1 24.6969 16.7451 1.61539 -0.483039 0.244018 -0.840909
1 6.44077 27.3784 1.75982 0.052043 -0.128485 0.990345
1 4.18218 22.6384 1.74828 -0.38671 0.37 0.844722
1 24.1468 1.00575 1.75648 0.0486902 -0.280007 0.958762
1 3.57898 20.8595 1.75914 -0.0220351 0.27587 0.960942
1 13.9666 19.5985 1.60674 -0.575748 0.421431 -0.700649
1 7.39715 25.4918 1.75461 0.358464 -0.0174333 0.933381
1 23.6925 7.09566 1.61212 -0.369617 0.378433 -0.848629
1 19.3128 33.9644 1.75429 -0.147808 0.334125 0.930867
1 4.04033 9.54228 1.76003 0.392271 0.625204 0.674717
1 16.1857 24.0635 1.60737 0.179552 0.00762653 -0.983719
1 32.6531 24.0706 1.6118 -0.648455 -0.168557 -0.742357
1 33.8635 31.1937 1.60935 0.504337 -0.173759 -0.845844
1 6.08159 7.46902 1.62601 0.565688 0.440547 -0.697076
1 10.9481 31.1371 1.67328 0.451519 -0.713817 0.535347
1 25.8722 4.92309 1.60477 -0.78407 -0.0847447 -0.61486
1 27.892 16.7625 1.6079 -0.375062 -0.058208 -0.925171
1 3.4517 33.105 1.73413 0.017525 0.637948 0.76988
1 33.0699 26.2686 1.61187 -0.277872 -0.194487 -0.940724
1 5.22064 25.8371 1.75122 0.330359 -0.343205 0.879246
1 1.18333 19.3475 1.7583 0.21206 -0.136846 0.967628
1 33.3713 1.5378 1.59995 -0.508495 0.178687 -0.842321
1 34.2961 14.4086 1.75619 -0.349128 -0.00484593 0.937062
1 22.3264 2.03979 1.72962 0.0303039 -0.532613 0.845816
1 21.0102 8.32724 1.76066 0.209294 0.734846 0.645134
1 14.5305 15.6857 1.74769 -0.347524 -0.630851 0.693725
1 10.0019 0.883695 1.61181 -0.344136 -0.256285 -0.903266
1 0.544315 31.0241 1.60697 0.455268 -0.465848 -0.75876
1 27.5653 34.2177 1.76063 0.178028 0.163313 0.970379
1 28.2435 9.45981 1.60939 0.0272371 -0.351628 -0.935743
1 23.6174 11.2154 1.60945 0.21178 0.362611 -0.907559
1 26.0983 29.1476 1.76026 -0.35339 0.117313 0.928091
1 28.214 28.7219 1.75573 -0.207753 0.483684 0.850229
1 16.5826 0.864841 1.75713 -0.344707 -0.0769296 0.935553
1 34.4317 6.70816 1.6141 0.326158 -0.0381923 -0.944543
1 11.1824 18.7771 1.60903 0.392055 -0.309287 -0.866392
1 0.219043 19.0407 1.7569 0.248623 -0.311243 0.917232
1 13.0516 11.2223 1.76469 -0.340514 -0.649891 0.679479
1 33.0031 23.0608 1.74324 -0.633786 -0.488897 0.599412
1 18.5251 9.752 1.75874 0.175709 0.167712 0.970051
1 17.4724 5.44605 1.75715 0.665501 -0.0632125 0.743716
1 13.5173 15.3365 1.6095 -0.107232 -0.814646 -0.569959
1 10.9729 17.7492 1.60828 0.250826 -0.24927 -0.935388
1 21.3337 31.3786 1.75316 0.228428 0.607796 0.760529
1 30.8147 26.1307 1.61107 -0.272584 0.156019 -0.949398
1 10.5134 5.38182 1.60656 0.222719 -0.220085 -0.949715
1 25.1887 32.4996 1.76056 0.537828 -0.138971 0.831521
1 33.0886 12.1047 1.76171 0.0576556 -0.25499 0.965223
1 2.39087 14.24 1.75683 -0.305728 0.440656 0.84401
1 11.4645 27.4359 1.75688 -0.0252351 0.606509 0.794676
1 11.3405 4.72053 1.60443 0.121375 -0.35393 -0.927363
1 28.7912 21.5219 1.61109 0.406161 -0.168644 -0.898105
1 2.14206 16.7868 1.74011 0.72437 0.0150181 0.689248
1 4.60296 26.7859 1.75756 0.145723 -0.380207 0.91335
1 9.65611 12.4027 1.60699 -0.341005 -0.19988 -0.918566
1 23.6947 29.3479 1.7583 -0.395732 -0.248864 0.884004
1 17.0821 23.6508 1.60717 0.120342 -0.144225 -0.9822
1 27.1627 28.7796 1.75817 -0.257879 0.292572 0.920815
1 30.7325 32.8357 1.75482 0.350234 0.599019 0.720078
1 14.859 12.8928 1.75681 -0.140287 -0.499169 0.855073
1 8.5698 27.1561 1.76031 0.0898488 0.16692 0.981868
1 16.0082 8.51023 1.75655 0.236432 -0.286349 0.928496
1 12.8513 6.55018 1.61028 0.40374 -0.55786 -0.725111
1 20.4891 0.552999 1.75226 -0.392025 0.506351 0.768066
1 4.33187 6.15671 1.60196 -0.122718 -0.806006 -0.579047
1 13.0002 7.72396 1.61655 0.61807 -0.566844 -0.544682
1 4.31192 20.1738 1.75755 0.116362 0.409907 0.904674
1 17.4266 30.0725 1.75459 0.375015 0.0389685 0.926199
1 31.6574 4.09468 1.61087 -0.102887 0.411252 -0.905696
1 5.98251 30.1926 1.75977 -0.428563 -0.116922 0.895915
1 19.4489 0.447292 1.75543 -0.293861 0.360581 0.885227
1 28.0425 25.2973 1.76161 0.371766 0.519025 0.769677
1 2.88599 12.1869 1.74362 0.0682804 0.497393 0.864834
1 30.8565 28.4052 1.60929 0.087574 0.215563 -0.972555
1 8.17867 18.9282 1.60937 0.439138 0.248081 -0.863489
1 23.1503 3.70187 1.76904 -0.403193 -0.378125 0.833341
1 8.62866 7.53735 1.60983 0.578053 0.104192 -0.80932
1 10.2268 19.441 1.60501 0.489781 -0.121642 -0.863318
1 6.19175 15.8723 1.60769 0.0867319 0.470874 -0.877927
1 27.4425 20.9845 1.60289 0.339582 -0.0217696 -0.940325
1 25.6436 9.39215 1.60611 -0.0259214 0.0449285 -0.998654
1 17.0886 12.1071 1.7593 -0.0740354 -0.0552549 0.995724
1 5.81768 24.7646 1.74956 0.501091 -0.286775 0.816498
1 22.3481 29.6457 1.75499 -0.488487 -0.527915 0.694756
1 1.48151 5.90014 1.61316 0.123359 -0.328392 -0.936451
1 2.22897 24.6632 1.59857 0.73744 -0.116318 -0.665321
1 0.524372 26.1605 1.61572 -0.403611 -0.53239 -0.744082
1 0.981783 17.3318 1.7448 0.567377 -0.138286 0.811764
1 9.94543 15.5606 1.61052 0.00976177 -0.155529 -0.987783
1 4.42843 11.032 1.77879 0.072696 0.809637 0.582411
1 14.5618 0.552114 1.75539 -0.354688 -0.391802 0.848933
1 27.4871 8.82314 1.6092 -0.0785695 -0.230067 -0.969998
1 14.4209 29.1131 1.74329 0.506918 -0.350471 0.78753
1 6.07525 13.3466 1.6171 -0.237841 0.413632 -0.878829
1 32.6509 4.22526 1.60915 -0.0795541 0.238181 -0.967957
1 22.4428 31.8164 1.75602 0.143231 0.782825 0.605532
1 18.74 20.3816 1.60754 -0.450804 -0.416212 -0.789648
1 11.1707 19.8653 1.60882 0.536837 -0.311994 -0.783879
1 33.7424 33.9788 1.59473 -0.742691 0.341013 -0.576298
1 31.6129 26.716 1.60756 -0.184116 0.0346266 -0.982294
1 27.2756 19.1273 1.60694 0.0355324 -0.0166329 -0.99923
1 7.12081 9.3466 1.60648 -0.772942 0.146317 -0.617375
1 20.875 13.266 1.74395 -0.0777277 0.598191 0.797575
1 23.21 14.0293 1.61543 0.606023 0.355515 -0.711579
1 21.7207 0.234573 1.6344 -0.453803 0.68732 0.567145
1 30.6188 22.5155 1.61353 0.435941 -0.514512 -0.738398
1 1.02449 15.944 1.73075 -0.694829 0.177561 0.696911
1 1.93917 11.895 1.75815 0.102316 0.329219 0.938694
1 5.17985 21.9228 1.75522 -0.270112 0.521655 0.809268
1 21.9924 9.7339 1.61916 -0.032658 0.751045 -0.659442
1 9.02446 30.5228 1.75487 -0.468277 0.312015 0.826658
1 33.4031 27.5766 1.60519 -0.0691788 -0.24614 -0.966762
1 7.45625 27.2231 1.75988 0.0789337 0.0125845 0.9968
1 5.36732 6.32712 1.61389 0.352559 0.629438 -0.692466
1 18.0325 8.12543 1.75904 0.307162 0.0433629 0.950669
1 29.0033 16.9325 1.60567 -0.338735 -0.221369 -0.914469
1 5.08411 23.06 1.75674 -0.55516 0.452675 0.69777
1 16.9703 32.643 1.76017 0.0220337 0.00224204 0.999755
1 24.9184 24.7823 1.75535 0.501088 -0.02698 0.864975
1 26.2292 26.1748 1.75873 0.251542 0.15259 0.955742
1 9.74788 10.4016 1.61614 -0.64148 -0.25517 -0.723459
1 8.92229 4.23452 1.60713 0.0932776 -0.0289943 -0.995218
1 0.535041 20.1292 1.76033 0.0576597 -0.253855 0.965522
1 14.2101 25.9479 1.60759 0.535137 0.311288 -0.78532
1 23.6222 8.24649 1.61112 -0.204057 0.409331 -0.889274
1 13.5682 10.2528 1.75389 -0.116994 -0.612187 0.78201
1 29.7286 17.9439 1.61022 -0.161815 -0.340775 -0.926115
1 1.08633 23.9306 1.75993 -0.620414 -0.0767118 0.780513
1 20.7111 22.1238 1.63888 -0.238801 -0.781406 -0.576524
1 11.7057 22.3128 1.77413 0.195854 -0.751758 0.629684
1 17.2622 2.64264 1.75299 -0.574654 -0.00898777 0.818347
1 4.43748 21.3098 1.75614 -0.120511 0.417286 0.90075
1 7.62573 0.653933 1.60471 -0.355287 0.0353553 -0.934088
1 31.5584 5.95283 1.62932 0.245283 0.432281 -0.867738
1 13.5493 28.5583 1.76016 0.589443 -0.439233 0.677961
1 7.74024 17.1762 1.60612 0.227441 0.231685 -0.945829
1 28.5418 16.0183 1.60764 -0.505166 -0.133233 -0.852676
1 5.25347 11.4347 1.60108 -0.425141 0.637896 -0.642141
1 10.344 1.99182 1.61176 -0.218908 -0.28695 -0.932598
1 33.3088 32.1285 1.60628 0.616899 0.0885851 -0.782041
1 18.4951 0.106485 1.75727 -0.241235 0.214993 0.946353
1 28.564 20.5375 1.60967 0.264262 -0.170058 -0.94934
1 5.73907 12.3297 1.6168 -0.348943 0.497917 -0.793925
1 6.0751 19.2103 1.63009 0.480359 0.654251 -0.584133
1 32.5827 32.9866 1.77202 -0.756318 -0.203575 0.621723
1 0.821083 6.64982 1.60971 0.284509 -0.211961 -0.934948
1 31.535 21.6291 1.6163 0.232158 -0.71929 -0.654771
1 14.5912 2.78809 1.7489 -0.512389 -0.608538 0.60592
1 26.2629 28.1767 1.75944 -0.147924 0.145359 0.978258
1 4.21315 3.21477 1.65915 0.257156 0.486564 -0.834941
1 31.822 24.7508 1.61318 -0.516743 -0.0233192 -0.855823
1 10.7628 7.57 1.6058 0.529408 -0.220268 -0.819273
1 25.3256 21.499 1.62507 0.412347 0.219733 -0.884131
1 33.6818 29.6648 1.60678 0.26462 -0.237273 -0.934707
1 29.0025 10.1038 1.61642 0.131562 -0.482757 -0.865816
1 30.0511 9.39725 1.6016 -0.0387154 -0.629223 -0.77626
1 8.67697 14.0682 1.60702 -0.146692 0.00823852 -0.989148
1 27.0744 13.6739 1.63121 0.651596 -0.331776 -0.682163
1 31.619 15.3177 1.75486 -0.524832 -0.500459 0.688543
1 11.2425 8.66449 1.61565 0.74735 -0.158227 -0.645315
1 19.5333 9.5991 1.75401 0.224618 0.355187 0.907408
1 20.6507 1.5745 1.64686 -0.551217 0.553375 0.624449
1 34.3813 23.5412 1.75898 -0.639797 -0.274334 0.717914
1 7.93978 26.3315 1.75856 0.222939 0.0680189 0.972457
1 18.1203 27.9863 1.75165 0.72153 0.149747 0.675996
1 12.014 20.3475 1.65781 0.569975 -0.492887 -0.657413
1 20.0928 14.1761 1.75636 -0.185419 0.427473 0.884809
1 0.741133 28.3896 1.62164 0.0333944 -0.58836 -0.807909
1 27.1302 25.7135 1.75618 0.341869 0.314959 0.885396
1 4.30887 28.9565 1.75564 -0.235243 -0.397804 0.886799
1 32.4334 20.4108 1.7729 -0.122726 -0.754429 0.644806
1 4.03616 34.4339 1.61057 -0.378047 0.521327 -0.765048
1 26.6862 2.52362 1.75698 -0.306236 0.0999972 0.946689
1 6.43033 11.1539 1.61102 -0.49907 0.364673 -0.786094
1 25.1065 15.7272 1.62716 -0.710242 0.235457 -0.663413
1 13.8945 31.285 1.75669 0.165464 -0.405352 0.899061
1 5.18713 15.4658 1.61045 0.0109163 0.625234 -0.780361
1 32.2996 2.20659 1.61606 -0.406734 0.376369 -0.832414
1 16.1334 14.7153 1.7563 -0.326402 -0.294099 0.898314
1 16.6375 9.34871 1.75892 0.176393 -0.148738 0.973017
1 5.93206 0.224808 1.6085 -0.386622 0.20918 -0.898202
1 8.35921 1.33228 1.60766 -0.258868 -0.0311578 -0.96541
1 15.9929 2.57868 1.71025 -0.550048 -0.238686 0.800298
1 21.8572 19.776 1.60049 0.0577437 0.652289 -0.755768
1 31.9549 29.9988 1.60988 0.312055 0.0721328 -0.947322
1 14.5098 4.91242 1.60187 0.0757819 -0.811499 -0.579419
1 11.3091 32.2131 1.75859 0.146083 -0.737386 0.659486
1 23.1377 2.61448 1.75771 -0.166318 -0.416466 0.893809
1 16.2176 23.0764 1.60755 0.013823 -0.00990966 -0.999855
1 27.6026 20.0439 1.6091 0.187352 -0.0452697 -0.981249
1 26.554 19.9826 1.60754 0.157932 0.0757773 -0.984538
1 14.6634 21.3634 1.61258 -0.292653 0.242473 -0.924965
1 14.9873 18.6525 1.62914 -0.717761 0.165401 -0.67636
1 6.55025 31.0575 1.75186 -0.574737 0.0150542 0.8182
1 13.95 3.52438 1.59056 -0.119097 -0.779381 -0.615127
1 1.20196 22.1087 1.75681 -0.291446 -0.111519 0.950065
1 12.6261 34.3828 1.7706 -0.410216 -0.568455 0.713149
1 13.7509 1.09265 1.7474 -0.411868 -0.585137 0.698555
1 17.9608 12.6422 1.75967 -0.113516 0.0805296 0.990267
1 3.9596 19.0991 1.75113 0.314099 0.381262 0.869472
1 27.3754 3.22939 1.763 -0.494428 0.162262 0.853939
1 19.4842 8.11572 1.7457 0.29136 0.362052 0.885453
1 25.1998 25.7263 1.75559 0.315742 -0.00147287 0.948844
1 0.348911 2.10627 1.61118 -0.47207 -0.138256 -0.870652
1 6.96607 24.6161 1.75436 0.49373 -0.100653 0.86377
1 22.6112 10.8035 1.62727 0.108982 0.555311 -0.824471
1 0.725817 14.4648 1.75239 -0.354108 0.163996 0.920713
1 0.999757 18.3014 1.75879 0.396494 -0.167173 0.902688
1 14.3553 22.3333 1.61087 -0.135912 0.281386 -0.949921
1 23.5306 19.4358 1.60734 0.0398993 0.431822 -0.901076
1 17.1619 15.2118 1.75767 -0.376189 -0.108655 0.92015
1 32.3056 13.6714 1.75687 -0.227593 -0.353823 0.907199
1 21.7459 14.4292 1.75611 0.00873004 0.75586 0.654675
1 26.9974 24.6529 1.75013 0.53061 0.314333 0.787177
1 21.9635 11.7046 1.60847 0.157283 0.719768 -0.676163
1 24.3775 4.9567 1.62272 -0.728503 0.172284 -0.663024
1 5.64472 29.2657 1.7556 -0.27677 -0.190711 0.941821
1 2.52262 20.5065 1.75947 0.0291662 0.0956204 0.99499
1 9.86436 11.4336 1.61438 -0.48886 -0.244278 -0.837463
1 10.2118 18.4641 1.61082 0.354423 -0.129695 -0.926047
1 17.8759 26.2842 1.60546 0.578458 -0.230882 -0.782355
1 3.48148 17.0769 1.75414 0.623284 0.336228 0.706022
1 7.72404 2.81769 1.60895 -0.0437595 0.0778404 -0.996005
1 11.3069 2.49466 1.60922 -0.19582 -0.420493 -0.885912
1 15.8493 31.0884 1.7594 0.218853 -0.146161 0.964749
1 17.0222 8.32491 1.75745 0.287934 -0.122161 0.949827
1 23.0385 12.0544 1.60788 0.296613 0.491965 -0.81853
1 30.7619 11.0199 1.76404 0.216708 -0.70528 0.674995
1 27.6273 2.1091 1.75779 -0.246685 0.224742 0.942676
1 2.37292 23.762 1.76395 -0.579538 0.117385 0.806447
1 32.5166 6.91285 1.60776 0.424131 0.285074 -0.859561
1 29.5574 34.2471 1.75556 0.121007 0.458311 0.880516
1 2.80526 9.07495 1.75226 0.570655 0.381828 0.727021
1 7.36245 7.71217 1.61127 0.571875 0.267473 -0.775511
1 15.6005 16.444 1.74635 -0.506161 -0.397069 0.765596
1 19.3479 6.49461 1.75749 0.435507 0.298516 0.849248
1 8.15429 29.9352 1.75692 -0.361669 0.156143 0.919138
1 19.9768 12.7995 1.75658 -0.082135 0.42793 0.900072
1 3.84602 0.974153 1.64288 -0.123656 0.475415 -0.871028
1 34.1102 13.4363 1.7591 -0.179647 -0.0543704 0.982227
1 2.08547 17.7416 1.75665 0.528558 0.053773 0.847193
1 16.9241 30.9578 1.75977 0.242372 -0.0170475 0.970034
1 12.4533 5.52434 1.61448 0.234303 -0.513588 -0.825427
1 33.9972 25.7622 1.61401 -0.378603 -0.347796 -0.857728
1 26.196 16.1772 1.61145 -0.462573 0.191606 -0.865629
1 13.6506 34.281 1.76229 -0.266445 -0.457682 0.848254
1 21.7815 5.00914 1.76542 -0.597934 0.45554 0.659513
1 8.45842 25.3233 1.75599 0.3849 0.151266 0.910478
1 14.5031 26.9175 1.626 0.731975 0.083197 -0.676233
1 29.9727 26.7557 1.61434 -0.167322 0.298896 -0.939502
1 6.23819 17.9885 1.62941 0.338446 0.531503 -0.776504
1 7.70215 6.77934 1.61092 0.429584 0.237534 -0.871226
1 2.57722 1.30876 1.78273 -0.261493 -0.613674 0.745
1 27.678 11.604 1.61071 0.339675 -0.284721 -0.896412
1 17.6071 1.70917 1.75749 -0.438848 0.0643522 0.896254
1 34.2185 10.3791 1.75689 0.349719 -0.0866555 0.932838
1 27.2298 6.71663 1.60865 -0.438682 -0.184425 -0.879515
1 4.26942 27.8316 1.75689 -0.0344796 -0.417728 0.907918
1 16.8782 14.1177 1.75977 -0.268825 -0.14513 0.952192
1 24.763 11.2991 1.60482 0.233429 0.163151 -0.958589
1 0.823858 21.1341 1.75942 -0.1188 -0.191271 0.974321
1 10.5185 3.09459 1.61119 -0.0860434 -0.280027 -0.956128
1 5.24328 20.6037 1.75236 0.0186026 0.541087 0.840761
1 32.9171 25.1991 1.61398 -0.45872 -0.197438 -0.866368
1 10.5903 14.6704 1.61215 -0.106143 -0.276697 -0.955077
1 1.80304 32.2782 1.59212 0.6819 -0.0150504 -0.73129
1 32.4288 1.11663 1.61942 -0.563839 0.374981 -0.735849
1 18.017 30.8916 1.75809 0.254676 0.122855 0.959191
1 22.7217 25.32 1.7571 0.31553 -0.376597 0.870985
1 1.39266 27.1985 1.61436 -0.166476 -0.711878 -0.682286
1 2.92779 2.74641 1.67535 0.544392 0.622501 -0.562255
1 13.5611 24.9784 1.60963 0.329068 0.438708 -0.836212
1 18.9306 32.7717 1.75912 -0.00294098 0.281937 0.959428
1 27.0021 15.0507 1.67275 -0.655852 0.292016 -0.696121
1 16.4085 15.8544 1.75454 -0.451083 -0.246083 0.857886
1 11.3872 13.6511 1.6067 -0.245606 -0.417246 -0.874976
1 14.6477 10.1421 1.76343 0.0488087 -0.465279 0.883817
1 29.6745 20.8537 1.60975 0.296759 -0.330609 -0.895897
1 6.06643 21.2333 1.76885 -0.0658101 0.665408 0.743574
1 29.1698 30.3598 1.61314 0.784614 -0.321891 -0.529875
1 2.25752 22.2332 1.75562 -0.290089 0.0723493 0.954261
1 29.1688 6.77729 1.62904 -0.422318 -0.484268 -0.766245
1 11.041 1.28909 1.61262 -0.350172 -0.399125 -0.847395
1 17.3691 17.8611 1.75638 -0.716186 -0.0736002 0.694018
1 18.905 14.5563 1.75724 -0.282061 0.199395 0.938447
1 16.8448 16.8795 1.75436 -0.583915 -0.167343 0.79438
1 13.3791 22.7315 1.61191 -0.0823615 0.451313 -0.888557
1 9.57313 2.64477 1.60936 -0.120005 -0.153318 -0.980863
1 2.19844 19.6053 1.75938 0.188883 0.0430575 0.981055
1 9.39764 13.4073 1.60843 -0.209894 -0.121646 -0.970127
1 0.551385 22.9038 1.75964 -0.460298 -0.205118 0.863743
1 0.507922 13.5406 1.76091 -0.196382 0.116475 0.973585
1 10.9007 15.6888 1.61481 0.0105801 -0.311638 -0.950142
1 23.0001 5.38223 1.61458 -0.611135 0.44242 -0.656337
1 7.7251 14.3852 1.60643 -0.110399 0.158207 -0.981215
1 15.4516 26.1843 1.61074 0.527055 0.0979548 -0.844167
1 18.3625 21.3014 1.60782 -0.288012 -0.360284 -0.887268
1 16.4193 22.1111 1.60675 -0.145967 -0.0427632 -0.988365
1 20.8245 6.77492 1.77 0.354172 0.691865 0.629194
1 31.4973 7.07596 1.61222 0.445859 0.489937 -0.749114
1 12.2527 3.17097 1.60974 -0.124162 -0.523842 -0.842718
1 25.8197 2.02745 1.75758 -0.198555 -0.0228574 0.979823
1 6.39389 22.2309 1.58668 0.322513 -0.650906 -0.687246
1 11.4632 24.7685 1.74179 0.408426 0.672023 0.617716
1 29.2157 7.90279 1.6229 -0.23983 -0.474592 -0.846902
1 25.322 28.5458 1.7602 -0.218498 0.00178747 0.975836
1 34.6064 32.2004 1.6123 0.629439 -0.162714 -0.759823
1 28.336 0.200836 1.76166 0.0592933 0.294843 0.953704
1 33.1137 10.6118 1.75188 0.337449 -0.277228 0.899596
1 13.3087 29.8707 1.74436 0.397333 -0.541504 0.740878
1 2.93347 18.9389 1.75664 0.318886 0.18191 0.930172
1 11.755 6.64323 1.61365 0.415106 -0.383207 -0.82513
1 6.36533 32.8628 1.61415 -0.76435 0.128283 -0.631912
1 18.5591 1.16887 1.755 -0.376517 0.231474 0.897025
1 33.7176 0.430376 1.64645 -0.658154 0.167012 -0.734125
1 19.1206 23.3683 1.60817 0.0516475 -0.502052 -0.863294
1 1.50706 20.3367 1.75993 0.0425855 -0.0798895 0.995894
1 16.3013 30.1823 1.76303 0.361134 -0.0900448 0.928156
1 1.26531 12.7617 1.75979 -0.0531291 0.232268 0.9712
1 4.73262 1.73314 1.60854 -0.0879635 0.396845 -0.913661
1 25.7223 17.1286 1.6109 -0.30897 0.16426 -0.93678
1 0.864994 5.12433 1.61152 0.0130462 -0.228823 -0.973381
1 16.4497 21.0684 1.60782 -0.324291 -0.055532 -0.944326
1 20.7042 4.9402 1.60181 0.412005 0.694673 -0.589645
1 5.85469 26.5547 1.75815 0.193512 -0.236773 0.952098
1 2.73415 26.2244 1.75454 0.258668 -0.624271 0.737141
1 23.0447 18.4163 1.6138 -0.15033 0.51228 -0.845559
1 4.56431 25.1659 1.74418 0.498409 -0.401698 0.768263
1 30.0768 0.647238 1.75034 -0.0682967 0.582594 0.809889
1 13.2942 32.2366 1.75534 0.0111171 -0.485557 0.874134
1 30.8001 27.3092 1.60831 -0.0825179 0.181717 -0.979883
1 2.89387 0.361044 1.60005 0.0306255 0.583458 -0.811565
1 9.35247 1.61861 1.6108 -0.23874 -0.15365 -0.958851
1 18.926 11.5606 1.75793 0.00777757 0.251877 0.967728
1 16.4255 20.0794 1.60722 -0.488695 -0.0474056 -0.871166
1 16.1265 19.1314 1.6276 -0.62543 -0.0344509 -0.77952
1 7.07644 28.2267 1.75975 -0.0852851 -0.0213707 0.996127
1 0.22247 5.82818 1.60828 0.157007 -0.119178 -0.98038
1 18.9521 12.6074 1.75935 -0.0861394 0.238045 0.967427
1 8.06484 32.672 1.61296 -0.805631 -0.0351845 -0.591372
1 25.4638 7.42133 1.60682 -0.307811 0.0800386 -0.948075
1 9.85652 8.31675 1.61213 0.639496 -0.0299527 -0.768211
1 16.8854 28.4279 1.70503 0.652836 -0.0362705 0.756631
1 32.7287 29.3065 1.60809 0.208059 -0.0877621 -0.974171
1 11.6838 0.571166 1.65288 -0.526061 -0.446502 -0.723806
1 33.3863 3.48675 1.6108 -0.209558 0.118353 -0.970607
1 18.5513 31.7732 1.75933 0.135958 0.210455 0.968103
1 32.207 12.5802 1.7577 -0.0302288 -0.394986 0.91819
1 8.52301 17.9988 1.60734 0.326074 0.136103 -0.935495
1 8.00736 5.84348 1.60858 0.291266 0.166681 -0.942009
1 33.9257 5.4634 1.60998 0.119316 0.027351 -0.99248
1 10.7479 16.7383 1.61131 0.124734 -0.236862 -0.963503
1 22.97 6.4768 1.7733 0.433373 -0.510991 0.742345
1 7.07172 12.983 1.61648 -0.266304 0.240501 -0.933403
1 23.3639 30.5988 1.75497 -0.632481 -0.321931 0.704506
1 1.53462 14.9985 1.76085 -0.483005 0.277669 0.830426
1 34.3411 28.0033 1.60706 -0.0305932 -0.411932 -0.910701
1 29.3956 1.78069 1.75632 -0.2291 0.503547 0.833039
1 24.8646 2.60801 1.75435 -0.251932 -0.147057 0.956506
1 28.708 32.7055 1.75875 0.43165 0.290168 0.854097
1 27.4695 4.18957 1.75185 -0.698932 0.0969754 0.708583
1 18.181 17.0856 1.76023 -0.601787 0.0631154 0.796158
1 26.6484 33.811 1.76065 0.291215 0.0263542 0.956295
1 19.4708 17.1123 1.76115 -0.569051 0.288695 0.769959
1 6.31851 25.5851 1.75484 0.356556 -0.186456 0.915479
1 17.4913 31.7611 1.75985 0.134896 0.0614487 0.988952
1 33.5871 15.2003 1.75461 -0.500579 -0.104998 0.859299
1 34.3555 3.75617 1.60908 -0.190235 -0.0628829 -0.979723
1 18.4008 3.49399 1.75496 -0.661949 0.143351 0.735713
1 10.0204 29.7436 1.74495 -0.319643 0.41623 0.851223
1 32.5304 9.87935 1.74117 0.498821 -0.339151 0.797593
1 24.2854 22.9243 1.60993 0.781517 0.23073 -0.57965
1 7.23742 20.4483 1.60053 0.611383 0.463041 -0.64172
1 23.2315 1.49246 1.74908 0.022354 -0.416335 0.908936
1 20.681 26.3148 1.6157 -0.150111 0.737627 -0.658311
1 15.5218 28.4239 1.71203 0.644253 -0.198087 0.738714
1 25.3749 27.6105 1.7599 -0.0434574 0.00561318 0.99904
1 12.969 17.9898 1.62906 0.238426 -0.618027 -0.74913
1 3.56554 21.9321 1.75804 -0.238724 0.273413 0.931803
1 10.7709 23.3744 1.75296 0.635048 0.544996 0.547442
1 8.76214 3.25316 1.60709 -0.0285172 -0.0267252 -0.999236
1 12.501 9.90951 1.75292 -0.0776226 -0.745956 0.661457
1 14.319 32.2242 1.75869 0.0408561 -0.338036 0.940246
1 18.7481 5.47979 1.75651 0.598556 0.185594 0.779285
1 27.6599 32.1726 1.75377 0.543946 0.11228 0.831574
1 15.3555 32.0701 1.76019 0.0830255 -0.201318 0.976001
1 32.6975 19.0575 1.75241 0.175662 -0.67942 0.712412
1 3.83713 26.1171 1.75378 0.292479 -0.466117 0.83498
1 6.56683 6.62068 1.60575 0.421654 0.418517 -0.804395
1 28.0599 6.1293 1.6108 -0.564876 -0.304629 -0.766887
1 3.21556 18.0241 1.75468 0.47293 0.27885 0.835811
1 21.7856 30.3767 1.74194 0.436624 0.670714 0.599586
1 26.229 3.88416 1.75424 -0.581732 -0.0106312 0.813311
1 27.2044 12.6343 1.61695 0.482057 -0.213132 -0.849821
1 28.7308 17.8544 1.60789 -0.182568 -0.197369 -0.963179
1 5.56332 16.6873 1.61211 0.232434 0.583713 -0.777981
1 25.6901 8.38698 1.60928 -0.165742 0.045655 -0.985112
1 31.764 10.7555 1.74807 0.298178 -0.493894 0.816798
1 12.6391 15.5142 1.63576 -0.0796888 -0.64462 -0.760339
1 14.7868 27.7396 1.7634 0.77926 -0.250735 0.574357
1 26.4991 21.935 1.61632 0.449528 0.0953291 -0.888165
1 30.7859 25.1423 1.6124 -0.421459 0.158735 -0.892847
1 16.8963 25.7602 1.61316 0.509579 -0.068773 -0.857671
1 5.0118 19.394 1.75037 0.269347 0.579732 0.769001
1 2.5793 28.9864 1.76385 -0.220525 -0.721836 0.655989
1 10.1962 24.1753 1.74794 0.573181 0.42396 0.701229
1 28.7561 11.2269 1.61402 0.304861 -0.45836 -0.834845
1 21.865 7.87809 1.62277 -0.108752 0.778865 -0.617692
1 17.9919 32.6081 1.76009 0.0241892 0.143012 0.989425
1 5.2156 14.1761 1.61455 -0.201093 0.598051 -0.77582
1 26.7156 32.8074 1.75414 0.499363 -0.0180432 0.866205
1 23.373 21.1685 1.60529 0.340119 0.42564 -0.83854
1 10.8951 28.5581 1.75808 -0.236287 0.524983 0.817656
1 19.8462 32.9774 1.75398 -0.0371712 0.416947 0.90817
1 29.7595 33.1018 1.75524 0.303864 0.462386 0.832986
1 24.9356 1.59303 1.75683 -0.0757453 -0.147846 0.986106
1 14.2157 14.2418 1.74353 -0.239354 -0.644304 0.726348
1 23.4667 33.885 1.75777 0.351883 -0.456467 0.8172
1 7.9454 19.8587 1.7783 -0.554406 -0.308388 0.773001
1 17.1011 3.57286 1.75375 -0.6815 -0.104464 0.724323
1 7.48677 33.5361 1.62137 -0.642491 -0.0129613 -0.766184
1 15.3726 11.9819 1.75028 -0.0815628 -0.335605 0.938465
1 26.269 27.1812 1.75985 0.0519205 0.147913 0.987637
1 8.91945 23.6728 1.75226 0.650548 0.180714 0.737652
1 8.74954 11.6391 1.61053 -0.443464 -0.0591801 -0.894336
1 30.319 24.2795 1.6098 -0.504311 0.323783 -0.800522
1 3.67232 4.77398 1.61804 -0.334542 -0.668031 -0.664692
1 27.1425 26.75 1.75975 0.142398 0.289262 0.946599
1 12.8326 33.2589 1.75824 -0.176679 -0.548328 0.817387
1 29.1443 9.00076 1.62106 -0.0538842 -0.475781 -0.877912
1 14.2433 23.3336 1.6091 0.0343668 0.303857 -0.952098
1 10.3832 13.6088 1.61472 -0.227771 -0.267891 -0.936138
1 8.92826 0.551607 1.60522 -0.379833 -0.127765 -0.916189
1 25.9489 1.03584 1.7586 -0.0273571 -0.0211008 0.999403
1 14.2457 20.53 1.6143 -0.435653 0.333044 -0.836235
1 27.9642 29.8824 1.7563 -0.435737 0.428979 0.791272
1 5.40737 4.07054 1.6131 0.201905 0.529576 -0.823883
1 27.1591 27.7623 1.75934 -0.0532869 0.282488 0.95779
1 24.0147 2.08945 1.75573 -0.115804 -0.2826 0.952222
1 26.8823 18.1761 1.61041 -0.127399 0.0224366 -0.991598
1 23.7128 16.3053 1.6208 -0.541927 0.397088 -0.7407
1 7.86743 30.9138 1.75597 -0.547008 0.140379 0.825274
1 24.8546 29.3899 1.75711 -0.392882 -0.0600538 0.917626
1 20.0496 3.48263 1.76367 0.445201 -0.746172 0.494997
1 17.3855 10.0898 1.75999 0.130631 -0.00515896 0.991418
1 17.5891 7.24845 1.75737 0.40543 -0.0444954 0.913043
1 34.6165 11.6803 1.75955 0.126158 -0.0119762 0.991938
1 31.0056 0.554593 1.76499 -0.0982189 0.72367 0.683122
1 30.5145 34.0359 1.75924 0.12201 0.609566 0.78329
1 23.7526 17.4517 1.61693 -0.331863 0.398032 -0.855241
1 6.35252 4.48847 1.61214 0.15913 0.358288 -0.91995
1 30.5914 5.92911 1.61012 0.303918 0.5959 -0.743328
1 9.58096 17.7122 1.60579 0.273666 -0.0535943 -0.96033
1 33.8239 8.08793 1.7766 -0.68454 -0.0587429 0.726604
1 18.2326 10.7038 1.75847 0.0850691 0.130552 0.987785
1 16.4054 31.8703 1.75988 0.117875 -0.0740465 0.990264
1 33.3071 20.0777 1.75232 -0.0235817 -0.598187 0.80101
1 12.4353 23.2989 1.60663 -0.0124927 0.61829 -0.785851
1 22.7058 16.0116 1.76239 0.595629 -0.529341 0.604173
1 34.0862 16.1667 1.74696 -0.702605 0.00852881 0.711529
1 15.34 22.5407 1.60702 -0.0853432 0.126083 -0.988342
1 6.78232 12.055 1.60807 -0.379523 0.300012 -0.875188
1 23.9591 5.99045 1.60889 -0.549262 0.289132 -0.784037
1 9.08021 16.0155 1.60709 0.063805 -0.00697749 -0.997938
1 8.22304 34.3533 1.60811 -0.510437 -0.082984 -0.855902
1 25.3482 26.6675 1.75884 0.135909 0.00730438 0.990694
1 16.0374 17.5386 1.75504 -0.657957 -0.300137 0.690659
1 23.6829 13.0782 1.61106 0.477781 0.329157 -0.814482
1 4.15667 30.6844 1.74975 -0.523321 -0.399874 0.752486
1 9.63769 32.7521 1.61546 -0.736628 -0.333478 -0.588363
1 26.0847 25.1799 1.75507 0.442739 0.145714 0.884731
1 8.45519 8.47231 1.61137 0.748459 0.136727 -0.648934
1 19.9436 5.68147 1.75394 0.510515 0.435431 0.741468
1 15.3593 15.2577 1.75462 -0.374215 -0.444763 0.813725
1 24.5118 23.8679 1.75768 0.692368 -0.0564614 0.719333
1 21.6493 32.6212 1.75869 -0.0165682 0.676684 0.736087
1 33.2251 2.52333 1.6165 -0.358092 0.180947 -0.915985
1 4.3531 18.1703 1.75406 0.463246 0.517404 0.719511
1 4.05225 31.7056 1.76255 -0.691799 -0.421628 0.586211
1 22.2658 21.0316 1.60628 0.305632 0.568195 -0.764032
1 26.5394 23.4596 1.60831 0.827887 0.221737 -0.515204
1 1.63046 30.3152 1.60764 0.287443 -0.70532 -0.647997
1 6.68734 23.6804 1.74782 0.634073 -0.207741 0.744846
1 15.5844 29.3554 1.75261 0.49237 -0.191036 0.849163
1 29.1512 0.688886 1.74909 -0.0361258 0.430672 0.901785
1 17.6953 9.11205 1.75953 0.21969 0.0178134 0.975407
1 18.6845 19.2782 1.60138 -0.620906 -0.423103 -0.659894
1 29.734 21.999 1.61101 0.448513 -0.330047 -0.830605
1 3.30272 19.8861 1.75875 0.1576 0.232839 0.95966
1 30.6806 15.653 1.62677 -0.543455 -0.529662 -0.651241
1 32.0074 5.05196 1.60905 0.0698861 0.344967 -0.93601
1 28.1045 18.5992 1.60745 -0.0573898 -0.111915 -0.992059
1 29.8115 25.7017 1.61377 -0.317329 0.346813 -0.882623
1 3.55237 11.4258 1.75688 0.169055 0.612905 0.77186
1 19.6577 21.3046 1.61322 -0.268196 -0.56698 -0.778848
1 31.4257 20.1822 1.61422 0.145919 -0.665433 -0.732056
1 15.9474 32.8331 1.76007 -0.0101809 -0.124089 0.992219
1 6.63714 17.0173 1.61118 0.227157 0.409303 -0.883669
1 0.402038 27.2603 1.61635 -0.181786 -0.525333 -0.831252
1 33.1381 13.1189 1.75946 -0.126682 -0.225299 0.966019
1 34.5699 18.0725 1.75538 0.45756 -0.343986 0.819947
1 28.291 15.1235 1.68022 -0.653907 0.00463657 -0.756561
1 10.7095 25.3601 1.74957 0.38203 0.498735 0.778021
1 15.4483 20.618 1.60898 -0.407652 0.112824 -0.906141
1 4.44413 16.3141 1.61772 0.147242 0.740485 -0.655745
1 8.81773 17.049 1.60771 0.197534 0.0534073 -0.97884
1 17.155 11.0734 1.75998 0.0332196 -0.0344101 0.998856
1 13.8098 17.1002 1.60788 0.0377305 -0.796012 -0.604104
1 9.96044 30.9322 1.75624 -0.492408 0.50579 0.708316
1 24.9992 3.69638 1.75622 -0.500634 -0.160628 0.850626
1 0.669072 4.15153 1.61198 -0.155573 -0.23041 -0.960577
1 34.4815 30.252 1.60697 0.347282 -0.365917 -0.863423
1 13.0864 2.72489 1.63548 -0.210149 -0.63573 -0.742755
1 30.9591 4.88246 1.61618 0.0722975 0.533665 -0.8426
1 28.4723 2.63921 1.75973 -0.35889 0.336725 0.870525
1 31.4051 3.10513 1.613 -0.28784 0.467603 -0.83576
1 9.78326 6.14558 1.60742 0.322406 -0.0971613 -0.941602
1 23.3855 0.383216 1.74932 0.170237 -0.419117 0.89183
1 32.5267 5.94374 1.61028 0.231817 0.256979 -0.938202
1 10.726 12.5968 1.60607 -0.363186 -0.373133 -0.853738
1 33.7278 18.9143 1.75264 0.230561 -0.499398 0.83513
1 1.81028 21.2931 1.75943 -0.125377 -0.022269 0.991859
1 14.2987 24.3493 1.60827 0.209813 0.315026 -0.925601
1 17.854 14.5055 1.75912 -0.28548 0.0179966 0.958216
1 32.508 14.8076 1.75305 -0.43134 -0.311643 0.846655
1 20.9974 18.8781 1.62593 -0.180579 0.782341 -0.596098
1 27.7068 1.02733 1.75646 -0.067241 0.227768 0.971391
1 6.71675 29.2066 1.75697 -0.251231 -0.0466778 0.966801
1 21.3097 33.9542 1.75614 -0.276691 0.624524 0.730351
1 14.2312 30.2075 1.76091 0.337151 -0.393145 0.855433
1 30.2541 8.22222 1.59018 -0.310093 -0.637002 -0.705741
1 1.51953 13.7831 1.75736 -0.227612 0.290598 0.929379
1 15.615 33.81 1.7576 -0.149967 -0.172254 0.97357
1 33.4702 6.28782 1.61017 0.288024 0.103702 -0.951992
1 2.77995 21.4181 1.75814 -0.131972 0.142473 0.980961
1 12.3001 32.172 1.7504 0.0379055 -0.615677 0.787087
1 30.4542 20.0076 1.61264 0.166475 -0.475763 -0.863676
1 4.91392 33.2346 1.62557 -0.634215 0.389529 -0.667861
1 9.77916 16.707 1.60741 0.141335 -0.104649 -0.984415
1 33.2766 17.8781 1.75646 0.430995 -0.498012 0.752481
1 30.3686 1.82342 1.7576 -0.286934 0.666957 0.687631
1 23.8631 9.22997 1.6187 -0.0689572 0.333769 -0.940129
1 25.4444 30.9655 1.7177 -0.734769 -0.0273058 0.677767
1 29.5334 2.87485 1.74883 -0.422322 0.491574 0.761576
1 27.7446 21.8985 1.61309 0.495737 -0.006847 -0.868446
1 7.45523 1.76689 1.60878 -0.168961 0.0827889 -0.98214
1 9.8082 26.8023 1.75929 0.128172 0.346277 0.929335
1 34.0441 26.8287 1.61264 -0.20206 -0.351986 -0.913935
1 5.13233 34.2075 1.61491 -0.463147 0.337713 -0.819417
1 13.1266 4.08514 1.61626 -0.026271 -0.642487 -0.765846
1 21.0305 20.3812 1.61591 0.195492 0.740542 -0.642947
1 17.9249 25.2647 1.60897 0.408316 -0.264111 -0.873798
1 6.01326 14.7233 1.6124 -0.0986712 0.474284 -0.874825
1 14.9021 1.80687 1.71731 -0.474059 -0.394448 0.787196
1 17.9677 11.6556 1.75894 -0.015737 0.093088 0.995534
1 26.8242 30.7702 1.75705 -0.669759 0.230297 0.705965
1 17.981 29.0139 1.75462 0.553531 0.129667 0.822673
1 2.55941 11.0302 1.7549 0.247937 0.415652 0.875077
1 20.9347 11.843 1.74149 0.0947119 0.691187 0.716443
1 21.2145 3.67001 1.76157 -0.092288 -0.705288 0.702888
1 20.6894 30.2594 1.75427 0.401371 0.498504 0.768372
1 12.6365 21.9988 1.60841 -0.205065 0.589085 -0.781619
1 11.5887 14.7881 1.60747 -0.125348 -0.434972 -0.891677
1 18.4381 2.33418 1.754 -0.524112 0.209279 0.825535
1 30.7294 17.9065 1.60897 -0.145469 -0.494237 -0.85707
1 24.0114 31.8623 1.59062 -0.737257 0.139595 -0.661034
1 15.1547 14.0817 1.75857 -0.250074 -0.468032 0.84759
1 29.5164 23.1923 1.61439 0.620206 -0.309857 -0.720648
1 15.8205 3.51355 1.751 -0.634751 -0.354996 0.686345
1 29.8679 4.85449 1.6036 0.0847856 0.709298 -0.699792
1 17.3061 18.774 1.61703 -0.763059 -0.191852 -0.617198
1 8.55326 9.63116 1.6137 -0.720745 -0.0529145 -0.691178
1 11.7236 26.1995 1.75481 0.208251 0.635523 0.743467
1 28.2822 7.21196 1.61321 -0.357792 -0.341174 -0.869244
1 29.5218 14.8698 1.61999 -0.67104 -0.220644 -0.707829
1 7.81337 12.1932 1.61252 -0.361874 0.114182 -0.925208
1 20.2497 34.142 1.75776 -0.217891 0.461236 0.860107
1 19.7983 24.3713 1.61596 0.214273 -0.607786 -0.764646
1 33.6463 4.43834 1.60875 -0.0553233 0.0668 -0.996231
1 23.335 10.1215 1.60806 0.0586294 0.408926 -0.910682
