1 16.0811 32.8902 1.75868 0.00774559 -0.128331 0.991701
1 28.3802 14.5992 1.59841 -0.673866 0.0549388 -0.736808
1 20.3695 11.2175 1.7529 -0.0793951 0.594011 0.800529
1 26.3624 20.3752 1.60791 0.192639 0.096008 -0.976562
1 4.64984 28.1443 1.75758 -0.105004 -0.421536 0.900712
1 19.581 5.59997 1.75368 0.555884 0.473028 0.683548
1 14.9069 19.83 1.60757 -0.46627 0.223287 -0.855999
1 29.0849 20.4261 1.60844 0.200394 -0.292725 -0.934962
1 7.13339 5.68533 1.61214 0.377541 0.375241 -0.846556
1 3.17516 10.6356 1.75919 0.298505 0.424612 0.854751
1 20.3668 16.7891 1.7551 -0.4374 0.526281 0.729184
1 2.176 14.5601 1.75764 -0.347382 0.375282 0.859354
1 24.7537 2.65172 1.75495 -0.272903 -0.275183 0.921845
1 32.2158 15.8996 1.74787 -0.676948 -0.281828 0.679937
1 16.2515 21.0903 1.60954 -0.273644 0.0155297 -0.961706
1 27.1333 17.5872 1.61059 -0.252677 0.0457637 -0.966468
1 18.6612 0.314882 1.75691 -0.168229 0.196957 0.965871
1 30.2877 21.8744 1.612 0.436603 -0.458695 -0.773936
1 30.8241 20.6642 1.61686 0.201287 -0.608475 -0.76762
1 15.7621 19.0322 1.6084 -0.635387 0.0539629 -0.770306
1 13.9279 32.5685 1.75462 -0.00713063 -0.400931 0.916081
1 19.9689 22.1806 1.61896 -0.169921 -0.551642 -0.816589
1 15.4369 30.1587 1.75622 0.3211 -0.199077 0.925885
1 33.4115 33.5397 1.76019 0.351479 0.632382 0.69033
1 32.9142 0.0193317 1.7583 0.150166 0.598882 0.786633
1 22.6079 11.6281 1.60945 0.264969 0.597097 -0.757143
1 10.2327 10.5308 1.61157 -0.446885 -0.318215 -0.836082
1 8.1405 16.1871 1.60713 0.0807068 0.157921 -0.984148
1 7.53822 34.4067 1.61032 -0.356074 -0.0365845 -0.933741
1 17.6255 15.7532 1.76235 -0.453889 0.0476188 0.889785
1 12.6712 16.5689 1.62417 0.0714299 -0.660501 -0.74742
1 7.26144 26.4233 1.76005 0.162874 -0.0903099 0.982505
1 9.564 6.48173 1.6119 0.477606 0.0448586 -0.877428
1 13.2873 24.7747 1.61411 0.322654 0.507329 -0.799069
1 19.967 7.03441 1.74373 0.39496 0.549516 0.736233
1 24.5955 25.641 1.75886 0.346973 -0.0159487 0.93774
1 7.06682 8.4285 1.59476 0.928863 0.178162 -0.324765
1 4.56768 33.4177 1.61214 -0.4728 0.331883 -0.81628
1 16.1376 31.9057 1.75884 0.117979 -0.10829 0.987094
1 5.26384 15.544 1.60932 0.0136859 0.64483 -0.764204
1 3.76839 13.0837 1.77185 -0.0586091 0.679106 0.731696
1 1.6457 18.6766 1.75684 0.417505 -0.0909214 0.904115
1 18.2624 24.8969 1.61067 0.32954 -0.229265 -0.915883
1 18.9681 15.1352 1.76025 -0.277285 0.294811 0.914439
1 6.3744 9.51907 1.60428 -0.511312 0.421511 -0.748925
1 24.0413 31.1061 1.74396 -0.677147 -0.13075 0.724138
1 20.7529 8.24425 1.77472 0.218068 0.765784 0.604997
1 30.931 15.041 1.75835 -0.598744 -0.476351 0.643891
1 30.3215 9.38776 1.61066 0.11755 -0.716849 -0.687248
1 3.69998 5.29818 1.61699 -0.0778453 -0.581081 -0.810114
1 27.3762 24.9087 1.74804 0.415191 0.494875 0.763358
1 1.58328 17.7482 1.74164 0.601334 -0.0804179 0.79494
1 8.08481 7.75128 1.63336 0.707246 0.275956 -0.650885
1 13.3573 19.389 1.6086 -0.467292 0.566876 -0.678447
1 23.0043 17.2135 1.60919 -0.373044 0.526953 -0.763648
1 10.5036 28.0661 1.76601 -0.120661 0.430359 0.894557
1 32.5598 27.52 1.60755 -0.0792355 -0.00885753 -0.996817
1 26.2729 24.3093 1.75475 0.589662 0.283736 0.75617
1 19.0865 17.07 1.75606 -0.548093 0.305338 0.778693
1 4.10264 6.71405 1.60842 0.140223 -0.648384 -0.748288
1 7.41961 2.71754 1.60836 0.0267594 0.113357 -0.993194
1 24.1943 24.7277 1.75423 0.533226 -0.0763103 0.842524
1 19.2961 7.67822 1.74079 0.375188 0.393247 0.839399
1 33.775 12.6686 1.76031 -0.037772 -0.120897 0.991946
1 32.2585 23.9443 1.61066 -0.678481 -0.0398713 -0.733536
1 2.49162 29.7994 1.77217 -0.274114 -0.81229 0.514826
1 29.437 8.79764 1.61243 -0.000763077 -0.594417 -0.804156
1 22.7261 32.2727 1.76603 0.0322246 0.812401 0.582208
1 16.991 19.4268 1.608 -0.565785 -0.110551 -0.817108
1 33.5019 27.9818 1.60821 0.00184718 -0.16742 -0.985884
1 33.0137 2.76402 1.60658 -0.399768 0.112143 -0.90973
1 5.13401 1.01146 1.6108 -0.104779 0.258766 -0.96024
1 11.7618 6.05373 1.60314 0.370142 -0.303054 -0.878153
1 18.7947 12.9108 1.76059 -0.147512 0.244907 0.958259
1 16.0221 33.8813 1.75703 -0.102902 -0.146568 0.983834
1 22.4758 25.8475 1.75541 0.286416 -0.361485 0.887296
1 14.9727 6.6088 1.74846 0.609124 -0.510845 0.606634
1 24.5231 26.618 1.75993 0.160603 -0.0325745 0.986481
1 0.154202 12.8058 1.7611 -0.0544922 0.0334084 0.997955
1 8.94063 25.6747 1.75936 0.302931 0.156962 0.939998
1 29.8688 32.5999 1.7561 0.534428 0.163082 0.829332
1 34.0193 26.2329 1.60896 -0.297688 -0.320866 -0.899126
1 32.4279 26.4129 1.60807 -0.266064 -0.0116452 -0.963885
1 22.4222 5.06551 1.60073 -0.623581 0.470308 -0.624466
1 15.3125 31.1934 1.75844 0.186338 -0.21416 0.958861
1 23.7793 10.5862 1.60644 0.160937 0.322502 -0.932787
1 8.524 13.1549 1.60922 -0.158886 -0.00112046 -0.987296
1 24.1029 7.28627 1.60945 -0.256575 0.244673 -0.935042
1 29.9192 13.9785 1.75532 -0.324 -0.688039 0.649327
1 2.09412 10.4506 1.75876 0.379706 0.236199 0.894446
1 28.4577 9.4901 1.6099 0.103622 -0.452 -0.885979
1 9.18969 0.620238 1.60542 -0.262411 -0.230907 -0.936922
1 28.4312 5.28077 1.61276 -0.641988 -0.428294 -0.635937
1 18.1633 26.9073 1.76612 -0.705628 0.0701317 0.705103
1 14.7335 14.0454 1.74546 -0.223874 -0.473925 0.851631
1 10.6029 0.480526 1.60448 -0.308318 -0.400688 -0.86278
1 27.7437 28.2774 1.7593 -0.15711 0.522728 0.837897
1 3.65928 18.9095 1.75122 0.349838 0.253439 0.901877
1 20.6143 2.07249 1.72409 -0.479611 0.589009 0.650416
1 27.9377 16.7944 1.61435 -0.358256 -0.0615359 -0.931593
1 0.0738781 34.1197 1.59109 0.152501 0.794085 -0.588364
1 22.413 26.9095 1.75004 0.088727 -0.393402 0.915075
1 28.1897 20.9843 1.60745 0.298642 -0.148894 -0.942679
1 14.3101 16.1305 1.76215 -0.421367 -0.628944 0.65336
1 0.233493 13.7518 1.76153 -0.218414 0.064632 0.973713
1 22.0311 9.57976 1.61454 0.013484 0.616083 -0.787566
1 0.453316 0.958438 1.6972 0.395929 0.721926 -0.567506
1 28.0346 22.9281 1.60952 0.64497 0.0123988 -0.764107
1 26.9277 15.778 1.65236 -0.561223 0.132933 -0.816919
1 1.66177 5.23088 1.60794 0.00959909 -0.262801 -0.964802
1 30.8442 19.4286 1.61934 0.00203481 -0.556487 -0.830854
1 19.8044 10.118 1.74976 0.126627 0.536569 0.834302
1 4.69277 5.55705 1.59857 -0.0979455 -0.756114 -0.647069
1 18.626 16.1801 1.76209 -0.439513 0.232665 0.86758
1 18.0307 21.1319 1.60492 -0.310008 -0.26092 -0.91423
1 12.8331 18.0638 1.61054 0.239799 -0.678479 -0.69438
1 11.2504 11.1076 1.62274 -0.324549 -0.523974 -0.787477
1 11.9627 17.5108 1.6108 0.193002 -0.50575 -0.840813
1 12.7185 27.751 1.75735 -0.147888 0.711604 0.686839
1 14.6004 26.462 1.60819 0.60788 0.375409 -0.699679
1 16.7164 3.50309 1.75553 -0.627228 -0.0742466 0.775289
1 8.62492 29.2339 1.75844 -0.293473 0.165329 0.941563
1 18.5368 8.22977 1.7632 0.347653 0.231443 0.90861
1 25.5459 15.5635 1.63736 -0.632743 0.322734 -0.703903
1 25.5036 26.7715 1.75777 0.140156 0.13506 0.980875
1 25.6004 19.5261 1.60596 0.0456811 0.193565 -0.980023
1 15.1347 33.3122 1.75922 -0.0542916 -0.265393 0.96261
1 4.57566 13.3597 1.61024 -0.231082 0.799986 -0.553736
1 29.2694 10.0278 1.61771 0.24208 -0.580088 -0.777751
1 30.2994 33.5731 1.76375 0.337469 0.261167 0.904382
1 6.89059 28.3297 1.75965 -0.143148 -0.0938062 0.985246
1 10.3392 5.56432 1.60678 0.327463 -0.107257 -0.938757
1 16.4151 17.1246 1.75247 -0.671521 -0.158506 0.723834
1 12.189 33.038 1.7546 -0.0407582 -0.649025 0.759674
1 10.9528 17.1301 1.61119 0.161577 -0.317179 -0.9345
1 31.9848 14.7521 1.75478 -0.461345 -0.358844 0.811413
1 8.60899 14.2994 1.60828 -0.0771048 0.0138344 -0.996927
1 33.5969 29.0818 1.60935 0.197689 -0.14513 -0.969462
1 2.97904 13.8042 1.74879 -0.175106 0.510854 0.841645
1 11.8385 12.2354 1.61635 -0.12352 -0.672573 -0.729649
1 15.2994 28.4214 1.76256 0.630651 -0.166236 0.758054
1 32.1387 2.22126 1.60757 -0.515359 0.23457 -0.824246
1 29.8809 10.8119 1.60182 0.368423 -0.703009 -0.608312
1 26.8079 0.486795 1.76081 0.00540874 -0.0540128 0.998526
1 18.9072 6.39817 1.75706 0.539361 0.32159 0.778248
1 6.38593 27.4754 1.75977 -0.00227244 -0.171338 0.98521
1 5.40609 26.0024 1.75077 0.225746 -0.366247 0.902719
1 28.283 10.6444 1.61446 0.275969 -0.402625 -0.872774
1 15.5616 9.58222 1.75484 0.203387 -0.285235 0.93663
1 22.4083 29.9244 1.75405 -0.461462 -0.494039 0.736871
1 22.2051 7.08667 1.65952 -0.292701 0.576775 -0.762664
1 10.4235 14.7776 1.61427 -0.00244882 -0.287079 -0.957904
1 19.2557 25.2212 1.61466 0.36303 -0.38378 -0.849072
1 23.0977 1.62946 1.7432 -0.0106901 -0.548848 0.835854
1 6.85128 10.3981 1.61364 -0.423719 0.313088 -0.849963
1 8.2138 5.61599 1.60621 0.361558 0.198846 -0.910898
1 6.0391 14.6343 1.61246 -0.120483 0.498147 -0.858681
1 19.167 9.15078 1.75236 0.251082 0.397136 0.882746
1 25.6301 25.8422 1.75944 0.311806 0.158997 0.936748
1 2.48024 26.1339 1.75743 0.219101 -0.768719 0.600888
1 20.8209 15.5493 1.75503 -0.215156 0.598906 0.771375
1 5.72963 23.5077 1.75145 0.679882 -0.374437 0.630522
1 11.6266 1.29698 1.62423 -0.261195 -0.506127 -0.821957
1 3.74474 11.7421 1.76453 0.150824 0.631527 0.760543
1 27.5391 8.01145 1.60387 -0.167548 -0.301682 -0.938571
1 24.1598 34.3548 1.75853 0.242308 -0.431966 0.86873
1 12.0252 19.9174 1.63325 0.399512 -0.724977 -0.561069
1 9.74402 20.7465 1.60258 0.554897 -0.238598 -0.796969
1 4.56775 8.80946 1.77403 0.0666306 0.885838 0.459186
1 17.2465 8.88444 1.75879 0.267993 0.023956 0.963123
1 27.1613 14.7592 1.73181 -0.703521 0.295984 -0.646105
1 8.36698 6.6391 1.61214 0.501547 0.223166 -0.835851
1 26.5144 10.3028 1.60931 0.166551 -0.11581 -0.979208
1 9.06517 16.527 1.60836 0.118347 0.0082885 -0.992938
1 7.53493 9.41326 1.61287 -0.568838 0.204368 -0.796654
1 20.4643 0.858158 1.72217 -0.288123 0.539032 0.791473
1 33.2616 1.80586 1.59546 -0.567694 0.0294209 -0.822714
1 5.65005 32.7308 1.61988 -0.645906 0.168413 -0.744609
1 24.329 13.5165 1.61271 0.602332 0.19984 -0.772826
1 33.5738 20.0925 1.75958 0.0959827 -0.558184 0.824147
1 11.5913 4.19154 1.59941 0.110235 -0.356461 -0.927784
1 28.4893 8.36533 1.60861 -0.0975273 -0.457329 -0.883933
1 34.2023 31.024 1.61007 0.52778 -0.252611 -0.810948
1 23.5562 23.9298 1.76192 0.696238 -0.163935 0.698841
1 6.05889 25.0048 1.74555 0.387981 -0.322357 0.863456
1 10.4881 11.7114 1.60768 -0.298974 -0.367805 -0.880531
1 19.4893 34.4224 1.7516 -0.112866 0.314459 0.942538
1 2.68556 18.1743 1.75369 0.483841 0.101388 0.869263
1 4.72437 16.6295 1.60702 0.19616 0.757899 -0.622182
1 9.18162 17.6001 1.6087 0.223039 0.00436097 -0.9748
1 31.8288 29.0743 1.60766 0.19722 0.167621 -0.965923
1 25.3957 24.8969 1.75993 0.500849 0.11866 0.857362
1 20.7508 27.5713 1.60111 0.0325638 0.692441 -0.720739
1 5.15909 29.1707 1.75672 -0.280786 -0.336214 0.898955
1 24.1256 8.60854 1.61242 -0.108623 0.241998 -0.964178
1 28.2943 25.7562 1.75997 0.191393 0.707661 0.680135
1 26.8064 4.91803 1.64381 -0.754489 -0.16559 -0.63508
1 30.8196 31.9711 1.75505 0.708824 0.287156 0.64429
1 15.3327 20.6998 1.61073 -0.329895 0.148735 -0.932227
1 17.085 14.196 1.7571 -0.274997 -0.0368397 0.960739
1 14.1865 22.1312 1.60879 -0.103798 0.329682 -0.938369
1 6.94772 3.74426 1.60616 0.137834 0.275741 -0.951299
1 33.5106 4.40574 1.60714 -0.104044 0.0834279 -0.991067
1 10.5976 4.47964 1.60817 0.180581 -0.187941 -0.965437
1 31.974 3.21812 1.6115 -0.331707 0.296171 -0.895686
1 12.0178 28.9253 1.74627 -0.378531 0.623575 0.684009
1 4.69679 1.88106 1.60685 0.0735618 0.309798 -0.947952
1 26.7141 7.41948 1.60689 -0.27431 -0.181846 -0.944291
1 1.38551 16.8468 1.72667 0.768017 -0.0736476 0.636181
1 26.0291 6.63547 1.60888 -0.411017 -0.0799689 -0.908113
1 5.73708 16.7967 1.61347 0.191868 0.596588 -0.779275
1 0.520205 29.2029 1.61148 0.180554 -0.437869 -0.880722
1 3.06049 21.8903 1.75565 -0.200335 0.167459 0.96531
1 5.43368 9.39285 1.77436 0.453961 -0.611626 0.647945
1 1.23239 14.1216 1.75711 -0.288072 0.226044 0.930547
1 34.4077 28.4727 1.61167 0.0796846 -0.316232 -0.94533
1 16.2486 8.82902 1.76002 0.293723 -0.152226 0.943692
1 23.4112 19.5959 1.61123 0.0568237 0.452285 -0.890061
1 16.4599 30.0058 1.75803 0.351469 -0.06355 0.93404
1 26.4645 26.4882 1.75904 0.180566 0.319349 0.930275
1 20.7441 33.1316 1.75271 -0.0119933 0.491432 0.870833
1 31.8591 9.49906 1.75044 0.563727 -0.372274 0.737308
1 0.292763 14.696 1.75284 -0.373193 0.0916491 0.923216
1 25.5776 12.7319 1.61894 0.526753 0.0161847 -0.849864
1 24.5622 16.7617 1.60462 -0.446711 0.373262 -0.813096
1 28.12 17.8203 1.60979 -0.198551 -0.100241 -0.974951
1 14.3021 2.1745 1.74582 -0.447471 -0.508567 0.735615
1 6.09158 5.97951 1.61388 0.41427 0.561471 -0.716332
1 34.0911 18.8911 1.75522 0.308653 -0.447747 0.8392
1 22.8381 5.99071 1.6213 -0.480475 0.435992 -0.760956
1 7.20562 15.9403 1.60571 0.0769629 0.309702 -0.947714
1 18.9995 30.6144 1.75711 0.302469 0.24155 0.922045
1 26.1601 27.5124 1.75858 0.00015736 0.250189 0.968197
1 6.56096 22.1858 1.71376 -0.757997 0.3151 0.571098
1 34.2012 5.10082 1.60735 0.0243298 -0.0032247 -0.999699
1 25.259 22.1614 1.65914 0.578471 0.178249 -0.795989
1 8.39913 2.66925 1.60798 0.00554477 -0.00313815 -0.99998
1 10.907 3.46141 1.60746 0.0482575 -0.278037 -0.959358
1 2.01041 33.0798 1.75175 -0.499509 0.544138 0.674095
1 29.1717 33.4007 1.75719 0.306516 0.133172 0.942504
1 17.6742 9.95114 1.75667 0.155575 0.0953708 0.983209
1 5.82206 30.0981 1.75527 -0.448603 -0.229599 0.863736
1 16.4709 18.1011 1.74417 -0.820669 -0.15977 0.548613
1 1.63998 1.62005 1.62766 0.372649 0.545103 -0.750997
1 27.5877 9.01729 1.60755 -0.00446114 -0.302231 -0.953224
1 9.27085 5.50609 1.60637 0.335144 0.0441634 -0.941131
1 27.1142 21.3592 1.60609 0.343722 -0.00131911 -0.93907
1 13.5993 16.9273 1.59565 0.00348236 -0.826127 -0.563474
1 0.833719 10.2325 1.7604 0.465824 0.0252291 0.884518
1 16.9607 23.5916 1.60745 0.113742 -0.0593129 -0.991738
1 19.4516 0.882649 1.75511 -0.24625 0.358217 0.900578
1 13.2675 22.6056 1.61601 -0.0196164 0.468852 -0.883059
1 18.1997 9.15051 1.75649 0.238198 0.20225 0.949925
1 7.92373 23.7761 1.75122 0.596987 -0.0399112 0.801257
1 27.1444 27.2999 1.754 0.027312 0.449384 0.892921
1 17.7858 27.7933 1.75381 0.768139 0.129057 0.627142
1 12.9184 32.1073 1.75633 0.0594133 -0.541619 0.838522
1 1.37319 31.1093 1.60692 0.400496 -0.544841 -0.736716
1 33.8718 0.184152 1.66805 0.117125 0.744399 0.657383
1 8.75063 1.6317 1.60897 -0.115063 -0.117846 -0.986343
1 29.4844 30.0542 1.64007 0.341038 0.534298 -0.773446
1 30.8847 18.2315 1.61651 -0.195084 -0.529576 -0.825525
1 12.1958 15.3083 1.62293 -0.0599234 -0.622108 -0.780635
1 25.3333 20.4579 1.60985 0.215267 0.217401 -0.952049
1 1.25652 3.47695 1.61148 -0.284907 -0.238263 -0.928471
1 1.73524 11.3783 1.75519 0.194014 0.243967 0.950178
1 8.64851 20.4518 1.61758 0.554333 0.0122332 -0.832205
1 27.8725 0.971276 1.76276 -0.0936074 0.111712 0.989322
1 29.4467 16.4106 1.60466 -0.447317 -0.268179 -0.853222
1 31.1718 33.0331 1.75878 0.5009 0.308692 0.808584
1 3.64244 30.2203 1.7384 -0.427615 -0.586153 0.688165
1 24.8329 21.2549 1.60769 0.379603 0.224079 -0.897602
1 30.7468 27.5039 1.60822 -0.0846326 0.335952 -0.938069
1 16.3906 2.46521 1.76598 -0.496226 -0.160441 0.85324
1 18.2125 5.36851 1.73853 0.742253 0.177324 0.646233
1 4.77936 11.3923 1.6102 -0.228755 0.782459 -0.579162
1 6.99467 31.659 1.75414 -0.778757 0.0036117 0.627315
1 11.6786 7.11578 1.60989 0.532631 -0.260996 -0.805099
1 17.8139 0.766306 1.7585 -0.224732 0.0738574 0.971618
1 12.2424 11.0171 1.61774 -0.35805 -0.680846 -0.638944
1 15.2089 23.7371 1.6081 0.146013 0.198415 -0.969181
1 2.5707 27.6364 1.75063 -0.0260922 -0.749524 0.661463
1 32.5745 22.0626 1.75932 -0.188401 -0.721196 0.666619
1 11.3496 23.9883 1.75653 0.56641 0.588116 0.577321
1 9.59128 4.54441 1.6068 0.209616 -0.0414989 -0.976903
1 2.63487 19.1249 1.75657 0.313299 0.0683082 0.947195
1 3.52911 25.5065 1.75877 0.382626 -0.580989 0.718366
1 24.8862 9.16467 1.60937 -0.0258928 0.120686 -0.992353
1 8.62022 22.8954 1.74754 0.726417 0.0753018 0.683117
1 32.8962 7.37667 1.61624 0.461588 0.212804 -0.861192
1 22.7739 21.7004 1.62699 0.431539 0.4843 -0.76107
1 27.3806 20.4014 1.60831 0.193448 -0.0349633 -0.980487
1 29.0151 21.5987 1.6055 0.385664 -0.266918 -0.883186
1 31.1247 3.87292 1.60743 -0.207955 0.442959 -0.872091
1 9.50455 11.2916 1.60848 -0.33362 -0.193355 -0.922665
1 9.37347 2.58723 1.60835 -0.01348 -0.125677 -0.99198
1 18.9918 21.9963 1.61688 -0.159459 -0.394358 -0.905016
1 7.88889 30.0267 1.75767 -0.446596 0.0820005 0.89097
1 30.946 23.7238 1.61148 -0.715915 0.262111 -0.64712
1 32.6788 28.5532 1.60772 0.108557 0.00241193 -0.994087
1 22.9965 18.4887 1.60948 -0.134651 0.537094 -0.832706
1 31.8781 7.93007 1.60595 0.545625 0.320539 -0.774305
1 17.0708 20.4818 1.60922 -0.384805 -0.120759 -0.915064
1 26.5048 25.3863 1.75627 0.378636 0.3274 0.865705
1 18.037 22.1206 1.60996 -0.133243 -0.236982 -0.962334
1 22.4866 22.7549 1.78055 -0.645074 -0.40649 0.647028
1 26.6416 9.34794 1.60685 0.0232833 -0.143792 -0.989334
1 17.3776 30.4718 1.75938 0.297197 0.0372009 0.954091
1 15.1485 32.2601 1.75761 0.0561539 -0.242326 0.968568
1 31.0282 2.77618 1.60848 -0.44306 0.457149 -0.771176
1 9.02463 30.1341 1.74965 -0.432732 0.234842 0.870398
1 19.0882 28.2946 1.72221 0.592872 0.33773 0.731054
1 27.8109 31.8791 1.75503 0.622053 -0.0267026 0.782519
1 5.63713 28.151 1.75879 -0.12222 -0.263192 0.95697
1 26.0033 21.386 1.60729 0.385195 0.118983 -0.915133
1 28.4138 1.78971 1.75589 -0.233134 0.249508 0.939891
1 26.2642 11.2203 1.60946 0.30037 -0.0805935 -0.950412
1 31.4432 11.7357 1.75945 0.118815 -0.518295 0.846908
1 30.1597 23.0668 1.62367 0.63965 -0.415858 -0.646459
1 15.4535 25.773 1.60407 0.523544 0.164482 -0.835971
1 29.6162 4.81005 1.61528 0.0732419 0.686889 -0.723062
1 16.0321 22.0754 1.60836 -0.121721 0.0540733 -0.99109
1 20.1422 20.997 1.60863 -0.348559 -0.604859 -0.715997
1 7.97946 10.2853 1.6111 -0.46642 0.100261 -0.878863
1 14.49 11.4236 1.75516 -0.0423699 -0.493321 0.868815
1 19.7919 27.2972 1.78007 0.320718 0.82142 0.471603
1 14.4466 30.5106 1.75772 0.279183 -0.338383 0.89864
1 33.3034 10.8932 1.75194 0.291665 -0.201844 0.934982
1 29.0551 27.5082 1.60514 -0.145826 0.720966 -0.677453
1 29.3902 1.52597 1.75916 -0.241149 0.412504 0.878458
1 13.3062 0.887307 1.75897 -0.435049 -0.601378 0.670132
1 33.1606 8.47154 1.59207 0.77429 0.129914 -0.619353
1 31.7588 19.1821 1.62188 -0.0368968 -0.699845 -0.713341
1 2.29687 3.38882 1.63648 -0.354764 -0.356266 -0.864417
1 20.2002 13.5782 1.75764 0.0772039 0.466328 0.881237
1 29.3205 25.892 1.6107 -0.301299 0.654757 -0.69319
1 32.0928 33.8005 1.75943 0.334711 0.44953 0.828185
1 28.098 7.26044 1.60777 -0.294075 -0.391539 -0.871904
1 24.9747 23.9557 1.75515 0.695484 0.0594596 0.716077
1 21.5275 0.639914 1.73275 -0.375278 0.700129 0.607442
1 6.85737 30.7109 1.75288 -0.591127 -0.043293 0.805416
1 15.452 11.3997 1.7605 -0.01988 -0.322519 0.946354
1 9.99506 16.8391 1.60965 0.141234 -0.147678 -0.9789
1 33.952 10.0679 1.75224 0.487105 -0.117866 0.865353
1 6.65004 24.0021 1.74524 0.5587 -0.264966 0.785906
1 32.2491 5.64594 1.6099 0.119273 0.301548 -0.945961
1 13.8373 14.5577 1.73741 -0.262156 -0.676611 0.688093
1 26.5399 19.3364 1.60789 0.0249859 0.0789933 -0.996562
1 16.0143 14.288 1.75833 -0.285941 -0.214996 0.933817
1 9.42831 33.4151 1.61296 -0.572633 -0.227988 -0.787472
1 15.7851 15.2802 1.76596 -0.375219 -0.296728 0.878159
1 28.6365 34.2456 1.76155 0.121128 0.137049 0.98313
1 32.8587 14.2225 1.7581 -0.331087 -0.236902 0.913378
1 12.7196 1.5837 1.62326 -0.377931 -0.668701 -0.640318
1 14.3935 1.03272 1.75387 -0.289278 -0.444146 0.847969
1 19.9716 31.2803 1.75623 0.245035 0.3806 0.891685
1 9.75707 8.40975 1.62133 0.804109 0.0781402 -0.589324
1 18.0571 28.7511 1.73844 0.585655 0.130647 0.799962
1 15.0992 17.3429 1.75188 -0.643901 -0.40969 0.646178
1 18.248 19.2466 1.61218 -0.67146 -0.235208 -0.702723
1 5.74834 10.6162 1.60739 -0.31001 0.538291 -0.783669
1 15.4528 16.3117 1.7548 -0.508682 -0.370697 0.777063
1 4.47671 31.3571 1.74654 -0.659015 -0.406565 0.632774
1 25.0767 32.1062 1.75805 0.65512 -0.311655 0.68825
1 8.26424 17.1991 1.60797 0.189636 0.17445 -0.966233
1 12.4121 3.73852 1.66859 -0.016385 -0.47394 -0.880404
1 3.57205 33.0452 1.60034 -0.544102 0.451505 -0.707174
1 27.2818 11.0878 1.61194 0.298771 -0.237137 -0.924393
1 25.0222 23.0609 1.64249 0.781206 0.0988561 -0.616396
1 24.4777 33.2102 1.75671 0.432211 -0.422664 0.796586
1 5.72018 1.8945 1.60565 0.00246496 0.222185 -0.975001
1 9.18232 23.8868 1.75119 0.577853 0.18663 0.794516
1 20.941 17.7216 1.73591 -0.526571 0.633177 0.567283
1 1.55688 9.50422 1.75282 0.571242 0.157586 0.805512
1 12.4045 9.60827 1.76788 -0.447879 -0.700729 0.555322
1 25.7151 8.65572 1.60743 -0.0802179 -0.0177964 -0.996618
1 3.55193 34.2039 1.60689 -0.326796 0.493897 -0.805773
1 26.6473 8.38305 1.60747 -0.121834 -0.157925 -0.979906
1 12.366 26.492 1.75091 0.116404 0.687182 0.717099
1 6.9578 14.8941 1.60908 -0.0551814 0.338328 -0.939409
1 18.3231 25.9016 1.61154 0.513033 -0.207329 -0.832954
1 7.56944 19.9079 1.61941 0.567682 0.278221 -0.77481
1 9.93575 3.55386 1.60743 0.0806463 -0.139293 -0.986962
1 0.571931 27.8022 1.61378 -0.0347616 -0.492107 -0.86984
1 3.20784 6.278 1.61678 0.135573 -0.488263 -0.862102
1 16.6513 9.72136 1.75984 0.18126 -0.0884874 0.979446
1 25.7669 7.63571 1.60863 -0.230827 -0.0410366 -0.972129
1 28.3583 3.59798 1.76181 -0.577859 0.225328 0.784415
1 15.1218 21.6832 1.60797 -0.182375 0.182796 -0.966087
1 1.0306 12.1437 1.76018 0.0660952 0.153054 0.986005
1 25.1295 27.639 1.75907 -0.020067 0.0624816 0.997844
1 22.7962 10.4177 1.61289 0.135143 0.486236 -0.863314
1 26.8562 16.7044 1.63015 -0.407676 0.0822694 -0.909413
1 17.426 1.73099 1.75382 -0.383152 0.0271074 0.923287
1 23.3749 12.6593 1.61276 0.457152 0.415593 -0.786317
1 23.874 9.57554 1.60948 0.0201843 0.282064 -0.959183
1 18.7535 23.0648 1.60923 0.0120724 -0.332036 -0.943189
1 1.37635 28.4847 1.60972 0.0676594 -0.612201 -0.787802
1 31.0061 34.3682 1.75749 0.144722 0.334245 0.931308
1 0.249255 9.36345 1.75815 0.691023 -0.0306754 0.722182
1 8.50524 27.3689 1.76016 0.0149388 0.118505 0.992841
1 25.2007 33.8949 1.75736 0.296051 -0.298535 0.907321
1 10.7192 1.58533 1.60913 -0.173405 -0.362518 -0.915703
1 3.82889 9.86452 1.72207 0.292737 0.596183 0.747576
1 0.57996 30.3514 1.61163 0.349309 -0.436426 -0.829165
1 24.564 11.2729 1.60453 0.271558 0.200951 -0.941209
1 22.5293 28.1104 1.76211 -0.135657 -0.391972 0.90992
1 3.07445 4.2179 1.61379 -0.210218 -0.460723 -0.862289
1 6.16187 29.0202 1.75642 -0.266384 -0.17008 0.948743
1 19.9732 8.73138 1.72053 0.245461 0.587082 0.771417
1 28.5777 6.45774 1.64889 -0.422079 -0.467162 -0.776923
1 5.88544 21.1373 1.74997 0.0173677 0.602906 0.797623
1 1.20341 15.1291 1.76178 -0.491084 0.209356 0.845581
1 26.9522 13.9015 1.60919 0.720496 -0.278404 -0.635119
1 29.6873 6.68028 1.6522 -0.469734 -0.658333 -0.588173
1 17.0761 7.03905 1.75568 0.537693 -0.037912 0.842288
1 18.5258 1.47381 1.75639 -0.326244 0.205463 0.922686
1 34.0965 2.5 1.6092 -0.436413 -0.0701312 -0.897009
1 7.86635 25.5325 1.75768 0.318902 -0.0217174 0.947539
1 2.86028 31.7607 1.76464 0.597678 0.0560606 0.799774
1 23.0141 20.6189 1.61322 0.237467 0.491139 -0.838088
1 8.26363 26.4295 1.75951 0.167231 0.0593948 0.984127
1 34.0545 22.209 1.75663 -0.253031 -0.43877 0.862239
1 27.9188 33.5178 1.75544 0.275122 0.0193734 0.961214
1 0.311737 21.8329 1.75785 -0.197393 -0.295209 0.93482
1 13.3009 26.0295 1.63946 0.479407 0.661851 -0.5763
1 9.65024 27.6067 1.76034 -0.0271794 0.294294 0.955329
1 24.4589 12.3963 1.60945 0.442316 0.224384 -0.868337
1 16.8548 0.855784 1.76097 -0.264323 -0.0597005 0.962585
1 2.09196 15.6468 1.7594 -0.56723 0.37197 0.734771
1 17.7532 23.0275 1.60585 0.0164908 -0.180486 -0.983439
1 29.8939 28.083 1.62307 -0.037894 0.531259 -0.846362
1 0.416757 26.5977 1.61078 -0.250594 -0.508284 -0.823923
1 12.6617 7.53806 1.61086 0.605376 -0.398568 -0.688958
1 16.1068 27.5924 1.74384 0.793039 -0.0352763 0.608149
1 21.5885 8.33451 1.6111 -0.110896 0.754979 -0.646304
1 25.0748 18.6882 1.60684 -0.115189 0.253452 -0.960465
1 0.971559 32.8589 1.75285 -0.405966 0.387715 0.827568
1 31.7153 28.0601 1.60778 0.014006 0.163797 -0.986395
1 10.7488 25.4448 1.7552 0.315044 0.443183 0.839248
1 3.19596 20.9178 1.7595 -0.0131698 0.167361 0.985808
1 31.2799 5.82673 1.61625 0.160195 0.467157 -0.869541
1 32.3463 11.2934 1.75044 0.207248 -0.357119 0.910777
1 26.4347 32.0394 1.75015 0.628812 -0.129634 0.766675
1 21.5719 16.2857 1.74766 -0.26581 0.728532 0.631337
1 14.4563 7.94099 1.75526 0.417892 -0.471198 0.776749
1 5.47148 0.088147 1.60868 -0.274496 0.21976 -0.93614
1 34.5186 25.3913 1.61383 -0.454762 -0.412963 -0.789084
1 28.866 0.640963 1.76034 -0.0671071 0.262976 0.962466
1 25.0324 6.90713 1.61005 -0.345174 0.0828619 -0.934874
1 27.6612 11.9988 1.61077 0.422483 -0.329575 -0.844327
1 23.2181 27.4397 1.75831 -0.00746185 -0.259668 0.965669
1 27.7805 30.9864 1.76497 -0.877539 0.153025 0.454432
1 14.3697 31.5986 1.75768 0.123859 -0.341635 0.931635
1 2.69236 5.22182 1.61084 -0.018895 -0.416668 -0.908862
1 12.357 14.0047 1.62081 -0.216599 -0.605851 -0.765525
1 3.34937 19.8339 1.75849 0.186406 0.179687 0.965901
1 16.6638 5.3523 1.75125 0.800882 -0.0847021 0.592801
1 34.5797 17.197 1.74854 0.689263 -0.277617 0.669213
1 17.9072 12.4373 1.75717 -0.0873974 0.110599 0.990015
1 20.6902 6.4402 1.7722 0.347713 0.744297 0.570191
1 8.75275 9.38552 1.61895 -0.619288 -0.0101844 -0.785098
1 10.9823 12.779 1.60501 -0.188698 -0.448036 -0.873874
1 18.5751 2.50957 1.75719 -0.456254 0.233858 0.85857
1 32.0596 30.3695 1.60984 0.488352 0.162154 -0.857449
1 10.349 2.54771 1.60744 -0.0456788 -0.252602 -0.966491
1 32.2962 32.7462 1.76336 0.561434 0.445386 0.697441
1 0.0994453 11.859 1.76065 0.114503 0.00194962 0.993421
1 30.9603 13.9278 1.75594 -0.353501 -0.529094 0.771425
1 5.69461 31.135 1.75183 -0.624388 -0.2207 0.749287
1 9.7364 1.56062 1.60773 -0.135078 -0.239521 -0.961449
1 29.9096 17.6097 1.61337 -0.269813 -0.371754 -0.888257
1 5.07409 21.8471 1.75637 -0.187654 0.445393 0.875449
1 9.6435 24.9671 1.75755 0.421771 0.274237 0.864236
1 6.75864 13.7567 1.61047 -0.157849 0.310968 -0.937221
1 23.5145 25.5303 1.75734 0.351589 -0.179101 0.918862
1 17.1299 21.5995 1.6093 -0.206607 -0.114277 -0.971727
1 22.9487 29.1255 1.75452 -0.32907 -0.348672 0.877577
1 30.1421 2.08361 1.74756 -0.436146 0.535465 0.723224
1 16.3213 6.32519 1.76379 0.657063 -0.180589 0.731885
1 7.56902 29.0918 1.76015 -0.278847 0.00893178 0.960294
1 18.779 10.0905 1.75369 0.13778 0.312368 0.939916
1 11.7014 34.6125 1.61663 -0.41423 -0.689759 -0.593841
1 15.2729 1.89009 1.75304 -0.422242 -0.326954 0.845466
1 4.13203 4.30566 1.62026 -0.332125 -0.595043 -0.731858
1 14.1088 4.13149 1.58976 -0.0945419 -0.752424 -0.651859
1 1.04307 22.5788 1.757 -0.326979 -0.16538 0.930449
1 19.7818 33.4013 1.75523 -0.00716533 0.336042 0.94182
1 33.9481 6.92737 1.60395 0.389533 0.0612111 -0.918976
1 4.41697 25.8842 1.75614 0.271462 -0.49421 0.825872
1 16.0398 0.249983 1.75799 -0.21015 -0.168139 0.963102
1 25.5287 30.9825 1.70927 -0.692263 0.0896917 0.71605
1 33.0875 15.3004 1.75542 -0.53417 -0.169739 0.828161
1 34.2363 29.8981 1.61008 0.330311 -0.25313 -0.909296
1 11.6945 16.3566 1.61243 0.0698873 -0.474696 -0.877371
1 23.1443 0.412683 1.75487 0.165847 -0.531976 0.830359
1 13.4905 5.4328 1.62347 0.259566 -0.57951 -0.772524
1 11.2832 15.1812 1.61551 -0.00351135 -0.449647 -0.8932
1 10.2638 18.8842 1.61344 0.35353 -0.191218 -0.91567
1 29.1281 19.2873 1.60998 0.0220087 -0.284526 -0.958416
1 25.6911 9.72501 1.60745 0.0683966 0.00170133 -0.997657
1 15.99 10.5111 1.76039 0.0891938 -0.210119 0.973599
1 11.3778 26.4702 1.75586 0.134562 0.54532 0.827357
1 22.8057 24.8148 1.76078 0.48877 -0.272222 0.828854
1 0.171306 3.33835 1.60961 -0.320804 -0.148649 -0.935408
1 1.70148 24.8979 1.60581 0.753653 0.102056 -0.649301
1 29.9412 26.7463 1.61718 -0.201183 0.497629 -0.843736
1 4.9752 20.7505 1.75867 0.0505592 0.457625 0.887707
1 9.42227 13.5784 1.60934 -0.131165 -0.146066 -0.980541
1 0.665303 16.049 1.72859 -0.719989 0.172397 0.672231
1 14.7717 29.4213 1.75516 0.452823 -0.284369 0.845036
1 24.8533 7.96 1.60609 -0.176119 0.103187 -0.978946
1 20.8264 30.8267 1.73936 0.33684 0.529306 0.7787
1 8.34883 18.2739 1.61229 0.312525 0.166967 -0.93512
1 33.9955 6.00045 1.60462 0.199581 0.0338737 -0.979296
1 18.8948 4.25657 1.76911 -0.741849 0.292188 0.603562
1 13.417 21.4445 1.62052 -0.191394 0.474218 -0.859352
1 13.1014 15.2409 1.60762 -0.124612 -0.790066 -0.600223
1 30.1727 3.73183 1.60586 -0.227457 0.600331 -0.766724
1 32.729 29.6083 1.60857 0.315585 0.0281139 -0.948481
1 27.4839 19.4379 1.60787 0.0458817 -0.0456192 -0.997905
1 4.26697 15.1939 1.60686 -0.0837892 0.798204 -0.596531
1 17.7906 17.5588 1.73558 -0.724242 0.0997878 0.682287
1 29.1876 12.5484 1.60079 0.446739 -0.712314 -0.541325
1 17.3843 4.37879 1.76094 -0.760824 0.0362348 0.647946
1 31.6734 16.6605 1.62124 -0.562403 -0.550761 -0.616738
1 30.1536 12.6754 1.76088 -0.0312542 -0.711486 0.702005
1 33.8533 14.6113 1.7582 -0.38093 -0.0683645 0.922073
1 34.4524 24.0013 1.75225 -0.63253 -0.368395 0.681316
1 23.8699 14.6098 1.5961 0.755406 0.161302 -0.635093
1 3.66566 27.9444 1.74946 -0.0706011 -0.573396 0.816231
1 31.6608 27.0509 1.60778 -0.163866 0.152406 -0.974639
1 7.91427 28.1948 1.76 -0.125068 0.0472215 0.991024
1 11.3343 8.2466 1.60776 0.727285 -0.211403 -0.652967
1 20.0575 14.7845 1.75595 -0.14867 0.478085 0.865639
1 23.8572 17.7243 1.60754 -0.268542 0.424097 -0.864886
1 33.4855 23.0281 1.75269 -0.408035 -0.526759 0.745676
1 17.0721 32.4961 1.75937 0.0654372 -0.0113503 0.997792
1 26.7655 28.3041 1.75459 -0.148901 0.337216 0.929577
1 25.1303 29.2849 1.75487 -0.332335 0.0434002 0.942162
1 5.45994 12.2589 1.60699 -0.262166 0.57298 -0.776507
1 8.95251 3.6473 1.60726 0.100952 0.000487705 -0.994891
1 2.47449 20.2672 1.75911 0.098628 0.0415271 0.994258
1 19.7652 23.3035 1.60836 0.00623651 -0.472368 -0.881379
1 25.4368 11.8057 1.60563 0.375688 0.0555552 -0.92508
1 18.2499 7.16373 1.75883 0.482112 0.180821 0.857246
1 26.1102 18.4462 1.61009 -0.135052 0.133782 -0.981765
1 33.0039 19.1731 1.74528 0.256389 -0.63472 0.728968
1 14.5211 18.9065 1.60188 -0.575553 0.309936 -0.756755
1 11.762 22.607 1.7817 -0.0187883 -0.769321 0.638586
1 13.1857 33.3145 1.75663 -0.121676 -0.521488 0.844538
1 0.167385 23.0746 1.75666 -0.437415 -0.31377 0.842743
1 6.43645 2.71052 1.60638 0.0635749 0.226528 -0.971928
1 1.52227 7.0282 1.61216 0.348838 -0.222895 -0.910291
1 21.4024 30.0608 1.76276 0.447236 0.681511 0.579243
1 10.1312 17.8691 1.61081 0.246191 -0.167441 -0.954648
1 24.0582 18.7583 1.60872 -0.104826 0.381858 -0.918257
1 6.48369 19.0585 1.64316 0.515066 0.498597 -0.697215
1 6.48402 34.5134 1.61024 -0.332927 0.0874718 -0.938887
1 1.586 29.7499 1.59885 0.211668 -0.665233 -0.716004
1 15.0508 34.4021 1.75705 -0.174199 -0.28891 0.941374
1 29.0903 18.2326 1.6106 -0.14628 -0.257068 -0.955258
1 7.50956 18.8104 1.61324 0.407185 0.335918 -0.849329
1 9.9287 21.7534 1.61085 0.686663 -0.288919 -0.667098
1 32.3374 1.16983 1.61288 -0.856107 0.401082 0.325906
1 2.02754 4.32211 1.60851 -0.166903 -0.32017 -0.932542
1 30.3834 15.9039 1.62185 -0.58168 -0.380885 -0.718731
1 12.6649 30.7384 1.7437 0.285875 -0.565591 0.773552
1 23.5786 28.382 1.75807 -0.18354 -0.216548 0.958864
1 9.25855 7.42477 1.61662 0.617266 0.106189 -0.779555
1 30.0937 29.2434 1.61663 0.186512 0.468904 -0.863332
1 12.318 2.58169 1.63338 -0.212499 -0.534983 -0.817702
1 29.8742 20.9329 1.59996 0.261121 -0.428735 -0.864871
1 33.0869 25.6616 1.60994 -0.393188 -0.152704 -0.906689
1 26.2399 5.72299 1.62014 -0.576824 -0.136642 -0.805359
1 25.205 4.95872 1.6174 -0.724849 0.00417569 -0.688895
1 7.67097 14.0954 1.60898 -0.104053 0.161381 -0.981391
1 30.2378 8.01804 1.61418 -0.177242 -0.704424 -0.687293
1 33.2563 9.33489 1.75848 0.691386 -0.155976 0.705448
1 13.2983 2.96243 1.60142 -0.163832 -0.673512 -0.720792
1 19.2872 14.077 1.76155 -0.106643 0.341392 0.933852
1 15.9562 4.30421 1.76157 -0.702519 -0.23044 0.673324
1 33.5056 17.9786 1.75506 0.474105 -0.463814 0.748399
1 8.88703 28.2648 1.75972 -0.135341 0.191576 0.972101
1 22.3039 33.7875 1.75378 -0.182075 0.770609 0.610746
1 12.8215 12.5202 1.59372 -0.127435 -0.84615 -0.517484
1 16.5434 16.1142 1.76148 -0.513453 -0.149081 0.845069
1 31.1645 24.6672 1.61356 -0.564729 0.203382 -0.799823
1 25.7346 30.0485 1.75183 -0.481787 0.124278 0.867431
1 7.34649 24.6961 1.75261 0.453633 -0.13158 0.881421
1 2.7018 17.1907 1.73968 0.64344 0.1731 0.745668
1 5.43698 4.61127 1.61233 0.271956 0.686986 -0.673862
1 24.9252 0.339376 1.7569 0.113138 -0.292467 0.949559
1 5.51802 18.0051 1.60385 0.376434 0.678429 -0.630897
1 21.9784 20.6116 1.61607 0.249452 0.633456 -0.732467
1 19.0895 29.336 1.74503 0.45806 0.254581 0.851686
1 9.60358 19.7446 1.61163 0.452971 -0.0947102 -0.88648
1 31.1226 6.97728 1.60781 0.375166 0.47957 -0.793261
1 14.6101 9.35755 1.74999 0.237223 -0.47141 0.849411
1 18.1921 10.8757 1.75522 0.0620767 0.175024 0.982605
1 6.46544 4.71339 1.6151 0.215956 0.493862 -0.842296
1 6.74814 1.73924 1.60707 -0.0623112 0.110322 -0.991941
1 13.5296 31.1187 1.75443 0.189208 -0.460863 0.867067
1 27.0038 23.5106 1.62642 0.790876 0.206531 -0.576073
1 34.2773 27.327 1.61044 -0.110274 -0.34025 -0.933847
1 10.3161 32.7453 1.62946 -0.650335 -0.400141 -0.645718
1 14.5119 27.6461 1.76247 0.762971 -0.263909 0.590108
1 25.6226 32.8662 1.75704 0.481523 -0.250626 0.839834
1 16.8844 22.5677 1.60709 -0.0531027 -0.0651767 -0.99646
1 28.2452 18.811 1.60843 -0.0487459 -0.144892 -0.988246
1 28.3034 19.9007 1.60769 0.122566 -0.170659 -0.977677
1 15.2974 24.7752 1.60912 0.327625 0.193418 -0.924798
1 12.5256 23.7557 1.61539 0.136857 0.619232 -0.773189
1 3.39345 26.7565 1.75233 0.143735 -0.618366 0.772634
1 8.82432 32.5041 1.63012 -0.746665 -0.112702 -0.655583
1 0.573565 18.9755 1.76108 0.328771 -0.2663 0.906087
1 12.8278 29.4297 1.75423 0.498336 -0.593901 0.631619
1 11.538 30.8142 1.7208 0.475918 -0.66475 0.575856
1 16.8899 12.423 1.76004 -0.0845442 -0.0572385 0.994774
1 1.83502 23.2507 1.75283 -0.446814 -0.0246226 0.894288
1 23.9752 2.00044 1.75482 -0.119222 -0.396474 0.910272
1 19.7346 15.9486 1.75648 -0.346819 0.425117 0.836058
1 26.3038 29.2147 1.75937 -0.315041 0.218016 0.923698
1 31.5851 4.78659 1.61738 -0.0364032 0.389911 -0.920133
1 10.5143 26.9787 1.76014 0.075628 0.408852 0.909462
1 25.6058 13.6504 1.65437 0.658329 -0.0364467 -0.751847
1 32.0526 12.5651 1.76289 -0.0355008 -0.405852 0.913249
1 4.05545 20.5188 1.76174 0.0812924 0.301573 0.949971
1 16.3142 25.1886 1.61177 0.374716 0.0613989 -0.925105
1 27.9674 21.9776 1.60299 0.476564 -0.0899132 -0.87453
1 15.4437 13.3574 1.75899 -0.192741 -0.296831 0.935277
1 34.4237 10.8932 1.75692 0.30538 -0.0657904 0.949955
1 18.1652 18.4099 1.7689 -0.843535 0.10928 0.52584
1 26.7812 30.3261 1.72582 -0.545911 0.29473 0.784292
1 25.3387 14.6051 1.62246 0.789463 -0.162746 -0.591829
1 21.571 6.35241 1.57999 -0.300992 0.749364 -0.589794
1 6.78714 25.6002 1.75387 0.296346 -0.19099 0.935789
1 0.5682 20.8504 1.76001 -0.0243391 -0.263169 0.964443
1 6.00473 13.1489 1.61759 -0.210315 0.441361 -0.872335
1 11.3616 13.9898 1.61229 -0.102669 -0.462524 -0.880642
1 20.9968 22.4017 1.62163 -0.287061 -0.712262 -0.64053
1 3.81794 22.4934 1.74458 -0.310618 0.314636 0.896951
1 8.56745 4.64889 1.60724 0.226846 0.116539 -0.966933
1 6.84344 33.556 1.61451 -0.527282 0.0280109 -0.849229
1 19.0718 31.6944 1.75875 0.175807 0.24394 0.953722
1 19.3328 11.077 1.75166 0.0315759 0.397484 0.917065
1 27.9892 12.9627 1.60992 0.51959 -0.46683 -0.715608
1 2.72758 9.55281 1.75031 0.496454 0.372184 0.784228
1 24.8003 1.43436 1.75169 -0.0730225 -0.271954 0.959536
1 32.6338 20.5355 1.74012 0.0436582 -0.737424 0.674017
1 2.21019 6.17676 1.60995 0.172194 -0.342339 -0.923663
1 26.5586 2.37084 1.75204 -0.360246 -0.00571791 0.93284
1 3.20975 14.937 1.74675 -0.343288 0.601371 0.721461
1 13.7285 6.53152 1.60597 0.474355 -0.570639 -0.670342
1 13.6772 9.15634 1.76435 0.294628 -0.630229 0.718336
1 21.0488 14.2973 1.75334 0.0223359 0.615958 0.787462
1 5.36297 27.1303 1.75674 0.0396207 -0.338098 0.940277
1 17.5573 16.6785 1.74841 -0.593241 0.0551324 0.803135
1 6.28579 7.24619 1.60794 0.647771 0.472379 -0.597705
1 32.913 12.1177 1.76126 0.0494705 -0.272415 0.960907
1 4.13601 21.5143 1.75929 -0.106234 0.307315 0.94566
1 18.9727 32.7231 1.75813 0.0610427 0.21525 0.974649
1 9.68645 34.4088 1.60263 -0.399023 -0.288154 -0.870487
1 30.867 28.594 1.61067 0.0953636 0.33566 -0.937144
1 22.4113 19.5073 1.61652 0.0479822 0.601211 -0.797649
1 14.0234 28.738 1.7544 0.570258 -0.370886 0.732972
1 21.8416 4.24777 1.77127 -0.696785 0.25128 0.671825
1 9.67056 28.8074 1.76297 -0.240937 0.319296 0.916515
1 20.0718 24.4434 1.61436 0.181283 -0.528645 -0.829259
1 33.0442 31.5016 1.62181 0.631521 -0.0127203 -0.775254
1 11.7938 18.7499 1.63296 0.351359 -0.491563 -0.796814
1 12.4059 5.07173 1.60585 0.199758 -0.452718 -0.86899
1 2.63708 1.51432 1.78066 -0.141411 -0.473354 0.869447
1 27.1473 6.61383 1.61223 -0.412546 -0.251394 -0.875561
1 14.2039 33.6444 1.75376 -0.149313 -0.381616 0.912181
1 2.07533 13.4462 1.75756 -0.155184 0.355905 0.921548
1 22.9847 9.22674 1.6172 -0.0114062 0.43971 -0.898067
1 8.50878 24.6946 1.75687 0.458965 0.0718414 0.885545
1 15.8573 12.4033 1.75988 -0.0972678 -0.226123 0.96923
1 27.5002 10.0429 1.60855 0.151284 -0.278604 -0.948416
1 1.77566 19.6128 1.75978 0.222579 -0.0738917 0.97211
1 8.16219 0.685675 1.609 -0.230704 -0.0993236 -0.967941
1 1.03702 23.8972 1.75726 -0.564512 -0.160884 0.809594
1 31.0923 29.7023 1.61003 0.302528 0.298333 -0.905248
1 7.94668 12.082 1.60864 -0.250777 0.0680275 -0.965652
1 1.09265 25.8563 1.61741 -0.43347 -0.604649 -0.668209
1 30.331 5.98283 1.60407 0.249027 0.621809 -0.742522
1 18.7908 33.7396 1.76044 -0.0535523 0.194772 0.979386
1 27.3816 26.1376 1.75526 0.20984 0.508097 0.835347
1 29.821 24.6114 1.61727 -0.547923 0.458367 -0.699771
1 3.05607 2.81251 1.78408 0.870247 0.449126 -0.202376
1 19.0654 24.1371 1.61082 0.181876 -0.368975 -0.91147
1 16.9668 34.4982 1.75799 -0.150968 -0.0389263 0.987772
1 21.4399 19.2819 1.60934 0.0293275 0.737045 -0.675207
1 14.9265 10.4256 1.75468 0.0908773 -0.394448 0.914413
1 7.39024 11.2427 1.61121 -0.336534 0.184459 -0.923428
1 17.5278 7.93356 1.75986 0.391355 0.0429706 0.919236
1 28.9131 17.2092 1.61326 -0.304885 -0.209749 -0.929005
1 2.33121 24.1222 1.76444 -0.619711 0.0537044 0.782991
1 0.0156437 32.4577 1.74881 0.172009 -0.637015 0.751416
1 34.5188 19.8788 1.75709 0.134348 -0.389642 0.911114
1 23.1714 7.01956 1.60132 -0.304187 0.409138 -0.860277
1 5.65012 33.728 1.60789 -0.458678 0.187508 -0.868594
1 13.8721 13.2317 1.73352 -0.0912575 -0.631144 0.770279
1 16.8005 15.1188 1.75852 -0.380838 -0.10099 0.91911
1 13.9099 10.3465 1.75621 0.0739387 -0.574177 0.815385
1 17.3444 25.4762 1.61302 0.420363 -0.07415 -0.904321
1 7.75428 1.69434 1.60852 -0.0927563 -0.00115712 -0.995688
1 2.26135 21.2754 1.76009 -0.0894117 0.0233378 0.995721
1 7.54505 13.0432 1.60853 -0.173013 0.143234 -0.974449
1 0.367833 18.0402 1.7486 0.51081 -0.287978 0.810026
1 32.8796 13.1845 1.75952 -0.14235 -0.258002 0.9556
1 8.97572 12.1787 1.60964 -0.235866 -0.0989865 -0.966731
1 22.0447 12.5309 1.61627 0.404508 0.675345 -0.616671
1 7.90752 15.1493 1.60752 -0.0210501 0.173333 -0.984638
1 20.8205 23.6265 1.60415 -0.0471881 -0.62785 -0.776902
1 14.3693 21.0479 1.61519 -0.271447 0.313398 -0.909999
1 16.0548 23.1569 1.60763 0.043719 0.0686978 -0.996679
1 22.0092 14.8458 1.75196 0.0453686 0.782256 0.621303
1 2.56743 7.18081 1.6117 0.360581 -0.384364 -0.84985
1 8.07351 33.3127 1.61622 -0.552941 -0.106644 -0.826368
1 25.695 0.926426 1.75644 -0.0249635 -0.157933 0.987134
1 6.85103 20.857 1.6103 -0.362603 -0.710089 -0.603566
1 9.85229 30.7682 1.7573 -0.585495 0.28745 0.758003
1 23.9449 6.17589 1.6131 -0.444993 0.245105 -0.861339
1 24.1654 27.5345 1.76059 -0.0131953 -0.102729 0.994622
1 1.4151 27.177 1.61757 -0.152922 -0.672813 -0.723835
1 27.4122 1.84256 1.76171 -0.244133 0.0941335 0.965162
1 1.96985 12.3937 1.75873 0.0164621 0.31827 0.947857
1 20.2391 29.2526 1.76269 0.481471 0.456413 0.748246
1 2.0487 22.2531 1.75838 -0.270035 0.00765259 0.96282
1 10.5796 33.9176 1.62139 -0.455936 -0.449653 -0.768072
1 3.71969 1.91937 1.62141 0.0941478 0.416792 -0.904113
1 15.3335 0.85992 1.75739 -0.277735 -0.290442 0.9157
1 30.5963 4.84872 1.61322 0.00268047 0.544997 -0.838434
1 16.0631 19.9831 1.60856 -0.458596 0.0290558 -0.88817
1 1.53678 20.606 1.76029 0.0295441 -0.104163 0.994121
1 19.9645 32.3539 1.7559 0.109232 0.362514 0.925555
1 33.8131 13.6443 1.7593 -0.211707 -0.094895 0.972715
1 7.21201 6.76638 1.61732 0.534399 0.382921 -0.753518
1 24.0418 20.5046 1.60984 0.220471 0.341989 -0.913475
1 33.7719 3.45573 1.60759 -0.27037 0.0137596 -0.962658
1 15.1731 22.6847 1.60817 -0.0248884 0.195101 -0.980467
1 20.7115 4.47048 1.60212 0.210748 0.81436 -0.540744
1 9.2535 26.6764 1.76042 0.130208 0.220355 0.96669
1 10.0508 23.1596 1.74761 0.689159 0.311363 0.654303
1 26.5173 22.3525 1.62661 0.550348 -0.0170147 -0.834762
1 11.7512 25.3068 1.74929 0.339172 0.592873 0.730386
1 26.8751 3.24146 1.74701 -0.556889 0.0451006 0.829362
1 17.1921 29.3362 1.75219 0.466592 0.0280176 0.884029
1 33.2553 30.4855 1.60983 0.462019 -0.0683372 -0.884233
1 1.18244 0.356937 1.5851 0.171666 0.694292 -0.69892
1 7.13693 0.760856 1.60787 -0.203897 0.0259152 -0.978649
1 18.2744 13.889 1.76379 -0.21277 0.15687 0.964428
1 14.3149 23.1876 1.6099 0.0622733 0.328398 -0.942484
1 13.4793 23.6949 1.61509 0.145897 0.456657 -0.877598
1 7.41467 27.3725 1.76057 0.0157428 -0.029762 0.999433
1 0.9653 4.4213 1.60649 -0.117753 -0.181601 -0.976297
1 17.9237 14.828 1.76311 -0.331873 0.0991577 0.938098
1 2.19419 0.583269 1.62585 -0.0163814 0.578553 -0.815481
1 24.6727 10.1405 1.60872 0.115226 0.158185 -0.980663
1 13.1983 4.28011 1.60183 0.0472395 -0.602182 -0.79696
1 21.3475 34.0363 1.74413 -0.163344 0.615859 0.770738
1 33.3285 26.912 1.60757 -0.18312 -0.173348 -0.967687
1 4.50639 34.4915 1.61764 -0.288421 0.357958 -0.888076
1 33.0306 6.36926 1.60865 0.260147 0.187729 -0.947144
1 17.9199 34.235 1.75947 -0.106194 0.0754655 0.991478
1 0.776953 11.1728 1.75981 0.259057 0.0909613 0.961569
1 10.7118 16.0703 1.60653 0.0586772 -0.289566 -0.955358
1 11.3304 5.19239 1.6058 0.261497 -0.265334 -0.928018
1 34.5496 4.23927 1.6077 -0.147452 -0.0675427 -0.98676
1 9.93468 12.6127 1.60821 -0.216873 -0.260965 -0.940672
1 23.5323 11.5099 1.77062 -0.296567 -0.405203 0.864788
1 7.45703 17.7072 1.61408 0.248768 0.330528 -0.910421
1 21.6474 25.1508 1.75899 0.408846 -0.500925 0.762836
1 31.1097 12.8131 1.7599 -0.110894 -0.550413 0.827495
1 31.6646 25.7105 1.6108 -0.384499 0.122132 -0.915011
1 25.7551 3.01839 1.75868 -0.446819 -0.13834 0.883864
1 25.963 34.5391 1.7579 0.15083 -0.177903 0.97242
1 30.9062 0.905633 1.74749 -0.150036 0.487509 0.86013
1 23.9852 0.880179 1.75721 0.0559007 -0.407503 0.911491
1 14.6901 12.6 1.75247 -0.123265 -0.421572 0.898378
1 29.624 34.3083 1.76354 0.131301 0.262583 0.955934
1 14.7909 15.2536 1.74033 -0.342625 -0.477212 0.809245
1 9.98397 26.0296 1.76186 0.238891 0.322263 0.916012
1 17.9582 33.1582 1.75963 0.00529713 0.0856046 0.996315
1 31.5184 10.5936 1.75708 0.337089 -0.459335 0.821816
1 32.5345 4.67481 1.60848 -0.0591956 0.237342 -0.969621
1 14.732 3.47655 1.75603 -0.602304 -0.558274 0.570579
1 4.13446 29.1439 1.75542 -0.264616 -0.499744 0.824763
1 2.90378 12.6188 1.75588 -0.0169074 0.495228 0.868598
1 31.3023 22.1244 1.61993 0.430602 -0.631848 -0.644476
1 11.2632 21.5508 1.59433 0.572004 -0.638825 -0.514505
1 27.1614 32.8041 1.75286 0.449482 -0.0730617 0.890297
1 20.557 26.2089 1.59425 -0.213881 0.713605 -0.6671
1 21.7178 32.7548 1.75335 -0.00382518 0.645702 0.76358
1 24.5947 28.4559 1.75865 -0.180903 -0.0380677 0.982764
1 11.2802 9.92101 1.61843 -0.5349 -0.470482 -0.701804
1 33.3491 21.3584 1.76046 -0.090934 -0.582098 0.808018
1 10.9904 30.0796 1.75989 -0.493817 0.512579 0.70243
1 7.95725 3.726 1.60742 0.118638 0.13955 -0.983082
1 17.6442 6.18673 1.75824 0.641486 0.0839632 0.762526
1 18.1954 29.8491 1.75736 0.388365 0.140597 0.910717
1 20.7106 9.83045 1.74776 0.0509079 0.74012 0.670545
1 31.9137 0.259095 1.74969 0.112853 0.482484 0.868604
1 18.1656 31.1378 1.75945 0.229925 0.129558 0.964546
1 3.80164 16.8299 1.77356 0.585935 0.522193 0.619673
1 10.375 24.3152 1.7529 0.510717 0.419759 0.750313
1 12.6835 6.39791 1.61762 0.405872 -0.436829 -0.802776
1 22.4929 8.25786 1.61576 -0.12076 0.575281 -0.808992
1 2.82727 22.8909 1.75441 -0.385617 0.151561 0.910126
1 19.4296 3.12082 1.75849 -0.561241 0.380903 0.734793
1 22.2855 2.65029 1.74769 -0.0611018 -0.61882 0.783153
1 29.1632 7.58924 1.61421 -0.251646 -0.568708 -0.7831
1 24.9888 17.6664 1.60981 -0.28428 0.308834 -0.907638
1 10.8412 19.6171 1.62641 0.436461 -0.325749 -0.838683
1 25.4399 10.7234 1.60761 0.208633 0.0398702 -0.977181
1 2.69964 11.5211 1.74469 0.15719 0.404477 0.900938
1 9.11342 10.3165 1.60897 -0.479844 -0.10742 -0.870753
1 21.8341 31.448 1.74512 0.189935 0.665889 0.721469
1 29.9532 19.8296 1.60454 0.0876046 -0.421302 -0.90268
1 30.6095 30.5512 1.61348 0.455418 0.364636 -0.812179
1 19.0607 20.8915 1.61344 -0.339767 -0.430818 -0.836035
1 4.66343 22.9063 1.74603 -0.465018 0.425038 0.776596
1 7.18207 22.9711 1.74616 0.714877 -0.166581 0.679118
1 10.1099 29.6631 1.73714 -0.388437 0.385492 0.836966
1 27.5409 5.79531 1.61604 -0.555451 -0.280086 -0.78296
1 23.0283 13.6156 1.61172 0.596138 0.412869 -0.688591
1 16.9916 33.5001 1.75907 -0.0452506 -0.0262638 0.99863
1 8.53571 19.3821 1.60979 0.443276 0.125654 -0.887535
1 30.012 0.60092 1.75853 -0.0273038 0.368575 0.929197
1 29.2196 22.573 1.61142 0.566324 -0.241751 -0.78793
1 4.74729 30.2484 1.75412 -0.458435 -0.40551 0.790822
1 17.4769 2.729 1.75801 -0.497412 0.0473001 0.866224
1 28.9875 2.62142 1.75884 -0.408804 0.332237 0.849999
1 26.9982 34.1123 1.75276 0.186916 -0.0705059 0.979843
1 13.148 8.29984 1.73976 0.551527 -0.615331 0.563193
1 29.367 31.6626 1.76092 0.691953 0.0340086 0.721141
1 10.7469 20.7951 1.78338 -0.544881 0.449322 0.707965
1 12.5942 34.2502 1.7562 -0.268124 -0.625843 0.732413
1 3.20236 0.706618 1.60863 -0.09318 0.47392 -0.875624
1 16.4416 7.87942 1.75535 0.430004 -0.150936 0.890121
1 24.0562 29.3125 1.75794 -0.344917 -0.147168 0.927024
1 11.0449 28.8511 1.70141 -0.27058 0.505578 0.819254
1 6.23079 15.779 1.61122 0.0383494 0.482032 -0.875314
1 29.0764 28.8744 1.61441 0.100383 0.64425 -0.758198
1 0.628131 2.51248 1.62483 -0.524859 -0.268284 -0.807804
1 24.6348 30.2361 1.75374 -0.502713 -0.0585932 0.862465
1 15.9406 29.1934 1.75642 0.483622 -0.12346 0.866526
1 25.0654 5.93067 1.6109 -0.53257 0.0526957 -0.844744
1 17.1876 24.534 1.60863 0.268891 -0.076176 -0.960153
1 6.87078 12.3316 1.61391 -0.23158 0.260838 -0.937195
1 6.12963 0.898471 1.60736 -0.163421 0.14768 -0.97544
1 27.7608 0.0366831 1.76008 0.0615936 0.0448939 0.997091
1 14.34 25.3504 1.60953 0.420931 0.343337 -0.839605
1 21.7863 28.7942 1.7473 -0.264273 -0.546389 0.794744
1 10.5211 7.52625 1.60871 0.619379 -0.0727668 -0.781713
1 23.5177 30.1316 1.75449 -0.482647 -0.261419 0.83589
1 26.2795 33.5231 1.75222 0.327681 -0.168827 0.929582
1 24.5924 19.6624 1.60548 0.0581473 0.314244 -0.94756
1 20.9027 20.3875 1.60655 0.293179 0.773043 -0.562539
1 4.36776 27.0371 1.7584 0.0810909 -0.475919 0.875743
1 23.5115 26.501 1.75888 0.170998 -0.200724 0.964608
1 21.2766 2.88681 1.76049 0.177146 -0.785852 0.5925
1 17.4697 11.5436 1.75906 -0.0020984 0.0390278 0.999236
1 19.6324 12.1547 1.75671 -0.134301 0.409644 0.902306
1 1.11634 13.1315 1.76002 -0.109383 0.194725 0.97474
1 27.1277 4.10626 1.77535 -0.751784 0.0292943 0.658758
1 27.8535 2.71328 1.7648 -0.40454 0.163304 0.899822
1 23.8339 21.5248 1.6044 0.395435 0.349832 -0.849264
1 10.7227 6.52468 1.61228 0.46056 -0.129489 -0.878133
1 1.7633 8.00676 1.62255 0.536065 -0.210459 -0.817521
1 10.4015 13.6625 1.61012 -0.104493 -0.299825 -0.948254
1 3.03205 8.08613 1.76159 -0.606477 0.363568 0.70711
1 17.4598 13.3012 1.75699 -0.172287 0.0266658 0.984686
1 18.0817 32.1449 1.75891 0.115924 0.107515 0.987422
1 3.75678 17.9199 1.74619 0.490537 0.313304 0.813151
1 17.2092 26.4065 1.60219 0.564199 0.0275252 -0.82518
1 22.8864 15.9361 1.77713 0.532235 -0.615281 0.581511
1 30.5985 11.3702 1.75982 0.221694 -0.673419 0.705236
1 16.1549 24.1946 1.60797 0.213759 0.0680417 -0.974514
1 6.52237 17.9388 1.61353 0.329589 0.504252 -0.798186
1 21.6456 11.0165 1.60919 0.0802734 0.784002 -0.615546
1 8.84249 15.4582 1.60631 0.0106057 0.0196132 -0.999751
1 4.15599 0.922634 1.61575 -0.0931397 0.371076 -0.92392
1 25.6942 28.4352 1.75865 -0.167837 0.146132 0.974924
1 13.5555 11.548 1.75244 -0.141521 -0.665296 0.733043
1 28.764 11.5242 1.61004 0.392098 -0.51598 -0.761593
1 5.07727 24.7693 1.74085 0.479567 -0.464404 0.744543
1 2.57355 33.977 1.61652 -0.350208 0.636953 -0.686764
1 27.354 29.3595 1.76003 -0.34488 0.388676 0.854394
1 14.5761 5.42099 1.62558 0.2475 -0.716778 -0.651899
1 21.1942 13.0331 1.75334 0.270731 0.660426 0.700387
1 15.3313 8.42928 1.75195 0.356804 -0.321414 0.877145
1 28.0809 27.0867 1.75878 0.0131945 0.649445 0.760294
1 18.1247 3.5091 1.76533 -0.623584 0.159351 0.765343
1 32.0474 6.65761 1.61428 0.301064 0.339632 -0.891073
1 3.47868 23.6166 1.76175 -0.541272 0.280236 0.792775
1 4.17166 24.3277 1.71289 0.665972 -0.504044 0.549928
1 28.7748 23.7246 1.62529 0.747544 -0.161928 -0.644172
1 31.7407 20.677 1.62955 0.180372 -0.770176 -0.611796
1 33.4199 24.6878 1.61321 -0.573601 -0.250105 -0.780019
1 11.6119 27.6969 1.74789 -0.0882922 0.596686 0.797603
1 20.9056 31.9912 1.75212 0.149669 0.511418 0.846198
1 25.6094 1.99706 1.75467 -0.22743 -0.149855 0.962195
1 18.6622 11.821 1.75392 -0.0291665 0.249479 0.967941
1 12.784 20.6436 1.62744 -0.264281 0.629788 -0.730427
1 30.6873 17.0346 1.60963 -0.403554 -0.458976 -0.791508
1 1.28632 21.5847 1.75961 -0.150387 -0.131567 0.979834
1 25.7383 16.5409 1.61053 -0.468333 0.233953 -0.852015
1 0.271025 6.45335 1.60824 0.292763 -0.0813682 -0.952717
1 27.2027 18.5262 1.60951 -0.105432 0.00281653 -0.994423
1 31.7171 31.2822 1.6221 0.664194 0.244809 -0.706339
1 33.5417 16.3942 1.746 -0.736611 0.0141851 0.676168
1 13.8392 20.2448 1.61814 -0.38302 0.430822 -0.817122
1 29.2038 15.38 1.62347 -0.591624 -0.159818 -0.790215
1 17.1905 31.4957 1.75823 0.173062 0.00977465 0.984862
1 11.0705 18.1675 1.61271 0.284492 -0.343446 -0.895047
1 30.4043 25.5683 1.61245 -0.397106 0.405853 -0.823159
1 33.7852 11.6935 1.76023 0.136562 -0.140637 0.980598
1 4.53352 19.6701 1.75579 0.258168 0.392982 0.882561
1 22.042 18.0896 1.60925 -0.209968 0.669259 -0.712746
1 8.11107 30.9424 1.73951 -0.609066 0.150303 0.778747
1 14.3494 24.2966 1.60866 0.238317 0.326851 -0.914534
1 8.73129 21.4768 1.59523 0.662366 -0.0285076 -0.748638
1 9.78903 15.7358 1.60825 0.0505418 -0.134155 -0.989671
1 17.0048 10.6591 1.7597 0.0819718 -0.031457 0.996138
1 10.0138 9.47041 1.61013 -0.631641 -0.236857 -0.738193
1 3.11076 28.9107 1.73853 -0.229239 -0.652233 0.722524
1 22.1913 1.36014 1.73948 0.216357 -0.685148 0.69553
1 32.7781 3.73053 1.60359 -0.227035 0.181041 -0.956911
1 32.2935 24.9113 1.60817 -0.517188 -0.0220336 -0.855588
1 7.06964 32.5828 1.61305 -0.723193 -0.0186717 -0.690394
1 0.472533 7.39956 1.61322 0.495069 -0.0743683 -0.865665
1 23.2789 2.7983 1.75749 -0.253579 -0.445298 0.858724
1 34.0215 7.83893 1.63771 0.566989 0.0878156 -0.819031
1 11.3435 2.53457 1.62257 -0.0683183 -0.406827 -0.910947
1 28.5478 32.6152 1.74973 0.452866 0.0269662 0.891171
1 1.20979 6.10398 1.61063 0.179796 -0.19873 -0.963421
1 6.34438 11.4675 1.60958 -0.28744 0.368477 -0.884083
1 4.81094 18.6648 1.75387 0.431378 0.525537 0.733297
1 0.854275 19.8992 1.76152 0.150791 -0.223019 0.963081
1 18.062 23.9379 1.60764 0.169549 -0.212188 -0.962408
1 16.4445 13.3462 1.7594 -0.180536 -0.134732 0.974297
1 32.5878 10.2345 1.75969 0.447954 -0.264575 0.854012
1 21.7167 21.7883 1.59579 0.464783 0.617035 -0.635015
1 26.5202 1.41867 1.75955 -0.16336 -0.0351447 0.98594
1 6.23511 26.4964 1.75876 0.144784 -0.23271 0.961709
1 15.5237 2.95967 1.76023 -0.579556 -0.348035 0.736876
1 19.8708 30.175 1.75267 0.365528 0.357344 0.859474
1 23.7986 5.12472 1.61851 -0.6319 0.226472 -0.741224
1 31.9252 13.6383 1.758 -0.245071 -0.398669 0.883744
1 16.3199 30.9458 1.75989 0.235094 -0.0835084 0.968379
1 0.556791 5.34242 1.60741 0.0611006 -0.121052 -0.990764
1 34.2366 20.9875 1.75427 -0.0535909 -0.429362 0.901541
1 16.753 28.4374 1.74449 0.629126 -0.0174004 0.777108
1 28.1304 15.8131 1.61459 -0.50156 -0.0403291 -0.864183
1 4.72165 2.91451 1.62408 0.258778 0.447151 -0.856207
1 9.49307 14.6631 1.60729 -0.0371023 -0.134423 -0.990229
1 5.59784 19.9006 1.7541 0.263335 0.568163 0.779644
1 25.3476 3.91488 1.7628 -0.689187 -0.0564536 0.722381
1 26.5375 12.0912 1.6128 0.443801 -0.140901 -0.884979
1 21.5137 26.4066 1.7571 0.180813 -0.551877 0.814088
1 24.158 3.5104 1.75683 -0.459705 -0.274681 0.844524
1 30.0115 18.7175 1.60985 -0.0894275 -0.406868 -0.909099
1 7.52937 4.72877 1.60713 0.245613 0.284117 -0.926797
1 6.83468 29.769 1.75693 -0.406831 -0.0757978 0.910354
1 30.9099 26.4347 1.60888 -0.262349 0.29542 -0.91864
1 5.71087 3.33383 1.63123 0.210666 0.306478 -0.928273
1 8.5874 34.2455 1.60386 -0.391065 -0.156706 -0.906924
1 23.7535 22.5314 1.62379 0.570987 0.262214 -0.777957
1 18.0951 20.162 1.60921 -0.492449 -0.26629 -0.828604
1 9.2917 18.6571 1.61151 0.334778 -0.0156293 -0.942167
1 13.6789 29.9116 1.75519 0.388963 -0.459338 0.798572
1 16.4416 11.4936 1.7603 -0.00314029 -0.142757 0.989753
1 21.6559 27.6061 1.74843 -0.0394798 -0.535806 0.843417
1 20.4126 34.3056 1.74297 -0.130243 0.460058 0.878284
1 34.2581 15.5291 1.74838 -0.546523 0.0465698 0.836148
1 19.6428 17.9301 1.76161 -0.627113 0.380124 0.679879
1 23.3756 33.7885 1.75989 0.328612 -0.592467 0.735525
1 19.5749 1.93574 1.75399 -0.387253 0.422467 0.819486
1 16.0024 26.7107 1.60773 0.719542 0.159906 -0.675788
1 8.45866 11.1724 1.60782 -0.354211 -0.0110209 -0.935101
1 13.6419 34.4545 1.76222 -0.295152 -0.4584 0.838305
1 26.0726 17.4589 1.61288 -0.293258 0.185113 -0.937941
1 23.6617 32.6484 1.58658 -0.496509 0.58324 -0.642892
1 15.6204 7.33012 1.76217 0.533348 -0.308764 0.787531
1 31.7853 17.8732 1.61212 -0.307385 -0.626795 -0.715991
1 11.8665 31.8858 1.74452 0.208639 -0.666653 0.715572
1 0.500267 8.39596 1.62668 0.73667 -0.0337832 -0.675408
1 12.4797 21.9428 1.59794 -0.0579647 0.628068 -0.775997
1 5.19137 14.2434 1.62319 -0.20152 0.630921 -0.749219
1 8.90248 31.6459 1.76164 -0.787917 0.166891 0.592734
1 23.397 8.05527 1.60164 -0.143202 0.396948 -0.906601
1 23.9052 16.0739 1.60119 -0.586674 0.431396 -0.685355
1 6.72863 16.8477 1.61221 0.170985 0.428713 -0.887113
1 16.2102 1.51723 1.74157 -0.359557 -0.160778 0.919168
1 19.4217 19.8629 1.61012 -0.514437 -0.442161 -0.734744
1 33.2225 5.37976 1.60714 0.074872 0.144491 -0.986669
1 26.7791 12.9798 1.61645 0.582437 -0.22093 -0.782277
