1 17.3848 33.5617 1.7594 -0.0977376 0.0669787 0.992956
1 31.9135 17.4764 1.60983 -0.0927661 -0.74799 -0.657196
1 18.6843 6.32264 1.75835 0.532124 0.184071 0.826415
1 25.5767 18.2869 1.60992 -0.150332 0.179697 -0.972167
1 8.67602 29.6381 1.75355 -0.32067 0.223345 0.920482
1 15.2884 6.16105 1.75732 0.540541 -0.522371 0.659503
1 19.1351 21.833 1.60836 -0.189227 -0.478605 -0.857397
1 26.6089 20.9557 1.6096 0.294494 0.0649949 -0.953441
1 5.62593 1.38079 1.60924 -0.16407 0.289621 -0.942975
1 31.5752 9.4003 1.72888 0.470884 -0.475935 0.742801
1 20.2855 9.46651 1.73518 0.182625 0.594391 0.783165
1 2.43423 10.2333 1.75816 0.325106 0.393122 0.860094
1 28.3763 1.8733 1.75339 -0.211927 0.342431 0.915329
1 3.83336 13.0833 1.76127 -0.147783 0.701547 0.697131
1 18.0594 23.0558 1.60745 0.0242355 -0.29312 -0.955768
1 29.174 18.4869 1.60943 -0.0472985 -0.283246 -0.95788
1 19.2649 31.2201 1.75933 0.212014 0.298914 0.93043
1 24.7875 21.9869 1.6085 0.579215 0.286367 -0.763219
1 26.1697 22.6198 1.61591 0.595616 0.133392 -0.792116
1 19.9575 22.6969 1.61153 -0.0525316 -0.641041 -0.765707
1 17.2712 0.928732 1.75677 -0.348131 0.0418875 0.93651
1 17.1778 26.6555 1.61952 0.707747 -0.0852704 -0.701301
1 14.4929 33.7838 1.75787 -0.155239 -0.336458 0.928815
1 29.054 28.1818 1.70238 0.0905205 0.995778 0.0152339
1 29.1143 31.7469 1.74893 0.567614 0.316321 0.760103
1 24.8663 5.82912 1.61256 -0.572118 0.129665 -0.809856
1 12.5767 16.0952 1.62077 0.0526979 -0.587636 -0.807408
1 6.75956 14.3432 1.61052 -0.12007 0.309655 -0.943238
1 11.2447 3.28173 1.61024 -0.0764895 -0.385128 -0.919688
1 19.3709 13.91 1.76222 -0.161648 0.327178 0.931034
1 9.4862 19.9442 1.60546 0.535708 -0.029247 -0.843897
1 5.95424 28.1715 1.75981 -0.0906639 -0.188641 0.977852
1 6.04958 3.57721 1.61348 0.123522 0.319188 -0.939607
1 14.6803 19.9136 1.61642 -0.518798 0.263 -0.813437
1 16.5275 5.40036 1.76094 0.721905 -0.228397 0.653213
1 23.3912 27.5962 1.75474 -0.0605815 -0.303169 0.951009
1 5.62288 8.30367 1.57669 0.785824 0.349543 -0.510196
1 12.1722 0.605239 1.70271 -0.518663 -0.647951 -0.557807
1 16.4506 33.472 1.75832 -0.0892098 -0.051434 0.994684
1 7.04947 10.4536 1.60934 -0.57499 0.245267 -0.780532
1 1.342 10.0455 1.75508 0.393351 0.181143 0.901367
1 34.3712 21.5015 1.75627 -0.259022 -0.361979 0.895477
1 13.3761 24.2949 1.61226 0.180164 0.48922 -0.853349
1 19.1869 10.9965 1.75393 0.0743801 0.315903 0.945872
1 11.9129 11.0965 1.6361 -0.54205 -0.592565 -0.59586
1 28.1195 26.9843 1.7527 0.0635204 0.497009 0.865417
1 17.5172 6.3305 1.76239 0.557925 -0.0491275 0.828436
1 3.02909 15.1519 1.7493 -0.422341 0.587485 0.690282
1 25.9725 14.56 1.75472 0.69195 -0.237897 -0.681623
1 2.95981 7.01181 1.61239 0.185724 -0.615764 -0.765729
1 22.1471 24.1445 1.76456 0.619427 -0.433198 0.654714
1 33.5351 22.073 1.75675 -0.375757 -0.488247 0.787668
1 4.07949 2.62081 1.65065 0.125803 0.542949 -0.830289
1 19.5395 19.6577 1.61187 -0.50205 -0.614441 -0.608612
1 29.0507 15.6838 1.6094 -0.511235 -0.219004 -0.831069
1 8.6164 24.3028 1.75755 0.528176 0.169854 0.831973
1 33.6181 28.5428 1.60711 0.0697309 -0.284825 -0.95604
1 21.6733 25.3493 1.7585 0.366357 -0.540843 0.757147
1 19.775 12.1073 1.75433 -0.0285778 0.395104 0.918192
1 0.938354 7.64291 1.61168 0.475418 -0.275994 -0.835347
1 8.31809 2.25204 1.60836 -0.148088 0.0196323 -0.988779
1 22.722 28.2818 1.76325 -0.194081 -0.41299 0.889816
1 14.5503 7.5438 1.75255 0.437401 -0.521043 0.732935
1 34.0361 12.3754 1.75956 -0.00805746 -0.0966514 0.995286
1 0.861032 29.1803 1.61829 0.174832 -0.614579 -0.769238
1 6.42963 31.8303 1.75726 -0.735326 0.0482157 0.675996
1 26.3572 13.5009 1.61923 0.551602 -0.125101 -0.824672
1 17.0725 27.5757 1.72803 0.801206 0.0470139 0.596539
1 19.1088 24.0694 1.61676 0.222561 -0.476523 -0.850525
1 32.6487 28.2631 1.60726 0.037341 -0.112579 -0.992941
1 1.51599 4.45021 1.61784 -0.109624 -0.353983 -0.928805
1 9.24521 34.2458 1.61174 -0.545652 -0.198161 -0.814246
1 7.21604 5.92067 1.60901 0.323868 0.284723 -0.902243
1 18.8521 9.13762 1.75714 0.239927 0.225277 0.944291
1 18.2622 33.8825 1.75934 -0.133044 0.185738 0.973551
1 23.9163 30.142 1.74751 -0.532964 -0.226172 0.81535
1 13.767 12.161 1.74208 -0.0697907 -0.672679 0.736635
1 23.9737 28.4448 1.75696 -0.217309 -0.215983 0.951908
1 0.372343 12.5694 1.76107 -0.0476217 0.0632777 0.996859
1 5.52791 27.2165 1.76147 0.0721408 -0.277021 0.958152
1 24.541 34.2662 1.7574 0.262415 -0.237373 0.935303
1 33.4315 30.5322 1.60751 0.385599 -0.118501 -0.915025
1 34.5809 28.8153 1.60976 0.108118 -0.457241 -0.882746
1 28.5184 5.27999 1.62044 -0.696339 -0.364487 -0.618273
1 15.2683 0.0051247 1.7561 -0.251028 -0.232661 0.939603
1 24.4931 6.80682 1.61072 -0.39379 0.206273 -0.895757
1 9.53071 14.3825 1.60679 -0.102413 -0.139867 -0.98486
1 28.2167 8.00616 1.60912 -0.200407 -0.348841 -0.915503
1 1.80871 15.7213 1.75437 -0.613789 0.33825 0.713337
1 31.5778 11.4437 1.7582 0.147251 -0.509408 0.847833
1 25.292 13.0526 1.61455 0.484387 0.0568481 -0.873005
1 12.0239 4.03306 1.60908 0.00525577 -0.497355 -0.867531
1 29.6402 11.5603 1.61231 0.357473 -0.650261 -0.670354
1 18.9373 26.7076 1.75964 -0.700626 0.283966 0.654588
1 18.6109 16.328 1.75895 -0.487812 0.143842 0.861016
1 11.6738 5.23517 1.61277 0.194429 -0.409907 -0.891164
1 26.2591 24.2804 1.75762 0.611619 0.215749 0.761166
1 34.4276 19.3157 1.75772 0.13177 -0.398005 0.907871
1 20.8932 29.5682 1.76147 0.499607 0.550624 0.668734
1 29.618 19.4273 1.61548 0.111137 -0.3558 -0.927931
1 2.15476 33.8647 1.59619 -0.211012 0.542985 -0.812799
1 25.3503 30.0436 1.76411 -0.579743 -0.040533 0.813791
1 25.5038 20.7017 1.60936 0.256539 0.168863 -0.951669
1 19.6135 18.3558 1.75529 -0.79613 0.174038 0.579558
1 1.12437 11.8901 1.75953 0.0639206 0.188464 0.979998
1 26.0692 5.69994 1.61135 -0.599689 -0.0846776 -0.795741
1 1.42201 0.223008 1.59579 0.0247101 0.693291 -0.720234
1 22.8588 20.3463 1.61128 0.190031 0.520474 -0.832463
1 31.1878 18.4104 1.61679 -0.0431513 -0.574533 -0.817343
1 33.6904 7.17259 1.60798 0.454741 0.0645523 -0.888281
1 27.8894 22.7943 1.60726 0.644768 0.0514312 -0.762646
1 16.8821 7.26613 1.75782 0.451535 -0.153881 0.878884
1 3.89553 7.23053 1.59344 0.139791 -0.760941 -0.633583
1 20.174 11.0544 1.74682 0.0969 0.521077 0.847991
1 17.2271 24.6296 1.6099 0.299004 -0.145732 -0.943058
1 9.21092 20.9962 1.60927 0.683353 0.00405449 -0.730077
1 11.8921 17.706 1.6021 0.215517 -0.439355 -0.872078
1 7.49147 19.4019 1.61408 0.466209 0.354181 -0.810682
1 8.43852 22.8334 1.75388 0.749476 0.0638371 0.658947
1 12.7787 21.3021 1.61215 -0.342006 0.556111 -0.757477
1 22.1612 34.025 1.73394 -0.326692 0.760092 0.561722
1 9.05968 26.3589 1.75807 0.201274 0.231756 0.951724
1 15.338 8.50706 1.75027 0.264536 -0.390546 0.881757
1 28.2518 14.1804 1.72281 -0.757173 0.110513 -0.643798
1 24.395 26.5022 1.7604 0.159968 -0.126962 0.978923
1 26.2683 19.0374 1.60813 -0.0126333 0.0932324 -0.995564
1 17.2713 34.5444 1.75764 -0.221412 0.0482093 0.973988
1 9.4517 9.35511 1.63062 -0.814482 -0.0960998 -0.572174
1 25.0708 13.9972 1.61786 0.639587 0.00689508 -0.768688
1 25.5798 33.9802 1.75998 0.285169 -0.0984059 0.953412
1 7.93382 28.0751 1.75899 -0.0667398 0.0827859 0.99433
1 7.04045 3.88816 1.61138 0.0989986 0.199463 -0.974892
1 20.7794 15.3391 1.75987 -0.301038 0.558342 0.773066
1 15.2323 3.96062 1.76996 -0.657883 -0.508189 0.555818
1 7.72201 18.4039 1.60962 0.347631 0.29671 -0.889447
1 3.00766 13.9377 1.75161 -0.237503 0.522056 0.819176
1 8.78049 15.054 1.60632 -0.0357073 0.00478531 -0.999351
1 31.7264 27.9005 1.60843 -0.00985643 0.0465509 -0.998867
1 34.1846 9.54053 1.75581 0.491892 -0.0624965 0.86841
1 12.4583 18.6227 1.63239 0.350453 -0.53249 -0.770478
1 11.8518 32.975 1.75377 0.019439 -0.687889 0.725555
1 34.4927 0.865355 1.60326 -0.626559 -0.00817253 -0.779331
1 24.7632 14.9382 1.59503 0.773609 -0.00952998 -0.633592
1 26.7158 1.58972 1.75673 -0.130992 0.097578 0.98657
1 14.3443 8.8016 1.75327 0.251811 -0.546202 0.798908
1 7.54835 29.0362 1.75958 -0.231982 0.0493897 0.971465
1 6.59622 30.0791 1.75871 -0.395933 -0.0424144 0.917299
1 24.4158 12.3905 1.60927 0.363241 0.201547 -0.909634
1 16.0271 13.3826 1.75908 -0.165964 -0.266607 0.949408
1 27.9831 28.1261 1.75833 -0.149939 0.398226 0.90495
1 26.8822 4.97619 1.6181 -0.793611 -0.148385 -0.590053
1 9.5972 18.8974 1.61111 0.395806 -0.042334 -0.917358
1 13.4766 26.4187 1.62906 0.522002 0.497824 -0.692593
1 28.3766 4.03448 1.76174 -0.59141 0.276272 0.757567
1 11.5685 12.116 1.61208 -0.413347 -0.540807 -0.732579
1 5.78061 2.42404 1.61077 -0.0179176 0.320235 -0.947169
1 8.26172 10.7551 1.60807 -0.563249 0.0244773 -0.825925
1 15.6985 7.4242 1.75565 0.411765 -0.342562 0.844453
1 23.3874 26.581 1.75707 0.125508 -0.293442 0.947702
1 4.94979 31.8579 1.74649 -0.71933 -0.198867 0.665595
1 20.2112 7.8508 1.74861 0.307498 0.518241 0.798042
1 2.61107 29.9218 1.75809 -0.354021 -0.703231 0.616551
1 12.3187 7.14086 1.59817 0.471765 -0.481594 -0.738583
1 32.8849 8.77721 1.72823 0.869758 0.0485139 0.491088
1 25.9982 11.2053 1.60673 0.233977 -0.0352073 -0.971604
1 25.495 2.96825 1.74483 -0.355528 -0.0800664 0.93123
1 10.1011 21.7729 1.62437 0.806448 -0.131887 -0.576409
1 5.60383 18.4127 1.60891 0.374731 0.703308 -0.604098
1 1.93864 9.16682 1.75816 0.517307 0.29155 0.804607
1 15.4931 10.4722 1.75818 0.108129 -0.311963 0.943921
1 31.0834 16.4758 1.6072 -0.339823 -0.583218 -0.737819
1 5.07451 3.15067 1.61117 0.136781 0.437454 -0.888777
1 25.3106 10.5068 1.60793 0.123595 0.07811 -0.989254
1 7.91822 15.5601 1.60768 0.0126753 0.148448 -0.988839
1 12.7602 12.5099 1.62556 -0.339577 -0.754046 -0.56223
1 19.6083 29.0825 1.7568 0.573261 0.354487 0.738723
1 2.43522 3.58483 1.61887 -0.448621 -0.501654 -0.73965
1 11.8012 1.54475 1.61143 -0.370493 -0.512584 -0.774592
1 22.6389 7.95887 1.60236 -0.151708 0.565551 -0.810639
1 2.65065 23.0057 1.75758 -0.445129 0.148803 0.883016
1 9.0834 6.56559 1.6094 0.407236 0.00400611 -0.913314
1 26.3448 12.5513 1.61072 0.420019 -0.0862306 -0.903409
1 30.0462 28.3042 1.60847 0.0760921 0.329332 -0.941143
1 21.7954 27.8546 1.76156 -0.13255 -0.581062 0.802993
1 4.44245 29.6574 1.75489 -0.3465 -0.376515 0.859171
1 11.71 16.6534 1.608 0.0928773 -0.405429 -0.909396
1 18.8759 30.2443 1.75418 0.348518 0.234775 0.907423
1 33.4178 20.8202 1.75569 -0.16987 -0.553921 0.815056
1 5.74173 10.4755 1.60364 -0.547434 0.496313 -0.673788
1 7.28885 16.4543 1.60903 0.119045 0.278474 -0.953038
1 31.5321 25.7202 1.61097 -0.363851 0.0786082 -0.928134
1 22.5055 27.1069 1.75381 0.0150872 -0.458223 0.888709
1 20.8994 27.8626 1.58937 0.19414 0.734752 -0.649961
1 9.61225 28.9628 1.75344 -0.21064 0.330817 0.919886
1 27.1867 7.63429 1.60987 -0.265237 -0.210728 -0.940874
1 23.5773 23.912 1.769 0.675685 -0.233046 0.699385
1 29.9543 10.2265 1.61525 0.171664 -0.64944 -0.740782
1 24.1389 32.649 1.75403 0.58864 -0.285328 0.756367
1 18.1548 22.0683 1.60738 -0.156146 -0.311258 -0.937409
1 18.3908 13.7368 1.76285 -0.200723 0.139996 0.969593
1 17.209 20.5324 1.60592 -0.450151 -0.158294 -0.87881
1 6.60085 1.08859 1.60662 -0.254333 0.168849 -0.952263
1 34.5052 4.51802 1.6117 -0.0465777 -0.0746252 -0.996123
1 7.52646 4.94249 1.60963 0.197938 0.176735 -0.96415
1 1.34914 3.34857 1.62694 -0.292185 -0.33114 -0.897203
1 9.9277 22.8451 1.75579 0.729365 0.316406 0.606559
1 5.83786 33.897 1.62015 -0.555479 0.256715 -0.790911
1 27.1942 10.6548 1.61026 0.20308 -0.199456 -0.958632
1 32.5547 21.2981 1.76633 -0.236842 -0.698196 0.675595
1 28.2148 10.2196 1.60996 0.162885 -0.360067 -0.918597
1 7.31722 11.4299 1.61073 -0.460834 0.19762 -0.865204
1 31.1954 29.6984 1.61164 0.296641 0.174543 -0.938903
1 2.30049 18.6865 1.75782 0.331393 0.0401754 0.942637
1 5.84523 9.21929 1.79399 0.725217 -0.457773 0.514299
1 0.802332 10.882 1.75705 0.23169 0.120898 0.965248
1 31.9334 28.9911 1.60863 0.160432 0.03188 -0.986532
1 15.9092 12.3055 1.75537 -0.0844674 -0.262653 0.961186
1 26.5283 17.1858 1.61505 -0.328959 0.0624189 -0.942279
1 13.8475 32.8442 1.75759 -0.0428337 -0.40866 0.911681
1 23.5038 25.5792 1.75615 0.317442 -0.262582 0.911197
1 17.1396 29.2539 1.76232 0.508016 0.0373393 0.860538
1 32.2033 15.7109 1.75117 -0.588397 -0.344382 0.731567
1 1.7643 11.0726 1.7598 0.191836 0.293167 0.936617
1 22.7729 9.46692 1.61915 -0.0657291 0.538981 -0.839749
1 29.933 16.4755 1.60891 -0.37468 -0.376476 -0.847278
1 28.6412 19.4672 1.6065 0.0987859 -0.208548 -0.97301
1 18.9169 2.06045 1.7516 -0.478032 0.331916 0.813214
1 4.7113 0.908998 1.60848 -0.217882 0.399558 -0.890438
1 1.07242 23.0261 1.7557 -0.503661 -0.0866961 0.85954
1 29.6853 6.46551 1.65816 -0.495092 -0.633403 -0.594713
1 7.68479 13.5057 1.60932 -0.206632 0.149025 -0.967003
1 15.0146 31.059 1.75372 0.221029 -0.236755 0.946094
1 24.5507 25.5488 1.75666 0.342131 -0.0954076 0.934796
1 8.01268 21.6611 1.77977 -0.793849 -0.173374 0.582876
1 33.1565 5.28869 1.60856 0.121193 0.150377 -0.981172
1 21.828 18.8191 1.61124 -0.0935214 0.645363 -0.758129
1 9.56183 3.33117 1.61096 -0.0283054 -0.139675 -0.989793
1 9.3019 5.56933 1.60773 0.253654 -0.057848 -0.965564
1 2.88561 32.1199 1.76939 0.278276 0.729945 0.624293
1 25.2323 0.340168 1.75771 0.135585 -0.121086 0.983339
1 16.4977 10.1915 1.75924 0.129759 -0.147082 0.980576
1 10.3497 27.9219 1.75754 -0.0891254 0.421834 0.902282
1 21.2889 16.2909 1.75236 -0.425555 0.613746 0.664996
1 1.8873 1.65537 1.59709 0.406476 0.725326 -0.55559
1 25.4536 12.0791 1.60515 0.330249 0.040618 -0.943019
1 6.69697 2.8235 1.61496 -0.0174082 0.226879 -0.973767
1 24.699 19.9828 1.61401 0.142518 0.288722 -0.946746
1 11.4719 20.9298 1.61679 0.674295 -0.451044 -0.58471
1 31.308 12.5882 1.76003 -0.0365691 -0.556289 0.830184
1 15.3485 23.5225 1.60628 0.0878945 0.135323 -0.986895
1 19.9531 30.1949 1.75368 0.396233 0.379716 0.835952
1 17.0351 19.5597 1.61151 -0.62796 -0.124678 -0.768194
1 15.8259 9.40227 1.76104 0.206595 -0.267231 0.941226
1 3.3189 27.8195 1.75146 -0.0562116 -0.590209 0.805291
1 24.1227 24.6956 1.75049 0.517116 -0.15984 0.840858
1 12.2694 30.4835 1.75349 0.336809 -0.601337 0.724536
1 16.2758 1.63819 1.76057 -0.449381 -0.12011 0.885229
1 31.2034 31.4655 1.62837 0.43513 0.66387 -0.608225
1 30.3445 31.914 1.7548 0.498653 0.524691 0.68996
1 10.38 3.81258 1.61284 0.024112 -0.242282 -0.969906
1 29.269 25.1474 1.61782 -0.285645 0.597237 -0.749477
1 29.0875 22.4468 1.60663 0.561067 -0.201634 -0.802837
1 10.4404 20.5185 1.60515 0.622995 -0.236169 -0.745723
1 24.8783 19.0045 1.60952 -0.0335592 0.269876 -0.96231
1 2.36322 5.97028 1.60298 0.0519878 -0.523002 -0.850744
1 32.6012 11.1761 1.75996 0.198763 -0.336676 0.920403
1 4.11283 15.5043 1.6162 -0.0359674 0.801326 -0.597145
1 27.1416 0.449512 1.75799 0.0273469 0.122366 0.992108
1 30.7525 20.6679 1.62012 0.286271 -0.570885 -0.769506
1 24.8787 33.275 1.74802 0.423392 -0.227878 0.876818
1 10.5764 30.069 1.75527 -0.452552 0.523292 0.722054
1 24.5333 18.0363 1.61143 -0.234319 0.320499 -0.91781
1 33.4541 24.5457 1.61439 -0.584535 -0.254762 -0.770334
1 20.6244 33.5212 1.74502 -0.137001 0.527113 0.838679
1 13.4487 8.53877 1.76155 0.346089 -0.656434 0.670311
1 10.8115 10.0015 1.61855 -0.694377 -0.34738 -0.630212
1 12.3925 27.7233 1.75968 -0.155473 0.735103 0.659888
1 6.15052 5.83502 1.61438 0.311812 0.458932 -0.831958
1 19.6481 32.2473 1.75828 0.0702793 0.369677 0.926499
1 13.6035 18.2581 1.6683 0.319231 -0.72812 -0.606575
1 15.4974 21.6248 1.60627 -0.233922 0.107047 -0.966344
1 8.06457 31.6425 1.75631 -0.708252 0.190286 0.679831
1 3.22372 23.8175 1.76612 -0.57811 0.277928 0.767167
1 3.89212 24.8614 1.73698 0.561465 -0.485289 0.670262
1 8.03855 4.02945 1.60903 0.0788761 0.0765488 -0.993941
1 34.3107 20.3996 1.75522 -0.0648063 -0.403849 0.912528
1 4.84594 30.8086 1.75427 -0.529967 -0.284357 0.798921
1 26.4263 8.30468 1.60619 -0.1606 -0.0793764 -0.983823
1 2.50598 27.0066 1.75498 0.0786298 -0.704949 0.704886
1 32.2149 3.56378 1.61757 -0.183271 0.334839 -0.924281
1 22.2701 17.5732 1.61268 -0.300114 0.59436 -0.746102
1 25.6444 19.7452 1.6094 0.100313 0.165274 -0.981133
1 24.4782 20.9394 1.6198 0.336349 0.29089 -0.895685
1 0.36186 2.92177 1.61088 -0.346991 -0.165253 -0.923195
1 11.6609 15.5356 1.60643 -0.040512 -0.438083 -0.898021
1 9.8893 4.72145 1.60889 0.140994 -0.155104 -0.977785
1 15.2635 25.3893 1.627 0.420138 0.179333 -0.889564
1 9.97096 25.9803 1.75799 0.259848 0.38865 0.883985
1 1.53771 28.0173 1.61094 -0.00403406 -0.788121 -0.615507
1 32.4325 27.1527 1.60911 -0.132138 -0.0845847 -0.987616
1 26.8731 16.2568 1.61251 -0.51908 0.0968216 -0.849224
1 31.2156 2.20539 1.60351 -0.412592 0.637363 -0.650797
1 18.108 24.0393 1.60831 0.201134 -0.296481 -0.933619
1 22.5 25.9736 1.75599 0.229839 -0.439083 0.86855
1 16.2914 25.1327 1.60885 0.364006 0.0120549 -0.931319
1 22.3252 23.0026 1.78351 -0.799427 -0.236237 0.552366
1 24.6878 9.76106 1.60751 0.0111453 0.178413 -0.983893
1 14.8863 32.8005 1.75889 -0.0149321 -0.258181 0.965981
1 16.248 34.3763 1.75498 -0.206976 -0.0817932 0.974921
1 1.06635 2.21111 1.61344 -0.490335 -0.378754 -0.784931
1 9.74055 24.8766 1.76101 0.439002 0.369281 0.81909
1 12.6729 29.1179 1.74383 0.544924 -0.626946 0.556773
1 22.5776 0.543645 1.74426 0.308576 -0.588364 0.747401
1 8.6469 28.6793 1.76145 -0.170439 0.177732 0.969207
1 23.8528 18.8852 1.61126 -0.0702327 0.407953 -0.910297
1 28.7235 34.0245 1.76182 0.190789 0.319074 0.928327
1 24.4584 8.80834 1.61056 -0.116843 0.20629 -0.97149
1 34.229 15.2889 1.75149 -0.540287 0.0259302 0.841081
1 23.369 22.3475 1.61798 0.563885 0.353453 -0.746394
1 13.5295 22.0133 1.60993 -0.195841 0.434125 -0.879307
1 32.2353 0.272644 1.59987 -0.556872 0.621231 -0.55133
1 17.2123 22.5612 1.60769 -0.067434 -0.161179 -0.984619
1 19.25 25.1541 1.61297 0.417579 -0.495892 -0.761393
1 12.2091 13.466 1.60834 -0.246677 -0.628194 -0.737918
1 17.2022 16.1096 1.75394 -0.470917 -0.101939 0.876268
1 19.9984 25.685 1.76427 -0.48308 0.631153 0.60686
1 15.242 1.02505 1.75824 -0.381319 -0.258349 0.88761
1 32.884 14.0273 1.75819 -0.294296 -0.250949 0.922179
1 31.1493 23.5874 1.60259 -0.688709 0.236342 -0.685436
1 28.031 33.2297 1.75826 0.333295 0.174909 0.926456
1 16.7049 4.45313 1.73774 -0.799788 -0.10626 0.590802
1 30.5197 4.29442 1.61263 0.00907658 0.618269 -0.785914
1 28.6626 23.6626 1.61322 0.730622 -0.116042 -0.672849
1 3.29358 5.78285 1.62188 -0.0745909 -0.668654 -0.739823
1 19.1606 7.38379 1.75607 0.401727 0.292591 0.867759
1 0.197661 24.7302 1.60573 -0.682793 -0.467639 -0.561345
1 26.8375 31.7768 1.75579 0.718802 -0.0171721 0.695003
1 26.8864 11.6404 1.61012 0.329185 -0.162256 -0.930221
1 21.6007 26.6286 1.75748 0.105218 -0.613261 0.782841
1 20.0914 28.2206 1.76225 0.641348 0.529103 0.555629
1 10.7863 26.8685 1.75587 0.0871712 0.502611 0.860107
1 16.9272 12.9825 1.75782 -0.148812 -0.0924191 0.984537
1 8.25013 16.4977 1.60735 0.115465 0.122533 -0.985725
1 31.1637 13.7282 1.75764 -0.257137 -0.564197 0.784578
1 3.39086 29.1431 1.76039 -0.250712 -0.560242 0.789476
1 33.9878 2.66483 1.61076 -0.340596 0.0450789 -0.939128
1 18.2615 17.9724 1.73983 -0.734229 -0.0104769 0.678821
1 27.5231 17.898 1.60681 -0.169782 -0.0591145 -0.983707
1 18.0393 15.501 1.75673 -0.389788 0.0540382 0.919318
1 13.6153 4.69655 1.61153 0.0502366 -0.709721 -0.70269
1 19.4622 15.5625 1.76047 -0.369419 0.313242 0.874876
1 26.27 0.0317363 1.75753 0.156669 0.011878 0.98758
1 2.13233 13.4639 1.75507 -0.176652 0.376447 0.90944
1 14.2196 5.96937 1.6212 0.25875 -0.744909 -0.614947
1 18.9845 3.16901 1.75104 -0.636479 0.306223 0.7079
1 15.4903 30.1788 1.7593 0.356869 -0.180295 0.91659
1 5.0736 5.4483 1.63529 0.30705 0.637706 -0.706436
1 13.224 30.5879 1.74567 0.283744 -0.488992 0.824849
1 20.3713 17.3445 1.75542 -0.620984 0.372112 0.689863
1 20.9264 23.0783 1.59997 -0.0575506 -0.811752 -0.58116
1 10.6187 11.0385 1.61398 -0.565194 -0.368033 -0.738314
1 20.0407 16.3768 1.76055 -0.4759 0.38227 0.792079
1 11.6681 28.9203 1.73986 -0.358427 0.607621 0.70875
1 21.371 2.3607 1.75762 0.155996 -0.662344 0.732779
1 6.94582 15.4083 1.61001 0.00243298 0.311818 -0.950139
1 10.1051 7.1826 1.60633 0.472881 -0.14475 -0.869155
1 9.98653 33.5026 1.61544 -0.675635 -0.288136 -0.678597
1 24.1359 10.5819 1.60805 0.111524 0.271152 -0.956054
1 21.7713 21.9921 1.61818 0.579119 0.516384 -0.630848
1 22.2117 3.01827 1.75375 -0.102429 -0.552133 0.827441
1 6.68116 34.5109 1.61328 -0.47427 0.138026 -0.869492
1 3.50026 26.5688 1.74896 0.17214 -0.560643 0.809967
1 21.0531 10.4506 1.72829 -0.00232127 0.760481 0.649357
1 30.5351 11.8978 1.75773 0.0915225 -0.721918 0.6859
1 14.4013 16.4379 1.76101 -0.418365 -0.662319 0.621533
1 26.5628 9.25181 1.60626 -0.0216184 -0.100694 -0.994682
1 8.49527 33.3484 1.61379 -0.6895 -0.0889886 -0.718798
1 26.3086 10.2183 1.6064 0.110546 -0.0738415 -0.991124
1 6.01209 23.6914 1.66986 0.72468 -0.30236 0.619207
1 8.44988 12.7865 1.60901 -0.283944 0.00382618 -0.958833
1 12.7692 25.2254 1.59824 0.273937 0.643626 -0.714636
1 4.5525 13.7682 1.61375 -0.278955 0.756073 -0.592063
1 8.51977 4.95079 1.60629 0.180871 0.034038 -0.982918
1 32.5605 31.1408 1.60413 0.481709 0.0867391 -0.872028
1 33.096 7.96386 1.61751 0.622828 0.155411 -0.766768
1 16.1755 11.2274 1.75883 0.0279866 -0.203838 0.978605
1 27.4288 9.6601 1.60878 0.0621231 -0.228163 -0.971639
1 31.5162 34.2998 1.77537 0.00315645 0.774715 0.632303
1 17.2363 21.538 1.60644 -0.257619 -0.169306 -0.951298
1 33.8932 11.3427 1.76065 0.187117 -0.13909 0.972441
1 24.3462 27.4853 1.76083 -0.0278948 -0.150961 0.988146
1 25.5841 6.57246 1.61013 -0.446163 0.0231822 -0.894651
1 30.183 18.4597 1.61262 -0.0413974 -0.42855 -0.902569
1 20.6525 32.3892 1.755 0.0427126 0.511171 0.858417
1 21.7929 7.20871 1.5964 -0.138015 0.796394 -0.588819
1 26.1828 7.38236 1.61019 -0.300924 -0.0577225 -0.9519
1 15.4211 24.4722 1.60684 0.253981 0.148191 -0.955789
1 32.4329 32.1582 1.59858 0.595926 0.298808 -0.745376
1 25.9881 33.0562 1.75577 0.426286 -0.0709872 0.901799
1 30.173 13.3219 1.75657 -0.129816 -0.745323 0.653944
1 7.08602 26.3485 1.75901 0.220121 -0.0736941 0.972685
1 23.9614 2.86214 1.75378 -0.246364 -0.270467 0.930673
1 11.0946 6.31715 1.61375 0.341101 -0.302821 -0.889915
1 0.706709 9.16543 1.7576 0.581071 0.0814778 0.809764
1 30.1226 29.4012 1.61341 0.261253 0.358457 -0.896245
1 24.2503 7.84722 1.60992 -0.23742 0.238951 -0.941559
1 26.5944 29.9189 1.76315 -0.537722 0.163908 0.827037
1 1.96207 7.08486 1.60744 0.280641 -0.447667 -0.84902
1 9.36113 27.9567 1.75693 -0.0542796 0.268548 0.961736
1 16.339 6.43424 1.7613 0.562478 -0.276779 0.77911
1 28.5504 12.024 1.61132 0.430237 -0.448431 -0.783457
1 0.182226 17.0181 1.73386 0.709877 -0.220481 0.668927
1 3.47639 10.5256 1.75016 0.234591 0.590752 0.771997
1 22.798 13.3792 1.61607 0.463135 0.459506 -0.757866
1 29.0542 12.8274 1.60079 0.579695 -0.50127 -0.642404
1 14.2919 11.0063 1.74961 0.021579 -0.512643 0.858331
1 20.2599 31.3289 1.75341 0.212132 0.438985 0.873093
1 2.50196 4.77961 1.60795 -0.193321 -0.528488 -0.826636
1 4.96865 28.0382 1.75931 -0.079112 -0.328697 0.941116
1 1.49089 32.9765 1.75091 0.665755 -0.425293 0.613104
1 24.3096 17.0582 1.60487 -0.449169 0.31427 -0.83635
1 6.50902 27.2609 1.75927 0.0657117 -0.136445 0.988466
1 3.89354 22.8306 1.75423 -0.387837 0.33951 0.856922
1 24.2481 0.738324 1.75708 0.11854 -0.263613 0.957317
1 3.39926 21.1509 1.75763 -0.0728344 0.232986 0.969749
1 13.5142 20.0532 1.61652 -0.502505 0.508812 -0.698998
1 7.8114 25.5232 1.75864 0.339497 0.0390319 0.939797
1 23.5078 7.26806 1.61821 -0.283346 0.391261 -0.875574
1 19.1178 34.2665 1.75514 -0.180734 0.307614 0.934189
1 4.24059 9.79123 1.7721 0.30592 0.717589 0.625683
1 16.3353 24.0961 1.60819 0.190068 -0.00340358 -0.981765
1 32.307 24.0065 1.61124 -0.653838 -0.0279421 -0.756119
1 34.2264 31.2195 1.61132 0.461691 -0.269049 -0.845254
1 6.56509 7.78816 1.65432 0.607247 0.362423 -0.707036
1 10.9985 30.9293 1.63536 0.504792 -0.707065 0.495222
1 25.1005 4.88662 1.6036 -0.760282 0.00520801 -0.649572
1 27.7084 16.9694 1.61478 -0.332774 -0.0476716 -0.941801
1 3.18029 33.47 1.7305 -0.070377 0.689848 0.720525
1 32.5818 26.1353 1.61224 -0.310425 -0.109219 -0.944303
1 5.5671 25.504 1.75517 0.379144 -0.290717 0.878484
1 1.50094 19.3221 1.75904 0.205987 -0.107413 0.972642
1 33.4505 1.56762 1.60339 -0.493937 0.151538 -0.856191
1 33.8533 14.3591 1.75723 -0.353482 -0.0743487 0.932482
1 22.2942 1.76146 1.73962 0.0883493 -0.513423 0.853575
1 21.0582 8.89484 1.7678 0.18965 0.762102 0.619058
1 14.2662 15.1049 1.72486 -0.22614 -0.662837 0.713798
1 9.69488 0.617696 1.60971 -0.386176 -0.208364 -0.898584
1 0.768638 30.9078 1.6072 0.354544 -0.506933 -0.785695
1 27.663 34.1638 1.75912 0.174132 0.161967 0.971311
1 28.2993 9.10543 1.60938 -0.0132439 -0.362627 -0.93184
1 23.7269 11.5339 1.61014 0.234834 0.335046 -0.912468
1 25.872 29.2041 1.75707 -0.395968 0.0428736 0.917263
1 28.0935 29.2174 1.75788 -0.348991 0.403092 0.846004
1 16.2212 0.691738 1.7542 -0.32486 -0.0997125 0.940491
1 0.15682 6.96996 1.60877 0.388471 -0.118568 -0.913801
1 11.4211 18.733 1.61212 0.354352 -0.357364 -0.864133
1 0.699436 18.8242 1.76045 0.28854 -0.254273 0.923087
1 12.925 10.6995 1.767 -0.205398 -0.685334 0.698662
1 32.6704 22.6566 1.75053 -0.499512 -0.583355 0.640457
1 18.5113 10.0526 1.75587 0.152183 0.187515 0.970401
1 17.9051 5.41116 1.74886 0.687857 0.0107371 0.725767
1 13.216 14.1685 1.62397 -0.0746301 -0.818397 -0.569786
1 10.8958 17.3581 1.60927 0.190187 -0.264408 -0.945472
1 21.5139 31.8854 1.76373 0.128009 0.636584 0.760509
1 30.618 26.4512 1.61398 -0.218109 0.240103 -0.945928
1 10.6649 5.34938 1.60748 0.209588 -0.246524 -0.946202
1 25.4689 32.225 1.76126 0.587582 -0.101789 0.802736
1 33.1508 11.9937 1.76089 0.0550879 -0.242296 0.968637
1 2.0795 14.6252 1.75619 -0.393568 0.377086 0.838398
1 11.3498 27.8489 1.75701 -0.127365 0.579268 0.805125
1 11.1284 4.39931 1.60652 0.0822644 -0.341929 -0.936118
1 29.214 21.3934 1.61022 0.393604 -0.255644 -0.883019
1 2.73959 16.7587 1.75282 0.671803 0.14479 0.726441
1 4.92475 26.4618 1.75598 0.217281 -0.37664 0.900517
1 9.36333 12.301 1.60993 -0.378306 -0.149363 -0.913551
1 23.3015 29.2129 1.75486 -0.366281 -0.315267 0.875468
1 17.1964 23.5859 1.6078 0.113095 -0.150646 -0.982097
1 27.0547 28.9826 1.75831 -0.331908 0.223453 0.916464
1 30.8743 33.1338 1.7532 0.24715 0.630506 0.735784
1 14.731 12.5383 1.7584 -0.0750362 -0.501268 0.862033
1 8.61147 27.3081 1.76014 0.0535517 0.166498 0.984587
1 16.3635 8.23927 1.75685 0.31126 -0.22223 0.923976
1 13.1934 6.01232 1.6091 0.300526 -0.620603 -0.724249
1 20.0753 1.04423 1.75661 -0.409868 0.464324 0.785119
1 4.24884 5.8168 1.60856 -0.181395 -0.805145 -0.564656
1 13.3833 7.22707 1.59624 0.554594 -0.602192 -0.574274
1 4.24784 20.6091 1.75814 0.037372 0.38361 0.922739
1 17.7664 30.0899 1.7551 0.369316 0.0924444 0.924694
1 31.576 4.45443 1.61026 -0.0101176 0.429113 -0.903194
1 5.49274 30.0203 1.75781 -0.403039 -0.193821 0.894423
1 19.1616 0.711214 1.75304 -0.327088 0.324904 0.887384
1 28.2199 25.8055 1.7639 0.271696 0.605344 0.748158
1 2.90056 12.7173 1.7495 -0.0611342 0.510941 0.857439
1 30.9882 28.6409 1.60964 0.116474 0.184286 -0.975947
1 8.5693 19.1969 1.61265 0.441369 0.150863 -0.884553
1 23.207 3.49555 1.76758 -0.332471 -0.401367 0.853444
1 8.99521 7.51188 1.6067 0.563135 0.020039 -0.826122
1 10.5152 19.439 1.60808 0.470493 -0.215468 -0.855693
1 6.31613 16.2714 1.61047 0.12353 0.445434 -0.886752
1 27.705 20.9559 1.60723 0.316123 -0.0753312 -0.945723
1 25.6121 9.47018 1.60696 -0.0101566 0.0380517 -0.999224
1 16.839 11.9795 1.75681 -0.0553659 -0.102931 0.993146
1 6.3609 24.5762 1.75434 0.553077 -0.193564 0.810332
1 22.0649 29.0793 1.75324 -0.362648 -0.524982 0.769987
1 1.49371 5.54563 1.61598 0.0822007 -0.351964 -0.932397
1 2.43835 24.6518 1.58804 0.752133 -0.214092 -0.623266
1 0.00927723 25.7164 1.61665 -0.499445 -0.451743 -0.739245
1 1.52408 17.1324 1.74519 0.598455 -0.0597448 0.798926
1 9.81767 15.3934 1.60644 0.012929 -0.15738 -0.987453
1 4.40291 11.3248 1.78236 0.0231151 0.783418 0.621065
1 14.279 0.225077 1.7535 -0.301687 -0.388424 0.870696
1 27.4001 8.63285 1.60762 -0.10106 -0.227122 -0.968608
1 14.9127 28.824 1.76052 0.582395 -0.265234 0.768419
1 5.85661 13.9808 1.61689 -0.179341 0.454409 -0.872553
1 32.5973 4.46107 1.61154 -0.0282575 0.25117 -0.96753
1 22.4544 32.4896 1.77171 0.048918 0.799747 0.598341
1 18.2174 20.0614 1.61426 -0.525735 -0.319494 -0.788369
1 11.5296 19.767 1.60275 0.500444 -0.430436 -0.751186
1 33.6561 34.0469 1.608 -0.791156 0.277046 -0.545269
1 31.5489 26.7506 1.60959 -0.189071 0.071409 -0.979364
1 27.2714 19.0343 1.60733 0.00546769 -0.0347373 -0.999382
1 6.86882 9.49593 1.59514 -0.703766 0.285965 -0.650336
1 21.1086 14.0466 1.75176 -0.0726715 0.622073 0.779579
1 23.6029 14.3328 1.60749 0.634113 0.229804 -0.738303
1 21.3228 0.807428 1.60623 -0.508493 0.651666 0.562819
1 31.0502 22.3471 1.6086 0.467561 -0.554395 -0.6885
1 0.348856 16.0362 1.74746 -0.723694 0.122545 0.679153
1 2.03858 12.2345 1.75835 0.00413684 0.352614 0.93576
1 5.12866 22.2089 1.7606 -0.334066 0.452877 0.826621
1 22.0964 10.4826 1.60886 0.056852 0.681767 -0.729357
1 8.50691 30.662 1.75895 -0.511865 0.224077 0.829327
1 33.3231 27.5287 1.60767 -0.0866849 -0.243283 -0.966074
1 7.49473 27.2373 1.76018 0.0667099 0.00523818 0.997759
1 5.66012 6.79974 1.61646 0.450962 0.544876 -0.706926
1 18.4972 8.14746 1.75856 0.337251 0.150838 0.929252
1 28.903 16.7051 1.6114 -0.344842 -0.210826 -0.914678
1 4.80534 23.285 1.71498 -0.592818 0.40616 0.695414
1 16.981 32.6472 1.75969 0.0223331 0.0116195 0.999683
1 25.3267 24.8313 1.75638 0.498255 0.0432068 0.865953
1 26.3831 26.3391 1.75821 0.199264 0.211938 0.956753
1 9.43511 10.3179 1.61233 -0.674878 -0.153373 -0.721815
1 9.06108 4.15497 1.60723 0.0816058 -0.0591668 -0.994907
1 0.620865 19.894 1.75974 0.074071 -0.249433 0.965555
1 14.7137 26.1272 1.60953 0.587986 0.218354 -0.778842
1 23.4543 8.55098 1.60997 -0.155423 0.383379 -0.91042
1 13.6415 9.81642 1.7552 0.0588984 -0.637955 0.767818
1 29.6021 17.5254 1.61202 -0.20238 -0.332247 -0.921224
1 0.525369 23.8822 1.75494 -0.684707 -0.152708 0.71264
1 20.2972 21.4602 1.60927 -0.269722 -0.724604 -0.634192
1 11.8014 21.9862 1.76309 0.273622 -0.714803 0.643574
1 16.5878 2.60556 1.7573 -0.580267 -0.0990445 0.808381
1 4.23347 21.7342 1.75573 -0.174638 0.362798 0.915357
1 7.47624 0.511025 1.60375 -0.375817 0.0678608 -0.924206
1 31.8024 6.28961 1.61585 0.308414 0.391778 -0.866828
1 13.9725 28.2137 1.74777 0.67889 -0.379751 0.628409
1 7.96597 17.4349 1.60691 0.233463 0.202048 -0.951142
1 28.0276 16.0774 1.60848 -0.466266 -0.0703144 -0.881846
1 5.13632 11.9542 1.60633 -0.377697 0.689169 -0.618378
1 10.0795 1.68025 1.61145 -0.257183 -0.241667 -0.935657
1 33.6849 32.3104 1.60752 0.580091 0.0287182 -0.814045
1 18.2199 0.310756 1.75809 -0.267197 0.180987 0.946493
1 28.7371 20.4823 1.60627 0.257551 -0.221986 -0.94042
1 5.56344 12.9462 1.61529 -0.306219 0.526149 -0.793346
1 6.50372 19.6814 1.61605 0.503554 0.536064 -0.677546
1 32.673 33.1184 1.77008 -0.749927 -0.14744 0.644881
1 1.14696 6.54743 1.61127 0.265423 -0.287734 -0.920196
1 31.608 21.0307 1.60739 0.238398 -0.752175 -0.614328
1 14.337 2.46464 1.76987 -0.575932 -0.53206 0.620657
1 26.0517 28.2788 1.75838 -0.198516 0.0974925 0.975237
1 4.47253 3.98933 1.62237 0.257525 0.608636 -0.750495
1 31.3225 24.6604 1.61206 -0.525065 0.139762 -0.839508
1 11.1783 7.36239 1.60859 0.487565 -0.309252 -0.816483
1 25.8407 21.6512 1.61338 0.42688 0.175304 -0.887154
1 33.8426 29.5807 1.60746 0.234084 -0.278787 -0.931387
1 29.1452 9.66297 1.61443 0.0864633 -0.500016 -0.861689
1 30.091 8.96955 1.61087 -0.0470081 -0.612047 -0.789423
1 8.54928 14.034 1.60652 -0.155618 0.00934153 -0.987773
1 27.7098 13.3411 1.60995 0.651925 -0.301719 -0.695672
1 31.0484 14.8816 1.73887 -0.492389 -0.59127 0.638711
1 11.7665 8.34392 1.61148 0.686904 -0.391212 -0.612468
1 19.517 10.0285 1.75084 0.194383 0.38907 0.900467
1 20.0809 2.1352 1.69984 -0.561703 0.500174 0.659027
1 33.9025 23.2337 1.75839 -0.596494 -0.34702 0.723721
1 8.08804 26.4535 1.75934 0.190598 0.0824613 0.978199
1 18.6921 27.9149 1.75466 0.701989 0.275944 0.656556
1 12.628 19.7311 1.64477 0.499634 -0.634784 -0.58942
1 20.0985 14.5875 1.76127 -0.218515 0.453958 0.863814
1 0.611262 27.9094 1.61449 -0.0490866 -0.608585 -0.791969
1 27.2964 25.9954 1.76183 0.257224 0.40429 0.877716
1 4.16176 28.5457 1.75654 -0.169306 -0.440031 0.881878
1 32.6019 19.8868 1.76884 -0.0283269 -0.724925 0.688245
1 3.73747 0.325375 1.6121 -0.270414 0.553659 -0.787615
1 26.4417 2.58201 1.75284 -0.302617 0.057126 0.951399
1 6.21088 11.3282 1.60604 -0.434078 0.422559 -0.795626
1 24.4383 15.9588 1.61918 -0.696029 0.27076 -0.665006
1 14.0846 30.9128 1.7587 0.236973 -0.367906 0.89916
1 5.32974 16.0216 1.61093 0.107828 0.616068 -0.780278
1 32.0436 2.56832 1.61421 -0.336898 0.439524 -0.832657
1 16.0375 14.4611 1.75864 -0.281022 -0.296584 0.912723
1 16.8452 9.15241 1.759 0.229564 -0.103502 0.967775
1 5.65292 0.353029 1.60881 -0.34637 0.261008 -0.901056
1 8.00845 1.32597 1.60571 -0.262476 0.0419053 -0.964028
1 15.3734 2.09589 1.72303 -0.524932 -0.289332 0.800458
1 21.8612 20.1338 1.60163 0.140072 0.648901 -0.747868
1 32.2529 30.1122 1.60843 0.318368 0.016864 -0.947817
1 14.5485 4.49753 1.59604 -0.0994876 -0.813899 -0.572425
1 11.3008 31.9653 1.76186 0.280565 -0.716521 0.638656
1 23.0781 2.36211 1.75621 -0.0886306 -0.405443 0.909814
1 16.2833 23.0842 1.60768 0.0171002 -0.014702 -0.999746
1 27.745 19.9559 1.60805 0.160457 -0.0844046 -0.983427
1 26.7021 19.9599 1.60693 0.147602 0.0453085 -0.988008
1 14.5172 21.6663 1.61095 -0.241161 0.268966 -0.932469
1 14.4874 18.8764 1.61811 -0.636273 0.378667 -0.672136
1 6.02658 30.9282 1.75289 -0.566221 -0.0776269 0.82059
1 13.7296 3.20294 1.60669 -0.200252 -0.756776 -0.622245
1 0.802126 21.9736 1.75905 -0.30788 -0.176065 0.934992
1 12.5303 34.0017 1.752 -0.220626 -0.631333 0.743467
1 13.2811 0.482643 1.75351 -0.371476 -0.551389 0.746978
1 17.9224 12.8462 1.76169 -0.140192 0.0616202 0.988205
1 4.1759 19.5264 1.74948 0.248714 0.410617 0.877231
1 27.1857 3.22005 1.76537 -0.489606 0.12397 0.863086
1 19.5466 8.51245 1.74658 0.272532 0.37052 0.887942
1 25.5455 25.772 1.75664 0.30549 0.0679849 0.949765
1 34.551 1.8467 1.60572 -0.473696 -0.0935955 -0.875701
1 7.5277 24.5901 1.75698 0.48318 -0.00633211 0.875498
1 22.6971 11.5429 1.61368 0.217292 0.517285 -0.827768
1 0.265848 14.4759 1.75494 -0.370221 0.0923458 0.924342
1 1.48187 18.0998 1.75683 0.425211 -0.101898 0.89934
1 14.3489 22.6681 1.60966 -0.0700665 0.28639 -0.955548
1 23.7284 19.9757 1.60848 0.129284 0.416005 -0.900125
1 16.9717 15.0832 1.75836 -0.34986 -0.135935 0.926887
1 32.0664 13.3647 1.75743 -0.181069 -0.411709 0.893146
1 21.8836 14.9689 1.75813 -0.142471 0.747382 0.648939
1 27.3892 24.8598 1.75163 0.46339 0.406687 0.787322
1 22.0049 12.3136 1.61022 0.247365 0.691993 -0.678201
1 23.6914 5.0892 1.61369 -0.644759 0.287643 -0.7082
1 5.30879 29.0201 1.75629 -0.243465 -0.252342 0.936509
1 2.47232 20.6595 1.76 -0.00651793 0.0775259 0.996969
1 9.4295 11.305 1.60989 -0.530453 -0.167011 -0.8311
1 10.5246 18.3681 1.60992 0.325464 -0.212632 -0.921337
1 18.3049 26.0088 1.60457 0.548593 -0.270696 -0.791056
1 3.93864 17.4239 1.76552 0.571761 0.464443 0.6763
1 7.65178 3.02216 1.61089 -0.0314854 0.111916 -0.993219
1 11.0818 2.15389 1.61121 -0.241995 -0.396575 -0.885532
1 16.0567 30.9678 1.7583 0.240552 -0.106164 0.964813
1 17.427 8.12391 1.7586 0.342525 -0.0428513 0.938531
1 23.3346 12.5188 1.61279 0.368541 0.372978 -0.851507
1 31.0037 10.5483 1.76479 0.264936 -0.637972 0.72305
1 27.4409 2.26523 1.75835 -0.28527 0.191437 0.939134
1 1.84494 23.7946 1.7577 -0.620432 0.0757799 0.780591
1 32.5721 7.06861 1.60918 0.441874 0.23855 -0.864778
1 29.5841 34.5714 1.75208 0.0645871 0.454145 0.888584
1 3.1044 9.27206 1.75527 0.446157 0.50366 0.739777
1 7.85049 7.86308 1.61541 0.586501 0.193279 -0.786549
1 15.2577 16.0408 1.75417 -0.439565 -0.481869 0.758014
1 19.8184 6.63285 1.75162 0.464463 0.430905 0.773689
1 7.67382 30.0213 1.75864 -0.375999 0.0973743 0.921489
1 20.2496 13.4006 1.75711 -0.00967 0.478012 0.8783
1 3.84776 1.46555 1.63442 -0.0664266 0.516853 -0.853493
1 33.9693 13.3754 1.75957 -0.183143 -0.0830945 0.979568
1 2.55305 17.7262 1.7559 0.500064 0.116901 0.858062
1 17.1432 30.9331 1.75826 0.246626 0.0205183 0.968894
1 12.6609 4.96085 1.60904 0.131137 -0.572333 -0.809468
1 33.4597 25.5674 1.61612 -0.419111 -0.254231 -0.871615
1 25.6118 16.3293 1.61435 -0.479348 0.221596 -0.849188
1 13.5012 33.9057 1.75873 -0.192842 -0.490944 0.84958
1 21.9079 4.84619 1.77456 -0.584259 0.422765 0.692757
1 8.85891 25.3527 1.76026 0.368623 0.213095 0.904825
1 14.7892 27.0597 1.64213 0.777515 -0.025532 -0.628346
1 29.874 27.2361 1.61485 -0.0765602 0.365619 -0.927611
1 6.65843 18.4928 1.61439 0.338536 0.512453 -0.789168
1 8.00872 6.86378 1.60938 0.446494 0.173427 -0.877819
1 2.78448 1.42666 1.78272 -0.26881 -0.619729 0.737345
1 27.9269 11.304 1.61039 0.319062 -0.329338 -0.888671
1 17.3693 1.92227 1.7566 -0.473771 0.0416432 0.879663
1 34.5268 10.454 1.75888 0.322315 -0.0311871 0.946119
1 26.7396 6.61692 1.61495 -0.433177 -0.156632 -0.887595
1 4.22641 27.3331 1.75399 0.0409018 -0.452487 0.890833
1 16.9114 14.0063 1.76006 -0.236411 -0.120698 0.964128
1 24.7605 11.3721 1.60673 0.223343 0.155419 -0.96227
1 0.603875 20.932 1.75888 -0.117696 -0.235022 0.964838
1 10.3271 2.74488 1.61083 -0.131528 -0.26441 -0.955399
1 5.09579 21.0842 1.74962 -0.0798165 0.506061 0.858797
1 32.4118 25.0502 1.61169 -0.490663 -0.0693668 -0.868584
1 10.4722 14.0791 1.61366 -0.167419 -0.274787 -0.946817
1 1.45325 31.774 1.6261 0.495439 -0.478901 -0.724703
1 32.3333 1.44343 1.6094 -0.486723 0.381481 -0.785858
1 18.2218 31.0241 1.7585 0.235216 0.154607 0.959568
1 22.8314 24.8736 1.75859 0.462766 -0.353571 0.812917
1 1.13452 26.5582 1.62359 -0.268871 -0.665121 -0.696651
1 2.95815 2.76298 1.7128 0.558031 0.577781 -0.595626
1 13.7954 25.3971 1.61313 0.385604 0.41807 -0.822513
1 18.8635 33.018 1.76026 -0.03694 0.276149 0.960405
1 26.5259 15.3651 1.63618 -0.693416 0.262437 -0.671045
1 16.1266 15.593 1.75603 -0.407317 -0.304215 0.861131
1 11.1873 13.1154 1.61233 -0.280026 -0.446339 -0.849922
1 14.7313 9.83303 1.75949 0.157155 -0.447378 0.880429
1 29.8182 20.449 1.60703 0.266338 -0.399664 -0.877116
1 5.99275 21.3648 1.76722 -0.15553 0.637488 0.754599
1 29.3881 30.6321 1.62943 0.923718 -0.225349 -0.309779
1 1.83997 22.3508 1.75748 -0.335884 0.00450719 0.941893
1 28.5434 6.33338 1.61278 -0.488579 -0.425586 -0.761687
1 10.7606 0.960606 1.61098 -0.369874 -0.34999 -0.860639
1 16.8091 17.6968 1.75573 -0.700802 -0.17048 0.692686
1 18.8167 14.797 1.75793 -0.287765 0.203103 0.935917
1 16.3537 16.6933 1.74846 -0.547539 -0.24998 0.798568
1 13.4414 23.1676 1.61051 -0.00831892 0.455864 -0.890011
1 9.33696 2.36975 1.60933 -0.151378 -0.117363 -0.981484
1 2.39671 19.7025 1.76016 0.162474 0.0638791 0.984643
1 9.27645 13.373 1.60736 -0.224163 -0.133964 -0.9653
1 0.00368928 22.573 1.75944 -0.44176 -0.284458 0.850842
1 0.366505 13.5256 1.76209 -0.210202 0.082021 0.974211
1 10.7533 15.1324 1.61748 -0.0606622 -0.288095 -0.955679
1 22.4409 5.68619 1.61509 -0.508129 0.564691 -0.65033
1 7.70546 14.5714 1.60709 -0.0943875 0.15812 -0.982898
1 16.014 26.1933 1.6132 0.544371 0.0266648 -0.838421
1 18.2378 21.072 1.60688 -0.34268 -0.321756 -0.882635
1 16.3544 22.082 1.6071 -0.153934 -0.0278766 -0.987688
1 20.9204 7.22754 1.76309 0.314206 0.68485 0.657461
1 31.7474 7.62191 1.60694 0.556218 0.375099 -0.741567
1 12.0939 2.75761 1.61494 -0.17848 -0.520296 -0.835127
1 25.7224 1.94597 1.75594 -0.15555 -0.0335685 0.987258
1 6.37457 22.3016 1.58962 0.459541 -0.551483 -0.696196
1 11.7773 25.281 1.74859 0.307064 0.729894 0.61071
1 29.0909 7.41493 1.60905 -0.308648 -0.477828 -0.822446
1 25.0312 28.5624 1.75887 -0.230368 -0.0601236 0.971245
1 0.288215 32.1868 1.60582 0.570992 -0.240012 -0.785088
1 28.2198 0.367907 1.76317 0.0376746 0.278345 0.959742
1 33.474 10.5229 1.74861 0.350784 -0.219508 0.910366
1 13.681 29.3871 1.75563 0.485566 -0.480066 0.73059
1 3.20213 19.1676 1.75515 0.283519 0.217951 0.933871
1 12.1517 6.10916 1.61618 0.321266 -0.461543 -0.826901
1 5.67432 32.9475 1.61988 -0.740639 0.241512 -0.626997
1 18.2623 1.33647 1.75624 -0.397725 0.186469 0.898356
1 33.3581 0.538542 1.62256 -0.642578 0.271701 -0.71643
1 19.0126 22.9549 1.61251 0.0115418 -0.464698 -0.885394
1 1.52516 20.3208 1.7603 0.026725 -0.0871306 0.995838
1 16.5956 30.0925 1.76026 0.37376 -0.0357478 0.926836
1 1.27306 12.9713 1.75925 -0.110125 0.226005 0.967881
1 4.82669 2.00456 1.60826 -0.028978 0.42472 -0.904861
1 25.4051 17.3251 1.61426 -0.316132 0.188328 -0.929835
1 0.692161 5.01624 1.61142 0.0226256 -0.210269 -0.977382
1 16.2937 21.0326 1.60544 -0.340524 -0.0210728 -0.94
1 20.8989 5.00806 1.59374 0.300247 0.771856 -0.560437
1 6.0636 26.3311 1.76001 0.228424 -0.220208 0.948331
1 2.82871 25.6981 1.76313 0.351066 -0.625572 0.696716
1 22.8391 19.1121 1.61647 -0.0389356 0.542443 -0.83919
1 5.1237 24.6556 1.73776 0.517433 -0.343239 0.783869
1 29.91 1.05369 1.74417 -0.109685 0.562416 0.819547
1 13.3763 31.7902 1.7551 0.102935 -0.462777 0.880478
1 30.8127 27.532 1.60963 -0.0565237 0.20125 -0.977908
1 2.43687 0.371991 1.59942 0.0314965 0.558286 -0.82905
1 9.04755 1.40018 1.6104 -0.268782 -0.0970125 -0.958303
1 18.7584 11.9019 1.75767 -0.0257663 0.200396 0.979376
1 16.018 20.0991 1.61004 -0.504223 0.0248336 -0.863216
1 15.633 19.2015 1.6201 -0.647194 0.0786155 -0.75826
1 6.95049 28.1911 1.75973 -0.0875689 -0.0515758 0.994822
1 0.337211 5.95951 1.60899 0.197763 -0.149311 -0.968812
1 19.0285 12.9027 1.75951 -0.0990557 0.238485 0.966081
1 7.42416 32.6381 1.61615 -0.813333 0.0710741 -0.577442
1 25.1942 7.51568 1.60867 -0.278527 0.0903468 -0.956169
1 10.4085 8.27934 1.6203 0.644421 -0.170639 -0.745389
1 17.7006 28.4579 1.72 0.633103 0.106707 0.766677
1 32.8877 29.2966 1.60807 0.19697 -0.129263 -0.971851
1 10.8534 34.5265 1.63044 -0.512349 -0.396156 -0.761944
1 33.2179 3.51248 1.60936 -0.189491 0.159128 -0.968902
1 18.6331 31.9947 1.75891 0.104859 0.22239 0.969302
1 32.2297 12.2658 1.75911 0.00405222 -0.395926 0.918274
1 8.80459 18.1671 1.60788 0.321839 0.0890113 -0.942601
1 8.26175 5.89365 1.60779 0.306297 0.115219 -0.944937
1 34.1338 5.36559 1.60971 0.111142 -0.0135576 -0.993712
1 10.8194 16.2347 1.61491 0.0504987 -0.268625 -0.96192
1 22.8441 6.54117 1.78426 0.333333 -0.549494 0.766124
1 6.71693 13.2696 1.61528 -0.238171 0.295645 -0.925132
1 22.7687 30.2291 1.75326 -0.575025 -0.448381 0.684325
1 0.998669 15.1165 1.75633 -0.508736 0.201099 0.837106
1 34.2662 27.7196 1.60747 -0.0802815 -0.422646 -0.902732
1 29.2476 2.15847 1.75244 -0.258481 0.494695 0.829738
1 24.7814 2.31247 1.75121 -0.171988 -0.163742 0.971395
1 28.9833 32.8482 1.76072 0.362503 0.333306 0.870344
1 27.0906 4.13325 1.75589 -0.67709 0.082011 0.731316
1 17.7241 17.0322 1.75631 -0.593846 -0.0282025 0.804084
1 26.7403 33.7389 1.75861 0.305424 0.0451495 0.951146
1 19.109 17.1958 1.76194 -0.613686 0.172667 0.770439
1 6.72477 25.4523 1.75699 0.385453 -0.136499 0.912576
1 17.594 31.8232 1.75954 0.126699 0.0822552 0.988525
1 33.077 15.0867 1.75585 -0.489271 -0.19025 0.851128
1 34.2273 3.60389 1.60985 -0.201726 -0.0242737 -0.979141
1 18.1781 4.17325 1.76361 -0.772166 0.1727 0.611502
1 9.53819 30.0661 1.74509 -0.37932 0.376358 0.845264
1 32.9632 9.77329 1.69444 0.529421 -0.263973 0.806246
1 24.8411 22.9954 1.61614 0.801358 0.202163 -0.562988
1 7.49108 20.7146 1.60042 0.649562 0.325741 -0.686995
1 23.2618 1.21229 1.75121 0.124965 -0.426172 0.895969
1 20.6721 26.4412 1.6109 -0.20633 0.74036 -0.639762
1 16.3476 28.4331 1.67704 0.646631 -0.0762158 0.758986
1 25.2974 27.6479 1.75879 -0.0544277 -0.00164804 0.998516
1 12.8623 17.4422 1.61453 0.129733 -0.616922 -0.776258
1 3.25734 22.1504 1.75996 -0.267176 0.216666 0.938974
1 11.2219 23.7176 1.7568 0.516862 0.665278 0.538757
1 8.61427 3.20588 1.60917 -0.0305499 -0.0137579 -0.999439
1 12.4491 9.45407 1.73827 0.0628962 -0.749246 0.659299
1 14.3766 31.913 1.75705 0.0940304 -0.321284 0.942303
1 19.2081 5.43056 1.75987 0.623832 0.272599 0.732478
1 28.0728 32.1504 1.75571 0.516047 0.17109 0.839299
1 15.444 31.8902 1.7598 0.1169 -0.177333 0.977183
1 32.8784 18.5752 1.75231 0.237763 -0.641957 0.728945
1 4.35482 25.6965 1.74836 0.37217 -0.45828 0.807136
1 6.86965 6.8669 1.60813 0.465896 0.34944 -0.812916
1 27.4034 5.92068 1.60669 -0.583078 -0.220177 -0.782011
1 3.57212 18.3072 1.75009 0.436411 0.335588 0.834821
1 22.1241 30.9322 1.74376 0.385455 0.69744 0.604154
1 25.8998 3.8267 1.75607 -0.543949 -0.0396195 0.838183
1 27.4594 12.4167 1.60772 0.474565 -0.264416 -0.839567
1 28.5456 17.6396 1.6084 -0.197872 -0.18426 -0.962754
1 5.8441 17.229 1.61167 0.263731 0.546964 -0.794529
1 25.4289 8.48054 1.60843 -0.14475 0.0623261 -0.987503
1 32.0293 10.36 1.75983 0.331756 -0.425472 0.841969
1 12.4037 14.8377 1.60628 -0.117938 -0.601055 -0.790458
1 15.4981 27.817 1.75581 0.751675 -0.206559 0.626354
1 27.0192 21.924 1.61157 0.449617 0.0501697 -0.891812
1 30.4828 25.4305 1.61359 -0.367354 0.277321 -0.887775
1 17.2211 25.6524 1.60903 0.495545 -0.119849 -0.860274
1 5.18255 19.919 1.7521 0.159863 0.587316 0.793413
1 2.47754 28.4068 1.76282 -0.147205 -0.73081 0.666519
1 10.6358 24.473 1.73864 0.488383 0.516994 0.702993
1 28.9652 10.8397 1.61259 0.268207 -0.496137 -0.82578
1 21.9297 8.89425 1.62587 -0.0439119 0.743712 -0.667057
1 17.9547 32.7547 1.75964 0.00136781 0.144375 0.989522
1 5.04007 14.8159 1.61628 -0.122105 0.635304 -0.762547
1 27.0675 32.7378 1.75595 0.499012 0.0437154 0.865492
1 23.5842 21.348 1.60236 0.372018 0.410039 -0.832749
1 10.6368 28.9215 1.74994 -0.269361 0.467769 0.841806
1 19.7293 33.3538 1.75033 -0.0811078 0.405289 0.910584
1 29.9207 33.3841 1.75298 0.214923 0.484468 0.847997
1 24.9797 1.33577 1.75681 -0.0126323 -0.144914 0.989364
1 14.117 13.512 1.74963 -0.211897 -0.624092 0.75207
1 23.6243 33.6515 1.75973 0.410807 -0.387413 0.825317
1 8.23686 20.1465 1.77902 -0.566165 -0.193826 0.80118
1 16.9928 3.54791 1.76901 -0.698642 -0.0213065 0.715154
1 7.06202 33.5617 1.62359 -0.650623 0.0727513 -0.755908
1 15.1982 11.5329 1.75263 0.000407713 -0.365614 0.930766
1 26.2263 27.3116 1.75811 0.00772184 0.15395 0.988049
1 9.49391 23.7205 1.75185 0.616216 0.292295 0.731328
1 8.38178 11.7549 1.60967 -0.432219 0.00965757 -0.901717
1 30.2129 24.4313 1.60867 -0.47516 0.383184 -0.792082
1 3.46294 4.54554 1.62753 -0.355812 -0.637741 -0.683143
1 27.168 27.0216 1.75734 0.0615994 0.323718 0.944146
1 12.8461 32.8282 1.75452 -0.0435935 -0.55132 0.833154
1 29.1561 8.53055 1.6126 -0.111066 -0.475115 -0.872886
1 14.3433 23.6831 1.6082 0.104531 0.298668 -0.948615
1 10.1818 13.0355 1.61328 -0.282974 -0.276019 -0.918553
1 8.58681 0.458255 1.60726 -0.39919 -0.0727398 -0.913978
1 25.9687 0.978306 1.75855 0.0055294 -0.00191844 0.999983
1 13.9388 20.9201 1.61662 -0.386783 0.37222 -0.843713
1 27.6634 30.3101 1.75497 -0.562603 0.353231 0.747466
1 5.50914 4.43971 1.61333 0.23023 0.453814 -0.860841
1 27.0056 28.0026 1.75705 -0.128484 0.248812 0.959992
1 23.9886 1.79828 1.75449 -0.0292824 -0.294716 0.955136
1 26.5719 18.1373 1.60877 -0.157064 0.0515521 -0.986242
1 23.2956 16.7493 1.62092 -0.485147 0.454912 -0.746785
1 7.24643 30.9577 1.75057 -0.548855 0.0923277 0.830803
1 24.4754 29.3544 1.75582 -0.393378 -0.131675 0.909898
1 20.1774 3.52821 1.76286 0.354511 -0.785697 0.506954
1 17.5051 10.025 1.75933 0.14403 0.0180841 0.989408
1 18.0392 7.20922 1.75712 0.447841 0.0590617 0.89216
1 0.17639 11.6239 1.75747 0.11558 0.0148914 0.993187
1 30.8706 0.908832 1.76033 -0.183921 0.707412 0.682452
1 30.5414 34.3513 1.7608 0.0260339 0.611534 0.790789
1 23.3484 17.9195 1.61297 -0.271373 0.466476 -0.841877
1 6.52022 4.81562 1.61126 0.207593 0.315598 -0.925907
1 30.8859 6.57165 1.61215 0.381656 0.569661 -0.72789
1 9.82047 17.6978 1.60712 0.264165 -0.0995361 -0.959328
1 34.2428 7.9573 1.77674 -0.601139 0.0459552 0.797822
1 18.1756 10.9643 1.75565 0.0592197 0.122868 0.990655
1 16.5208 31.8051 1.75919 0.130358 -0.0497321 0.990219
1 33.5007 19.5596 1.75454 0.0460841 -0.567666 0.821968
1 12.3595 23.832 1.61603 0.0921042 0.682618 -0.724948
1 22.6315 16.0176 1.75105 0.51169 -0.622781 0.591876
1 33.4915 16.0946 1.74424 -0.68039 -0.0919511 0.727059
1 15.3606 22.5693 1.60701 -0.0763355 0.123681 -0.989382
1 6.50877 12.2714 1.61484 -0.343468 0.330269 -0.879177
1 23.7452 6.12753 1.60185 -0.452336 0.355983 -0.817721
1 9.10153 16.0588 1.60598 0.0690226 -0.0134377 -0.997525
1 7.95048 34.2318 1.60591 -0.53308 -0.0206137 -0.845813
1 25.3885 26.7045 1.75777 0.128769 0.0314911 0.991175
1 15.4965 17.2999 1.75087 -0.600723 -0.394433 0.695381
1 24.0659 13.3959 1.61175 0.513809 0.207767 -0.832366
1 3.73442 30.3446 1.74929 -0.44581 -0.488672 0.749969
1 9.15985 32.4947 1.60679 -0.834211 -0.137238 -0.534095
1 26.4304 25.2921 1.7554 0.404608 0.230733 0.884904
1 9.02919 8.44263 1.61485 0.72471 0.0264846 -0.688545
1 20.4488 5.90857 1.75812 0.557236 0.522151 0.645637
1 15.1758 14.8646 1.75172 -0.293913 -0.472349 0.830964
1 24.9541 23.9097 1.7563 0.6828 -0.00127068 0.730605
1 21.5487 33.1705 1.76671 -0.11659 0.675405 0.728173
1 33.0145 2.54125 1.60417 -0.327639 0.246704 -0.912025
1 4.69415 18.6773 1.75874 0.391638 0.566016 0.725428
1 3.5207 31.3725 1.76141 -0.617731 -0.513324 0.595741
1 22.4669 21.3336 1.61358 0.382342 0.541988 -0.748374
1 27.1071 23.563 1.61074 0.809987 0.194621 -0.553211
1 1.64611 29.8557 1.59815 0.167301 -0.792753 -0.586134
1 7.47189 23.599 1.74073 0.630718 -0.0468498 0.774597
1 15.9192 29.2912 1.7603 0.500324 -0.122462 0.857134
1 28.9777 0.972661 1.75217 -0.0655902 0.409872 0.909782
1 17.8588 9.05155 1.75985 0.239424 0.0608609 0.969006
1 18.1771 19.04 1.60885 -0.693461 -0.354408 -0.627302
1 30.1723 21.8111 1.61132 0.441175 -0.407138 -0.799752
1 3.341 20.1525 1.75803 0.11007 0.23049 0.966829
1 30.2283 15.505 1.61504 -0.536282 -0.413859 -0.73561
1 32.1481 5.36368 1.60812 0.145004 0.324302 -0.934774
1 28.187 18.6048 1.60658 -0.0388744 -0.144456 -0.988747
1 29.6511 26.191 1.6151 -0.217703 0.432525 -0.874944
1 3.56395 11.8114 1.72194 0.0550861 0.61203 0.788914
1 19.2682 20.7323 1.6187 -0.369646 -0.507501 -0.778334
1 31.5713 19.5771 1.61809 0.102203 -0.696445 -0.710295
1 15.9252 32.695 1.75955 0.0144234 -0.117349 0.992986
1 6.91552 17.424 1.60969 0.235484 0.377079 -0.895745
1 0.138973 26.8172 1.6117 -0.271229 -0.478493 -0.835152
1 33.0167 13.0024 1.75913 -0.12071 -0.246983 0.961472
1 0.399492 17.9249 1.75393 0.493018 -0.285015 0.822009
1 27.8893 15.155 1.628 -0.60807 0.0133173 -0.793772
1 10.9139 25.7171 1.75063 0.291233 0.551722 0.781528
1 15.1207 20.754 1.61197 -0.391478 0.169517 -0.904439
1 4.70947 16.8909 1.61598 0.278379 0.730459 -0.623646
1 8.99299 17.1494 1.60821 0.195755 0.0189454 -0.98047
1 17.1701 10.9997 1.75928 0.0488678 -0.0417542 0.997932
1 13.5193 16.4449 1.61162 -0.054796 -0.784402 -0.617827
1 9.45333 31.2398 1.7554 -0.577454 0.421257 0.699349
1 24.6911 3.65583 1.75859 -0.490145 -0.209942 0.84598
1 0.613013 3.93582 1.61215 -0.1711 -0.200576 -0.964621
1 0.0715534 30.1118 1.60987 0.293728 -0.405152 -0.86578
1 12.8639 2.02705 1.61338 -0.282238 -0.661394 -0.69491
1 31.0781 5.39896 1.6155 0.166717 0.517564 -0.839245
1 28.3216 2.966 1.75959 -0.40385 0.31767 0.857899
1 31.2148 3.42344 1.61164 -0.179717 0.519339 -0.835458
1 10.0756 6.19933 1.61005 0.328079 -0.14838 -0.932924
1 23.5736 0.084353 1.75102 0.241019 -0.380523 0.892811
1 32.8907 6.19197 1.60981 0.287235 0.197929 -0.937187
1 10.4349 12.0595 1.61412 -0.42592 -0.33848 -0.839061
1 33.9361 18.3994 1.75517 0.289946 -0.464602 0.836706
1 1.55051 21.312 1.75998 -0.151359 -0.0702582 0.985979
1 14.4247 24.694 1.60913 0.278991 0.310266 -0.90879
1 17.7996 14.5315 1.75859 -0.273304 0.018927 0.961742
1 32.0416 14.554 1.75669 -0.394263 -0.402717 0.82606
1 20.8312 19.2962 1.61111 -0.0713917 0.785223 -0.615083
1 27.6735 1.24822 1.76021 -0.105693 0.227025 0.968137
1 6.42122 29.0942 1.75772 -0.247027 -0.0973506 0.964106
1 21.0548 34.4648 1.75617 -0.33577 0.58709 0.736603
1 14.5235 29.8796 1.75861 0.411965 -0.335068 0.847357
1 30.2224 7.76817 1.61607 -0.264343 -0.638888 -0.722457
1 1.24975 14.0542 1.75666 -0.294003 0.241565 0.924775
1 15.4825 33.6389 1.75847 -0.117472 -0.188033 0.975112
1 33.9481 6.27878 1.61205 0.283098 0.0247566 -0.958771
1 2.48664 21.6088 1.75947 -0.175508 0.0881785 0.980521
1 12.3884 31.7118 1.75418 0.156634 -0.583586 0.796802
1 30.5952 19.4996 1.61665 0.120745 -0.519754 -0.84574
1 4.31479 33.5657 1.6114 -0.522924 0.548004 -0.652872
1 9.9189 16.6612 1.60694 0.12644 -0.138043 -0.982322
1 33.5052 17.4443 1.75105 0.494137 -0.452022 0.742634
1 30.1978 2.23301 1.76129 -0.299269 0.658767 0.690264
1 23.7278 9.60625 1.60843 -0.0265917 0.351424 -0.935839
1 24.903 30.8809 1.7299 -0.736739 -0.115712 0.666203
1 29.3826 3.28288 1.75396 -0.444828 0.472239 0.760999
1 28.1794 21.8314 1.60949 0.469994 -0.091748 -0.877888
1 7.21765 1.96383 1.6089 -0.148613 0.150838 -0.977324
1 9.81905 27.0343 1.75743 0.0801779 0.341676 0.936392
1 33.6894 26.5989 1.61019 -0.250742 -0.296335 -0.921583
1 4.77151 34.4445 1.61961 -0.40736 0.402769 -0.819656
1 12.8956 3.64409 1.60879 -0.0906933 -0.637782 -0.764859
1 21.0724 20.7553 1.61037 0.278642 0.716087 -0.639983
1 18.2123 25.0186 1.60619 0.378318 -0.304744 -0.874075
1 5.99071 15.1354 1.6105 -0.0250482 0.47823 -0.877877
1 14.2707 1.33169 1.74205 -0.446206 -0.40473 0.798182
1 17.789 11.8588 1.75829 -0.0427286 0.0432511 0.99815
1 26.3453 30.8879 1.75015 -0.73639 0.146663 0.660469
1 18.4832 29.2849 1.75468 0.490371 0.187597 0.851084
1 2.69408 11.3763 1.76206 0.122738 0.459126 0.879851
1 20.9232 12.5301 1.75338 0.11856 0.664451 0.737867
1 21.3256 3.6754 1.76418 -0.119778 -0.675237 0.72781
1 21.0147 30.7417 1.75519 0.312299 0.531817 0.787172
1 12.613 22.5881 1.61224 -0.125856 0.595262 -0.793614
1 11.467 14.3191 1.61411 -0.157293 -0.440542 -0.883845
1 17.8818 2.78087 1.75864 -0.580742 0.137753 0.802349
1 30.6063 17.4188 1.60971 -0.20747 -0.481096 -0.851765
1 23.9984 31.7538 1.59245 -0.766303 0.108481 -0.633255
1 15.1243 13.705 1.75669 -0.163325 -0.437239 0.884391
1 29.8984 23.0638 1.61869 0.616822 -0.353881 -0.703064
1 15.6747 3.13962 1.75357 -0.649802 -0.282377 0.705706
1 30.0723 5.36253 1.61104 0.247724 0.687056 -0.683072
1 16.693 18.607 1.62828 -0.787556 -0.118624 -0.604718
1 8.12002 9.77906 1.61329 -0.675624 0.0633067 -0.734523
1 11.7724 26.6623 1.75175 0.0776881 0.655809 0.750919
1 27.8642 6.9696 1.61479 -0.387998 -0.319302 -0.864583
1 29.2226 14.7297 1.60411 -0.662402 -0.145454 -0.734893
1 7.50785 12.437 1.6105 -0.328377 0.160564 -0.930799
1 20.0243 34.5469 1.75181 -0.241053 0.436293 0.866915
1 20.1375 24.1044 1.60756 0.18031 -0.668571 -0.721458
1 33.5686 4.41621 1.60956 -0.0423396 0.0845408 -0.99552
1 23.1507 10.5497 1.61021 0.0890736 0.452854 -0.887124
