1 17.3036 31.1436 1.75942 0.175529 -2.16382e-05 0.984474
1 24.2684 22.3967 1.61754 0.662406 0.219806 -0.716173
1 14.2274 13.6609 1.72908 -0.230396 -0.507612 0.83021
1 29.3462 19.1817 1.60488 0.154106 -0.316122 -0.936119
1 6.59556 25.5604 1.74597 0.387576 -0.205144 0.898722
1 14.9162 17.7699 1.75479 -0.650787 -0.480746 0.587673
1 13.8106 25.1217 1.61513 0.344153 0.460144 -0.818429
1 25.3663 16.95 1.61001 -0.270588 0.166339 -0.948216
1 9.90579 2.69135 1.60648 -0.0849311 -0.220451 -0.971693
1 1.97385 15.8353 1.76499 -0.527818 0.318476 0.787389
1 13.9705 9.56895 1.75866 0.340501 -0.572742 0.745671
1 32.8342 15.1598 1.7524 -0.42197 -0.334092 0.842807
1 24.8875 34.1865 1.75463 0.188895 -0.223466 0.956233
1 31.8947 9.63035 1.74412 0.464653 -0.580686 0.668507
1 14.4442 22.988 1.60821 -0.0175572 0.291764 -0.956329
1 25.6218 20.0899 1.61137 0.233036 0.158327 -0.959493
1 14.1591 32.323 1.75763 0.0443909 -0.370231 0.927879
1 26.2922 15.3734 1.63197 -0.516582 0.0722307 -0.853185
1 24.1629 15.7443 1.61005 -0.486548 0.320851 -0.812604
1 12.8057 25.2274 1.61023 0.368329 0.627638 -0.68586
1 18.4401 30.997 1.75881 0.191576 0.128772 0.972994
1 13.0187 20.5762 1.62946 -0.410904 0.532531 -0.739979
1 20.1041 33.1807 1.75339 -0.127602 0.408593 0.903753
1 30.4389 22.5897 1.78502 -0.757891 0.426725 0.493463
1 21.7767 0.97135 1.74093 0.257082 -0.663183 0.70292
1 29.1486 11.1115 1.6077 0.356774 -0.482957 -0.799666
1 7.09501 19.5392 1.606 0.45157 0.48003 -0.752101
1 10.9934 14.392 1.62381 -0.106698 -0.412905 -0.904503
1 9.30313 6.38442 1.60961 0.371654 0.254126 -0.892913
1 16.9477 9.11486 1.75691 0.296966 -0.0767083 0.951802
1 6.54152 13.9894 1.61385 -0.113974 0.355737 -0.92761
1 8.44068 28.4064 1.76156 -0.0700046 0.146822 0.986683
1 8.09358 1.62459 1.60835 -0.207486 -0.0699704 -0.975732
1 17.9176 24.5763 1.6124 0.311736 -0.227265 -0.922589
1 14.2455 16.4087 1.76163 -0.395886 -0.679398 0.617813
1 27.1701 26.507 1.75584 0.084162 0.286363 0.954418
1 2.59053 8.37403 1.60165 0.633704 0.19887 -0.747576
1 12.6769 8.32155 1.61068 0.615848 -0.399839 -0.678866
1 19.911 32.0678 1.75686 0.0347653 0.354709 0.93433
1 12.5905 17.3784 1.60942 0.138026 -0.611937 -0.77877
1 33.6853 15.9382 1.7574 -0.549021 -0.152203 0.821834
1 3.14187 19.8897 1.75796 0.260213 0.20432 0.943686
1 18.8963 21.5518 1.61069 -0.260969 -0.417131 -0.870572
1 15.4397 10.6344 1.75827 0.144756 -0.346655 0.926756
1 10.3481 20.7144 1.60626 0.646684 -0.29777 -0.702235
1 22.5902 23.3749 1.77794 0.808497 -0.201225 0.553029
1 14.7973 15.5699 1.74976 -0.35773 -0.501098 0.787991
1 33.1962 9.16124 1.75983 0.653895 -0.30272 0.693385
1 21.863 6.94774 1.61346 -0.131069 0.609898 -0.781566
1 30.4464 4.87389 1.59827 0.22336 0.769935 -0.597754
1 26.4526 30.3883 1.75544 -0.623956 0.197486 0.756094
1 4.15854 20.1786 1.75508 0.205782 0.372378 0.90498
1 9.96676 0.442595 1.61093 -0.412305 -0.385304 -0.825558
1 17.1098 26.1639 1.61209 0.602932 -0.0614325 -0.795424
1 26.8876 22.1149 1.60969 0.619919 0.138755 -0.7723
1 6.03443 30.3497 1.7563 -0.394016 -0.160638 0.904957
1 33.0193 28.1295 1.6087 -0.0167564 -0.133846 -0.99086
1 27.788 30.1381 1.75762 -0.536873 0.434142 0.723387
1 14.9265 8.32416 1.75327 0.398248 -0.468925 0.788357
1 31.9384 0.713584 1.67677 -0.520038 0.447885 -0.727296
1 10.5005 3.62738 1.60958 0.0235656 -0.216221 -0.97606
1 28.2186 26.6797 1.75736 0.0732514 0.449838 0.890101
1 16.3411 17.9393 1.74985 -0.692742 -0.2427 0.679121
1 0.16623 13.3718 1.75944 -0.0963973 0.0156818 0.995219
1 31.3654 27.4383 1.60784 -0.11867 0.124475 -0.985101
1 9.70463 23.8623 1.75093 0.659267 0.24858 0.70963
1 21.9495 5.69908 1.61164 -0.367387 0.565674 -0.738268
1 12.3358 0.0368487 1.74582 -0.34431 -0.620374 0.704689
1 13.4624 23.0345 1.60989 -0.00456942 0.453758 -0.891113
1 33.4109 27.1326 1.61048 -0.195859 -0.264288 -0.944347
1 32.6459 4.4563 1.60967 0.0367226 0.331129 -0.942871
1 11.4872 6.76301 1.6104 0.419085 -0.153054 -0.894954
1 7.32213 1.00328 1.61018 -0.293978 0.017298 -0.955656
1 15.5155 11.7429 1.76046 0.0264367 -0.310055 0.950351
1 16.5684 30.4747 1.75897 0.279442 -0.0854678 0.956351
1 27.1188 24.5543 1.75986 0.399411 0.355884 0.844877
1 21.3123 16.6274 1.75004 -0.425006 0.611148 0.667734
1 26.1564 26.3431 1.75839 0.110699 0.126464 0.985775
1 0.174464 12.4009 1.76074 0.0724797 0.00847464 0.997334
1 8.86094 29.3217 1.76052 -0.217762 0.210247 0.953088
1 27.711 3.01948 1.7574 -0.496139 0.29306 0.817289
1 31.0283 24.5631 1.60536 -0.531792 0.000413981 -0.846875
1 32.051 28.2496 1.60744 0.0110143 0.060497 -0.998108
1 29.4943 12.1816 1.60807 0.494563 -0.617052 -0.61209
1 20.4955 31.1847 1.75388 0.152056 0.419332 0.895008
1 29.7085 9.83061 1.6121 0.234594 -0.533728 -0.812466
1 9.08473 16.3769 1.60787 0.113995 -0.0263055 -0.993133
1 24.7761 10.7873 1.61012 0.274683 0.17022 -0.946348
1 34.5895 8.97777 1.7537 0.72005 -0.0745297 0.689908
1 2.91921 14.4655 1.75019 -0.209782 0.51251 0.832661
1 25.0324 7.12099 1.61074 -0.272402 0.122915 -0.9543
1 8.23627 5.41758 1.61264 0.138168 0.385742 -0.912202
1 22.589 12.3136 1.61802 0.490556 0.477965 -0.728632
1 19.0609 27.0911 1.77555 -0.792934 0.309432 0.524888
1 18.8295 10.2448 1.7564 0.216231 0.2964 0.930264
1 4.88493 5.85476 1.65269 0.138045 -0.0829901 -0.986943
1 22.3832 27.2395 1.75565 -0.0994494 -0.537387 0.837452
1 3.56715 21.8757 1.75742 -0.0960511 0.227832 0.968951
1 11.6692 31.3564 1.75724 0.311696 -0.708521 0.633122
1 25.2303 18.8018 1.60986 0.0399805 0.184768 -0.981969
1 9.60824 33.9698 1.60815 -0.601652 -0.27814 -0.748767
1 26.0785 24.5644 1.75159 0.431125 0.156042 0.888697
1 27.2851 16.7431 1.60962 -0.254982 -0.0833892 -0.963343
1 20.217 7.63256 1.757 0.293988 0.646445 0.704045
1 33.9099 12.7485 1.76032 0.00334316 -0.130585 0.991431
1 27.2214 12.1121 1.6149 0.528708 -0.20729 -0.823103
1 8.92455 33.0251 1.613 -0.782091 -0.128933 -0.60968
1 29.4622 15.4841 1.6163 -0.462388 -0.369433 -0.80605
1 23.0852 20.545 1.60646 0.312651 0.443626 -0.839908
1 32.9783 0.810427 1.59819 -0.51274 0.23303 -0.826314
1 22.3557 17.327 1.61673 -0.231721 0.577105 -0.783106
1 15.3123 14.7225 1.75609 -0.306848 -0.336567 0.890262
1 31.3253 5.88602 1.61449 0.281454 0.569311 -0.772443
1 14.9662 7.12399 1.74279 0.554119 -0.537507 0.635641
1 14.8301 21.1565 1.60949 -0.327363 0.212 -0.920809
1 4.75528 11.5589 1.60723 -0.284009 0.777339 -0.561322
1 6.32612 17.2187 1.61132 0.228692 0.443013 -0.866856
1 6.25621 11.989 1.61261 -0.309523 0.37985 -0.871728
1 4.24364 31.533 1.73949 -0.565463 -0.417212 0.711468
1 20.6182 23.3927 1.61228 0.016165 -0.676472 -0.736291
1 13.8437 28.2846 1.74862 0.62201 -0.512017 0.592403
1 4.24025 29.1831 1.75833 -0.157056 -0.465933 0.87077
1 16.577 16.9701 1.75558 -0.54916 -0.196244 0.812349
1 31.3325 16.2153 1.59701 -0.370231 -0.701986 -0.608395
1 25.8647 28.1593 1.75895 -0.207883 0.0903492 0.973972
1 27.2191 17.7206 1.60613 -0.102054 -0.0626943 -0.992801
1 18.9438 31.8828 1.75965 0.0609298 0.207162 0.976408
1 13.4222 18.0611 1.61663 0.246253 -0.728365 -0.63941
1 23.5877 7.10663 1.60719 -0.260249 0.300549 -0.917573
1 25.8309 2.09275 1.75958 -0.254514 0.0116947 0.966998
1 8.07939 27.4287 1.7608 0.0775689 0.0851392 0.993345
1 7.91885 2.56371 1.60966 -0.0641027 -0.0325629 -0.997412
1 17.7102 7.40048 1.75753 0.475692 0.0489956 0.878246
1 20.9587 0.0946705 1.73928 -0.396951 0.551299 0.733826
1 6.8735 10.9379 1.61065 -0.445631 0.311163 -0.839399
1 31.8536 10.8442 1.7431 0.264215 -0.513686 0.816283
1 9.598 15.47 1.60858 0.0345738 -0.127569 -0.991227
1 33.9937 28.1658 1.60824 -0.0445019 -0.310189 -0.949633
1 0.227732 16.2002 1.74468 -0.590547 0.095956 0.801278
1 5.22955 16.7983 1.61045 0.299182 0.633308 -0.71373
1 18.9449 3.82905 1.74709 -0.623084 0.442817 0.644732
1 2.3765 6.34708 1.60351 0.282665 -0.213237 -0.935217
1 23.7976 6.0739 1.61072 -0.419902 0.269503 -0.866632
1 27.2928 0.706269 1.76115 -0.0627659 0.191497 0.979484
1 17.6831 17.6013 1.74082 -0.675971 0.0016073 0.736927
1 8.33251 26.4636 1.76035 0.228763 0.0911116 0.969209
1 9.39491 25.5726 1.76069 0.381617 0.248571 0.89027
1 25.8887 6.52644 1.61448 -0.381959 0.00215321 -0.924177
1 19.999 14.9904 1.75908 -0.164191 0.432405 0.886604
1 23.1539 26.6226 1.75603 0.020553 -0.388381 0.92127
1 27.3871 13.0585 1.6157 0.6898 -0.281984 -0.666829
1 6.94038 12.8801 1.60766 -0.23124 0.275175 -0.93317
1 17.8795 19.4322 1.59799 -0.672419 -0.28703 -0.682251
1 27.2679 32.6164 1.75522 0.383178 0.158419 0.909988
1 9.10236 19.7511 1.6096 0.500188 0.035508 -0.865188
1 9.03963 2.03081 1.60723 -0.175785 -0.187143 -0.966477
1 12.2494 18.6089 1.61721 0.392099 -0.543327 -0.742331
1 15.8345 16.0019 1.75724 -0.399877 -0.299618 0.866214
1 26.5801 27.3547 1.75821 -0.0639471 0.20071 0.977561
1 11.0784 24.5001 1.75606 0.579413 0.534223 0.615537
1 13.567 10.852 1.74602 0.0729334 -0.652465 0.754301
1 12.8356 27.5714 1.7496 -0.00227424 0.791561 0.611086
1 3.2873 7.65644 1.61313 0.475674 0.0671911 -0.877052
1 1.19266 16.7626 1.73862 -0.774012 0.215156 0.595494
1 25.2023 8.11643 1.60828 -0.117469 0.10181 -0.987844
1 28.8577 33.6219 1.75581 0.173348 0.444855 0.878666
1 4.64161 14.0075 1.61543 -0.139943 0.775761 -0.615313
1 7.53633 9.09316 1.59277 -0.699687 0.241253 -0.672485
1 32.7627 16.4484 1.7636 -0.622167 -0.34581 0.70237
1 18.4751 16.003 1.7633 -0.387794 0.159424 0.907855
1 25.3278 21.8424 1.61085 0.528852 0.154772 -0.834483
1 8.86242 1.01343 1.60202 -0.324274 -0.185151 -0.927667
1 26.1423 8.47254 1.60847 -0.0616154 -0.0210448 -0.997878
1 9.0767 14.5535 1.60614 -0.0604531 -0.0741515 -0.995413
1 8.10746 20.2769 1.61155 0.552973 0.230714 -0.80062
1 12.1167 33.3906 1.75134 -0.117109 -0.611974 0.78216
1 31.8634 7.03454 1.60122 0.482161 0.466925 -0.741284
1 10.7557 7.69656 1.60745 0.580066 0.0227573 -0.814251
1 28.3829 5.62322 1.61281 -0.544292 -0.208956 -0.812455
1 1.55449 18.462 1.75656 0.516462 -0.0642851 0.853894
1 5.22279 1.6332 1.61004 -0.162334 0.319027 -0.933739
1 22.788 6.44753 1.61051 -0.299551 0.447876 -0.842423
1 32.0663 23.7219 1.59538 -0.680383 -0.474785 -0.558263
1 28.6477 27.7744 1.75833 -0.063218 0.570012 0.819201
1 10.9421 27.1818 1.75779 0.0999396 0.527666 0.843553
1 6.82045 16.2113 1.61516 0.0939667 0.350305 -0.93191
1 13.978 33.4147 1.75731 -0.119047 -0.39193 0.91226
1 4.40985 21.2053 1.75714 0.00653077 0.373211 0.927724
1 12.3567 13.5268 1.63353 -0.320446 -0.675649 -0.663937
1 9.00981 12.7116 1.60754 -0.269784 -0.109236 -0.956705
1 33.2669 30.2696 1.61055 0.256548 -0.0835223 -0.962916
1 27.5817 27.523 1.75574 -0.0789975 0.369099 0.926027
1 21.5002 27.5738 1.58898 0.192822 0.687942 -0.699683
1 6.28649 26.6 1.75438 0.232365 -0.193388 0.953209
1 25.8002 10.9852 1.60804 0.328645 0.0214677 -0.94421
1 24.6722 30.7016 1.75837 -0.648955 -0.105252 0.753512
1 23.3561 13.3288 1.60899 0.663342 0.26776 -0.698771
1 23.1913 3.62088 1.76056 -0.374413 -0.366285 0.851851
1 14.9348 23.8683 1.6074 0.138652 0.221477 -0.965258
1 17.8383 8.52587 1.75774 0.359416 0.0665028 0.930805
1 15.9183 25.418 1.61092 0.434603 0.107274 -0.89421
1 12.3468 3.82981 1.62328 -0.0510261 -0.482849 -0.874216
1 33.0808 3.52171 1.60882 -0.113776 0.245269 -0.962755
1 7.0799 1.98949 1.60769 -0.134608 0.0665502 -0.988662
1 33.0199 5.4282 1.60823 0.191192 0.28239 -0.940054
1 3.11856 30.7945 1.75864 -0.37906 -0.607507 0.698032
1 13.2771 3.84185 1.62471 -0.178293 -0.611999 -0.770499
1 24.3712 8.79437 1.60823 -0.0221326 0.219457 -0.975371
1 5.45657 21.7177 1.75421 -0.135496 0.512996 0.84763
1 23.6251 9.50614 1.61013 0.0620802 0.352517 -0.933744
1 11.7718 16.7795 1.61562 0.0740094 -0.460973 -0.884322
1 34.3813 26.861 1.60778 -0.241449 -0.434624 -0.867643
1 0.748709 22.7293 1.75925 -0.296273 -0.177081 0.938544
1 6.72328 8.61868 1.78623 0.719812 -0.443483 0.534034
1 33.6788 14.6858 1.76096 -0.336779 -0.168325 0.926416
1 32.5359 26.1612 1.61199 -0.29798 -0.201222 -0.933122
1 18.9694 15.0968 1.76247 -0.242158 0.263087 0.933887
1 29.0841 20.1825 1.60975 0.319665 -0.244197 -0.915523
1 18.1478 34.5011 1.76248 -0.244668 0.210493 0.946483
1 26.8802 28.3572 1.75706 -0.231547 0.269471 0.934757
1 14.2525 34.5347 1.75827 -0.310652 -0.37301 0.874276
1 4.01127 10.4074 1.77577 0.208479 0.730129 0.650728
1 32.8414 14.0217 1.75972 -0.225366 -0.309651 0.923757
1 29.2511 6.41511 1.61432 -0.41291 -0.392839 -0.821695
1 26.1668 21.1594 1.6111 0.40168 0.0967671 -0.910653
1 26.1912 19.3163 1.60917 0.122752 0.0852693 -0.988768
1 17.498 28.668 1.75408 0.54755 -0.00901417 0.836725
1 10.8958 2.55411 1.61126 -0.138046 -0.346436 -0.927861
1 2.68173 18.6811 1.75668 0.439592 0.122664 0.889782
1 25.8752 13.7309 1.6445 0.764718 -0.180981 -0.618427
1 10.5081 15.8532 1.61137 0.0021304 -0.279712 -0.960082
1 16.3281 0.833412 1.7561 -0.354581 -0.0705047 0.932363
1 26.1292 29.1314 1.75634 -0.367834 0.144735 0.918559
1 11.8917 23.734 1.77807 -0.194922 -0.696429 0.690646
1 0.00607821 2.67753 1.60784 -0.250941 -0.0759112 -0.965021
1 30.3723 16.3172 1.63395 -0.321307 -0.546384 -0.773451
1 5.75753 5.47419 1.65617 0.0257813 -0.221423 -0.974837
1 6.09588 3.2584 1.60946 0.0947825 0.174169 -0.980144
1 2.86918 32.6053 1.76942 0.675102 -0.270121 0.686492
1 26.7489 2.56215 1.76199 -0.411139 0.134534 0.901591
1 17.6625 15.3436 1.76056 -0.313914 0.046343 0.94832
1 5.35583 27.3988 1.75749 0.142894 -0.30006 0.943157
1 19.9916 6.25191 1.74543 0.488183 0.55081 0.676968
1 6.84191 33.9932 1.61046 -0.576056 0.0300841 -0.816856
1 24.2647 7.79017 1.61116 -0.16495 0.222501 -0.960877
1 8.83842 2.99241 1.60528 -0.0406256 -0.103576 -0.993791
1 29.3389 16.5104 1.60721 -0.299611 -0.369051 -0.879792
1 4.93706 17.9003 1.63246 0.44868 0.726108 -0.521012
1 2.93759 13.1761 1.75601 -0.0440795 0.512408 0.85761
1 17.0233 21.8155 1.60722 -0.203219 -0.120561 -0.971683
1 13.1054 32.8401 1.75615 -0.0236828 -0.504021 0.863366
1 16.932 27.0823 1.60998 0.779051 0.02121 -0.626602
1 17.1026 14.4595 1.76014 -0.209578 -0.0315609 0.977282
1 10.9614 29.3084 1.76674 -0.306829 0.534696 0.787373
1 25.4199 29.9235 1.75506 -0.511914 0.0284682 0.858565
1 17.7562 3.58621 1.76388 -0.64699 0.157137 0.746131
1 20.9956 30.2759 1.75342 0.279455 0.489081 0.82626
1 29.4814 23.8593 1.60184 -0.635856 0.0242867 -0.771425
1 22.7927 0.0577491 1.75679 0.245229 -0.518731 0.819012
1 6.80921 6.65646 1.61664 0.256896 -0.484885 -0.835997
1 1.17765 27.259 1.61575 -0.137924 -0.675524 -0.724323
1 23.5557 17.579 1.61004 -0.177669 0.405886 -0.896488
1 5.22321 12.5996 1.63183 -0.257585 0.590845 -0.76456
1 28.7023 18.4478 1.60644 0.024284 -0.249715 -0.968015
1 31.2357 4.22725 1.60814 0.0525405 0.642263 -0.764681
1 2.08289 13.8018 1.75838 -0.147323 0.340522 0.928623
1 8.83485 9.2794 1.61104 -0.698655 -0.0455259 -0.714009
1 26.4875 0.131727 1.75977 0.0665428 0.0564614 0.996185
1 22.4458 19.5418 1.61108 0.135661 0.545442 -0.827097
1 25.3835 4.03522 1.74603 -0.611254 -0.0346155 0.790677
1 4.59511 24.979 1.74029 0.670311 -0.387547 0.632843
1 30.0897 18.4567 1.60825 0.0344067 -0.441839 -0.896434
1 0.714939 32.1313 1.60532 0.540405 -0.407786 -0.735984
1 14.7543 30.1272 1.75734 0.345019 -0.302072 0.888659
1 17.7834 18.5144 1.75584 -0.821362 -0.0445101 0.568668
1 11.3668 21.0589 1.61795 0.6677 -0.543542 -0.508663
1 3.37943 25.8273 1.76712 0.50365 -0.599584 0.621961
1 5.67828 34.3084 1.60977 -0.482128 0.233909 -0.844298
1 15.2188 31.8151 1.75892 0.1047 -0.241199 0.964811
1 6.08848 19.7601 1.61475 0.445072 0.712054 -0.543038
1 17.397 23.7392 1.60899 0.142953 -0.157221 -0.977162
1 8.02947 23.791 1.75449 0.667315 -0.0283016 0.744238
1 4.24641 18.3868 1.765 0.510444 0.434475 0.742077
1 8.65268 32.1519 1.74516 -0.742826 0.155009 0.651292
1 7.0392 4.00719 1.61777 0.209822 0.0283544 -0.977328
1 3.41427 20.8788 1.7583 0.0841078 0.225895 0.970514
1 11.1074 25.9125 1.7578 0.335046 0.558682 0.758695
1 26.5684 10.3135 1.60714 0.214647 -0.0820409 -0.97324
1 11.4192 30.1315 1.64443 -0.469313 0.617794 0.630932
1 34.5471 4.50636 1.60763 0.0207266 0.0079719 -0.999753
1 30.3509 15.0622 1.61166 -0.53168 -0.523455 -0.665816
1 28.1756 17.5928 1.6047 -0.121534 -0.191853 -0.973869
1 28.3164 16.6317 1.60816 -0.278126 -0.219914 -0.935031
1 32.4292 6.23034 1.60878 0.341105 0.385048 -0.857546
1 7.16979 18.3909 1.61144 0.299967 0.385548 -0.872567
1 5.20775 3.6662 1.61048 0.150634 0.289487 -0.945255
1 17.2109 20.118 1.61716 -0.524216 -0.189441 -0.830247
1 3.31456 29.331 1.75093 -0.175026 -0.633688 0.753529
1 30.7908 31.2832 1.60857 0.432434 0.530555 -0.729049
1 33.7231 29.2511 1.60936 0.111814 -0.20101 -0.973187
1 29.5672 21.7086 1.61845 0.594251 -0.267996 -0.758317
1 2.08547 2.88904 1.61493 -0.19538 -0.496929 -0.84551
1 14.1004 22.0271 1.6074 -0.180595 0.34065 -0.922682
1 27.8675 28.5722 1.75555 -0.244311 0.446157 0.860963
1 14.6744 20.1818 1.60549 -0.494204 0.240677 -0.835366
1 22.627 22.4313 1.77696 -0.707622 -0.33045 0.62456
1 29.0487 8.17885 1.61019 -0.08777 -0.396652 -0.913763
1 18.4005 33.4737 1.75846 -0.101788 0.196539 0.975198
1 19.4975 31.0408 1.75919 0.183293 0.275349 0.943709
1 34.3015 7.16811 1.61711 0.510999 0.12701 -0.850146
1 5.00919 29.932 1.75826 -0.300525 -0.326203 0.896257
1 16.1361 4.58781 1.75743 -0.772632 -0.228346 0.592366
1 21.1507 3.76443 1.76259 -0.0993271 -0.748372 0.6558
1 7.48256 25.9613 1.75685 0.300849 -0.0675635 0.951275
1 29.1856 17.561 1.61066 -0.121687 -0.340632 -0.932289
1 24.3806 1.62458 1.75178 -0.1031 -0.231278 0.967409
1 28.0084 9.47052 1.60864 0.104289 -0.25417 -0.96152
1 0.622753 9.8164 1.75169 0.563906 0.0494518 0.824357
1 25.1544 14.9754 1.61561 -0.65999 0.20658 -0.722314
1 19.771 22.3406 1.61541 -0.139768 -0.586338 -0.797918
1 0.664685 0.871298 1.60239 -0.513547 -0.290193 -0.807501
1 15.457 23.0368 1.60713 0.00596449 0.12605 -0.992006
1 13.1263 21.943 1.61043 -0.177816 0.499335 -0.847966
1 8.06544 19.1901 1.608 0.421999 0.255989 -0.869705
1 18.9449 11.4939 1.75201 0.110808 0.298154 0.948064
1 20.2391 25.9827 1.76431 -0.469917 0.668355 0.57661
1 21.4954 31.3118 1.74823 0.0871086 0.560975 0.823237
1 1.21058 10.7424 1.7587 0.386388 0.162605 0.90789
1 1.42774 31.0182 1.60635 0.347785 -0.559002 -0.752703
1 23.4611 1.75214 1.75786 -0.0494723 -0.376966 0.924905
1 22.7886 32.316 1.75973 -0.220222 0.791072 0.570708
1 34.2486 33.4752 1.60386 -0.8095 -0.0318287 -0.586257
1 21.5741 21.7333 1.60711 0.533066 0.55815 -0.635853
1 33.0456 7.22629 1.61029 0.524959 0.260207 -0.810376
1 14.7335 12.6154 1.76139 -0.088552 -0.414765 0.905609
1 33.0131 32.3406 1.60856 0.591465 0.0448238 -0.805084
1 21.89 2.24666 1.71974 -0.00675143 -0.602491 0.798097
1 22.6856 7.66899 1.60268 -0.147263 0.448063 -0.88179
1 28.6887 29.1222 1.75473 -0.29233 0.61802 0.729791
1 11.1831 32.7266 1.76016 -0.0253873 -0.755614 0.654525
1 3.67643 28.1721 1.75428 0.0383564 -0.556563 0.82992
1 17.6118 13.6047 1.76081 -0.0958433 0.0519469 0.99404
1 9.49161 13.6287 1.60463 -0.158411 -0.175711 -0.971613
1 2.72199 12.0135 1.75702 0.14036 0.442155 0.885888
1 11.4966 28.183 1.76147 -0.0917868 0.615331 0.782907
1 0.763242 6.90074 1.61181 0.437017 -0.0344099 -0.898795
1 20.5343 9.32696 1.76149 0.294496 0.667646 0.683755
1 27.9011 20.3417 1.61001 0.332634 -0.0867282 -0.939059
1 18.1855 12.0687 1.75643 0.068639 0.150854 0.98617
1 5.1515 8.50824 1.61628 0.598617 -0.270498 -0.753982
1 18.7879 9.07011 1.75967 0.301179 0.249344 0.92039
1 26.1934 1.05191 1.75781 -0.089488 0.048651 0.994799
1 32.2367 12.221 1.75596 0.0781566 -0.409294 0.909049
1 4.3957 7.72684 1.61532 0.464612 -0.116212 -0.877856
1 19.8067 28.104 1.75452 0.648714 0.302401 0.698372
1 15.7096 34.5406 1.75611 -0.262331 -0.168006 0.95024
1 8.16108 33.8095 1.61304 -0.596134 -0.113342 -0.794844
1 18.5671 1.71354 1.75755 -0.412483 0.297443 0.861038
1 19.2157 6.97637 1.76059 0.438936 0.403672 0.802735
1 12.9886 24.0606 1.60727 0.181458 0.536219 -0.824343
1 9.09149 20.9107 1.61268 0.61785 -0.0218589 -0.785992
1 18.6793 7.88772 1.76012 0.39553 0.229012 0.889443
1 4.3388 26.1129 1.74516 0.434274 -0.461871 0.773357
1 26.6391 4.38486 1.74116 -0.764582 0.155326 0.625531
1 9.82447 12.1173 1.60883 -0.321347 -0.275664 -0.90595
1 4.28667 3.24794 1.60975 0.110317 0.464325 -0.878768
1 13.4602 7.22178 1.61878 0.430097 -0.517371 -0.739827
1 26.9987 7.99672 1.60918 -0.137566 -0.130055 -0.981917
1 26.7626 14.4087 1.6475 -0.702763 0.193602 -0.684574
1 28.0204 3.8947 1.7641 -0.64638 0.359123 0.673218
1 12.9265 4.92384 1.60918 0.0558112 -0.497448 -0.865696
1 10.212 30.5967 1.75049 -0.416104 0.415446 0.808865
1 16.0346 6.05339 1.75235 0.662661 -0.306321 0.683409
1 3.78 13.7605 1.75953 -0.106976 0.699311 0.706767
1 21.9077 13.8628 1.73935 0.0944208 0.730258 0.676615
1 26.282 9.41435 1.60735 0.0822073 -0.0394788 -0.995833
1 13.3618 5.96123 1.60645 0.223203 -0.525621 -0.820916
1 25.3239 9.10141 1.60744 0.0297806 0.0914453 -0.995365
1 6.98004 32.1984 1.74941 -0.760288 7.64107e-05 0.649586
1 10.6304 17.9478 1.60673 0.258125 -0.265695 -0.928858
1 19.3043 19.8078 1.60841 -0.59316 -0.489155 -0.639444
1 10.1809 9.56173 1.6048 -0.680497 -0.313356 -0.662368
1 7.03663 2.99863 1.6108 0.0330513 0.0683014 -0.997117
1 30.6735 23.5174 1.59712 -0.710124 -0.166207 -0.684178
1 30.9584 1.81076 1.62037 -0.343486 0.675853 -0.652104
1 18.1621 14.4583 1.76105 -0.176969 0.149372 0.972816
1 24.5601 9.80559 1.60846 0.124486 0.206992 -0.97039
1 25.2131 32.1705 1.76179 0.51443 -0.212596 0.830761
1 15.7324 24.4505 1.60532 0.252026 0.108961 -0.961567
1 0.0422123 14.3351 1.75765 -0.263173 0.00164266 0.964747
1 25.605 27.1813 1.7597 -0.0391339 0.0361355 0.99858
1 28.0382 11.2501 1.61394 0.379431 -0.297544 -0.87607
1 24.0515 20.3255 1.6166 0.272447 0.321257 -0.906954
1 14.4318 31.2276 1.75771 0.192621 -0.337233 0.921505
1 29.6788 5.58225 1.61622 -0.585764 -0.409503 -0.69942
1 26.9406 11.1985 1.61136 0.369125 -0.131787 -0.919989
1 16.6668 20.8837 1.61148 -0.376103 -0.0961407 -0.921577
1 28.4541 24.3099 1.63904 -0.435478 0.146292 -0.888233
1 24.7421 2.54588 1.7542 -0.250992 -0.113918 0.961262
1 3.6989 12.3741 1.75812 0.094111 0.647961 0.755837
1 6.54154 28.6503 1.75909 -0.0994727 -0.120329 0.987738
1 30.0811 0.565584 1.7578 -0.100523 0.641303 0.760674
1 4.79558 4.53052 1.6443 0.27073 0.339639 -0.90075
1 34.0269 17.0057 1.74727 -0.739728 -0.029335 0.672267
1 33.5575 26.0235 1.61158 -0.400589 -0.35929 -0.842876
1 28.9631 9.21759 1.61271 0.0873616 -0.405654 -0.909842
1 23.8916 24.6979 1.74451 0.428795 -0.228745 0.873963
1 30.4146 3.36747 1.6121 -0.140966 0.756091 -0.639105
1 7.2279 26.9242 1.76059 0.154407 -0.0551619 0.986466
1 15.4059 16.9092 1.75654 -0.50885 -0.434779 0.742993
1 22.7151 9.20491 1.62053 -0.00567591 0.496548 -0.867991
1 1.25141 24.7506 1.75192 -0.646625 -0.0261748 0.762359
1 30.9776 13.8252 1.74198 -0.175501 -0.630083 0.756435
1 26.8452 6.06376 1.63199 -0.504063 -0.110866 -0.856522
1 21.6999 9.82696 1.6085 0.100606 0.695789 -0.711165
1 20.0339 16.9464 1.7542 -0.509472 0.409477 0.756813
1 13.3833 31.7051 1.7551 0.144687 -0.469579 0.870954
1 31.9684 5.14933 1.60982 0.154808 0.460053 -0.874292
1 9.49506 28.4396 1.76055 -0.0824196 0.303813 0.94916
1 1.82388 0.6963 1.77701 0.403938 0.629639 0.663618
1 31.126 20.0379 1.61115 0.334405 -0.552993 -0.763133
1 7.52454 28.8419 1.75904 -0.140319 0.0308492 0.989626
1 1.9271 17.5509 1.73446 0.681125 -0.0341602 0.731369
1 28.7588 2.40882 1.75513 -0.381905 0.464182 0.799177
1 33.9061 19.4861 1.75945 0.294605 -0.454362 0.840692
1 20.1399 24.604 1.61045 0.270662 -0.596711 -0.755433
1 6.81137 29.6268 1.75784 -0.260533 -0.0690977 0.962989
1 29.9609 8.6551 1.6103 0.015142 -0.554498 -0.832048
1 15.8371 29.7895 1.75832 0.398645 -0.16672 0.901824
1 30.2757 12.7833 1.76448 0.0476334 -0.758241 0.650232
1 15.8042 21.3649 1.60945 -0.279697 0.0436818 -0.959094
1 34.1806 32.0932 1.61043 0.539192 -0.185447 -0.821511
1 30.6307 25.6403 1.60495 -0.366366 0.104079 -0.924632
1 3.47881 34.5214 1.61856 -0.426297 0.652618 -0.626387
1 15.1686 3.46856 1.77207 -0.653275 -0.414353 0.633674
1 28.3819 12.1784 1.61618 0.502759 -0.407763 -0.762209
1 28.6369 21.1313 1.61154 0.474292 -0.16295 -0.865156
1 4.41038 32.6748 1.75969 0.828482 0.0675693 0.555925
1 32.2678 30.1578 1.608 0.294648 0.128218 -0.946965
1 8.30626 30.557 1.75882 -0.422652 0.125568 0.897551
1 1.73786 22.1376 1.75988 -0.16353 -0.0375998 0.985822
1 1.35651 6.08775 1.60861 0.255633 -0.0861299 -0.96293
1 0.101051 10.6839 1.75929 0.390096 -0.0184627 0.920589
1 26.594 3.49517 1.75737 -0.592681 0.126207 0.795488
1 13.7068 8.52392 1.72645 0.494972 -0.660199 0.564925
1 20.5198 17.81 1.74384 -0.648414 0.430805 0.627667
1 9.93858 4.68046 1.60373 0.160779 -0.0199709 -0.986788
1 30.3783 27.8702 1.60709 -0.143845 0.374308 -0.91608
1 25.5138 0.323804 1.75919 0.054105 -0.0873435 0.994708
1 23.707 10.5763 1.61227 0.222294 0.336372 -0.915117
1 27.8305 7.49179 1.61206 -0.205724 -0.234625 -0.950068
1 24.9748 24.4543 1.75525 0.473838 -0.0198868 0.880388
1 23.0096 24.2388 1.7559 0.569886 -0.336086 0.74985
1 19.959 30.1136 1.75848 0.326076 0.341994 0.881314
1 33.126 1.76442 1.61497 -0.3727 0.205516 -0.904908
1 5.82776 16.0089 1.61121 0.153082 0.525882 -0.836668
1 2.70731 22.5656 1.75846 -0.219209 0.105116 0.969999
1 19.5075 18.8081 1.75831 -0.839853 0.123719 0.528527
1 5.23611 20.5989 1.75109 0.102142 0.533745 0.839454
1 16.1234 9.78612 1.75667 0.223408 -0.210904 0.951635
1 13.8259 14.7463 1.74333 -0.289442 -0.705471 0.646942
1 9.8696 21.8175 1.61723 0.78578 -0.146936 -0.6008
1 6.28425 15.081 1.6088 0.0157105 0.426452 -0.904374
1 13.7306 30.5443 1.75033 0.287951 -0.427882 0.856739
1 0.0909725 29.0288 1.61148 0.092362 -0.392931 -0.914918
1 5.84282 6.43996 1.60971 0.202195 -0.307746 -0.929736
1 23.7676 2.73744 1.75874 -0.229283 -0.281761 0.931687
1 1.17588 13.4014 1.75956 -0.0904877 0.177598 0.979934
1 32.8443 10.2058 1.75857 0.446655 -0.339269 0.827886
1 5.30215 26.3896 1.75207 0.317643 -0.329683 0.889051
1 6.35709 7.80218 1.65132 0.504663 -0.452667 -0.735124
1 24.6252 17.7235 1.60976 -0.141939 0.262753 -0.954366
1 0.0168736 24.3087 1.75103 -0.617902 -0.262027 0.741309
1 9.32646 30.1793 1.75268 -0.361916 0.266962 0.893168
1 10.0064 18.8476 1.61255 0.400241 -0.136644 -0.906165
1 26.6663 25.4898 1.75902 0.255824 0.218253 0.941764
1 15.0945 22.122 1.60786 -0.158104 0.176244 -0.971566
1 23.1954 25.5322 1.75984 0.245094 -0.344946 0.906058
1 23.271 33.4254 1.7482 0.411242 -0.571486 0.71013
1 20.6749 15.8204 1.75576 -0.295074 0.532736 0.793174
1 6.31727 27.6252 1.75741 0.0707775 -0.160558 0.984486
1 16.8978 16.0058 1.75313 -0.409657 -0.0925821 0.90753
1 4.79154 6.78743 1.61282 0.299415 -0.151055 -0.94209
1 16.7021 27.9395 1.74841 0.736419 -0.0442889 0.675075
1 33.9163 8.05016 1.60854 0.725411 0.0850839 -0.683037
1 3.8667 8.6231 1.61767 0.631293 -0.0268447 -0.77508
1 33.5171 21.4314 1.75613 -0.102717 -0.462142 0.880837
1 14.9152 33.857 1.75874 -0.187422 -0.277285 0.94233
1 0.886181 4.51489 1.60425 0.0251042 -0.161357 -0.986577
1 10.239 26.2997 1.75822 0.262842 0.413469 0.871755
1 17.0049 29.554 1.75911 0.411278 -0.0444407 0.910426
1 22.2462 26.0784 1.75387 0.13638 -0.520197 0.843087
1 31.9999 13.282 1.75673 -0.0946439 -0.449759 0.888121
1 0.302001 27.8598 1.61179 -0.073305 -0.477188 -0.875739
1 7.32725 11.8594 1.6071 -0.353412 0.185636 -0.916864
1 29.8481 1.95384 1.75859 -0.281617 0.664252 0.692432
1 4.30801 2.08905 1.62094 -0.0842179 0.493146 -0.86586
1 5.53988 14.3759 1.61207 -0.0979156 0.583795 -0.805975
1 9.19293 11.2117 1.60768 -0.441546 -0.159225 -0.882998
1 25.629 17.917 1.60851 -0.0938568 0.133307 -0.986621
1 27.1656 8.97256 1.60862 0.0228991 -0.145806 -0.989048
1 16.6657 13.2619 1.75999 -0.0932786 -0.0986433 0.990741
1 6.3774 31.3007 1.75789 -0.578893 -0.0877655 0.810667
1 29.5588 26.7663 1.66115 -0.0134349 0.974193 -0.225316
1 31.4023 2.85976 1.60884 -0.195887 0.570537 -0.797568
1 2.09665 25.57 1.58115 0.773947 -0.155379 -0.613892
1 31.706 30.9494 1.61427 0.378968 0.333295 -0.863306
1 2.04212 23.9973 1.7537 -0.484218 0.0521023 0.873395
1 8.11714 16.6517 1.60692 0.135746 0.137123 -0.981209
1 30.8848 11.4059 1.76417 0.259608 -0.710643 0.653904
1 21.8091 32.4377 1.73524 -0.114927 0.64157 0.758406
1 25.5312 10.0663 1.6072 0.178246 0.0635181 -0.981934
1 16.7314 2.7463 1.75448 -0.545812 -0.0471325 0.836581
1 10.3061 13.1225 1.61387 -0.181426 -0.344496 -0.92109
1 0.463897 3.60298 1.60658 -0.112816 -0.131273 -0.984906
1 12.8001 29.7127 1.73069 0.45648 -0.653312 0.603994
1 14.7274 25.9327 1.61493 0.507025 0.307583 -0.805182
1 4.88685 15.437 1.6129 0.0592182 0.67109 -0.739007
1 2.50035 4.06434 1.60819 -0.0443693 -0.552236 -0.832506
1 34.2673 30.151 1.60807 0.243649 -0.30364 -0.921107
1 27.7053 18.5753 1.60677 0.0339239 -0.107131 -0.993666
1 12.9487 14.9003 1.60489 -0.15731 -0.753081 -0.638845
1 16.9077 6.68782 1.75437 0.589238 -0.111228 0.800267
1 23.1245 5.31229 1.60998 -0.530695 0.356783 -0.76881
1 15.242 28.0736 1.75311 0.689405 -0.253429 0.678598
1 21.4856 19.6388 1.60179 0.172201 0.668546 -0.723459
1 1.39844 9.01151 1.75429 0.720766 0.189219 0.666852
1 32.9558 12.996 1.75718 -0.0502612 -0.286709 0.956698
1 0.609876 17.8699 1.74709 0.645659 -0.220689 0.731041
1 24.4035 5.18323 1.5996 -0.608143 0.123296 -0.784194
1 7.50036 24.75 1.7548 0.524482 -0.114393 0.843702
1 32.7335 29.1682 1.60774 0.141286 -0.00588215 -0.989951
1 7.24362 27.923 1.76001 0.000945171 -0.0227693 0.99974
1 4.61578 33.8811 1.59924 -0.51289 0.400755 -0.759171
1 15.7544 12.8064 1.7578 -0.0869379 -0.249928 0.964354
1 27.4329 21.2492 1.61152 0.480935 0.00955973 -0.876704
1 6.17565 22.4144 1.76412 -0.419164 0.497577 0.75942
1 17.9653 31.8725 1.76132 0.0739905 0.092581 0.992952
1 24.2965 29.635 1.75807 -0.479312 -0.182163 0.858532
1 24.0699 28.5654 1.75913 -0.291188 -0.22319 0.930267
1 12.7181 19.4804 1.61421 0.530605 -0.64178 -0.553693
1 6.03845 4.21433 1.65463 0.264259 0.154352 -0.95202
1 2.60192 21.5464 1.75893 -0.0382621 0.0885342 0.995338
1 16.4599 19.277 1.61705 -0.672446 -0.0771356 -0.736116
1 30.3634 6.69427 1.60714 -0.371336 -0.591789 -0.715469
1 18.802 16.9669 1.75744 -0.537138 0.211212 0.816622
1 25.0357 20.8491 1.61391 0.354785 0.206533 -0.911851
1 4.82768 19.4806 1.75482 0.319489 0.516503 0.79445
1 15.0112 27.0355 1.60223 0.742626 0.203302 -0.638103
1 11.472 22.4373 1.78365 0.110372 -0.743593 0.65946
1 20.439 29.2138 1.75738 0.483084 0.437167 0.758627
1 32.946 19.1717 1.73799 0.301004 -0.660954 0.687413
1 10.932 4.69034 1.60924 0.134709 -0.180748 -0.974261
1 0.580927 1.87712 1.60948 -0.359428 -0.21381 -0.908348
1 14.2313 2.27791 1.76038 -0.582707 -0.447143 0.678613
1 8.40952 11.8745 1.60693 -0.367392 -0.0102996 -0.930009
1 28.1869 22.0826 1.60971 0.624909 -0.0791766 -0.776673
1 11.1837 10.5215 1.61188 -0.472628 -0.524669 -0.708057
1 10.2305 5.69228 1.60718 0.293836 0.00741259 -0.955827
1 29.9316 24.8282 1.61092 -0.409702 0.210616 -0.887573
1 17.7647 30.2422 1.75812 0.297624 0.0368866 0.95397
1 24.6249 19.5556 1.60855 0.154274 0.262138 -0.952619
1 11.3052 13.2831 1.62424 -0.243821 -0.51291 -0.823089
1 5.23625 9.99163 1.60311 -0.505029 0.630789 -0.58911
1 1.71641 32.2614 1.77655 -0.528443 0.60111 0.599512
1 32.0577 1.78825 1.61807 -0.365476 0.426493 -0.827364
1 22.0875 20.8355 1.60572 0.354338 0.561226 -0.747977
1 20.467 1.40311 1.61024 -0.546334 0.626057 0.556392
1 24.5786 25.381 1.75369 0.291699 -0.127942 0.947915
1 8.87389 0.0380595 1.61383 -0.455364 -0.212288 -0.864625
1 0.311964 31.141 1.60999 0.388774 -0.354085 -0.850575
1 3.79563 4.18077 1.61471 0.254009 0.566504 -0.783934
1 26.296 16.3151 1.61148 -0.354804 0.0493531 -0.933637
1 31.5401 26.3802 1.60713 -0.258527 -0.0154843 -0.96588
1 22.6735 10.3617 1.61307 0.171592 0.507467 -0.844413
1 23.8076 12.4453 1.61246 0.527237 0.265239 -0.807261
1 10.8336 16.885 1.60719 0.113333 -0.319375 -0.940827
1 21.1346 7.94944 1.59713 -0.0225286 0.827694 -0.560727
1 3.30776 11.1281 1.72886 0.264387 0.522999 0.810291
1 3.92206 5.83503 1.61413 0.115017 0.0856643 -0.989663
1 14.5236 10.3749 1.76174 0.179165 -0.492583 0.851623
1 18.5604 28.2149 1.7575 0.63671 0.121217 0.761516
1 5.87468 23.5199 1.73215 -0.655763 0.369829 0.65818
1 5.59874 28.3813 1.75564 -0.0387032 -0.263024 0.964013
1 13.5452 0.531855 1.75139 -0.435364 -0.46259 0.772314
1 4.15144 16.4013 1.61742 0.11679 0.81761 -0.563803
1 15.9769 7.49495 1.75759 0.507009 -0.321354 0.799796
1 29.9908 30.1987 1.60485 0.229408 0.621854 -0.748779
1 22.2454 28.4365 1.76345 -0.335239 -0.560034 0.757613
1 10.5175 28.3147 1.75365 -0.091565 0.469951 0.877931
1 4.84639 23.134 1.74006 -0.418922 0.328445 0.846539
1 10.8188 34.5033 1.61745 -0.497179 -0.52333 -0.692054
1 27.8662 33.5068 1.76138 0.228104 0.27109 0.935136
1 11.9658 14.6511 1.62286 -0.158261 -0.590082 -0.791679
1 31.9985 19.0311 1.60953 0.193462 -0.745786 -0.637476
1 17.888 2.58826 1.75428 -0.511653 0.152167 0.84561
1 9.99513 10.5505 1.60656 -0.507942 -0.320337 -0.799611
1 0.510955 5.41799 1.60615 0.161313 -0.0343911 -0.986304
1 20.0604 13.8552 1.75761 0.0376155 0.455116 0.889637
1 16.34 15.1142 1.75644 -0.306954 -0.154831 0.939045
1 11.9146 2.63349 1.61608 -0.203203 -0.48606 -0.849973
1 11.9121 4.81649 1.60863 0.102883 -0.334191 -0.936873
1 22.4201 31.0436 1.75255 0.0651551 0.706045 0.705164
1 28.4415 15.6789 1.61936 -0.44057 -0.20521 -0.873949
1 32.7658 25.0612 1.61647 -0.504631 -0.228593 -0.832522
1 8.60358 7.85393 1.60029 0.573418 0.458236 -0.679125
1 17.6593 4.61195 1.76384 -0.785304 0.121247 0.607122
1 29.1367 1.25542 1.75785 -0.209431 0.491582 0.845273
1 16.1191 22.2946 1.60747 -0.113607 0.0174042 -0.993373
1 26.54 18.4127 1.6075 -0.00206368 0.0286984 -0.999586
1 26.3601 17.2615 1.60768 -0.191171 0.0404962 -0.980721
1 18.5832 23.7406 1.61021 0.152556 -0.348956 -0.924639
1 19.0439 24.6547 1.61211 0.325665 -0.418771 -0.847687
1 10.1766 24.9849 1.75457 0.488598 0.385379 0.782787
1 11.3439 8.69235 1.61657 0.708012 -0.083255 -0.701276
1 2.16995 19.5473 1.76049 0.303498 0.0369921 0.952114
1 20.0784 34.3314 1.74898 -0.28909 0.44173 0.849295
1 19.5743 1.04464 1.75526 -0.392135 0.526174 0.754566
1 17.3799 12.5867 1.75965 0.00422954 0.0160957 0.999862
1 33.442 22.5138 1.75458 -0.315486 -0.47529 0.821321
1 28.3244 32.5875 1.75559 0.365466 0.347321 0.863599
1 14.5397 11.488 1.76097 0.0210776 -0.474852 0.879813
1 25.0835 28.9374 1.75818 -0.349008 -0.0414402 0.936203
1 2.00403 7.32031 1.60563 0.392316 0.00484218 -0.919818
1 5.13394 30.9615 1.75544 -0.496399 -0.27576 0.823131
1 28.7326 7.18078 1.60579 -0.25678 -0.349566 -0.901037
1 33.6501 10.8511 1.75844 0.341607 -0.190368 0.920361
1 1.77656 23.0866 1.75607 -0.337745 -0.00889405 0.941195
1 17.9573 22.9657 1.60755 0.00234029 -0.255064 -0.966921
1 30.1374 17.362 1.60968 -0.150776 -0.480575 -0.863895
1 19.0949 14.0416 1.76199 -0.0776735 0.305769 0.948932
1 1.71674 11.6966 1.75822 0.207641 0.256697 0.943924
1 18.774 5.71574 1.75501 0.649463 0.285723 0.70467
1 21.9769 24.9874 1.76105 0.362839 -0.503147 0.784341
1 27.9021 6.47598 1.61196 -0.378645 -0.227885 -0.897049
1 30.2456 10.6912 1.6099 0.369275 -0.664796 -0.649371
1 9.99147 27.4058 1.7602 0.0734664 0.379424 0.922301
1 0.51032 20.8054 1.75878 0.0663159 -0.225245 0.972043
1 11.4624 19.8357 1.61128 0.520178 -0.427146 -0.739568
1 7.18421 14.8019 1.60503 -0.0249182 0.264534 -0.964054
1 12.2214 21.6423 1.60614 -0.234874 0.62641 -0.743266
1 33.4506 23.6227 1.75363 -0.530295 -0.452215 0.717139
1 7.93191 3.54492 1.60798 0.104995 -0.0592159 -0.992708
1 10.3829 6.70819 1.60833 0.438964 0.0588997 -0.896572
1 16.5721 34.1385 1.7602 -0.191817 -0.0505987 0.980125
1 16.1262 14.0874 1.76146 -0.191788 -0.191397 0.962593
1 26.9078 7.00628 1.60736 -0.317891 -0.115345 -0.941085
1 3.1393 15.6218 1.74998 -0.388168 0.58916 0.708672
1 27.3455 34.3303 1.76007 0.106563 0.185062 0.976932
1 3.16707 17.7732 1.75688 0.560211 0.193594 0.80541
1 31.4727 34.5044 1.59667 -0.531336 0.652329 -0.540508
1 23.8761 34.2145 1.7614 0.285745 -0.384556 0.877763
1 31.8656 15.4273 1.75359 -0.470693 -0.53679 0.700218
1 3.82278 1.10374 1.60638 -0.191163 0.656959 -0.729289
1 20.1843 11.9792 1.75465 0.00289238 0.5126 0.858623
1 13.7387 12.1585 1.74023 -0.148413 -0.609645 0.778657
1 8.33905 25.3924 1.75815 0.402521 0.0561436 0.913687
1 18.1218 6.50557 1.75543 0.571972 0.155126 0.805472
1 10.8484 1.3049 1.60729 -0.292864 -0.554206 -0.779157
1 0.657579 11.5384 1.75961 0.235815 0.0795773 0.968534
1 0.915502 23.7341 1.75705 -0.477216 -0.139178 0.867695
1 15.8131 33.4734 1.76007 -0.115206 -0.157432 0.980787
1 5.47511 7.44146 1.60678 0.400038 -0.309976 -0.862487
1 32.7477 31.3341 1.61246 0.419119 0.0956523 -0.902879
1 30.026 20.6647 1.61476 0.429667 -0.356437 -0.829662
1 19.1754 34.0189 1.7547 -0.181776 0.329394 0.926529
1 27.1755 5.18714 1.60268 -0.720582 -0.0215656 -0.693034
1 5.79793 29.3578 1.76017 -0.210268 -0.22191 0.952126
1 15.1498 19.1571 1.6182 -0.658277 0.14987 -0.737706
1 34.0593 25.1973 1.62748 -0.602216 -0.420492 -0.678618
1 6.43766 9.90487 1.60782 -0.535233 0.410731 -0.738124
1 6.32059 1.31909 1.607 -0.232203 0.162733 -0.958958
1 4.76456 0.22989 1.77195 0.333165 -0.430663 0.838767
1 23.4281 8.38759 1.613 -0.0843282 0.351032 -0.932558
1 18.9302 30.1425 1.7581 0.314029 0.183488 0.931514
1 34.5174 15.2936 1.76055 -0.430423 -0.00621191 0.902606
1 26.1001 11.8635 1.62133 0.468428 -0.0257922 -0.883125
1 9.96629 29.3169 1.75144 -0.228686 0.374437 0.89861
1 18.4858 13.1563 1.76016 -0.0200928 0.177224 0.983965
1 26.0238 7.50296 1.61028 -0.218409 -0.00769821 -0.975827
1 2.41006 20.553 1.76031 0.136843 0.0699352 0.988121
1 9.23952 5.38803 1.60225 0.219906 0.175498 -0.959605
1 33.0946 20.3782 1.75627 0.0938183 -0.555981 0.825883
1 33.8245 31.159 1.61152 0.399065 -0.133967 -0.907083
1 8.82623 17.3745 1.60678 0.220527 0.0321815 -0.97485
1 2.78597 33.6778 1.60197 0.459192 -0.378375 -0.803726
1 1.65876 5.09594 1.60753 0.118578 -0.270422 -0.955411
1 15.0092 32.836 1.75957 -0.0358986 -0.264042 0.963843
1 27.1177 29.4304 1.75413 -0.422774 0.31423 0.850013
1 31.809 32.1122 1.61018 0.542011 0.288925 -0.789143
1 5.80186 33.3374 1.59971 -0.643536 0.166518 -0.747083
1 18.5683 20.4584 1.61052 -0.472046 -0.367545 -0.801301
1 16.2374 31.4477 1.75938 0.147486 -0.119235 0.981851
1 30.9044 21.266 1.61389 0.547413 -0.479122 -0.686135
1 19.3516 12.6499 1.75748 0.0130845 0.330415 0.943745
1 8.95757 18.7076 1.60884 0.363838 0.0598797 -0.929535
1 17.6824 16.6829 1.75851 -0.514615 0.0218604 0.857143
1 24.0653 18.6007 1.61023 -0.00493975 0.332669 -0.943031
1 33.968 18.3119 1.75329 0.505791 -0.442906 0.740277
1 30.317 32.4846 1.58957 -0.32199 -0.672259 -0.666626
1 1.1531 19.3502 1.76221 0.347613 -0.122821 0.929559
1 24.7623 13.1899 1.61647 0.677029 0.0660193 -0.73299
1 12.5804 6.78717 1.60552 0.386927 -0.354378 -0.851295
1 20.6169 10.6519 1.73682 0.114038 0.633546 0.765255
1 16.8714 8.04469 1.75742 0.425509 -0.116506 0.897423
1 19.7068 10.9191 1.74925 0.13997 0.449696 0.882146
1 18.8825 22.6856 1.6095 -0.0532963 -0.426508 -0.902912
1 8.87264 4.44598 1.60338 0.0598659 0.147837 -0.987198
1 0.777996 21.7478 1.76077 -0.109641 -0.189735 0.975694
1 9.87313 16.9488 1.60828 0.138576 -0.165449 -0.976434
1 3.71488 19.1416 1.75189 0.391675 0.320425 0.862507
1 34.2371 11.6169 1.75849 0.209193 -0.0911646 0.973616
1 7.34416 17.2703 1.61116 0.178385 0.28632 -0.941382
1 30.806 7.95462 1.60574 -0.124604 -0.678592 -0.723869
1 10.0539 14.5203 1.60678 -0.0525115 -0.261584 -0.963751
1 15.8405 20.1674 1.60796 -0.510662 0.0283413 -0.859314
1 14.8307 24.9079 1.60933 0.328498 0.277089 -0.902945
1 16.2906 23.547 1.60777 0.106638 0.0042314 -0.994289
1 12.8308 9.93827 1.7423 0.224228 -0.756173 0.614755
1 33.4422 34.4055 1.60601 -0.662318 0.109314 -0.741205
1 9.56394 7.40811 1.60817 0.542048 0.253647 -0.801154
1 28.2713 34.5679 1.76113 0.0393734 0.336721 0.940781
1 9.87517 22.8803 1.59206 -0.760953 -0.313563 -0.568005
1 3.3758 27.0444 1.75744 0.267903 -0.596359 0.756693
1 24.194 11.5547 1.60792 0.380748 0.239848 -0.893031
1 25.1467 26.203 1.75907 0.134381 -0.0381724 0.990194
1 30.5781 26.7298 1.61232 -0.254577 0.181651 -0.949839
1 24.5451 0.586617 1.7549 0.0475475 -0.233764 0.97113
1 1.06339 14.3798 1.75661 -0.25513 0.174061 0.951111
1 16.4864 3.69055 1.76286 -0.660352 -0.127304 0.740087
1 34.4239 22.0798 1.75895 -0.206947 -0.333298 0.919829
1 3.76167 6.80191 1.61229 0.303737 0.0222033 -0.952497
1 14.1533 3.61804 1.59747 -0.323338 -0.7292 -0.603091
1 18.2502 29.3681 1.75331 0.427608 0.0821346 0.900225
1 2.60556 5.2524 1.60645 0.142834 -0.432474 -0.890261
1 13.9878 24.0457 1.60858 0.165304 0.381696 -0.909386
1 1.62376 21.1873 1.75993 0.0139488 -0.0625031 0.997947
1 15.1911 0.69611 1.75746 -0.3753 -0.253265 0.891632
1 33.2887 12.0013 1.76061 0.130717 -0.238843 0.96222
1 9.87355 1.52295 1.60627 -0.249482 -0.363844 -0.897428
1 30.2465 19.5676 1.61076 0.239222 -0.436842 -0.867146
1 32.0602 3.63822 1.60784 -0.0681067 0.457119 -0.886794
1 16.7191 24.4191 1.60406 0.271272 -0.0512797 -0.961136
1 20.7186 5.58155 1.62394 0.196154 0.819116 -0.539048
1 7.86732 29.7234 1.75481 -0.280172 0.0834449 0.956316
1 10.0785 31.7766 1.74848 -0.605689 0.44842 0.657312
1 31.1302 17.474 1.61364 -0.134224 -0.636364 -0.759622
1 7.79171 31.4234 1.75584 -0.585375 0.0526216 0.809053
1 26.3267 31.7091 1.75803 0.568897 -0.0131201 0.822304
1 17.8153 1.06321 1.76009 -0.344737 0.176087 0.922036
1 0.439885 26.1476 1.60634 -0.369688 -0.556327 -0.744199
1 7.17921 33.0812 1.60375 -0.75308 -0.0192223 -0.657648
1 9.5651 3.72458 1.59882 0.0403906 -0.0730644 -0.996509
1 15.1427 9.40501 1.7565 0.262803 -0.37369 0.889545
1 15.8797 26.3799 1.61638 0.588248 0.128965 -0.798331
1 18.1854 25.5268 1.61412 0.488302 -0.267938 -0.830524
1 9.02864 27.5539 1.75999 0.0636277 0.225823 0.972088
1 32.5299 2.66582 1.60993 -0.232277 0.33542 -0.912985
1 15.9529 8.63521 1.75658 0.351728 -0.260054 0.899255
1 14.9043 4.93939 1.59525 -0.0575864 -0.795602 -0.603077
1 28.6367 10.2643 1.61299 0.241268 -0.361743 -0.900518
1 3.39819 2.59205 1.62118 0.0670685 0.657594 -0.750381
1 14.6188 1.42447 1.74298 -0.487857 -0.34274 0.802823
1 31.7205 25.3844 1.61005 -0.403069 -0.0777401 -0.911862
1 11.9362 7.69567 1.60072 0.549995 -0.221687 -0.805208
1 34.0388 5.39029 1.60818 0.169168 0.122097 -0.977995
1 15.9861 32.4578 1.75982 0.0162953 -0.141871 0.989751
1 2.0291 12.7468 1.75653 0.0235123 0.327082 0.944704
1 7.95036 12.7798 1.60768 -0.258092 0.0879323 -0.962111
1 6.07743 2.27925 1.60792 -0.0670874 0.186456 -0.98017
1 33.6042 2.62382 1.60872 -0.25061 0.123034 -0.960238
1 7.66714 15.7188 1.60671 0.0507803 0.194193 -0.979648
1 28.946 4.75872 1.78682 0.728429 0.136869 0.671311
1 11.4696 15.669 1.61534 -0.0610109 -0.423488 -0.903845
1 27.6807 25.6319 1.76338 0.219786 0.374538 0.900786
1 34.0051 9.88906 1.75647 0.533999 -0.14414 0.833108
1 31.7411 29.2865 1.60696 0.149426 0.192822 -0.969789
1 26.2171 32.6664 1.75704 0.397344 -0.0289004 0.917214
1 29.2051 0.106806 1.7529 -0.021352 0.486917 0.873187
1 22.6518 1.27744 1.74534 0.0733338 -0.526167 0.847213
1 28.6263 31.6089 1.75956 0.519143 0.412544 0.748531
1 19.704 9.78511 1.75307 0.278425 0.47339 0.835693
1 25.2656 1.29845 1.75575 -0.099031 -0.0943897 0.990598
1 19.6034 8.45836 1.74538 0.319428 0.417218 0.85082
1 7.16487 30.5673 1.75818 -0.419937 -0.0150026 0.907429
1 16.7476 33.1248 1.76013 -0.0661084 -0.0347242 0.997208
1 1.81007 9.98811 1.75225 0.520759 0.255496 0.814575
1 33.5372 6.35846 1.60978 0.347631 0.215499 -0.912531
1 21.1257 28.5862 1.76395 0.58622 0.574234 0.571491
1 6.40378 24.3155 1.74359 0.703349 -0.268323 0.658258
1 0.983775 15.3959 1.75926 -0.420229 0.173095 0.890756
1 23.2209 16.5065 1.60761 -0.355238 0.447902 -0.820481
1 5.79502 11.0133 1.6084 -0.345727 0.554278 -0.757131
1 29.2837 3.27779 1.75199 -0.485925 0.583239 0.650929
1 21.1874 26.2739 1.60053 -0.15757 0.700187 -0.696355
1 15.525 2.58422 1.74822 -0.574332 -0.254716 0.777987
1 24.6515 27.0001 1.76074 -0.0161658 -0.126108 0.991885
1 6.12662 18.3679 1.62582 0.337901 0.555745 -0.759586
1 0.27393 18.8464 1.76586 0.449128 -0.26603 0.852943
1 2.3155 26.8816 1.76107 0.261211 -0.773364 0.577647
1 6.73068 5.53641 1.61365 0.0650451 -0.416042 -0.907016
1 19.0849 17.8945 1.74751 -0.68708 0.203488 0.697505
1 17.1919 0.294371 1.76082 -0.27405 0.0557023 0.960101
1 13.131 13.015 1.76058 -0.306353 -0.711915 0.631922
1 22.7941 2.54297 1.76334 -0.153868 -0.459599 0.874696
1 17.4781 33.8154 1.76037 -0.153333 0.0775516 0.985127
1 4.1979 24.1531 1.73283 -0.651751 0.314626 0.690095
1 9.12504 31.196 1.76153 -0.560477 0.231809 0.795066
1 5.59387 0.678646 1.61726 -0.321537 0.262127 -0.909892
1 26.1128 12.7761 1.6391 0.619603 -0.0682047 -0.781946
1 34.446 23.2042 1.75409 -0.41621 -0.315443 0.852798
1 12.7144 30.971 1.74345 0.271575 -0.55692 0.784912
1 29.3854 32.6489 1.7565 0.322338 0.52764 0.785935
1 21.9669 8.54559 1.6147 -0.0851428 0.629248 -0.772527
1 26.7326 20.3205 1.61027 0.284452 0.0349802 -0.958052
1 7.63858 10.0442 1.61711 -0.586326 0.159816 -0.794154
1 27.5857 10.3821 1.61016 0.234389 -0.206547 -0.949948
1 1.93307 14.835 1.75815 -0.325536 0.331333 0.885576
1 8.31413 21.6962 1.61782 0.740995 0.117012 -0.661238
1 12.9925 1.27482 1.77025 -0.551312 -0.550928 0.626524
1 25.2372 15.9828 1.60823 -0.445838 0.186698 -0.875427
1 0.632134 29.9869 1.60722 0.196028 -0.517244 -0.833085
1 13.9028 19.5704 1.61602 -0.565919 0.40679 -0.717117
1 32.4864 21.3897 1.75251 -0.130587 -0.629183 0.766209
1 12.1978 28.9069 1.73918 -0.26573 0.707706 0.65463
1 2.4167 29.5193 1.76395 -0.17331 -0.79187 0.585582
1 21.9905 11.1665 1.60652 0.295764 0.61112 -0.734204
1 25.7672 5.51584 1.61103 -0.577726 0.0327879 -0.815572
1 16.9689 32.1223 1.76008 0.053951 -0.0258712 0.998208
1 11.7226 11.7994 1.60965 -0.253437 -0.675453 -0.692483
1 25.6021 3.0739 1.74943 -0.430473 -0.00468756 0.902591
1 27.332 15.7576 1.61166 -0.405823 -0.0622953 -0.911826
1 5.57565 25.3512 1.72241 0.49085 -0.330688 0.806047
1 15.4854 30.7917 1.75788 0.247521 -0.210776 0.945678
1 23.567 0.671222 1.75982 0.114551 -0.380556 0.917636
1 27.8201 2.01299 1.76705 -0.316419 0.300197 0.899867
1 21.8268 15.2951 1.74908 -0.177181 0.701365 0.690431
1 20.9298 2.34616 1.75374 0.186077 -0.73983 0.646551
1 6.01264 13.0582 1.76926 0.207512 -0.452266 0.867407
1 21.8291 29.8613 1.7512 0.329351 0.623661 0.708926
1 13.9407 4.93009 1.61508 0.00486027 -0.657134 -0.753758
1 19.556 16.0494 1.76009 -0.363077 0.350904 0.863158
1 23.8321 27.4419 1.7591 -0.112452 -0.269497 0.956413
1 4.05767 30.3455 1.755 -0.357205 -0.466005 0.809471
1 11.098 18.9012 1.61414 0.401097 -0.32984 -0.854592
1 1.58719 29.6423 1.60454 0.131303 -0.716061 -0.685577
1 0.921675 7.86824 1.61116 0.652257 0.0539739 -0.756074
1 23.1218 28.0568 1.7631 -0.217982 -0.402279 0.889188
1 18.8096 0.539461 1.76057 -0.315054 0.369227 0.874307
1 23.1089 11.4611 1.60948 0.355822 0.418559 -0.835583
1 18.0414 21.9997 1.60847 -0.165902 -0.273112 -0.947568
1 9.63046 17.9415 1.60804 0.270129 -0.0957014 -0.958056
1 11.2613 5.73335 1.61067 0.267211 -0.175146 -0.947588
1 26.9306 1.62558 1.76139 -0.230672 0.1548 0.960639
1 19.6017 23.5643 1.61121 0.103107 -0.52377 -0.845597
1 24.2377 23.6432 1.76149 0.644841 -0.0966468 0.758182
1 7.73074 0.105426 1.61127 -0.429858 -0.0689362 -0.900261
1 24.0453 26.2205 1.75882 0.119287 -0.226538 0.96667
1 28.2073 1.01837 1.76245 -0.138426 0.341273 0.929716
1 28.3192 19.4147 1.60857 0.181822 -0.168121 -0.968853
1 32.1328 17.5613 1.61298 -0.120152 -0.773645 -0.622123
1 8.93364 24.5637 1.75784 0.545031 0.139526 0.826725
1 25.6212 25.3833 1.75762 0.286767 0.0536172 0.956499
1 20.1439 3.70222 1.77448 0.0850225 -0.885042 0.457682
1 17.0887 10.2713 1.75797 0.190906 -0.0406563 0.980766
1 15.1962 13.6379 1.76218 -0.183979 -0.344608 0.920542
1 33.8051 13.7146 1.75889 -0.167319 -0.145232 0.975147
1 30.7639 34.0028 1.7699 -0.0234969 0.766267 0.642092
1 24.37 33.0866 1.75633 0.410099 -0.368557 0.834257
1 31.0614 18.7383 1.6091 0.103665 -0.602844 -0.791096
1 6.60404 0.310294 1.61586 -0.409588 0.102045 -0.906545
1 32.7265 33.6146 1.60727 -0.710525 0.300901 -0.636092
1 7.50967 13.7586 1.60687 -0.145056 0.180982 -0.97273
1 32.3071 8.01462 1.77413 -0.667986 -0.326957 0.668501
1 16.3527 11.0196 1.76005 0.125601 -0.183239 0.975012
1 17.6971 32.8182 1.76102 -0.0278569 0.0911464 0.995448
1 4.53148 22.2171 1.75503 -0.191954 0.358141 0.913722
1 19.7288 21.0361 1.61389 -0.369122 -0.534652 -0.760195
1 23.4005 15.1907 1.77573 0.631743 -0.395073 0.666946
1 2.89488 9.89635 1.74305 0.474166 0.488592 0.732423
1 16.9713 22.8149 1.60725 -0.0238039 -0.105868 -0.994095
1 12.4604 16.0053 1.6207 -0.0444432 -0.594424 -0.802923
1 30.7872 9.30455 1.60797 0.151786 -0.694745 -0.703058
1 8.61172 15.4925 1.60741 0.033232 0.0387644 -0.998696
1 12.2794 5.82061 1.61221 0.242534 -0.349318 -0.905071
1 24.858 27.9534 1.76008 -0.181455 -0.0862116 0.979613
1 21.3898 12.3612 1.74719 0.325915 0.717132 0.616036
1 24.863 6.1602 1.6098 -0.413561 0.137 -0.90011
1 11.8963 27.0286 1.75792 0.15338 0.662522 0.73317
1 14.309 6.19145 1.62053 0.243966 -0.68338 -0.688094
1 23.2322 29.1506 1.75818 -0.394957 -0.357863 0.846134
1 2.85949 1.30355 1.62172 -0.0779927 0.826062 -0.558157
1 12.686 11.5179 1.73824 -0.0802801 -0.788334 0.609987
1 20.9187 13.3872 1.75821 0.175854 0.575374 0.798761
1 23.4375 30.2549 1.76063 -0.567492 -0.391394 0.724406
1 13.9566 29.3925 1.74801 0.44999 -0.460436 0.765185
1 34.5962 6.23313 1.60761 0.318191 0.0577837 -0.946264
1 32.412 22.6701 1.73377 -0.380542 -0.630759 0.676263
1 12.1088 25.803 1.74991 0.406544 0.69613 0.591714
1 27.8857 14.7964 1.61631 -0.586903 -0.00516418 -0.809641
1 20.823 20.3937 1.6109 0.327159 0.738319 -0.58979
1 30.2128 29.0377 1.60672 0.0332023 0.500912 -0.864861
1 5.53814 31.9791 1.74959 -0.684279 -0.217082 0.696159
1 15.847 1.68383 1.75237 -0.475305 -0.152809 0.86645
1 25.3516 33.2265 1.75194 0.327684 -0.190705 0.92534
1 16.4802 12.1042 1.76018 0.0146533 -0.142689 0.989659
1 18.234 26.531 1.60357 0.654143 -0.251336 -0.713391
1 22.8465 18.4394 1.61283 -0.0453841 0.495878 -0.867205
1 34.1171 20.5903 1.7582 0.0782158 -0.385571 0.919357
1 26.0999 22.8418 1.60569 0.764667 0.247426 -0.595034
1 1.08084 2.81792 1.61222 -0.204268 -0.292346 -0.934242
1 27.2369 19.4541 1.60876 0.158795 -0.0359305 -0.986658
1 1.05601 28.5953 1.61431 0.0551391 -0.575245 -0.816121
1 31.2642 12.5223 1.76488 0.0710036 -0.590047 0.804241
1 13.733 26.3488 1.6121 0.551484 0.475098 -0.685673
1 23.1246 21.6356 1.61591 0.512678 0.415155 -0.751537
1 19.2043 32.866 1.75915 -0.0495558 0.272739 0.960811
1 8.0024 10.9686 1.60975 -0.477393 0.0771804 -0.875294
1 31.0966 28.5284 1.60556 0.00674487 0.279443 -0.960138
1 1.11449 12.4335 1.75954 0.0727337 0.161412 0.984203
1 3.15544 23.7519 1.75136 -0.436667 0.207058 0.875471
1 29.1023 22.7396 1.60453 0.738745 -0.218745 -0.6375
1 2.69307 28.1461 1.75432 0.0463948 -0.696734 0.715828
1 17.0779 25.2607 1.61642 0.440208 -0.0805237 -0.894278
1 8.82227 10.2375 1.60877 -0.569934 -0.0810022 -0.817688
1 8.50288 13.6426 1.60695 -0.160492 0.000523984 -0.987037
1 17.2786 11.4785 1.75934 0.106178 -0.0113733 0.994282
1 7.20644 20.8435 1.61963 0.611959 0.407642 -0.677742
1 8.54481 22.841 1.77245 0.785177 0.050907 0.617175
1 29.8333 33.8202 1.75661 0.100609 0.616381 0.780995
1 33.5893 4.4643 1.60852 0.0210466 0.173139 -0.984672
1 32.3738 27.2084 1.60829 -0.140974 -0.0755371 -0.987127
1 9.94484 8.45007 1.61088 0.720259 0.203462 -0.663197
1 1.58974 1.74934 1.60474 -0.330645 -0.426461 -0.841905
1 26.802 33.5002 1.75921 0.250842 0.0826355 0.964495
1 1.55678 3.80499 1.61365 -0.048235 -0.35773 -0.932579
1 5.14337 2.65752 1.61227 -0.00336878 0.324045 -0.946036
1 24.2985 3.61515 1.75536 -0.407457 -0.172077 0.896866
1 34.1282 0.632556 1.60675 -0.529864 -0.0257702 -0.847691
1 10.2621 19.7587 1.62528 0.533305 -0.187668 -0.824843
1 3.69937 22.8694 1.76294 -0.27277 0.225713 0.935227
1 1.39611 20.2636 1.75892 0.183453 -0.0944178 0.978484
1 17.7737 21.0321 1.61278 -0.343105 -0.252335 -0.904769
1 18.0413 10.839 1.75732 0.164566 0.138171 0.976641
1 2.31191 10.9525 1.75982 0.331281 0.344726 0.878304
1 29.161 14.445 1.61448 -0.628117 -0.186935 -0.755331
1 25.9142 33.9879 1.76049 0.203126 -0.0602164 0.977299
1 9.31454 26.5911 1.75963 0.215748 0.255679 0.942381
1 15.0811 29.0952 1.75463 0.50413 -0.275909 0.818369
1 17.0173 1.77957 1.75596 -0.42856 0.0348243 0.902842
1 24.3979 14.1203 1.60392 0.830455 0.0475056 -0.555057
1 32.6884 11.2594 1.75664 0.248285 -0.343219 0.905845
1 20.8572 32.2887 1.75046 -0.0298505 0.495926 0.867852
1 34.1707 1.65587 1.6114 -0.381466 -0.00563838 -0.924366
1 0.240077 19.8565 1.76104 0.245283 -0.272521 0.93036
1 19.1277 2.55409 1.73494 -0.524012 0.382482 0.760999
1 23.4313 19.4197 1.61404 0.119857 0.41164 -0.903431
1 11.7486 1.00672 1.60018 -0.323754 -0.720428 -0.613324
1 8.11353 14.6049 1.60636 -0.0542444 0.0999424 -0.993513
1 2.72598 24.7352 1.77079 -0.613886 0.17992 0.768617
1 29.6452 31.3695 1.77206 0.561126 0.586515 0.584069
1 29.7716 7.49 1.60741 -0.213882 -0.512719 -0.831489
1 28.6695 25.7025 1.76877 0.210903 0.542873 0.812902
1 27.5065 31.6814 1.75651 0.533059 0.201703 0.821683
1 24.3153 16.7412 1.61339 -0.317744 0.300849 -0.899182
1 11.4293 3.64658 1.62239 -0.0176 -0.35235 -0.935703
1 4.65575 28.2259 1.75088 0.0110045 -0.405166 0.914177
1 30.9874 29.9881 1.61176 0.207218 0.423969 -0.881652
1 12.9969 2.5762 1.62064 -0.457013 -0.585917 -0.669209
1 8.31356 6.64727 1.61293 0.340578 0.480425 -0.808207
1 28.1253 13.824 1.6221 -0.754043 0.0671988 -0.653378
1 13.835 21.0173 1.60728 -0.347252 0.388765 -0.853392
1 10.6619 11.5661 1.60982 -0.314764 -0.482196 -0.817564
1 21.0148 33.4654 1.74279 -0.211079 0.545172 0.811316
1 17.9096 9.63716 1.75814 0.249331 0.102092 0.963022
1 25.6026 23.636 1.76138 0.655599 0.141904 0.741656
1 13.127 34.0005 1.75507 -0.235049 -0.496784 0.835439
1 31.9419 14.3567 1.74779 -0.288109 -0.458207 0.840856
1 17.3839 5.65112 1.75648 0.72698 -0.0168873 0.686451
1 22.1137 3.44669 1.75733 -0.25238 -0.557862 0.790629
1 12.3158 32.1819 1.74958 0.110839 -0.616382 0.779607
1 20.6642 22.0478 1.61331 -0.277263 -0.714664 -0.642169
1 8.10903 18.0666 1.60886 0.27737 0.197302 -0.940286
1 19.3063 29.1183 1.75846 0.478337 0.245367 0.843202
1 24.1584 21.3604 1.61973 0.457349 0.302727 -0.836175
1 23.8549 32.2969 1.58671 -0.568507 0.474532 -0.672026
1 20.9946 14.61 1.75473 -0.0584887 0.587307 0.807248
1 21.8316 18.4608 1.6114 -0.0442293 0.634297 -0.771824
1 21.9845 33.6398 1.71464 -0.351334 0.667785 0.656222
1 0.259381 34.4377 1.6122 -0.670755 -0.151596 -0.726021
1 19.31 25.6917 1.60663 0.501658 -0.478326 -0.720793
1 13.3749 16.5486 1.60911 -0.0259835 -0.770283 -0.637173
1 4.36886 27.2028 1.75417 0.215532 -0.451233 0.865988
1 25.0471 12.2552 1.61217 0.508444 0.109089 -0.854157
1 27.632 23.0414 1.615 0.758 0.0198128 -0.651953
1 11.6209 17.8774 1.61725 0.249512 -0.43789 -0.863711
1 16.2333 28.8376 1.75685 0.558528 -0.110409 0.822105
1 12.4713 22.8997 1.60398 0.00480696 0.613125 -0.789971
1 34.0788 3.55859 1.60716 -0.11991 0.0565986 -0.99117
1 28.0926 8.46684 1.60816 -0.0517443 -0.263625 -0.963236
