1 16.5289 32.5302 1.76002 0.0417843 -0.0667337 0.996896
1 26.8421 15.1841 1.6348 -0.691073 0.133538 -0.710342
1 20.5418 14.067 1.75234 -0.282178 0.483055 0.828875
1 26.9955 20.3706 1.60908 0.190929 -0.0206662 -0.981386
1 4.9375 26.6071 1.75522 0.147168 -0.364869 0.919354
1 20.525 6.96418 1.76359 0.44062 0.650179 0.618967
1 13.7062 20.7128 1.62675 -0.371709 0.461172 -0.8057
1 29.3727 19.4903 1.60306 0.0941045 -0.380807 -0.919853
1 8.76928 6.70185 1.61149 0.452032 0.206103 -0.867864
1 2.97216 12.186 1.7611 -0.0340366 0.533916 0.844852
1 19.0059 17.668 1.75966 -0.681564 0.195043 0.705287
1 0.0368477 15.3171 1.75307 -0.566448 0.0474141 0.822732
1 24.1142 1.90549 1.75399 -0.0937208 -0.370027 0.924282
1 30.8486 14.3315 1.75623 -0.299338 -0.539741 0.786814
1 15.2264 21.6054 1.60585 -0.177398 0.195569 -0.964512
1 25.939 18.0063 1.61039 -0.202025 0.0910581 -0.975138
1 17.4022 0.793187 1.75999 -0.289433 0.0592662 0.955362
1 31.1048 19.659 1.6198 0.186196 -0.654853 -0.732461
1 30.9921 18.3728 1.61441 -0.0521444 -0.620466 -0.782498
1 14.4095 19.5388 1.61595 -0.517191 0.34145 -0.784809
1 13.8246 31.0122 1.752 0.246434 -0.418326 0.874227
1 18.7396 20.261 1.60689 -0.436512 -0.379535 -0.815727
1 16.9188 29.9764 1.75469 0.389497 -0.0291467 0.920567
1 34.0703 0.224216 1.74671 -0.0666938 0.724062 0.686503
1 32.7314 0.872953 1.74982 -0.102678 0.531325 0.840922
1 23.771 13.5466 1.60986 0.565683 0.272795 -0.778194
1 8.48 10.2779 1.60711 -0.531152 -0.0163827 -0.847118
1 8.45814 16.3599 1.60861 0.102644 0.108396 -0.988794
1 6.49857 34.3199 1.60903 -0.242601 -0.0430853 -0.969169
1 16.5771 15.4548 1.75398 -0.445545 -0.154484 0.88183
1 12.3922 13.7266 1.6056 -0.0424394 -0.711536 -0.701367
1 8.15314 26.1019 1.75941 0.205419 0.0832863 0.975124
1 10.6321 6.10221 1.61033 0.325989 -0.0817825 -0.94183
1 14.0235 26.0939 1.60472 0.577539 0.325511 -0.748659
1 20.0252 8.94624 1.75239 0.279222 0.511088 0.812911
1 25.6535 25.9113 1.76145 0.306508 0.189448 0.932825
1 8.82302 8.40824 1.61311 0.811268 0.0695464 -0.580523
1 3.16145 33.9269 1.61136 -0.310074 0.384263 -0.869596
1 16.9564 31.7004 1.75974 0.150561 -0.0130395 0.988515
1 6.09974 17.3373 1.61838 0.253533 0.552614 -0.793939
1 2.8643 15.2182 1.74345 -0.565126 0.409117 0.716419
1 3.0182 19.0102 1.75718 0.276166 0.204669 0.939065
1 19.9813 23.9884 1.60671 0.247525 -0.535693 -0.807319
1 18.0076 15.5129 1.75603 -0.439915 0.0525923 0.896498
1 4.99335 10.4963 1.60854 -0.41722 0.648987 -0.636195
1 22.3555 29.9671 1.7455 -0.401707 -0.486953 0.77557
1 20.8382 9.93978 1.75035 0.116877 0.677498 0.726179
1 30.0925 13.4076 1.76251 -0.0936569 -0.637848 0.764447
1 29.6369 7.10787 1.65745 -0.35549 -0.645754 -0.675743
1 3.55249 4.49874 1.6065 -0.236461 -0.386234 -0.891577
1 28.2793 26.6412 1.76816 0.162895 0.734267 0.659028
1 2.59686 18.0046 1.75529 0.452933 0.141146 0.880301
1 10.5697 8.08344 1.6197 0.677956 -0.101068 -0.728122
1 12.4843 21.2743 1.63718 -0.286549 0.687128 -0.667641
1 21.9795 18.5411 1.61303 -0.158391 0.630263 -0.760053
1 9.6024 29.1562 1.7516 -0.304242 0.308914 0.901115
1 32.6395 27.9021 1.60682 -0.0487906 0.0291335 -0.998384
1 28.0324 25.2245 1.75735 0.380253 0.604224 0.700229
1 16.9082 17.1996 1.74439 -0.659251 -0.12452 0.741541
1 5.10335 6.01005 1.61132 -0.0531054 -0.692699 -0.719269
1 7.50371 3.99108 1.60413 -0.0179422 0.473424 -0.880652
1 26.1156 25.0674 1.75686 0.468151 0.23577 0.851614
1 19.8856 10.0557 1.74999 0.14794 0.464617 0.873066
1 33.9643 12.4808 1.75705 0.00947617 -0.0565125 0.998357
1 30.3768 24.5071 1.6147 -0.57459 0.398464 -0.714894
1 2.43471 27.9084 1.74727 -0.0683232 -0.737877 0.671468
1 28.5329 6.86763 1.61014 -0.323589 -0.471393 -0.820413
1 22.3983 34.4904 1.65808 -0.427547 0.755218 0.496839
1 15.4824 19.715 1.61087 -0.473793 0.150055 -0.867758
1 33.5199 27.5157 1.60835 -0.113671 -0.152795 -0.981699
1 32.0315 3.7033 1.60908 -0.255721 0.331732 -0.908053
1 5.26122 1.11338 1.60854 0.02525 0.0663383 -0.997478
1 12.2973 5.11348 1.60954 0.154229 -0.395521 -0.905415
1 18.7524 13.532 1.75943 -0.203661 0.199417 0.958517
1 15.8315 33.1428 1.75947 -0.0371106 -0.165793 0.985462
1 23.5033 24.7676 1.72485 0.54129 -0.209647 0.814281
1 17.0977 5.51692 1.7474 0.720039 -0.10135 0.686492
1 24.8385 26.4421 1.76068 0.205034 0.0455602 0.977694
1 34.6056 13.1453 1.75684 -0.125172 0.0433886 0.991186
1 9.68929 26.4062 1.76093 0.148272 0.313533 0.93793
1 31.2986 33.7018 1.75349 0.375987 0.392267 0.8395
1 32.6336 25.9293 1.60832 -0.397887 -0.0431033 -0.916421
1 31.5969 27.0314 1.60894 -0.195908 0.187415 -0.962546
1 21.38 6.36716 1.60942 -0.0947324 0.740866 -0.664938
1 16.2925 30.9567 1.75771 0.251104 -0.115165 0.961085
1 24.2935 11.5902 1.60963 0.283464 0.229528 -0.93111
1 7.82092 13.4759 1.6087 -0.159763 0.144911 -0.976461
1 23.5246 8.70816 1.6107 -0.0435775 0.329247 -0.943238
1 29.8752 12.1001 1.77118 0.128376 -0.755822 0.642069
1 2.17085 11.6952 1.76262 0.0707459 0.378813 0.922765
1 28.138 7.97967 1.61142 -0.1321 -0.415318 -0.900034
1 8.39557 34.59 1.61043 -0.199622 -0.275411 -0.940372
1 26.2516 4.52042 1.66899 -0.813884 -0.118559 -0.568803
1 19.2675 26.4811 1.7817 -0.654821 0.378517 0.654167
1 14.1328 11.8017 1.75504 -0.11459 -0.578131 0.807857
1 9.38316 33.2231 1.61044 -0.505311 -0.355778 -0.786182
1 26.792 30.0595 1.71927 -0.427792 0.329215 0.84179
1 4.29085 20.3032 1.75742 0.0245583 0.38535 0.922444
1 19.2288 4.2534 1.75516 -0.751207 0.346457 0.561832
1 26.3442 17.086 1.61309 -0.353282 0.0559594 -0.933842
1 0.35273 0.358221 1.59989 0.0346228 0.792416 -0.608997
1 23.3289 25.7282 1.7643 0.344689 -0.218583 0.912913
1 29.0296 20.5747 1.60803 0.262812 -0.309647 -0.91381
1 13.3432 13.7222 1.73707 -0.200554 -0.768533 0.607564
1 33.8122 13.7747 1.75607 -0.227539 -0.0631134 0.971722
1 22.1081 11.7278 1.6127 0.235649 0.641113 -0.730372
1 0.652464 1.83083 1.61803 0.353624 0.657361 -0.665452
1 30.228 22.3223 1.61071 0.546087 -0.444865 -0.709848
1 24.323 16.5158 1.61285 -0.488998 0.316056 -0.813013
1 1.99168 5.17628 1.60727 -0.0436755 -0.184257 -0.981907
1 30.3334 17.4082 1.60617 -0.219967 -0.491242 -0.84279
1 19.9918 12.1484 1.75106 -0.0641365 0.415447 0.907353
1 4.76643 4.70969 1.6112 -0.233101 -0.605974 -0.760565
1 17.292 16.2927 1.75383 -0.537566 -0.0525658 0.841582
1 17.0018 20.9845 1.60767 -0.281225 -0.103713 -0.954021
1 13.5413 17.2813 1.60023 0.0495041 -0.772694 -0.632845
1 9.64124 10.2598 1.60809 -0.526053 -0.22347 -0.820567
1 12.1558 15.1401 1.61405 -0.00384165 -0.532555 -0.846387
1 11.673 29.4575 1.6697 -0.514412 0.558453 0.650777
1 16.6626 26.594 1.61729 0.69008 -0.0150953 -0.723575
1 15.5415 2.96159 1.75542 -0.59139 -0.269454 0.760034
1 7.45139 29.7902 1.75651 -0.39278 0.0364946 0.918908
1 19.0613 9.2962 1.7554 0.237232 0.30329 0.922896
1 23.1304 16.7162 1.6133 -0.490268 0.49317 -0.718624
1 25.5692 27.0822 1.76009 0.0944308 0.185234 0.978147
1 25.7804 20.0616 1.6089 0.13006 0.14018 -0.981547
1 15.0434 32.5519 1.75851 0.0345766 -0.273998 0.961108
1 4.39186 15.8316 1.61989 0.0802314 0.766651 -0.637032
1 29.0879 7.95514 1.60562 -0.146709 -0.571644 -0.807279
1 31.1347 0.127114 1.75623 0.154396 0.364473 0.918325
1 6.36807 27.9844 1.76099 -0.0982085 -0.146942 0.984258
1 11.2742 5.34056 1.60671 0.200401 -0.207469 -0.957495
1 14.8429 16.0275 1.75299 -0.496859 -0.490454 0.715951
1 12.6952 30.5748 1.73675 0.349425 -0.542205 0.764144
1 11.2838 15.638 1.60851 0.0324112 -0.373542 -0.927047
1 31.1447 13.2439 1.75795 -0.0936661 -0.496716 0.862844
1 8.76656 13.9266 1.60752 -0.110938 0.0131341 -0.993741
1 34.2026 28.2876 1.60864 0.0253837 -0.27158 -0.962081
1 1.31838 15.4528 1.70393 -0.603775 0.238769 0.760556
1 10.8053 10.4424 1.61621 -0.457117 -0.426947 -0.780231
1 17.2933 28.3397 1.76082 0.676605 -0.00676731 0.736315
1 31.0707 3.44276 1.61192 -0.280924 0.484634 -0.828379
1 30.2816 8.35747 1.62112 -0.133469 -0.729361 -0.670984
1 27.6557 0.23037 1.76247 0.0921021 0.0287243 0.995335
1 19.8556 7.63071 1.74561 0.396807 0.489909 0.77623
1 6.77258 27.0935 1.76117 0.0546726 -0.114862 0.991876
1 6.55925 25.4109 1.7568 0.338616 -0.160417 0.927149
1 28.5356 9.04123 1.60754 0.0363993 -0.483732 -0.874459
1 16.2474 8.50923 1.75596 0.307367 -0.197918 0.930782
1 21.4783 27.8085 1.76195 -0.0916664 -0.518133 0.850374
1 22.6064 9.18342 1.62567 -0.0414091 0.53386 -0.844559
1 9.69472 13.273 1.60978 -0.171677 -0.145316 -0.974377
1 20.9904 23.9171 1.60193 0.25063 -0.717416 -0.649999
1 23.2552 0.134341 1.75625 0.244207 -0.575386 0.780573
1 5.58344 11.3439 1.60891 -0.296526 0.559019 -0.774319
1 9.53754 5.94335 1.60783 0.302308 0.0870129 -0.949231
1 6.43459 16.2604 1.61143 0.108362 0.462083 -0.880192
1 19.6788 11.1063 1.75165 0.0252797 0.371752 0.927988
1 26.4492 26.6163 1.76565 0.176971 0.360113 0.915969
1 3.86172 24.796 1.76657 0.546105 -0.55503 0.627464
1 19.8209 16.7179 1.76384 -0.521163 0.358102 0.774695
1 8.04853 22.8535 1.74329 0.747149 -0.0164983 0.664451
1 10.356 33.9959 1.61408 -0.319763 -0.539841 -0.778668
1 3.39727 14.0726 1.74018 -0.337897 0.587434 0.735355
1 26.6359 7.34703 1.61167 -0.245835 -0.166962 -0.954824
1 25.337 33.4032 1.74717 0.434032 -0.26937 0.859683
1 13.0174 18.6472 1.60748 0.385256 -0.668949 -0.635677
1 11.2365 19.6181 1.6235 0.497709 -0.393477 -0.772956
1 4.3165 9.59785 1.77238 -0.0656202 0.870412 0.487932
1 18.0895 9.62813 1.75801 0.199327 0.125149 0.971909
1 25.0717 15.5506 1.62746 -0.681057 0.147639 -0.717191
1 9.94251 6.82714 1.61995 0.458266 0.0365375 -0.888064
1 26.9316 9.88428 1.60797 0.121804 -0.193637 -0.973483
1 9.4096 16.3113 1.60781 0.0940934 -0.0361681 -0.994906
1 6.15176 10.1725 1.6037 -0.507054 0.418572 -0.753455
1 18.9469 2.28658 1.75435 -0.467529 0.275508 0.839947
1 31.92 2.64105 1.59784 -0.446493 0.329618 -0.831863
1 3.66937 32.9502 1.59826 -0.520223 0.282936 -0.805801
1 26.1362 13.4897 1.61536 0.647587 -0.089324 -0.756738
1 33.9597 18.6805 1.75928 0.313022 -0.420284 0.851691
1 11.301 3.36563 1.61048 -0.141216 -0.279452 -0.949718
1 27.5573 7.03765 1.61099 -0.296502 -0.316802 -0.900957
1 1.01251 29.7356 1.62615 0.256024 -0.504624 -0.824504
1 25.7409 24.0353 1.75659 0.660957 0.160341 0.733094
1 8.04173 23.9293 1.75667 0.56127 0.0495294 0.82615
1 9.17231 11.0872 1.60581 -0.406597 -0.143813 -0.902218
1 18.3698 1.0514 1.75622 -0.310458 0.199375 0.929444
1 4.04812 19.2821 1.75703 0.209987 0.365904 0.906653
1 6.01807 18.5899 1.60514 0.415177 0.636818 -0.649685
1 10.0171 17.0587 1.61101 0.188099 -0.142197 -0.971802
1 32.9252 29.6554 1.60871 0.252931 0.00423354 -0.967475
1 27.1113 25.7241 1.75252 0.348439 0.436418 0.829536
1 20.6924 27.2067 1.59932 0.0448482 0.655765 -0.753632
1 4.72785 27.7494 1.75825 -0.0452423 -0.384887 0.921854
1 24.2734 9.50389 1.60731 0.0438199 0.20512 -0.977755
1 28.165 28.0648 1.75819 -0.0549725 0.695067 0.71684
1 23.879 4.60184 1.61317 -0.62646 0.214009 -0.749498
1 32.5347 33.3877 1.75794 0.33606 0.509872 0.791892
1 14.2558 21.5796 1.61063 -0.196873 0.36485 -0.910014
1 16.7067 13.706 1.76082 -0.229405 -0.123951 0.965406
1 14.397 23.5109 1.60955 0.119077 0.334889 -0.934703
1 7.43764 5.22523 1.61249 0.188438 0.45842 -0.868529
1 33.2891 5.01788 1.61091 -0.0320578 0.175417 -0.983972
1 10.4426 3.85257 1.6113 -0.0334562 -0.102981 -0.994121
1 31.2949 4.53436 1.60979 -0.0776393 0.468481 -0.880056
1 10.4089 30.7098 1.75884 -0.568037 0.449515 0.689398
1 5.01794 2.04509 1.60911 0.18018 0.109583 -0.97751
1 25.7301 6.93189 1.61202 -0.281385 -0.032876 -0.959032
1 3.56507 17.1857 1.75645 0.599065 0.297166 0.743514
1 24.7493 6.74859 1.61176 -0.290683 0.119493 -0.949329
1 7.03183 18.5341 1.6166 0.363708 0.457931 -0.811182
1 0.515833 27.9166 1.60832 -0.0297767 -0.457922 -0.888493
1 1.64465 22.3632 1.7569 -0.331291 -0.00884836 0.943487
1 5.9751 9.01552 1.78236 0.704402 -0.36488 0.608835
1 34.5656 14.3954 1.75782 -0.372895 0.0373629 0.927121
1 34.429 27.1533 1.60991 -0.17307 -0.331152 -0.92757
1 17.2551 8.13787 1.75903 0.356489 -0.0251613 0.933961
1 24.0711 20.9237 1.60776 0.268426 0.354441 -0.895723
1 18.0346 30.1321 1.75739 0.390314 0.137183 0.910404
1 26.3397 27.6966 1.76235 -0.0135317 0.33178 0.94326
1 20.106 0.332823 1.74649 -0.253106 0.451711 0.855508
1 33.4398 9.07699 1.76446 0.708672 -0.0338405 0.704726
1 33.6004 14.7918 1.75694 -0.409922 -0.12158 0.903981
1 27.1828 11.8843 1.60806 0.404415 -0.23274 -0.884466
1 22.9651 17.9091 1.61469 -0.27218 0.498079 -0.823308
1 27.2028 17.6829 1.60872 -0.225857 -0.0517567 -0.972785
1 12.6172 34.3452 1.75487 -0.257151 -0.697641 0.668708
1 7.99294 7.44651 1.62635 0.623631 0.289752 -0.726036
1 0.288765 18.084 1.76529 0.461557 -0.236862 0.854905
1 22.04 7.28076 1.6346 -0.0983991 0.551868 -0.828106
1 8.0423 17.233 1.60613 0.214579 0.203721 -0.955224
1 19.9554 31.7958 1.75812 0.14628 0.421797 0.894813
1 25.9335 28.6332 1.75834 -0.171675 0.228894 0.958194
1 6.86121 22.2636 1.76223 -0.650551 0.60606 0.457684
1 34.5187 5.13396 1.60579 -0.0292497 0.0515924 -0.99824
1 27.6748 22.4077 1.61312 0.548726 -0.0359445 -0.835229
1 8.0664 3.07332 1.6083 -0.1827 0.351343 -0.918248
1 10.4554 2.86549 1.61176 -0.189028 -0.111258 -0.975648
1 1.68744 32.315 1.75352 -0.197807 0.476781 0.856477
1 30.2788 34.0269 1.75732 0.31483 0.256446 0.913848
1 18.0359 10.6585 1.75828 0.0765636 0.111341 0.990829
1 4.38699 28.7499 1.75657 -0.22203 -0.409238 0.885001
1 14.3497 16.9343 1.77653 -0.539749 -0.65507 0.528729
1 1.73518 2.054 1.66856 0.337042 0.472316 -0.814445
1 27.2015 8.14398 1.60891 -0.122915 -0.250533 -0.960274
1 10.2405 5.07036 1.60849 0.155071 -0.0433212 -0.986953
1 28.4605 21.557 1.61074 0.41796 -0.192926 -0.887744
1 12.9328 15.9562 1.59797 -0.0276736 -0.709815 -0.703844
1 1.71918 10.8009 1.75804 0.238742 0.293035 0.925815
1 17.4887 23.0527 1.60677 0.0599158 -0.156477 -0.985863
1 17.8921 2.0188 1.74931 -0.431717 0.118122 0.894242
1 13.9856 24.4408 1.61709 0.278983 0.398356 -0.873774
1 18.9415 10.3371 1.75468 0.120728 0.269084 0.95552
1 10.126 24.3592 1.7576 0.488303 0.376966 0.787056
1 26.7936 29.0472 1.75241 -0.235733 0.375797 0.896218
1 19.5901 28.063 1.74972 0.645298 0.390933 0.656325
1 13.8309 29.9109 1.74912 0.43615 -0.422313 0.794622
1 2.05339 30.4676 1.59437 -0.147585 -0.834603 -0.530713
1 33.5407 1.37425 1.70335 -0.332138 0.574705 0.747929
1 8.24695 1.04789 1.60695 0.0112812 -0.267093 -0.963605
1 31.624 31.67 1.63714 0.679278 0.314015 -0.663307
1 30.0099 16.2965 1.62132 -0.430252 -0.482598 -0.762877
1 11.5503 12.979 1.61394 -0.0957646 -0.519934 -0.848822
1 26.2331 20.9998 1.61237 0.284728 0.0902872 -0.954347
1 0.333376 3.27717 1.61224 -0.416008 -0.160882 -0.895016
1 1.99971 12.7139 1.76155 -0.094593 0.351226 0.9315
1 10.0984 19.9633 1.60921 0.527277 -0.189307 -0.828337
1 27.5102 1.18563 1.76131 -0.0920616 0.0734956 0.993037
1 27.8103 15.7811 1.61651 -0.544349 -0.0788143 -0.835148
1 32.1567 34.4954 1.75228 0.13306 0.479308 0.867501
1 3.45013 28.0313 1.75444 -0.0832098 -0.566976 0.819521
1 26.4492 22.0002 1.61409 0.460709 0.0677975 -0.884958
1 31.1572 28.8978 1.60896 0.118405 0.342872 -0.93189
1 15.4421 1.97241 1.73819 -0.473972 -0.236315 0.848237
1 19.911 5.59364 1.76231 0.643083 0.468949 0.605419
1 4.37275 14.2241 1.62473 -0.170279 0.816426 -0.551773
1 4.60718 31.0425 1.75313 -0.609821 -0.292357 0.736645
1 12.8278 6.01447 1.60685 0.297073 -0.476166 -0.827655
1 16.4549 0.427563 1.76082 -0.266816 -0.0835503 0.960119
1 11.3582 9.48255 1.61198 -0.61903 -0.420934 -0.663036
1 16.1241 24.1748 1.60952 0.241208 0.0673365 -0.968134
1 2.66469 25.7494 1.76612 0.369737 -0.714107 0.594429
1 32.9176 19.6904 1.75375 0.0913812 -0.668784 0.737819
1 12.9501 26.5943 1.70693 0.298247 0.79566 0.527233
1 9.58668 4.21839 1.60602 0.0211281 0.0591473 -0.998026
1 3.32403 19.9966 1.75741 0.090511 0.230761 0.968792
1 5.16432 24.0005 1.6938 0.705859 -0.324514 0.629645
1 25.076 10.0999 1.60886 0.11759 0.0866656 -0.989273
1 10.8897 23.7506 1.75554 0.582372 0.516005 0.628158
1 0.592895 7.64543 1.61969 0.509059 0.115299 -0.852974
1 24.1284 22.8229 1.61096 0.667587 0.259373 -0.697892
1 28.0055 20.507 1.60779 0.227141 -0.167222 -0.959397
1 30.0677 20.3734 1.61504 0.263628 -0.466056 -0.844566
1 30.7387 5.51183 1.61428 0.132414 0.577231 -0.805773
1 7.91803 11.1426 1.6175 -0.41365 0.0967317 -0.905283
1 8.90285 2.45737 1.60306 -0.252955 0.168457 -0.952699
1 18.0313 20.9343 1.60511 -0.305344 -0.262697 -0.91529
1 6.31092 29.7301 1.75709 -0.409888 -0.0942479 0.907253
1 29.2669 25.2466 1.60505 -0.352229 0.664966 -0.6586
1 33.2689 28.6553 1.60754 0.0846969 -0.0832564 -0.992922
1 22.1701 19.7749 1.60913 0.0781569 0.612982 -0.786222
1 34.4765 8.33593 1.60285 0.744327 0.176287 -0.644127
1 15.7432 20.7227 1.60833 -0.314749 0.0956406 -0.944344
1 27.4006 26.9203 1.74959 0.149418 0.557421 0.816674
1 17.6808 21.8971 1.60762 -0.133848 -0.199274 -0.97076
1 22.2443 23.0809 1.78167 -0.793428 -0.19504 0.576568
1 26.5755 8.90441 1.60689 -0.0209831 -0.147336 -0.988864
1 18.3586 31.0555 1.75993 0.250042 0.177873 0.951756
1 15.8136 31.8726 1.75869 0.11917 -0.162375 0.979506
1 30.3185 4.32658 1.61402 -0.0839638 0.629595 -0.772373
1 6.7671 30.6288 1.75295 -0.583352 0.0221432 0.811918
1 21.1098 30.3291 1.72391 0.334424 0.597472 0.728826
1 30.0203 31.9326 1.74859 0.695622 0.269016 0.666139
1 5.63902 27.3271 1.75822 0.0176945 -0.255767 0.966576
1 27.3363 21.3588 1.61033 0.357956 -0.0536951 -0.932193
1 27.7622 2.10032 1.76046 -0.264308 0.114709 0.957592
1 27.1154 10.8733 1.60851 0.265792 -0.217134 -0.939259
1 32.5219 10.2132 1.75579 0.422733 -0.264601 0.866766
1 31.4631 21.7055 1.59937 0.438871 -0.676649 -0.591217
1 17.4582 25.7559 1.60896 0.52915 -0.0980107 -0.842849
1 30.4806 6.66847 1.61636 0.382707 0.637106 -0.669053
1 15.8117 22.4841 1.60719 -0.037923 0.103756 -0.99388
1 19.06 19.3495 1.61123 -0.60298 -0.414443 -0.681654
1 6.6194 11.0712 1.60667 -0.390029 0.354258 -0.849929
1 14.3471 9.69657 1.75695 0.154472 -0.491043 0.85733
1 20.7133 28.9562 1.68774 0.518809 0.625381 0.582869
1 15.8188 30.1178 1.75141 0.362273 -0.174622 0.915568
1 34.6033 10.4218 1.75494 0.379666 0.0311643 0.924599
1 29.5775 29.8271 1.61782 0.232323 0.617415 -0.751548
1 28.3592 2.84541 1.7604 -0.39958 0.237376 0.885432
1 12.4909 32.978 1.75601 -0.0135061 -0.652883 0.757339
1 1.3774 8.45776 1.61012 0.626824 -0.040811 -0.778092
1 31.3554 17.2222 1.61037 -0.267092 -0.637582 -0.7226
1 1.8355 3.51436 1.64727 -0.417602 -0.112921 -0.901586
1 19.456 15.2627 1.75272 -0.395377 0.272947 0.877027
1 29.1678 28.5406 1.61353 -0.0185806 0.729912 -0.683289
1 33.1603 34.4229 1.75698 0.0939173 0.601842 0.793073
1 26.6363 6.39088 1.60984 -0.431212 -0.161785 -0.887627
1 26.9628 24.5028 1.75012 0.541995 0.383549 0.747751
1 20.1128 3.05261 1.75338 -0.544556 0.533996 0.646766
1 4.44045 29.9726 1.75186 -0.42184 -0.35866 0.832715
1 15.3499 10.1081 1.75532 0.0862143 -0.331287 0.939583
1 10.3785 16.0511 1.61018 0.0750643 -0.212395 -0.974296
1 1.04023 10.0273 1.75448 0.391875 0.18659 0.900899
1 9.14445 23.5845 1.75662 0.633461 0.214953 0.743319
1 33.2721 6.53938 1.61758 0.295667 0.200465 -0.934021
1 13.2048 12.0036 1.73856 -0.0900534 -0.765655 0.636916
1 26.5332 19.4887 1.6066 0.0486479 0.0301673 -0.99836
1 15.7038 13.4205 1.76039 -0.253513 -0.291268 0.922439
1 7.10744 33.1065 1.62977 -0.508659 -0.158448 -0.846263
1 15.0032 14.014 1.7494 -0.320069 -0.42827 0.845068
1 29.2967 34.5484 1.75982 0.208666 0.147814 0.966752
1 32.1434 13.1986 1.75871 -0.102499 -0.33517 0.936565
1 11.4017 33.9105 1.62226 -0.327635 -0.704915 -0.629087
1 13.4029 33.7591 1.75164 -0.166647 -0.547928 0.819758
1 20.4556 32.809 1.7562 0.00247021 0.501844 0.864955
1 11.9791 8.16744 1.61475 0.693916 -0.311431 -0.649224
1 19.908 29.4142 1.75943 0.498861 0.466429 0.730467
1 13.643 15.2722 1.77061 -0.422359 -0.7193 0.551562
1 16.4442 19.0983 1.61766 -0.608007 -0.00782014 -0.793893
1 4.70583 12.2784 1.61944 -0.19049 0.799039 -0.570307
1 14.3261 14.6471 1.74009 -0.368318 -0.585963 0.721796
1 2.59128 29.3272 1.7432 -0.323891 -0.680357 0.657426
1 26.7996 31.6162 1.71664 0.824488 -0.0965097 0.557589
1 9.02275 17.2729 1.60955 0.214168 0.0386385 -0.976032
1 11.1614 2.18555 1.60685 -0.321947 -0.23047 -0.918278
1 2.3921 33.378 1.60354 -0.432644 0.522713 -0.734568
1 27.9377 10.0361 1.60911 0.166206 -0.351607 -0.921275
1 28.1139 23.3977 1.60945 0.696909 -0.0497292 -0.715433
1 25.8065 32.4033 1.76093 0.616182 -0.169798 0.769083
1 5.95522 2.5652 1.60414 0.3428 0.0158006 -0.939275
1 11.0037 25.2335 1.75881 0.334175 0.530544 0.779006
1 19.551 18.5619 1.76935 -0.86028 0.030236 0.508925
1 2.80478 10.9084 1.76266 0.208947 0.489793 0.84643
1 13.5046 8.15845 1.76027 0.447435 -0.646547 0.617883
1 25.4016 8.86573 1.6079 -0.0244265 0.0346171 -0.999102
1 2.61667 0.229883 1.61495 -0.0835461 0.424797 -0.901425
1 26.0003 8.06966 1.6088 -0.133281 -0.0723689 -0.988433
1 12.6932 28.345 1.73458 -0.367407 0.713511 0.596585
1 7.41515 16.3708 1.61082 0.107885 0.294915 -0.949413
1 20.0005 25.168 1.61326 0.452461 -0.521417 -0.723466
1 9.25908 20.8141 1.61236 0.652363 -0.0582281 -0.755667
1 9.54376 3.20875 1.60788 -0.135242 0.0529832 -0.989395
1 0.0165918 26.138 1.61807 -0.369178 -0.400561 -0.838605
1 4.10007 5.51103 1.60566 -0.0741999 -0.503748 -0.860658
1 17.1721 9.11125 1.75896 0.250456 -0.0320301 0.967598
1 25.0579 7.70239 1.60873 -0.165733 0.0667562 -0.983909
1 26.3924 3.62901 1.75944 -0.620868 -0.0504002 0.782293
1 14.8259 22.5538 1.60794 -0.0326415 0.268086 -0.962842
1 1.02326 12.8432 1.75934 -0.0947514 0.188645 0.977464
1 25.1856 28.0082 1.7591 -0.0690782 0.107768 0.991773
1 22.9046 12.6895 1.61282 0.386319 0.442741 -0.809159
1 25.1216 17.3659 1.61172 -0.326543 0.192618 -0.925347
1 15.8696 1.15435 1.74923 -0.365353 -0.173262 0.914603
1 24.9727 13.1487 1.60696 0.526851 0.0902096 -0.845157
1 24.1354 10.5694 1.61074 0.159112 0.242975 -0.956894
1 18.6799 21.763 1.60485 -0.148828 -0.351272 -0.924369
1 1.03038 25.8766 1.61152 -0.40376 -0.57769 -0.709403
1 30.8037 1.20545 1.74792 -0.0640211 0.293091 0.953939
1 2.16397 9.92599 1.75572 0.425741 0.359573 0.830332
1 8.34257 27.7923 1.76026 -0.0650805 0.128135 0.989619
1 26.6724 33.074 1.75589 0.440334 -0.130955 0.888232
1 9.34366 34.2701 1.61227 -0.290149 -0.396519 -0.870968
1 3.73359 12.7586 1.71955 -0.103424 0.695763 0.710786
1 1.35009 28.4978 1.60836 0.0578887 -0.629904 -0.774512
1 25.1859 12.1619 1.60823 0.392501 0.0824166 -0.916052
1 22.7919 26.6301 1.75936 0.158752 -0.305375 0.938906
1 2.98547 3.52425 1.64146 -0.416842 -0.262218 -0.870336
1 5.50676 28.4426 1.75628 -0.180631 -0.257446 0.94926
1 20.6917 11.3285 1.75127 0.0285752 0.575585 0.817243
1 26.5478 5.44441 1.60529 -0.625761 -0.117004 -0.771189
1 5.40619 22.7515 1.74081 -0.512805 0.479378 0.7122
1 33.5344 15.7858 1.75669 -0.581202 -0.145732 0.800604
1 28.6766 13.0204 1.62636 0.417485 -0.63215 -0.652757
1 27.6989 4.96143 1.6188 -0.665622 -0.314875 -0.67661
1 18.7836 7.19558 1.75871 0.458017 0.256658 0.851086
1 16.8616 1.64567 1.75218 -0.399265 -0.0337617 0.916214
1 32.9036 3.01309 1.59665 -0.420691 0.165763 -0.891931
1 8.99761 25.6177 1.75895 0.282983 0.204406 0.937091
1 3.9937 31.8154 1.75199 0.837288 0.223235 0.499114
1 24.4433 21.9238 1.6182 0.44757 0.299705 -0.842531
1 8.81363 26.8854 1.759 0.083173 0.19102 0.978056
1 33.5323 20.8688 1.75439 -0.0919138 -0.535273 0.839664
1 29.2625 33.5088 1.75663 0.408188 0.124908 0.904312
1 34.4534 20.6116 1.76155 -0.0374303 -0.361487 0.931626
1 15.0936 26.7914 1.60939 0.737245 0.0977693 -0.668514
1 8.8132 28.6283 1.75667 -0.201056 0.202189 0.958486
1 26.2112 12.5393 1.61304 0.497521 -0.0749684 -0.864207
1 15.425 0.12423 1.75751 -0.259101 -0.242847 0.934822
1 0.16738 16.2492 1.74336 -0.767542 0.0495008 0.639085
1 18.4303 22.75 1.60719 0.0148188 -0.30229 -0.953101
1 30.6324 29.8007 1.61142 0.283128 0.431155 -0.856705
1 33.5689 25.4444 1.61716 -0.507594 -0.221533 -0.832629
1 13.8486 6.04377 1.61872 0.275644 -0.627346 -0.728326
1 18.1633 27.62 1.72669 0.777128 0.13831 0.613956
1 21.822 10.3394 1.60177 0.00100999 0.757677 -0.652629
1 24.7636 19.4076 1.60815 0.0159332 0.261118 -0.965175
1 0.804086 33.0574 1.75747 -0.219487 0.217095 0.951155
1 32.2723 28.8671 1.60803 0.124239 0.119628 -0.985015
1 11.1655 27.3555 1.75564 -0.0535861 0.556724 0.828968
1 2.57994 21.8403 1.75749 -0.227192 0.123337 0.966008
1 32.4537 7.04156 1.60834 0.43705 0.301004 -0.847575
1 33.5045 10.8384 1.76184 0.337244 -0.115377 0.934321
1 28.6436 31.455 1.75322 0.756236 0.0239915 0.653859
1 20.4088 17.523 1.74146 -0.643487 0.42039 0.639684
1 15.795 6.76476 1.75873 0.54343 -0.278755 0.79182
1 4.65111 0.176199 1.60879 -0.146814 0.157367 -0.976566
1 32.2113 25.0071 1.61126 -0.558035 0.00678097 -0.82979
1 28.7152 1.74412 1.76236 -0.172692 0.216669 0.96085
1 23.9842 7.66772 1.61052 -0.173629 0.234214 -0.956555
1 28.9337 10.1676 1.61281 0.220571 -0.510367 -0.831188
1 23.8485 26.5304 1.75927 0.18964 -0.130185 0.973185
1 27.7558 30.5236 1.7737 -0.684363 0.314305 0.657921
1 15.0779 31.2335 1.76111 0.213495 -0.252127 0.943849
1 2.4974 4.3503 1.60949 -0.236344 -0.235311 -0.942746
1 11.2833 11.6074 1.61197 -0.241543 -0.535655 -0.809154
1 3.52179 20.9823 1.76031 -0.086487 0.250547 0.964234
1 18.5317 5.40209 1.75696 0.723371 0.159712 0.671734
1 2.25677 17.0705 1.75582 0.651869 0.0440562 0.757051
1 18.034 12.8193 1.7603 -0.121614 0.0964599 0.987879
1 20.8392 8.46087 1.75707 0.249741 0.717969 0.64973
1 7.0627 9.26534 1.60323 -0.668669 0.188677 -0.719223
1 10.2396 11.3472 1.61351 -0.348527 -0.341569 -0.872846
1 17.6979 3.05193 1.75719 -0.570049 0.118673 0.812995
1 33.5903 30.4611 1.60873 0.382698 -0.111056 -0.917175
1 9.87564 2.07834 1.60275 -0.313902 -0.00961477 -0.949407
1 33.7786 33.4855 1.76709 0.254949 0.680826 0.686642
1 0.308862 12.1665 1.7574 0.044739 0.0815524 0.995664
1 30.7836 12.1536 1.75146 0.104762 -0.594643 0.797135
1 3.41123 30.4541 1.75043 -0.502833 -0.488191 0.713322
1 9.16042 0.717555 1.60977 -0.07109 -0.38717 -0.919264
1 28.5925 16.5711 1.61224 -0.3961 -0.238341 -0.886735
1 4.09294 23.4503 1.72812 -0.600346 0.361752 0.713246
1 10.7092 26.3017 1.75708 0.155464 0.478708 0.8641
1 7.02634 15.3226 1.61122 -0.0159334 0.35054 -0.936412
1 24.9569 24.7736 1.75009 0.537387 0.0260405 0.842934
1 16.2177 21.5717 1.60756 -0.180294 0.0241203 -0.983317
1 22.4419 27.6311 1.75853 -0.0317767 -0.359386 0.932648
1 28.9337 3.66574 1.75587 -0.508955 0.393106 0.765789
1 18.1265 6.28381 1.76154 0.591195 0.131707 0.795702
1 6.77405 28.8772 1.764 -0.249032 -0.0861028 0.96466
1 18.7542 11.4202 1.75796 -0.00444164 0.216942 0.976174
1 10.4547 32.8235 1.62018 -0.532209 -0.494154 -0.687433
1 13.6666 0.382623 1.75447 -0.345345 -0.524613 0.778151
1 4.08084 3.72578 1.62734 -0.386442 -0.435212 -0.813175
1 12.9728 2.55364 1.61052 -0.409424 -0.572545 -0.710326
1 34.3025 21.6679 1.75923 -0.226058 -0.368394 0.901767
1 19.1282 0.183186 1.75504 -0.208907 0.308606 0.927966
1 0.95771 6.78391 1.60546 0.319693 -0.0140347 -0.947417
1 6.03404 24.5844 1.75076 0.490886 -0.273388 0.827218
1 15.1044 33.734 1.76026 -0.12661 -0.278082 0.952177
1 23.1079 30.9895 1.75938 -0.618706 -0.313174 0.720503
1 31.8212 14.189 1.76063 -0.269392 -0.395411 0.87811
1 0.314246 29.0166 1.61078 0.154673 -0.390649 -0.907452
1 11.4299 14.3513 1.61362 -0.0790678 -0.424041 -0.902185
1 24.1097 33.9152 1.76042 0.340496 -0.405294 0.84841
1 12.9688 3.77804 1.63211 -0.158401 -0.572993 -0.804107
1 10.6097 13.7073 1.61158 -0.124675 -0.282246 -0.951206
1 11.5982 17.6249 1.61209 0.242434 -0.43787 -0.865734
1 28.8376 18.49 1.60781 -0.0679316 -0.292894 -0.953729
1 25.9601 9.66071 1.60697 0.0759123 -0.0451368 -0.996092
1 16.2228 9.56476 1.75792 0.178319 -0.192862 0.964887
1 11.349 28.5079 1.75916 -0.286912 0.562798 0.775203
1 24.3571 23.9127 1.75769 0.706339 -0.0638567 0.704987
1 33.8758 3.43146 1.60485 -0.372037 0.0183439 -0.928037
1 2.2622 24.8433 1.58323 0.761513 -0.234225 -0.604348
1 30.1489 28.7354 1.61199 0.0644365 0.537602 -0.840733
1 4.47126 22.3843 1.74979 -0.381666 0.376712 0.844049
1 8.76104 12.8949 1.60844 -0.208643 -0.0109635 -0.977931
1 32.6021 16.3343 1.75661 -0.648319 -0.318384 0.691603
1 16.4443 29.1225 1.75782 0.515518 -0.0864985 0.852502
1 24.4919 8.52233 1.60743 -0.0650032 0.162556 -0.984556
1 21.4268 32.6695 1.75957 -0.0286964 0.647552 0.76148
1 9.5866 18.085 1.6102 0.298622 -0.0634243 -0.952262
1 0.356779 5.99372 1.60654 0.136433 0.0123539 -0.990572
1 16.4447 4.62454 1.75839 -0.815979 -0.0234165 0.577608
1 13.3136 23.5341 1.62081 0.127307 0.530134 -0.838302
1 12.2641 12.0741 1.60268 -0.121825 -0.719733 -0.683479
1 29.7467 5.36448 1.60875 0.186419 0.728733 -0.658936
1 33.943 29.3801 1.60794 0.217835 -0.203445 -0.954546
1 27.4855 19.4803 1.60651 0.0567277 -0.106242 -0.992721
1 5.06461 17.19 1.60996 0.334125 0.704868 -0.625717
1 15.6458 17.2209 1.75345 -0.635548 -0.372953 0.676006
1 30.1763 9.80024 1.59834 0.349077 -0.702113 -0.62063
1 15.2685 3.84417 1.76601 -0.702142 -0.336958 0.62726
1 29.6333 14.9456 1.63261 -0.653351 -0.385151 -0.65176
1 30.5886 10.9769 1.75183 0.321578 -0.605534 0.727953
1 32.8221 14.0344 1.7588 -0.256713 -0.22947 0.938851
1 32.4798 22.4666 1.76518 -0.30594 -0.693105 0.652692
1 26.175 14.4139 1.61932 0.780282 -0.171873 -0.601348
1 3.91802 25.9488 1.75581 0.315088 -0.506949 0.802323
1 31.7064 28.0457 1.60826 -0.0236559 0.212692 -0.976833
1 7.35811 27.9595 1.75949 -0.0889841 -0.0114366 0.995967
1 13.1378 7.24008 1.63092 0.531918 -0.534331 -0.656928
1 18.8816 16.1914 1.75255 -0.502494 0.17402 0.846886
1 22.9808 19.0946 1.61382 -0.0443936 0.50908 -0.859574
1 32.6378 21.1085 1.76407 -0.0712977 -0.711598 0.69896
1 17.4782 32.7223 1.75971 0.0330283 0.0621657 0.997519
1 25.8375 29.6492 1.75489 -0.358123 0.188927 0.91436
1 24.027 29.2545 1.7617 -0.312312 -0.112311 0.943317
1 5.19609 14.793 1.61543 -0.115706 0.668157 -0.734969
1 8.72001 3.78399 1.60851 -0.0608939 0.221212 -0.973323
1 2.55982 20.7902 1.75874 -0.0473621 0.104963 0.993348
1 19.461 21.2128 1.61195 -0.23965 -0.478425 -0.844795
1 26.1631 11.5746 1.60831 0.350192 -0.0686045 -0.934162
1 19.1147 8.24044 1.75602 0.348848 0.314266 0.882917
1 25.688 18.9872 1.60737 -0.0469632 0.134158 -0.989847
1 34.1011 17.4807 1.76341 0.547965 -0.379287 0.745571
1 13.2238 19.8994 1.61712 -0.491833 0.582375 -0.647255
1 11.6434 22.4343 1.76063 0.134805 -0.792818 0.594363
1 12.9214 31.6662 1.74948 0.167048 -0.552555 0.816565
1 33.4099 22.0936 1.75412 -0.289512 -0.532196 0.795582
1 6.6313 4.40809 1.61178 0.0679454 0.64405 -0.76196
1 3.43119 6.33208 1.60765 0.104872 -0.392087 -0.913931
1 22.5248 32.7745 1.76661 -0.0306303 0.852898 0.521178
1 11.0301 16.7904 1.61062 0.152893 -0.330954 -0.931178
1 23.8417 19.8124 1.60939 0.0826731 0.389958 -0.917114
1 8.02172 20.4592 1.61944 0.61883 0.191162 -0.76191
1 5.66451 0.241984 1.6081 -0.130804 0.0442714 -0.990419
1 1.21244 27.1403 1.61347 -0.160522 -0.599557 -0.784069
1 14.2471 33.18 1.76099 -0.059921 -0.39902 0.914982
1 28.258 17.5668 1.60946 -0.228965 -0.203467 -0.951933
1 8.97028 19.8311 1.61202 0.514513 0.0293109 -0.856981
1 10.5578 20.79 1.61447 0.625431 -0.333483 -0.705425
1 30.7307 2.46097 1.70709 -0.709223 0.627704 0.320921
1 1.40097 4.35108 1.61083 -0.20773 -0.134007 -0.968964
1 28.2426 14.8087 1.63316 -0.706057 -0.0615521 -0.705475
1 14.3709 28.8031 1.75131 0.595701 -0.335287 0.729879
1 23.4563 27.4409 1.75862 0.00985857 -0.1875 0.982215
1 11.0083 7.08756 1.60919 0.491259 -0.157468 -0.856661
1 31.4362 30.64 1.60741 0.46957 0.289929 -0.833933
1 11.0235 0.458473 1.61121 -0.102797 -0.663707 -0.740895
1 30.2938 19.2404 1.62287 0.0897997 -0.518718 -0.850216
1 31.5669 26.0119 1.61036 -0.367945 0.158226 -0.916287
1 24.4064 5.82645 1.61199 -0.437344 0.150898 -0.886544
1 23.3836 5.60097 1.61241 -0.434693 0.335918 -0.835584
1 7.89663 14.499 1.60648 -0.0709733 0.168446 -0.983152
1 28.7998 5.81762 1.62021 -0.495043 -0.532702 -0.686412
1 0.078418 9.43784 1.75294 0.587516 0.100164 0.80299
1 11.9571 0.782328 1.59113 -0.0856239 -0.815578 -0.572278
1 18.4034 14.5633 1.76021 -0.330581 0.128284 0.935018
1 14.2373 2.63324 1.76409 -0.605365 -0.539597 0.585122
1 0.739646 17.1794 1.7209 0.66406 -0.110181 0.739516
1 7.81649 28.8493 1.76003 -0.229477 0.0631859 0.971261
1 21.3363 1.51324 1.6429 -0.526599 0.644191 0.554717
1 11.9316 10.7056 1.60951 -0.35798 -0.623552 -0.695006
1 15.4222 15.2308 1.75252 -0.421718 -0.364571 0.830206
1 30.0606 25.8215 1.61215 -0.336693 0.503156 -0.795909
1 23.6684 30.1914 1.75455 -0.50058 -0.176702 0.847465
1 9.04383 24.6119 1.75952 0.457059 0.201173 0.866387
1 3.63966 18.2727 1.76592 0.399894 0.355931 0.844629
1 6.67196 6.92089 1.62209 0.535253 0.501961 -0.679367
1 26.0589 34.0185 1.74826 0.272589 -0.185166 0.944144
1 6.95057 19.6942 1.61471 0.535071 0.424985 -0.730128
1 23.3009 21.7695 1.60894 0.409438 0.422815 -0.808448
1 20.1931 30.5875 1.75381 0.311096 0.459215 0.83207
1 10.9542 18.6895 1.61693 0.38687 -0.318026 -0.865559
1 32.7419 8.03789 1.61281 0.665441 0.217078 -0.714189
1 15.4416 7.86255 1.7555 0.391172 -0.343718 0.853723
1 17.8422 11.8171 1.76002 -0.0410592 0.0645304 0.997071
1 7.62449 6.37208 1.61163 0.409484 0.389716 -0.82489
1 6.93501 2.27862 1.60818 0.285689 -0.170638 -0.943008
1 14.7246 30.3233 1.75323 0.335407 -0.303154 0.891964
1 29.4898 23.4657 1.60872 0.702299 -0.262827 -0.661588
1 33.5879 26.4759 1.60847 -0.308659 -0.199916 -0.929927
1 7.73448 32.3114 1.61319 -0.73758 -0.0716505 -0.671448
1 16.5526 27.5378 1.75656 0.823228 -0.0944347 0.559802
1 27.7482 32.3173 1.74695 0.613635 -0.100321 0.783191
1 16.8116 22.335 1.60702 -0.0590886 -0.0605786 -0.996413
1 27.8354 18.5241 1.60898 -0.0831812 -0.151545 -0.984944
1 28.43 19.5153 1.60583 0.0780055 -0.243421 -0.966779
1 16.8355 24.9674 1.6085 0.372701 -0.0369667 -0.927215
1 13.2699 25.0774 1.61008 0.405192 0.507431 -0.760483
1 4.8134 25.0744 1.73153 0.475953 -0.411431 0.777299
1 5.95721 32.4384 1.61169 -0.683158 -0.0326654 -0.729539
1 2.00633 18.7798 1.7585 0.307538 0.0294989 0.951078
1 14.7097 27.7427 1.74979 0.773979 -0.265752 0.574746
1 13.1144 29.2842 1.7516 0.543495 -0.553028 0.631485
1 16.4933 11.7101 1.75447 -0.0574599 -0.134489 0.989248
1 34.4027 22.7729 1.75727 -0.425828 -0.331399 0.841929
1 24.1648 0.539979 1.74723 0.138228 -0.394911 0.908261
1 18.17 17.0209 1.7288 -0.611421 0.0753336 0.787711
1 24.8046 30.0209 1.75718 -0.461062 0.0109705 0.8873
1 31.7061 5.55421 1.60578 0.114324 0.413391 -0.903348
1 10.3696 28.3617 1.7545 -0.177925 0.425082 0.887495
1 27.2582 12.913 1.61774 0.545944 -0.257073 -0.797407
1 32.5328 11.2642 1.75595 0.234458 -0.285233 0.929339
1 3.5879 21.9616 1.75854 -0.253677 0.263838 0.930611
1 17.9369 24.8133 1.60959 0.364103 -0.191326 -0.911495
1 29.6301 21.4895 1.61166 0.428487 -0.366928 -0.825689
1 14.9817 12.5126 1.76047 -0.162366 -0.417219 0.894184
1 0.743979 11.0703 1.75723 0.218325 0.135573 0.966413
1 15.1508 18.3714 1.70594 -0.927852 0.123134 0.352035
1 24.4822 30.9786 1.73681 -0.66778 -0.0338868 0.743587
1 27.5451 13.8359 1.63096 0.644892 -0.377906 -0.664306
1 21.7485 8.5757 1.61169 0.0260331 0.746984 -0.664332
1 8.04989 25.0969 1.75466 0.363976 0.0389057 0.930595
1 0.692673 20.2005 1.75918 0.0383391 -0.207011 0.977587
1 6.10028 15.1028 1.6136 -0.0478125 0.516907 -0.854705
1 10.635 12.4809 1.61422 -0.185533 -0.356656 -0.915628
1 19.9746 20.3288 1.61511 -0.371617 -0.576265 -0.727887
1 2.07032 23.2179 1.75373 -0.466911 0.0815521 0.880536
1 9.15604 5.05352 1.60778 0.149677 0.149146 -0.977421
1 5.22429 33.9853 1.61296 -0.300358 0.066932 -0.951475
1 19.4723 32.8408 1.75814 0.0177871 0.352294 0.93572
1 19.843 13.2421 1.75305 -0.170629 0.376125 0.910723
1 29.1876 11.2792 1.61136 0.368372 -0.625011 -0.688231
1 3.74647 11.3484 1.73631 0.109518 0.669086 0.735072
1 25.6566 0.486186 1.75838 0.0732343 -0.199853 0.977085
1 33.0836 18.2733 1.76011 0.289075 -0.616781 0.732132
1 3.02721 5.3122 1.60481 -0.0655875 -0.326093 -0.94306
1 25.762 1.68811 1.75826 -0.162187 -0.157659 0.974084
1 2.02785 16.1839 1.74228 -0.822339 0.159787 0.546102
1 14.5129 4.91829 1.60846 0.0311925 -0.745211 -0.666098
1 14.6222 7.19551 1.75281 0.500608 -0.480294 0.720215
1 20.4245 15.6391 1.76585 -0.326777 0.484889 0.811233
1 6.10634 26.3972 1.75806 0.186235 -0.224516 0.956509
1 16.0578 16.3047 1.75153 -0.542082 -0.265633 0.797236
1 7.14286 8.11957 1.59826 0.782968 0.340895 -0.520337
1 33.4001 11.7578 1.75812 0.15268 -0.135206 0.978983
1 3.18221 22.924 1.75417 -0.424741 0.247306 0.870882
1 18.8403 33.7754 1.75768 -0.0886242 0.267303 0.959529
1 8.34287 33.5093 1.61324 -0.407979 -0.25988 -0.875223
1 31.8269 29.7463 1.60907 0.284117 0.225147 -0.93198
1 23.103 20.5057 1.59958 0.1913 0.500765 -0.844179
1 15.6761 28.3901 1.75781 0.649795 -0.144553 0.746238
1 21.7934 4.22922 1.77428 -0.653168 -0.0455638 0.755841
1 8.57618 29.606 1.75772 -0.375522 0.16513 0.911984
1 20.4542 22.8396 1.60194 0.0638094 -0.618984 -0.782807
1 0.592035 30.8723 1.62711 0.514574 -0.41766 -0.748848
1 12.5953 17.3576 1.60372 0.17635 -0.627046 -0.758758
1 12.0976 4.03344 1.61221 -0.0494281 -0.421537 -0.905463
1 2.76982 1.98815 1.77747 -0.29257 -0.329805 0.89757
1 25.5222 5.95341 1.61277 -0.435927 -0.0124751 -0.899895
1 14.2544 31.9571 1.75479 0.113877 -0.371166 0.921557
1 1.01334 14.6046 1.75602 -0.434791 0.204781 0.876939
1 23.2851 11.7068 1.60772 0.223255 0.409476 -0.884582
1 9.98247 25.3944 1.75569 0.31983 0.361075 0.875976
1 15.466 11.481 1.75912 -0.0380991 -0.310354 0.949857
1 27.5792 9.07293 1.60734 0.0166451 -0.312923 -0.949632
1 2.36186 19.7631 1.75874 0.133507 0.0784379 0.987939
1 7.47467 0.381975 1.60917 -0.119174 -0.151458 -0.981253
1 33.5364 23.295 1.75164 -0.520973 -0.465108 0.715725
1 32.5313 30.5974 1.60969 0.407156 0.0933312 -0.908578
1 6.89771 12.9906 1.61153 -0.197044 0.288332 -0.937037
1 33.1767 24.3967 1.62721 -0.708847 -0.192147 -0.678686
1 31.4538 7.70412 1.61283 0.529283 0.443256 -0.723452
1 18.1509 0.0221017 1.75808 -0.188105 0.166631 0.96791
1 27.2299 28.0503 1.74811 -0.0565228 0.505718 0.860845
1 29.1912 26.7737 1.60605 -0.154692 0.750873 -0.642075
1 4.44078 2.94679 1.75016 0.940917 0.224802 -0.253258
1 19.5535 22.3625 1.61416 -0.0318135 -0.483887 -0.874552
1 16.1273 34.0979 1.75853 -0.158054 -0.130269 0.9788
1 22.2914 20.9873 1.62203 0.315954 0.591977 -0.741442
1 15.2799 9.01879 1.75637 0.24383 -0.361709 0.899841
1 6.12284 12.2979 1.61384 -0.241801 0.423305 -0.873124
1 18.1881 8.59969 1.76011 0.321331 0.142917 0.93612
1 27.5246 16.7619 1.60848 -0.372527 -0.0870798 -0.923927
1 0.122446 23.8594 1.75358 -0.625025 -0.23932 0.743014
1 0.799098 31.8947 1.76911 0.636304 -0.485644 0.599389
1 0.958726 18.7353 1.75213 0.310322 -0.156743 0.93762
1 22.9433 7.79838 1.60751 -0.13388 0.402064 -0.905771
1 4.19929 33.8643 1.60811 -0.323757 0.224209 -0.919191
1 13.5948 10.6741 1.75431 0.049431 -0.607914 0.792463
1 16.0723 14.4806 1.75787 -0.344044 -0.225649 0.911436
1 14.4209 8.49265 1.75151 0.326644 -0.525471 0.78561
1 18.9951 24.512 1.61099 0.329213 -0.359436 -0.873169
1 7.30223 1.36051 1.61041 0.0832824 -0.144179 -0.986041
1 1.66022 21.4121 1.76122 -0.163982 -0.0314224 0.985963
1 6.97272 14.1881 1.60996 -0.120068 0.321578 -0.93924
1 1.50002 17.8864 1.74875 0.472121 -0.0543895 0.879854
1 32.6085 12.2849 1.75894 0.0526123 -0.262756 0.963427
1 7.84587 12.4765 1.61012 -0.259671 0.126737 -0.957345
1 23.6313 14.5395 1.60622 0.7426 0.23867 -0.625765
1 7.96208 15.512 1.60668 0.0205704 0.185156 -0.982494
1 20.4715 21.5595 1.60393 -0.157868 -0.651368 -0.742158
1 13.8591 22.6231 1.61469 -0.0336582 0.428541 -0.902895
1 16.4724 23.2632 1.60781 0.0917333 0.00610353 -0.995765
1 21.1466 16.3915 1.76477 -0.421543 0.574149 0.701893
1 4.34576 6.77179 1.60726 0.107718 -0.557031 -0.823476
1 6.04543 33.4109 1.61102 -0.446995 -0.032091 -0.89396
1 26.6727 0.11038 1.7591 0.117821 -0.0997241 0.988015
1 6.41628 20.5211 1.60892 -0.479608 -0.722296 -0.498262
1 7.42223 31.4274 1.76633 -0.753913 0.116623 0.646541
1 22.7996 6.56255 1.6148 -0.241658 0.424954 -0.872362
1 24.464 27.3363 1.75991 0.0443149 -0.0166838 0.998878
1 34.5374 25.0124 1.61326 -0.587185 -0.395748 -0.706114
1 26.7474 1.98016 1.75909 -0.23528 -0.0154702 0.971805
1 1.69005 13.7192 1.76198 -0.261773 0.307031 0.91499
1 21.8834 31.4835 1.75074 0.173558 0.718898 0.673099
1 0.61024 22.1877 1.75993 -0.311927 -0.189285 0.93106
1 9.20505 32.2036 1.61602 -0.712371 -0.225671 -0.664531
1 3.86455 1.93751 1.6175 0.204187 0.191452 -0.960028
1 14.3622 34.3323 1.75672 -0.231038 -0.402637 0.885723
1 31.4481 6.54967 1.61936 0.306178 0.4749 -0.825061
1 14.7448 20.561 1.60702 -0.340952 0.27566 -0.898756
1 1.63485 20.467 1.76014 0.00190837 -0.0468892 0.998898
1 19.8098 33.8738 1.75344 -0.108969 0.419642 0.901125
1 33.1561 13.0694 1.7595 -0.0883347 -0.166258 0.982118
1 9.3446 7.59449 1.66135 0.618453 0.110558 -0.778006
1 25.3324 21.4511 1.61577 0.351822 0.208364 -0.912582
1 33.0044 4.00714 1.60883 -0.228808 0.188731 -0.955001
1 15.4224 23.4154 1.60803 0.108944 0.170211 -0.979367
1 20.663 4.87679 1.58853 0.036817 0.910967 -0.410833
1 9.36997 27.7765 1.7569 -0.0589132 0.28181 0.95766
1 11.9799 25.0467 1.75345 0.427411 0.672584 0.604111
1 28.9549 22.5097 1.61185 0.57353 -0.221587 -0.788646
1 12.095 27.48 1.76699 -0.107056 0.696934 0.7091
1 26.0186 2.68339 1.75736 -0.381023 -0.0904887 0.920127
1 19.0113 29.8228 1.76104 0.448187 0.30527 0.840201
1 34.6101 30.1083 1.61002 0.353334 -0.321906 -0.878369
1 1.25229 0.962789 1.6083 0.116227 0.619427 -0.776403
1 6.54219 0.715886 1.60884 -0.0320737 -0.0376377 -0.998777
1 17.7247 13.785 1.75996 -0.229692 0.031073 0.972767
1 15.0215 24.3472 1.60964 0.260056 0.227609 -0.938384
1 14.6677 25.3336 1.61809 0.431287 0.274893 -0.859317
1 7.75905 27.0039 1.75972 0.0642267 0.0331081 0.997386
1 0.376261 4.26923 1.60683 -0.212802 -0.0287549 -0.976672
1 17.2421 14.6835 1.75901 -0.350317 -0.0491657 0.93534
1 2.20194 1.17129 1.62005 0.127478 0.45667 -0.880456
1 25.1983 11.1049 1.60862 0.254729 0.08354 -0.963397
1 12.083 2.86559 1.61964 -0.262756 -0.434652 -0.861416
1 20.0823 1.83778 1.73916 -0.401022 0.473585 0.784155
1 32.6233 26.9122 1.60619 -0.228405 -0.00690742 -0.973542
1 3.65137 0.191494 1.60968 -0.135282 0.296232 -0.945487
1 34.4134 6.79682 1.61216 0.295939 0.094565 -0.950514
1 17.1796 34.395 1.76059 -0.17326 0.0212062 0.984648
1 1.26161 11.898 1.75735 0.0676318 0.227051 0.971532
1 10.5693 14.8824 1.61017 -0.0351503 -0.256319 -0.965953
1 11.2276 4.38536 1.60731 0.0355861 -0.243875 -0.969154
1 33.9773 4.35114 1.60504 -0.185307 0.0837796 -0.979103
1 8.64826 11.8813 1.61209 -0.318275 -0.024757 -0.947675
1 23.9138 12.5009 1.76846 -0.39685 -0.276059 0.875386
1 8.86166 18.8188 1.61038 0.377856 0.0782786 -0.922549
1 22.929 24.0007 1.76662 0.696936 -0.289921 0.655917
1 31.5707 11.1133 1.75913 0.269128 -0.447338 0.852912
1 30.6578 26.6498 1.61441 -0.265337 0.353132 -0.897159
1 25.012 2.34456 1.75577 -0.257152 -0.243933 0.935077
1 27.2629 33.8858 1.75849 0.27724 -0.0734466 0.957989
1 29.3954 2.48943 1.75541 -0.270605 0.418729 0.866855
1 24.9573 34.4142 1.75259 0.235503 -0.280973 0.930372
1 14.6089 10.8153 1.75349 -0.0111471 -0.450644 0.892634
1 30.1803 0.422076 1.75809 0.121459 0.247223 0.961316
1 14.1439 13.0986 1.74958 -0.241235 -0.58299 0.77584
1 10.2268 27.2914 1.76031 0.00202084 0.405215 0.914219
1 17.8594 33.6463 1.75945 -0.0771221 0.120612 0.989699
1 32.1142 9.085 1.76796 0.650096 -0.251443 0.717044
1 32.6551 5.7409 1.61172 0.126165 0.263159 -0.956467
1 13.0628 1.16385 1.76157 -0.471218 -0.635749 0.611373
1 3.99931 27.0606 1.75437 0.0954908 -0.494233 0.864069
1 2.1947 14.5311 1.75014 -0.413641 0.381492 0.826659
1 31.8834 20.1461 1.6033 0.223147 -0.79498 -0.564103
1 11.0393 21.596 1.59323 0.684702 -0.469855 -0.557152
1 29.0268 32.4913 1.75501 0.593046 0.104009 0.798423
1 21.0774 26.0189 1.59866 -0.222267 0.600784 -0.76789
1 21.0822 0.497815 1.75531 -0.388144 0.561877 0.730505
1 24.1926 28.2812 1.75973 -0.132926 -0.0648912 0.988999
1 9.99582 9.38615 1.61693 -0.706296 -0.155311 -0.690669
1 33.8505 19.7807 1.75767 0.105522 -0.477632 0.8722
1 9.08217 31.2446 1.75861 -0.721005 0.21394 0.659076
1 8.24833 4.67327 1.61143 0.0841143 0.315275 -0.945265
1 19.3443 6.39693 1.7553 0.551768 0.375078 0.744895
1 19.3006 30.8878 1.75729 0.27845 0.320257 0.905484
1 20.8452 12.7571 1.74711 -0.113717 0.593944 0.796429
1 31.7689 0.959275 1.74537 -0.0636539 0.413134 0.908443
1 18.9746 31.9 1.75937 0.138381 0.271772 0.952361
1 4.5969 18.0986 1.73374 0.472017 0.550645 0.688469
1 11.7409 26.2596 1.75528 0.14997 0.635645 0.757274
1 13.4084 4.92228 1.61261 0.0700574 -0.586225 -0.807114
1 22.7296 10.7253 1.61196 0.0765686 0.578971 -0.811745
1 0.908241 23.1569 1.75797 -0.488059 -0.11861 0.864714
1 17.8177 4.1409 1.7553 -0.696515 0.141726 0.703406
1 22.3846 2.9427 1.7633 -0.0831015 -0.620237 0.78
1 27.6712 5.99614 1.60937 -0.490874 -0.323837 -0.808809
1 23.9269 18.7022 1.61004 -0.109388 0.376176 -0.920069
1 12.0299 18.568 1.60349 0.35289 -0.520101 -0.777794
1 26.1255 10.6067 1.607 0.210557 -0.0604612 -0.97571
1 2.71261 13.3938 1.76099 -0.219008 0.489487 0.84406
1 7.33859 10.1942 1.60822 -0.522173 0.191107 -0.831151
1 21.7165 33.8766 1.76304 -0.226393 0.706372 0.67066
1 29.8065 18.3156 1.61285 -0.061148 -0.422964 -0.904081
1 32.8875 31.5766 1.6239 0.572602 0.0778464 -0.816129
1 17.5884 19.9851 1.60454 -0.481012 -0.197106 -0.85427
1 2.76193 23.9312 1.76661 -0.592774 0.19842 0.780544
1 9.55696 22.7471 1.67101 0.775886 0.257037 0.576136
1 8.20598 30.552 1.7556 -0.552525 0.122235 0.824485
1 25.0287 4.99751 1.62402 -0.587925 0.00789613 -0.808877
1 24.8628 14.1466 1.61063 0.665781 0.0552048 -0.744102
1 16.8472 33.4615 1.76015 -0.0698212 -0.0248797 0.997249
1 9.90244 19.0242 1.61237 0.408584 -0.123419 -0.904338
1 29.6804 1.32833 1.76223 -0.0417076 0.25654 0.965633
1 30.7888 21.0162 1.61519 0.372814 -0.57178 -0.730806
1 3.53558 29.2169 1.7637 -0.288063 -0.535847 0.793655
1 16.5995 2.59053 1.76008 -0.530393 -0.0790413 0.844059
1 27.7017 3.72861 1.76001 -0.603112 0.136391 0.785909
1 28.3565 34.1358 1.76096 0.277648 0.0381831 0.959924
1 15.6591 5.77218 1.75278 0.683317 -0.376617 0.62549
1 31.3883 32.6607 1.75596 0.595554 0.391342 0.701546
1 11.7275 20.4624 1.77867 -0.502971 0.605186 0.617066
1 11.9405 31.9156 1.76904 0.202532 -0.70964 0.674827
1 3.21278 1.12614 1.61104 0.0731057 0.322784 -0.943645
1 17.6898 7.25287 1.75571 0.456774 0.0657904 0.887146
1 23.1806 28.38 1.7544 -0.169754 -0.2316 0.957886
1 9.44941 30.2112 1.75562 -0.513931 0.279182 0.81113
1 7.09121 17.4041 1.61321 0.221434 0.386804 -0.895181
1 30.385 30.898 1.61205 0.492617 0.490275 -0.718999
1 34.0792 2.52494 1.59952 -0.574657 -0.0190464 -0.818173
1 23.0264 29.3331 1.75154 -0.338968 -0.284136 0.896866
1 17.7274 29.2192 1.75635 0.533617 0.0717225 0.84268
1 23.7526 6.67588 1.60939 -0.283222 0.273991 -0.919083
1 18.2117 23.7966 1.60916 0.194002 -0.254715 -0.947356
1 6.08302 13.8358 1.62203 -0.170147 0.467266 -0.86759
1 6.16039 1.61276 1.60831 0.163219 -0.0304597 -0.98612
1 28.5552 0.72696 1.75958 0.0136264 0.166812 0.985895
1 15.6353 25.9753 1.63097 0.553318 0.10968 -0.825717
1 21.7833 26.6904 1.7629 0.11835 -0.480054 0.869219
1 12.1317 7.04784 1.60027 0.489694 -0.366871 -0.790952
1 22.1344 28.72 1.75507 -0.214585 -0.411373 0.885847
1 28.1382 33.197 1.75452 0.459292 -0.0284972 0.887828
1 24.9054 20.4515 1.60841 0.186712 0.256492 -0.948341
1 21.2824 20.9946 1.61688 0.311238 0.759108 -0.571739
1 5.51082 25.6688 1.74438 0.322569 -0.331135 0.886735
1 24.393 25.5873 1.76587 0.368419 -0.031919 0.929112
1 21.3253 3.12221 1.75175 0.258951 -0.767317 0.586659
1 17.1778 11.0713 1.75862 0.0228456 -0.0299271 0.999291
1 19.4505 14.2462 1.75865 -0.285 0.288882 0.91396
1 0.695879 13.7433 1.75973 -0.25601 0.145395 0.955677
1 25.1958 3.34348 1.75957 -0.470351 -0.207232 0.857803
1 27.153 2.89871 1.75962 -0.440419 0.0494399 0.89643
1 25.4753 22.542 1.61256 0.539773 0.174406 -0.823546
1 11.7422 6.16783 1.60978 0.346057 -0.286235 -0.893484
1 3.54911 7.53372 1.60646 0.286034 -0.41397 -0.864184
1 9.64173 12.202 1.61413 -0.273167 -0.18959 -0.943099
1 3.30747 8.74655 1.76177 -0.503246 0.388123 0.772078
1 17.0138 12.7189 1.75967 -0.115669 -0.0533596 0.991854
1 18.4729 32.7999 1.75878 0.0272897 0.203514 0.978692
1 5.05797 19.3274 1.748 0.233272 0.535785 0.811492
1 18.7708 25.5719 1.61094 0.519202 -0.291813 -0.80329
1 23.5968 15.4653 1.76422 0.773471 -0.26374 0.576354
1 31.4333 10.0528 1.75243 0.461321 -0.408405 0.787648
1 17.1839 24.0258 1.60944 0.219558 -0.0946099 -0.971001
1 7.93969 19.3298 1.61491 0.464844 0.252537 -0.848613
1 22.5028 13.6428 1.61406 0.530417 0.501775 -0.683286
1 8.79498 14.9744 1.60728 -0.000230801 0.033674 -0.999433
1 4.24335 1.06076 1.6109 0.0226116 0.190179 -0.981489
1 24.9993 29.0097 1.76068 -0.254006 0.0580321 0.96546
1 13.3219 9.47838 1.7607 0.230671 -0.636371 0.736086
1 29.4756 9.06968 1.60583 0.0784152 -0.637006 -0.76686
1 7.15386 24.5436 1.75534 0.463406 -0.0857052 0.881992
1 1.69689 34.4895 1.60112 -0.134684 0.572697 -0.808627
1 25.7473 30.7081 1.74782 -0.567842 0.165917 0.806242
1 13.873 3.65479 1.58955 -0.243555 -0.716069 -0.654161
1 21.4872 15.0777 1.76183 -0.161053 0.667023 0.727421
1 16.5297 7.45327 1.75954 0.442729 -0.155727 0.883029
1 27.7684 29.3045 1.74228 -0.309887 0.548231 0.776797
1 16.6198 3.64241 1.75547 -0.669231 -0.0689602 0.739848
1 33.6408 7.46119 1.61702 0.484755 0.14347 -0.862803
1 1.38861 24.0814 1.76101 -0.640796 0.0170617 0.767521
1 6.8538 23.5565 1.75221 0.631126 -0.169586 0.756915
1 30.9678 23.0763 1.60347 0.685392 -0.487805 -0.540634
1 31.9629 18.4934 1.61977 -0.0157643 -0.790357 -0.612444
1 31.6532 24.0728 1.60664 -0.679508 0.124676 -0.722997
1 10.5002 29.5303 1.75251 -0.382205 0.428417 0.818766
1 20.7673 33.9202 1.73782 -0.150212 0.571858 0.806483
1 24.8915 1.21722 1.75393 -0.021048 -0.281553 0.959315
1 19.0171 12.4888 1.75745 -0.0834076 0.254812 0.963387
1 12.562 22.6964 1.62315 -0.0224499 0.65549 -0.75487
1 28.9689 15.6804 1.61959 -0.543405 -0.271346 -0.794407
1 0.671511 21.2043 1.7585 -0.136985 -0.198892 0.9704
1 24.0381 17.607 1.60981 -0.300082 0.348006 -0.888168
1 1.45806 5.9862 1.61015 0.139874 -0.0975057 -0.985357
1 26.7978 18.5654 1.6082 -0.0875953 -0.00768719 -0.996126
1 34.0655 31.366 1.61608 0.537631 -0.167167 -0.826443
1 31.6276 15.3686 1.75084 -0.487946 -0.463535 0.739624
1 13.2663 21.8197 1.60857 -0.17702 0.534705 -0.82629
1 26.6535 16.1448 1.61839 -0.508333 0.0281275 -0.860701
1 17.9463 31.8969 1.7581 0.141794 0.120999 0.982473
1 11.9898 16.4385 1.61462 0.0953739 -0.516214 -0.851133
1 29.9 27.5379 1.6243 -0.14961 0.550772 -0.821138
1 34.3558 11.3856 1.75787 0.197263 6.38144e-05 0.980351
1 4.50229 21.3309 1.7565 -0.16803 0.405443 0.898544
1 21.1753 19.5014 1.60551 0.0107239 0.752623 -0.658364
1 5.5393 30.437 1.75226 -0.53601 -0.169171 0.827088
1 15.7677 25.0667 1.60959 0.394445 0.114851 -0.911714
1 9.54948 21.752 1.60822 0.773349 -0.121269 -0.622274
1 9.69146 15.3498 1.60968 0.00910981 -0.0990146 -0.995044
1 17.1159 10.0977 1.75906 0.138974 -0.0366718 0.989617
1 8.44266 9.33418 1.61249 -0.691628 -0.0165077 -0.722065
1 3.06678 26.8482 1.75064 0.146636 -0.63866 0.755388
1 22.3756 1.63883 1.76535 0.19451 -0.660825 0.724898
1 32.2925 4.72851 1.61015 -0.0621925 0.311202 -0.948307
1 31.0562 25.183 1.60763 -0.479683 0.270495 -0.834707
1 4.87602 32.998 1.61307 -0.490149 0.100091 -0.865873
1 2.66998 7.06909 1.60976 0.271029 -0.24363 -0.931229
1 23.3473 1.30025 1.73186 0.0596955 -0.484419 0.872797
1 1.70374 7.49702 1.61391 0.424476 -0.0879901 -0.901153
1 10.0955 0.527123 1.61101 -0.118896 -0.518411 -0.846826
1 30.2588 32.9941 1.75257 0.511069 0.250099 0.82235
1 2.43214 6.1084 1.60844 0.109049 -0.239302 -0.964802
1 5.32215 13.224 1.63371 -0.198682 0.61205 -0.765454
1 5.2418 20.5011 1.75893 -0.00615087 0.546025 0.837746
1 1.40027 19.5475 1.7578 0.165289 -0.085447 0.982537
1 19.1922 23.4119 1.61149 0.142672 -0.413285 -0.899355
1 15.9775 12.4944 1.75318 -0.151172 -0.22983 0.961418
1 33.6443 9.94461 1.73161 0.518562 -0.0891745 0.850377
1 22.2595 22.1187 1.62089 0.580577 0.459923 -0.671864
1 26.5027 1.04629 1.76227 -0.0537449 -0.0674264 0.996276
1 7.15699 26.1583 1.75913 0.208845 -0.0681392 0.975572
1 14.2735 1.56499 1.7405 -0.487567 -0.426912 0.761594
1 20.9002 31.5772 1.75868 0.148551 0.568214 0.809361
1 22.3088 5.63922 1.60362 -0.336454 0.562776 -0.755037
1 31.697 12.2083 1.75681 0.0770223 -0.429173 0.899932
1 17.3559 30.8459 1.7576 0.267674 0.0381353 0.962755
1 0.905442 5.16991 1.60784 -0.0344058 -0.0698214 -0.996966
1 0.149817 19.3646 1.75575 0.181472 -0.304126 0.935187
1 18.7268 28.7056 1.75668 0.610807 0.233741 0.756492
1 25.5119 16.4161 1.60815 -0.485069 0.166682 -0.858444
1 5.73821 4.67758 1.61939 0.180379 0.793851 -0.580744
1 9.70479 14.323 1.60874 -0.0820742 -0.117222 -0.989709
1 5.49351 21.6114 1.75999 -0.266266 0.539134 0.799023
1 24.1346 3.0232 1.75339 -0.309112 -0.372118 0.875202
1 28.1123 11.0691 1.61563 0.309414 -0.381994 -0.870829
1 21.7708 24.7573 1.76207 0.482852 -0.498594 0.719901
1 23.2446 2.4591 1.72438 -0.118261 -0.495991 0.860237
1 29.291 17.3838 1.60918 -0.232641 -0.34009 -0.911162
1 8.41732 5.7179 1.60963 0.273805 0.275576 -0.92146
1 5.27002 29.4088 1.75861 -0.341574 -0.248508 0.906406
1 30.7982 27.8058 1.61002 -0.0816249 0.387212 -0.918371
1 6.59292 5.72934 1.6161 0.299596 0.573967 -0.762105
1 7.48026 34.0314 1.60545 -0.307915 -0.150973 -0.939359
1 26.6938 23.1071 1.62394 0.689915 0.111286 -0.715285
1 16.5135 20.073 1.61138 -0.42906 -0.0302182 -0.902771
1 10.5863 17.8136 1.61497 0.279973 -0.245236 -0.928156
1 15.2251 29.3571 1.75539 0.490271 -0.238152 0.838402
1 16.2099 10.6866 1.75849 0.060525 -0.184072 0.981047
1 22.295 25.6107 1.76297 0.341236 -0.407712 0.846953
1 19.3504 1.23133 1.75898 -0.34024 0.336419 0.8781
1 32.5886 15.0603 1.75882 -0.431044 -0.298983 0.851358
1 17.5566 18.0975 1.76826 -0.819331 -0.0362715 0.572172
1 24.5599 32.8467 1.74888 0.545386 -0.391115 0.741339
1 18.8457 3.33813 1.75619 -0.593682 0.317111 0.739583
1 18.1084 26.5372 1.60228 0.68233 -0.158296 -0.713701
1 7.11819 11.8755 1.62312 -0.314651 0.249673 -0.915783
1 13.4239 32.5912 1.75775 0.0265722 -0.496139 0.867837
1 24.8963 18.36 1.60883 -0.16193 0.235795 -0.958217
1 23.8952 32.1814 1.60854 -0.710386 0.405056 -0.575571
1 16.9584 6.48326 1.75906 0.567454 -0.0718153 0.820267
1 30.874 15.8875 1.62098 -0.526509 -0.628336 -0.572697
1 11.4465 30.9881 1.70232 0.489765 -0.673581 0.553551
1 2.55566 8.12696 1.61378 0.460239 -0.243583 -0.853726
1 12.4478 24.0054 1.60853 0.252098 0.676579 -0.691872
1 5.44047 16.0637 1.61225 0.120284 0.625512 -0.770887
1 5.932 31.4102 1.75635 -0.726228 -0.0824148 0.682496
1 23.3727 9.87242 1.60807 0.0582034 0.378558 -0.923746
1 21.9534 17.2 1.63275 -0.384859 0.699295 -0.602387
1 7.96795 18.2287 1.61262 0.335025 0.261731 -0.905127
1 14.7912 0.805012 1.74861 -0.372767 -0.343759 0.861902
1 17.7032 19.0518 1.60779 -0.650665 -0.231005 -0.723376
1 33.9024 5.85075 1.61248 0.128586 0.136278 -0.98229
1 28.1875 12.132 1.62232 0.426764 -0.407494 -0.807354
