1 18.2778 32.3777 1.75799 0.0344765 0.169485 0.98493
1 31.1041 21.0843 1.60654 0.310185 -0.688307 -0.655758
1 16.0474 7.03102 1.75222 0.486242 -0.30028 0.82061
1 27.2468 17.2049 1.60898 -0.226335 -0.0150943 -0.973932
1 10.607 27.3181 1.75748 0.0860467 0.519901 0.849882
1 12.6206 10.3661 1.70597 0.0913019 -0.823371 0.560111
1 18.8751 24.2905 1.61268 0.269809 -0.392479 -0.879297
1 24.7293 20.0646 1.60584 0.200724 0.306593 -0.930436
1 7.05554 0.392995 1.61007 -0.377857 0.0688974 -0.923297
1 30.5806 13.3014 1.73114 -0.0912162 -0.68406 0.7237
1 19.4648 6.46157 1.75865 0.477953 0.369093 0.797077
1 33.632 10.0808 1.75646 0.44045 -0.241695 0.864631
1 28.5433 34.1238 1.75741 0.153895 0.315079 0.936505
1 4.3311 9.69247 1.75823 0.332392 0.674338 0.659382
1 17.0595 24.6893 1.61159 0.298014 -0.0903071 -0.95028
1 28.8254 19.7654 1.60738 0.19638 -0.237417 -0.951351
1 17.3042 29.7882 1.75651 0.361763 0.0232472 0.93198
1 22.7042 19.8605 1.61401 0.0927887 0.524304 -0.846461
1 22.748 21.0185 1.61678 0.295138 0.524372 -0.798704
1 19.0672 25.2993 1.59943 0.440397 -0.457158 -0.772695
1 18.9534 34.1727 1.75518 -0.196088 0.282149 0.939118
1 13.8397 26.7118 1.60549 0.646642 0.35101 -0.677234
1 16.3479 0.812029 1.7568 -0.341124 -0.0900668 0.935694
1 29.518 23.6996 1.76385 -0.737787 0.478034 0.476607
1 25.2275 32.1109 1.75781 0.676589 -0.213488 0.704735
1 28.8285 6.31836 1.61207 -0.4523 -0.367816 -0.812488
1 12.107 18.9753 1.60811 0.38029 -0.473459 -0.794491
1 7.83719 12.7304 1.60758 -0.292127 0.145422 -0.945259
1 11.9947 5.07074 1.60548 0.106923 -0.417019 -0.902587
1 18.5483 11.4731 1.7527 -0.00569709 0.169197 0.985566
1 7.39987 18.6402 1.61462 0.357732 0.353157 -0.86447
1 7.34612 28.7133 1.75986 -0.141677 0.0292997 0.989479
1 5.64706 2.11655 1.61391 -0.0774108 0.304155 -0.949472
1 18.1251 20.2309 1.61299 -0.432545 -0.319488 -0.843109
1 13.6306 8.32469 1.74298 0.46768 -0.653237 0.595447
1 24.9306 29.3528 1.75352 -0.374931 -0.0485718 0.92578
1 5.31865 8.72326 1.59204 0.922316 0.220159 -0.31759
1 14.5111 4.17233 1.58086 -0.127131 -0.803533 -0.581527
1 17.3838 33.7952 1.7594 -0.133328 0.0527621 0.989667
1 10.195 10.7266 1.60554 -0.52975 -0.254146 -0.809182
1 32.6343 10.6982 1.75555 0.330677 -0.417138 0.846551
1 1.85185 22.4482 1.75881 -0.319787 0.0281703 0.947071
1 13.9263 21.2768 1.61101 -0.331614 0.351048 -0.87567
1 18.6527 8.36802 1.7557 0.266815 0.200111 0.942744
1 13.2274 15.6562 1.60049 -0.0984113 -0.732695 -0.673404
1 27.2433 24.3938 1.75971 0.581992 0.279742 0.763564
1 14.6864 8.41465 1.7455 0.398191 -0.505366 0.765539
1 4.2865 11.166 1.77298 0.105884 0.73621 0.668419
1 23.0387 13.9331 1.59394 0.560091 0.437651 -0.703391
1 0.0357867 7.7853 1.61881 0.662888 -0.071767 -0.745271
1 21.5186 27.2879 1.75479 -0.00413382 -0.627247 0.778809
1 2.11781 23.3867 1.7535 -0.473994 0.109571 0.873684
1 4.72866 34.5978 1.6131 -0.357816 0.329794 -0.873615
1 20.6607 22.1911 1.59981 0.00689942 -0.70648 -0.707699
1 30.9391 17.9068 1.60968 -0.0756575 -0.61555 -0.784458
1 5.04546 26.0312 1.74499 0.359825 -0.338891 0.869298
1 32.9174 29.0225 1.60703 0.218804 -0.0910291 -0.971513
1 21.8178 28.5692 1.74182 -0.267398 -0.642844 0.717809
1 19.6428 8.64895 1.75366 0.223911 0.374298 0.899869
1 32.7529 6.5827 1.61654 0.386265 0.263877 -0.883837
1 9.08453 2.58905 1.60732 -0.1091 -0.0800205 -0.990805
1 24.7924 30.2739 1.76179 -0.539175 -0.0866076 0.837729
1 13.5649 10.9585 1.75303 0.0331295 -0.683086 0.729586
1 34.26 12.9455 1.76004 -0.0527248 -0.0754475 0.995755
1 33.7245 30.9349 1.61177 0.539636 -0.136523 -0.830755
1 10.702 30.535 1.75332 -0.450438 0.555189 0.699193
1 23.4885 13.0081 1.6132 0.470957 0.362803 -0.804098
1 13.6947 27.9613 1.75039 0.681919 -0.437769 0.585957
1 17.0706 25.7044 1.60987 0.488044 -0.0862156 -0.868551
1 32.327 28.2449 1.60708 0.0857395 -0.0060592 -0.996299
1 0.970179 6.27557 1.61202 0.26639 -0.188742 -0.945205
1 11.7603 2.60439 1.61566 -0.207029 -0.43594 -0.87584
1 5.82484 3.32625 1.62028 0.0447262 0.341954 -0.938652
1 17.6451 8.27938 1.7582 0.299413 0.0255776 0.953781
1 19.1444 31.958 1.75635 0.0809337 0.283984 0.955407
1 26.8976 30.1367 1.74261 -0.543108 0.330228 0.772
1 15.1137 16.4122 1.74335 -0.473525 -0.463736 0.748815
1 25.5369 28.6112 1.76082 -0.234981 0.0498206 0.970722
1 0.36695 12.3214 1.76061 0.0443801 0.0486713 0.997828
1 5.67534 28.8029 1.75872 -0.129181 -0.210927 0.968928
1 23.6484 2.02723 1.75722 -0.0409044 -0.255783 0.965869
1 30.5681 29.3751 1.61683 0.217933 0.42298 -0.879541
1 33.2944 29.9792 1.60718 0.379628 -0.115442 -0.917909
1 31.4157 7.91843 1.60237 -0.497712 -0.721707 -0.481064
1 17.4496 0.895431 1.75772 -0.338477 0.0690749 0.938436
1 27.565 6.3031 1.61377 -0.477521 -0.191606 -0.857474
1 9.96865 15.8658 1.60701 0.0293182 -0.118798 -0.992486
1 28.4904 10.2795 1.6075 0.169618 -0.346726 -0.922503
1 3.97693 12.5767 1.7644 -0.0650456 0.723185 0.687584
1 32.1302 14.9357 1.73877 -0.433211 -0.428487 0.792924
1 23.8696 10.894 1.61141 0.197378 0.363002 -0.910644
1 11.9016 6.17913 1.60782 0.295912 -0.359639 -0.884927
1 26.9672 13.3477 1.63496 0.603412 -0.320844 -0.730036
1 18.9166 26.6059 1.77774 -0.704164 0.322464 0.63259
1 19.7649 14.9035 1.7617 -0.202393 0.394084 0.896513
1 9.4652 6.74211 1.61481 0.419811 -0.0330319 -0.90701
1 22.721 23.9535 1.76879 0.660989 -0.329474 0.674196
1 34.4882 21.7219 1.76047 -0.212681 -0.325218 0.921412
1 17.0698 27.643 1.75008 0.776105 -0.0160825 0.630399
1 28.0967 20.5373 1.60836 0.323295 -0.122176 -0.938378
1 4.32377 33.6645 1.59597 -0.502664 0.357697 -0.787008
1 27.4678 29.1346 1.76837 -0.311543 0.412392 0.85608
1 24.6916 18.9553 1.60806 0.00256843 0.295107 -0.955461
1 21.6744 15.2701 1.75989 -0.206884 0.687869 0.695727
1 0.613276 11.3707 1.76208 0.205371 0.064679 0.976545
1 29.3594 7.35121 1.61022 -0.282051 -0.471133 -0.835751
1 3.22986 33.4857 1.60932 -0.495052 0.555753 -0.667879
1 23.8507 17.2045 1.61474 -0.344373 0.352659 -0.87008
1 29.2815 21.852 1.6238 0.5215 -0.297974 -0.79953
1 31.9278 5.84325 1.6361 0.26692 0.419786 -0.867487
1 23.8458 21.6616 1.61235 0.471923 0.37854 -0.796239
1 15.206 9.23758 1.75969 0.289768 -0.3864 0.875631
1 2.33649 7.39029 1.59358 0.416656 -0.385169 -0.823434
1 19.967 7.5754 1.76331 0.3007 0.496448 0.814321
1 15.169 24.9467 1.61052 0.300742 0.203884 -0.931657
1 6.09032 18.864 1.63208 0.53356 0.620621 -0.574581
1 11.0279 19.3773 1.61211 0.460844 -0.280458 -0.842001
1 5.35695 16.5148 1.60473 0.178484 0.593702 -0.784641
1 4.11715 24.6508 1.74055 0.629078 -0.461572 0.62547
1 15.94 19.0886 1.61861 -0.65672 -0.0216124 -0.753825
1 21.3013 29.6102 1.69801 0.418756 0.67999 0.601878
1 7.02272 26.0725 1.75979 0.306641 -0.0649086 0.949609
1 14.5699 11.2935 1.75674 0.0539725 -0.502009 0.863177
1 28.6108 13.4694 1.6208 -0.802075 0.304344 -0.513858
1 24.1483 27.5091 1.76066 -0.048706 -0.201402 0.978297
1 26.384 18.9237 1.60508 0.0480583 0.0724001 -0.996217
1 18.2814 33.421 1.75718 -0.0950689 0.174908 0.979984
1 11.3813 11.1154 1.60924 -0.477318 -0.470443 -0.742193
1 22.924 11.2694 1.6126 0.242453 0.535466 -0.809008
1 23.8539 0.978595 1.76376 0.119474 -0.243763 0.962448
1 8.6336 27.3723 1.76075 0.0884058 0.192161 0.977373
1 6.62804 2.07792 1.60743 -0.125787 0.173037 -0.97685
1 20.5526 12.706 1.76083 0.181231 0.58508 0.790466
1 17.1575 4.64437 1.76905 -0.855658 0.109604 0.505804
1 5.76143 15.4144 1.60915 0.0169653 0.511382 -0.859186
1 3.47147 10.2437 1.75294 0.286626 0.520691 0.804193
1 8.97985 15.3482 1.60783 -0.0069278 0.00889752 -0.999936
1 31.6618 26.7622 1.60349 -0.161714 0.0326191 -0.986298
1 31.8136 11.5925 1.74921 0.192886 -0.515129 0.835127
1 10.3532 20.7742 1.61858 0.662632 -0.194781 -0.723173
1 13.8284 1.97304 1.76233 -0.625647 -0.509602 0.590653
1 1.27239 2.26358 1.61548 -0.386405 -0.416788 -0.822787
1 22.4371 12.2279 1.62627 0.381669 0.631463 -0.674969
1 27.5567 1.35211 1.75776 -0.117107 0.221802 0.968034
1 13.9164 12.3859 1.75082 -0.0783973 -0.627588 0.774588
1 9.15119 28.3239 1.75854 -0.0698505 0.296705 0.952411
1 9.46144 29.3375 1.75531 -0.243864 0.346222 0.905903
1 23.5792 9.80942 1.60797 0.0554355 0.436678 -0.897908
1 16.6283 15.4438 1.76136 -0.390314 -0.139952 0.909983
1 26.7479 25.2018 1.75867 0.414829 0.243822 0.876623
1 30.4024 7.99236 1.69881 -0.206396 -0.65102 -0.730462
1 6.90405 17.5151 1.61614 0.247058 0.365741 -0.897327
1 12.2903 22.4982 1.60823 -0.155598 0.623979 -0.765793
1 29.2676 1.42915 1.75394 -0.212133 0.5138 0.83127
1 12.3496 16.5336 1.61926 0.0628375 -0.513309 -0.855901
1 6.24659 1.10731 1.60889 -0.236111 0.181806 -0.954567
1 10.725 11.8665 1.60842 -0.37448 -0.376339 -0.847428
1 14.4186 10.1073 1.76049 0.192507 -0.531842 0.824673
1 24.4687 28.462 1.75929 -0.216356 -0.136722 0.966694
1 9.78118 31.5738 1.75364 -0.604754 0.387481 0.695795
1 18.3009 6.41653 1.75799 0.524238 0.147307 0.838734
1 6.3741 32.187 1.748 -0.769265 -0.0348257 0.63798
1 8.58619 8.53369 1.65592 0.776658 -0.0371875 -0.628824
1 30.8066 11.939 1.74642 0.219955 -0.68495 0.694596
1 24.8553 10.6261 1.6095 0.165291 0.20142 -0.965458
1 27.9939 3.02594 1.7578 -0.47072 0.251277 0.845744
1 7.88218 20.9136 1.61418 0.644525 0.315012 -0.696674
1 4.13448 14.6315 1.59827 -0.26754 0.761776 -0.590016
1 32.6688 9.57742 1.73792 0.507778 -0.420438 0.751927
1 15.5137 13.3601 1.7514 -0.182426 -0.344417 0.920922
1 30.8524 19.914 1.61829 0.196413 -0.560558 -0.804486
1 5.21079 0.892573 1.61258 -0.221311 0.295213 -0.929446
1 25.4647 9.42772 1.60899 0.0042583 0.124106 -0.99226
1 8.20712 14.7056 1.60757 -0.0584097 0.104385 -0.99282
1 13.2156 17.0495 1.61001 0.0785325 -0.633245 -0.769957
1 16.0982 28.4019 1.75086 0.616793 -0.141155 0.774365
1 2.76275 5.77184 1.60789 -0.0574112 -0.46967 -0.880973
1 13.8577 5.25392 1.61317 0.0970964 -0.667991 -0.737808
1 23.2882 6.58887 1.61642 -0.417213 0.516877 -0.74751
1 4.38422 21.1519 1.7528 -0.0134146 0.424793 0.905191
1 6.57115 5.28904 1.61102 0.258736 0.302639 -0.917314
1 23.7654 12.0131 1.61058 0.336865 0.346297 -0.875557
1 29.5362 25.1842 1.61087 -0.326455 0.476638 -0.816237
1 23.6355 30.2327 1.76564 -0.509318 -0.316389 0.800308
1 7.58614 30.5955 1.76136 -0.464133 0.0635662 0.883482
1 10.3222 18.7267 1.608 0.376477 -0.160162 -0.912476
1 16.2944 29.4275 1.75376 0.417313 -0.105238 0.902649
1 0.987749 23.1708 1.75635 -0.467682 -0.0917183 0.879125
1 8.18581 9.50001 1.61458 -0.726994 0.0943831 -0.680126
1 7.25208 14.5189 1.60931 -0.07995 0.249573 -0.96505
1 33.6842 26.9509 1.60972 -0.128376 -0.313136 -0.940992
1 23.8845 29.2725 1.75145 -0.355366 -0.248977 0.900958
1 20.6465 26.7732 1.60408 -0.0420879 0.77553 -0.629907
1 10.0408 26.3262 1.75949 0.255356 0.401334 0.879616
1 28.2146 9.12733 1.60917 0.00230612 -0.302753 -0.953066
1 21.6671 26.0377 1.76905 0.243299 -0.597912 0.763745
1 28.5788 12.486 1.61428 0.574579 -0.322015 -0.75244
1 22.5448 0.244034 1.75516 0.301222 -0.633702 0.712521
1 17.887 24.0677 1.61062 0.210795 -0.225234 -0.951228
1 18.6886 12.7101 1.75538 -0.0733874 0.191262 0.978792
1 18.637 22.265 1.60928 -0.0743265 -0.353562 -0.932453
1 8.13222 0.765113 1.60833 -0.339069 -0.0545677 -0.939177
1 0.0485335 4.72385 1.60765 0.0194461 -0.0468384 -0.998713
1 6.75337 3.09551 1.60725 -0.0153314 0.211145 -0.977334
1 1.74525 5.50806 1.61381 0.0479536 -0.310916 -0.949227
1 5.46241 23.95 1.63498 0.753394 -0.29276 0.588804
1 9.0268 33.8932 1.6116 -0.591806 -0.241127 -0.769171
1 25.7168 11.2299 1.6099 0.268828 0.0545398 -0.961643
1 0.101273 23.8428 1.7547 -0.59724 -0.225308 0.769767
1 26.7228 11.5205 1.61413 0.337972 -0.0867055 -0.937154
1 9.63404 11.5365 1.6113 -0.424198 -0.178821 -0.887738
1 30.513 27.0829 1.60958 -0.103518 0.235785 -0.966276
1 0.304608 19.1095 1.75668 0.259134 -0.274541 0.926
1 5.76893 9.68886 1.77877 0.580019 -0.527393 0.620833
1 33.5227 11.1101 1.75808 0.255773 -0.24495 0.93519
1 31.5038 27.7317 1.60505 -0.00304549 0.131835 -0.991267
1 16.5454 14.4306 1.76198 -0.276329 -0.170491 0.94582
1 28.2937 17.0885 1.60976 -0.242257 -0.165339 -0.95602
1 15.422 0.196086 1.75345 -0.282665 -0.191945 0.939818
1 23.4614 28.1731 1.75519 -0.184516 -0.327884 0.926523
1 14.1979 29.6936 1.75056 0.390208 -0.352157 0.850719
1 1.81806 15.8178 1.75627 -0.567042 0.288999 0.771325
1 34.5189 10.664 1.76136 0.33684 -0.0768503 0.938421
1 24.3172 6.71765 1.60846 -0.417293 0.33915 -0.843116
1 30.4179 18.9114 1.6103 0.0536342 -0.48759 -0.871424
1 27.7398 19.6535 1.60681 0.1839 -0.0847242 -0.979287
1 20.9383 33.1916 1.75633 -0.103291 0.557894 0.82346
1 6.79026 34.0507 1.61428 -0.53372 0.0731385 -0.842492
1 3.60494 21.9083 1.75411 -0.172739 0.299307 0.93839
1 31.0112 9.21565 1.67171 0.0363284 -0.750492 -0.65988
1 8.83603 13.128 1.60775 -0.241842 -0.0116381 -0.970246
1 14.6178 32.8305 1.7584 -0.0351273 -0.298929 0.953629
1 23.2733 27.0823 1.76161 0.0249848 -0.356063 0.934128
1 8.01586 21.9748 1.75533 -0.774203 -0.313152 0.550042
1 32.1221 3.87581 1.61017 -0.118171 0.368776 -0.921976
1 24.2298 16.1562 1.60716 -0.543668 0.276619 -0.792406
1 9.32835 4.72812 1.60839 0.144973 -0.0723039 -0.98679
1 7.52683 4.79146 1.60841 0.183236 0.159904 -0.969977
1 2.85312 31.8683 1.76502 0.738583 0.0627848 0.671233
1 24.6476 1.48029 1.75643 -0.0171607 -0.131544 0.991162
1 15.9265 12.4047 1.7582 -0.0706128 -0.26726 0.961034
1 9.27568 25.5049 1.76089 0.396046 0.255907 0.88185
1 21.4405 12.3675 1.74163 0.256256 0.73158 0.631762
1 2.44405 0.0720608 1.60201 -0.221516 0.707551 -0.671045
1 24.7161 11.609 1.61038 0.311745 0.197902 -0.929328
1 7.33136 1.37564 1.60975 -0.227518 0.0581672 -0.972035
1 24.7944 17.8374 1.6103 -0.18901 0.24689 -0.950432
1 10.0916 22.1915 1.60366 0.83398 -0.139623 -0.533837
1 33.2137 15.2246 1.76159 -0.429857 -0.227071 0.873878
1 14.9551 22.9188 1.60642 -0.0445707 0.216586 -0.975245
1 17.1917 28.7771 1.75155 0.514516 -0.0100313 0.857422
1 19.6936 21.697 1.6129 -0.124548 -0.547838 -0.827262
1 15.6073 11.3833 1.76064 0.0319107 -0.325806 0.944898
1 5.04864 30.6777 1.75374 -0.466006 -0.234428 0.85316
1 22.4657 26.5468 1.76066 0.139146 -0.480711 0.865769
1 12.0358 33.9316 1.75274 -0.237068 -0.683867 0.690018
1 19.147 1.52695 1.75318 -0.429724 0.322868 0.843264
1 29.0702 27.1215 1.64458 -0.00301626 0.981265 -0.192638
1 26.64 31.9842 1.75201 0.675753 0.00369023 0.737119
1 10.2449 5.15162 1.60988 0.179249 -0.1806 -0.967085
1 31.3856 23.6254 1.60866 -0.636285 0.101152 -0.764794
1 25.1479 22.156 1.61701 0.585322 0.244901 -0.772931
1 7.30849 19.7927 1.61812 0.496395 0.388503 -0.77631
1 26.6763 17.9993 1.60903 -0.0961242 0.0329543 -0.994824
1 1.15893 7.26485 1.61478 0.443906 -0.218625 -0.868994
1 32.5423 13.9705 1.75661 -0.240696 -0.367549 0.898317
1 5.0955 11.656 1.60754 -0.327631 0.734497 -0.594283
1 26.7663 0.802963 1.75994 0.0154689 0.103481 0.994511
1 28.0345 22.4117 1.60463 0.633202 -0.0870453 -0.769076
1 22.8232 1.39575 1.7568 0.16747 -0.369454 0.914034
1 12.1302 26.3566 1.73981 0.326899 0.726626 0.604277
1 26.478 16.5564 1.60795 -0.340923 0.0949355 -0.935285
1 1.07333 26.4345 1.61769 -0.174982 -0.689359 -0.702969
1 20.0539 30.4903 1.74596 0.275469 0.415101 0.867068
1 12.8797 12.0138 1.74039 -0.176286 -0.802141 0.57052
1 12.6502 14.0384 1.61789 -0.233401 -0.710825 -0.663514
1 10.3436 23.7839 1.75367 0.65915 0.426829 0.619143
1 3.95201 3.09351 1.68067 0.234718 0.579656 -0.780324
1 18.2675 30.2548 1.75743 0.299275 0.155572 0.941399
1 11.4287 21.2123 1.59457 0.716336 -0.434844 -0.545686
1 16.6118 21.784 1.60582 -0.217635 -0.0621984 -0.974046
1 11.5909 29.305 1.74 -0.321731 0.662111 0.676829
1 5.10024 22.982 1.72899 -0.46231 0.475722 0.748303
1 2.48999 28.7562 1.75959 -0.195851 -0.7076 0.678929
1 8.36385 3.21541 1.60773 -0.0272213 0.021398 -0.9994
1 0.827078 22.1604 1.75879 -0.287759 -0.1522 0.945532
1 8.63529 31.0809 1.75567 -0.568103 0.211318 0.795363
1 27.2534 8.97442 1.6072 -0.0411845 -0.145057 -0.988566
1 3.92328 31.034 1.74759 -0.53546 -0.403968 0.741682
1 34.0945 3.15189 1.60828 -0.234729 4.25995e-05 -0.972061
1 25.9517 14.9257 1.73222 -0.713282 0.339603 -0.613106
1 25.5718 18.4133 1.60557 -0.0606999 0.164848 -0.984449
1 23.8838 18.2951 1.60982 -0.139839 0.38142 -0.913764
1 2.06876 4.56099 1.62488 -0.158308 -0.388108 -0.907916
1 11.3656 18.3078 1.6105 0.306952 -0.333749 -0.891287
1 8.44901 5.31924 1.60897 0.237312 0.0466585 -0.970312
1 13.0165 23.2863 1.61073 -0.000332465 0.51605 -0.856558
1 7.31614 25.1114 1.7557 0.46289 -0.0587356 0.884468
1 1.08084 31.4994 1.6195 0.494742 -0.56283 -0.662158
1 32.5659 27.2315 1.60584 -0.0811135 -0.108777 -0.990751
1 29.612 15.9245 1.60559 -0.432407 -0.373555 -0.820659
1 32.8754 0.672059 1.6055 -0.573758 0.282207 -0.768869
1 16.171 25.176 1.61042 0.365107 0.0501635 -0.929613
1 22.862 28.9101 1.73898 -0.319494 -0.449259 0.83432
1 14.1581 24.8285 1.60787 0.279071 0.359502 -0.890437
1 21.8498 22.4665 1.77778 -0.493425 -0.663849 0.561993
1 25.4976 7.99123 1.60964 -0.211806 0.120771 -0.969821
1 16.0051 34.0795 1.75879 -0.185795 -0.118237 0.975449
1 17.9684 34.5653 1.75797 -0.223933 0.14254 0.964125
1 3.08998 4.74607 1.63134 -0.293443 -0.560456 -0.774455
1 6.18254 25.4227 1.7517 0.414653 -0.208026 0.885883
1 11.7992 32.5658 1.74976 0.0374376 -0.710522 0.702678
1 21.1139 2.85403 1.74404 0.0861086 -0.61367 0.784853
1 9.63325 27.3611 1.75932 0.0907356 0.358886 0.928961
1 25.8479 17.4119 1.61106 -0.212696 0.123156 -0.969326
1 26.5965 33.5625 1.7577 0.337021 -0.0113007 0.941429
1 26.2391 7.37675 1.60898 -0.312866 0.007991 -0.949764
1 2.45929 13.8929 1.75273 -0.22366 0.457741 0.860494
1 21.688 19.9753 1.60925 0.0760016 0.660308 -0.747139
1 15.7855 20.0774 1.6125 -0.497828 0.0281172 -0.86682
1 32.7611 34.2623 1.59084 -0.677324 0.43972 -0.589812
1 16.8314 23.734 1.60885 0.1283 -0.0689915 -0.989333
1 15.9495 26.0767 1.62125 0.5277 0.0929621 -0.844329
1 12.3246 17.7548 1.61454 0.216185 -0.493466 -0.84247
1 19.2297 15.8918 1.76283 -0.383333 0.294087 0.875539
1 19.9541 25.5382 1.77326 -0.430154 0.646221 0.63037
1 18.0834 1.70235 1.75626 -0.430146 0.159591 0.888541
1 0.697854 14.376 1.75792 -0.315014 0.131049 0.939996
1 33.6648 24.6766 1.61079 -0.538143 -0.365526 -0.759469
1 25.5173 33.783 1.75748 0.333366 -0.150625 0.930687
1 18.1942 3.70967 1.76616 -0.706686 0.258689 0.65854
1 31.5917 1.18026 1.58926 -0.582615 0.546261 -0.601796
1 24.2937 22.7765 1.60238 0.69833 0.338483 -0.630685
1 3.29419 6.81449 1.60626 0.115789 -0.533133 -0.838071
1 16.845 7.63763 1.75713 0.408038 -0.12406 0.904497
1 1.29692 28.4431 1.61062 0.0647865 -0.695247 -0.715845
1 23.5269 33.5582 1.76751 0.406109 -0.470286 0.783522
1 24.6952 12.6062 1.60866 0.469117 0.175544 -0.865513
1 22.5199 29.8613 1.74693 -0.457088 -0.570311 0.682507
1 15.3461 27.6592 1.76085 0.801461 -0.164894 0.574865
1 8.4074 24.8213 1.75697 0.516346 0.101071 0.850395
1 17.3672 13.9022 1.76027 -0.197776 -0.0232437 0.979972
1 7.7313 15.5792 1.60839 0.0238306 0.191633 -0.981177
1 34.178 15.821 1.7497 -0.545701 -0.0572917 0.836019
1 6.13688 31.1891 1.75484 -0.569921 -0.0741404 0.818348
1 1.13069 3.32483 1.61568 -0.214059 -0.333535 -0.918114
1 21.0911 16.5609 1.75993 -0.456204 0.568147 0.684899
1 28.9199 17.9466 1.60877 -0.0985098 -0.26371 -0.959559
1 18.7084 14.8176 1.76297 -0.254666 0.220647 0.94152
1 11.4884 7.21497 1.61181 0.446914 -0.270904 -0.852572
1 19.3257 13.9153 1.76329 -0.0620711 0.314434 0.947248
1 25.7926 1.00709 1.76145 0.0118815 -0.034903 0.99932
1 2.12324 10.763 1.75534 0.292965 0.301264 0.90742
1 11.75 8.1943 1.60521 0.597453 -0.275817 -0.752977
1 21.8102 33.708 1.76494 -0.226394 0.658497 0.717724
1 14.4834 31.7673 1.75751 0.10693 -0.308 0.945358
1 3.72365 1.96699 1.61617 0.0296222 0.532214 -0.846092
1 13.228 34.4202 1.75093 -0.321371 -0.514184 0.795195
1 21.4433 13.7835 1.74527 0.0320301 0.671096 0.740678
1 18.0969 26.0887 1.60251 0.564327 -0.239578 -0.790024
1 12.3198 15.2655 1.63185 -0.0570021 -0.567264 -0.821561
1 20.287 13.7976 1.74955 0.0145502 0.466886 0.884198
1 11.2761 24.9941 1.74979 0.477792 0.594615 0.646643
1 21.9862 3.43851 1.75053 -0.12084 -0.487352 0.864804
1 6.99459 13.4898 1.6101 -0.20729 0.283792 -0.936212
1 7.47305 6.78431 1.60342 0.481298 0.186087 -0.856577
1 13.3468 2.6889 1.63353 -0.385368 -0.619154 -0.684207
1 24.843 8.71245 1.60797 -0.104291 0.223714 -0.969059
1 20.9962 18.8676 1.62828 -0.092815 0.801404 -0.590878
1 22.911 3.89301 1.76181 -0.280572 -0.316464 0.906162
1 9.10026 0.278305 1.60687 -0.434236 -0.221211 -0.873215
1 4.10605 29.9939 1.75559 -0.349968 -0.39578 0.849047
1 20.6315 6.77517 1.76191 0.42762 0.598379 0.677557
1 31.9146 15.9389 1.75817 -0.585337 -0.534221 0.609909
1 17.268 18.1979 1.75759 -0.796056 -0.0966649 0.597454
1 26.522 9.62208 1.60747 0.0406321 -0.0387361 -0.998423
1 11.0954 1.20895 1.62152 -0.291001 -0.469672 -0.833502
1 25.8013 10.3014 1.60983 0.129713 0.0625982 -0.989574
1 2.18641 27.2207 1.74439 0.0140509 -0.805853 0.591949
1 9.80204 13.566 1.60958 -0.174219 -0.151484 -0.972985
1 12.7941 21.2604 1.61882 -0.385714 0.556497 -0.735892
1 6.0698 10.7352 1.61776 -0.447004 0.465667 -0.763768
1 7.56159 3.72548 1.60893 0.0477512 0.134542 -0.989757
1 29.7677 28.5658 1.62334 0.00528563 0.531113 -0.847284
1 32.0833 7.25662 1.60521 0.549503 0.338399 -0.763893
1 16.4906 13.3825 1.76055 -0.17135 -0.181465 0.968354
1 26.751 10.5674 1.60976 0.18973 -0.0754342 -0.978934
1 30.3151 32.4889 1.75743 0.302871 0.607303 0.734474
1 17.6599 23.104 1.60852 0.0375887 -0.200815 -0.978908
1 33.5281 12.3039 1.7618 0.0516465 -0.224055 0.973207
1 25.1492 27.7258 1.76011 -0.0761414 -0.0222726 0.996848
1 28.2982 7.17432 1.60979 -0.304418 -0.309295 -0.900925
1 29.1392 20.7497 1.60813 0.34862 -0.291145 -0.890898
1 19.206 29.7462 1.7508 0.37484 0.291091 0.880205
1 25.4983 5.01896 1.624 -0.736131 0.149887 -0.660034
1 27.7875 8.09535 1.60925 -0.156574 -0.235706 -0.959128
1 13.9447 23.7654 1.60942 0.0915369 0.381901 -0.919659
1 29.561 29.7723 1.62638 0.200403 0.636449 -0.74483
1 24.9572 0.470112 1.76089 0.146446 -0.168985 0.974678
1 33.1783 16.2845 1.76095 -0.594872 -0.265542 0.758693
1 5.83418 27.5047 1.75737 0.0734215 -0.20596 0.975802
1 25.7035 3.88769 1.76772 -0.604551 0.0783127 0.792707
1 8.45302 6.34784 1.61117 0.375151 0.0661709 -0.924599
1 31.6408 10.4587 1.73489 0.376775 -0.62742 0.681458
1 29.9443 26.1534 1.61645 -0.204489 0.340802 -0.917626
1 26.3682 6.47862 1.61362 -0.484301 -0.019038 -0.874694
1 27.7358 27.1907 1.75496 0.0528005 0.390684 0.919009
1 33.6312 7.24957 1.61498 0.515788 0.105951 -0.85014
1 9.00569 26.4636 1.75965 0.2401 0.229517 0.943225
1 13.6196 9.58626 1.75828 0.264582 -0.644873 0.717033
1 25.7362 13.1139 1.62055 0.583728 -0.0221111 -0.811648
1 32.3782 19.7194 1.76024 0.160696 -0.728722 0.665689
1 0.601323 8.76823 1.75106 0.693703 -0.0306202 0.71961
1 21.9697 9.13823 1.6059 -0.0479175 0.734961 -0.676414
1 25.7564 14.0498 1.61858 0.733217 -0.132597 -0.666941
1 14.6258 14.6996 1.70633 -0.372657 -0.514738 0.772122
1 18.2305 29.2168 1.75272 0.445923 0.140347 0.884
1 1.96786 6.49052 1.6153 0.231623 -0.362207 -0.902861
1 6.53244 29.3065 1.75827 -0.233287 -0.0871426 0.968495
1 0.817672 34.0461 1.75771 0.736869 0.200261 0.645693
1 28.0983 15.3487 1.65392 -0.52872 -0.0725949 -0.845686
1 6.50809 28.2044 1.75969 -0.0428661 -0.096804 0.99438
1 5.41435 21.7747 1.76029 -0.147276 0.596695 0.788838
1 24.5591 2.48616 1.75908 -0.187908 -0.110099 0.975996
1 3.13717 19.054 1.7569 0.314516 0.191404 0.929755
1 17.2583 19.1236 1.60097 -0.668324 -0.233641 -0.706226
1 4.97172 27.0677 1.7528 0.170473 -0.344966 0.923005
1 26.5918 5.59382 1.61958 -0.649764 -0.0525884 -0.758315
1 19.994 31.5349 1.75783 0.127051 0.397963 0.908561
1 1.94793 8.78088 1.74055 0.642077 0.207004 0.738164
1 14.9433 23.9408 1.60911 0.125974 0.226059 -0.965934
1 0.149886 25.414 1.60645 -0.39065 -0.545554 -0.74146
1 31.341 30.2824 1.61369 0.378177 0.29093 -0.87883
1 3.92469 4.33077 1.73386 0.506402 0.659686 -0.555312
1 11.1903 31.5317 1.76005 0.317248 -0.764742 0.560824
1 29.9904 6.58045 1.62181 -0.434099 -0.586568 -0.683736
1 29.3314 17.0038 1.61261 -0.248901 -0.32959 -0.910724
1 4.40788 32.3942 1.68225 0.793164 0.372049 0.482151
1 34.2782 27.8774 1.61019 0.0279761 -0.384875 -0.922545
1 4.06186 28.0323 1.76018 0.0055108 -0.469444 0.882945
1 0.564694 20.1015 1.7579 0.0789979 -0.240264 0.967488
1 0.463698 1.4032 1.61178 -0.468181 -0.188218 -0.863354
1 1.49368 13.6978 1.75775 -0.190061 0.273147 0.94301
1 22.8695 2.82297 1.75097 -0.063246 -0.356764 0.932051
1 19.8471 5.50182 1.73803 0.581791 0.451539 0.676485
1 14.7819 17.3687 1.7813 -0.552417 -0.611037 0.566983
1 11.0019 3.38489 1.61323 -0.0644063 -0.314614 -0.947032
1 32.9503 31.7975 1.61912 0.648757 0.0750378 -0.757287
1 26.9256 34.4615 1.76047 0.172101 0.085549 0.981357
1 27.677 10.9642 1.61036 0.258719 -0.220624 -0.94042
1 23.9021 8.72833 1.61048 -0.100387 0.387668 -0.916316
1 27.1479 28.0745 1.7571 -0.120877 0.324222 0.938226
1 28.1833 25.1461 1.75426 0.387177 0.460241 0.798919
1 18.5706 0.71125 1.75594 -0.316808 0.233377 0.91933
1 32.8943 5.57807 1.60978 0.200179 0.248008 -0.94785
1 9.99119 19.8852 1.60794 0.537026 -0.0924802 -0.838481
1 33.8077 20.908 1.75659 -0.0749632 -0.468294 0.880387
1 14.0561 15.4919 1.76308 -0.377858 -0.715547 0.587551
1 1.32199 24.1497 1.75042 -0.628152 0.02333 0.777741
1 17.9826 9.2244 1.75649 0.187532 0.0846123 0.978607
1 14.8335 7.20565 1.73765 0.579719 -0.507229 0.637687
1 14.0565 17.8392 1.5887 0.00806834 -0.810158 -0.586156
1 9.31205 19.1209 1.60716 0.425137 0.0225012 -0.904849
1 19.3083 28.7071 1.76006 0.534997 0.297178 0.790863
1 31.9143 25.7762 1.61086 -0.329529 -0.0286542 -0.943711
1 9.41329 5.76475 1.6089 0.285011 -0.0698116 -0.955978
1 23.5642 0.0126497 1.76493 0.225841 -0.435828 0.871235
1 33.3522 13.3154 1.76089 -0.120126 -0.229183 0.965942
1 3.38071 11.4849 1.75335 0.11258 0.574315 0.810856
1 10.2245 25.1425 1.75611 0.450612 0.418583 0.788503
1 11.1271 5.58376 1.61073 0.208913 -0.278239 -0.937517
1 25.9948 21.5302 1.6164 0.442633 0.176198 -0.879222
1 32.9507 18.4439 1.75492 0.376794 -0.570167 0.730024
1 4.59019 29.0674 1.75662 -0.181494 -0.36683 0.912412
1 10.6655 14.0811 1.61272 -0.115462 -0.278327 -0.953521
1 25.8726 29.8107 1.75123 -0.462566 0.138608 0.875683
1 15.9393 24.2441 1.60688 0.200705 0.0699411 -0.977152
1 27.2033 26.1689 1.75898 0.225662 0.315648 0.921652
1 28.0528 31.9945 1.75315 0.595664 0.203497 0.777029
1 15.5741 15.5424 1.74586 -0.408599 -0.319932 0.854804
1 7.81497 26.7533 1.76032 0.19557 0.066979 0.9784
1 15.3618 10.3409 1.75662 0.145196 -0.374275 0.91588
1 10.3536 7.38689 1.60956 0.506907 -0.12597 -0.852747
1 21.7776 32.3823 1.75107 0.0164077 0.694258 0.71954
1 4.2689 7.04941 1.60621 0.0784713 -0.716484 -0.693176
1 10.4237 8.37009 1.60747 0.687351 -0.0502004 -0.724589
1 2.99613 18.077 1.76355 0.495095 0.214845 0.841856
1 15.3505 30.135 1.76006 0.328616 -0.202679 0.92246
1 33.3546 2.53816 1.60967 -0.314211 0.135967 -0.939566
1 8.61888 30.1012 1.75632 -0.386718 0.215379 0.896695
1 20.0953 32.6252 1.7568 -0.0170743 0.421192 0.906811
1 25.9881 24.1974 1.75804 0.607077 0.094439 0.789011
1 1.32774 9.58778 1.75528 0.521131 0.117144 0.845399
1 30.942 26.106 1.61313 -0.260023 0.154567 -0.953151
1 6.30229 16.487 1.61635 0.145939 0.453693 -0.879127
1 23.9525 4.21567 1.76344 -0.474226 -0.128556 0.870967
1 6.39193 6.31278 1.60767 0.407208 0.366195 -0.83671
1 8.29652 19.4481 1.61171 0.46002 0.210591 -0.862574
1 6.00351 13.3106 1.61374 -0.242597 0.446902 -0.861061
1 25.8713 20.515 1.6061 0.290083 0.178053 -0.940292
1 26.1241 8.73137 1.60818 -0.094262 0.0262024 -0.995203
1 16.8978 12.4876 1.76075 -0.080498 -0.105845 0.991119
1 3.15305 26.5486 1.76001 0.269417 -0.642387 0.717463
1 24.4075 31.1734 1.7271 -0.728119 -0.0970158 0.678551
1 0.045968 6.7996 1.61315 0.432006 -0.0481218 -0.900586
1 2.05509 24.9589 1.58981 0.745762 -0.202025 -0.634842
1 0.835725 29.6735 1.61426 0.302568 -0.543039 -0.783301
1 33.2926 19.8773 1.75566 0.115684 -0.570436 0.813155
1 9.83246 17.0817 1.60849 0.154942 -0.0952111 -0.983325
1 3.22046 9.04112 1.7547 0.500251 0.448273 0.740811
1 17.0339 1.89199 1.75879 -0.453556 -0.00269161 0.891224
1 27.55 9.93392 1.60785 0.105162 -0.195173 -0.975115
1 12.7592 32.1335 1.75842 0.0700401 -0.546325 0.83464
1 7.75165 11.712 1.60795 -0.406716 0.148799 -0.901355
1 33.1017 3.53386 1.60701 -0.170121 0.197272 -0.965475
1 20.3999 28.4218 1.76447 0.610299 0.472313 0.635968
1 19.6566 22.9275 1.612 0.0696019 -0.518887 -0.852005
1 8.93527 20.387 1.60876 0.59835 0.108602 -0.793841
1 33.9985 34.4841 1.60748 -0.686569 0.123391 -0.716517
1 32.8621 26.2558 1.61123 -0.249772 -0.188953 -0.94969
1 27.3541 18.7721 1.60733 0.0374165 -0.0480534 -0.998144
1 9.81149 9.36368 1.64873 -0.791136 -0.051918 -0.609432
1 20.5541 9.28845 1.7438 0.190668 0.558373 0.807381
1 21.9058 10.799 1.61867 0.150665 0.760507 -0.631608
1 22.1437 31.134 1.74941 0.247131 0.753751 0.608921
1 27.6926 23.3944 1.61847 0.799085 0.0300669 -0.600465
1 3.44941 13.8774 1.75746 -0.254672 0.638241 0.726492
1 1.03717 10.5032 1.75854 0.364132 0.112018 0.924586
1 5.23506 20.5999 1.7617 0.115549 0.556755 0.822601
1 21.7449 7.53061 1.59354 -0.154154 0.816575 -0.556275
1 11.0622 28.3975 1.75717 -0.112005 0.591131 0.798761
1 33.2966 27.9805 1.6062 0.0530768 -0.207038 -0.976892
1 7.4166 27.6932 1.75939 0.0346676 0.0288804 0.998982
1 2.91769 2.88645 1.61192 0.377314 0.724636 -0.57666
1 16.7131 8.69046 1.75635 0.28019 -0.128166 0.95135
1 29.9312 17.9229 1.60983 -0.101816 -0.426689 -0.898649
1 6.23187 22.3391 1.7675 -0.366339 0.658833 0.657066
1 17.4005 32.8008 1.75929 -0.0122211 0.0560108 0.998355
1 23.214 25.6925 1.75609 0.311407 -0.346436 0.884877
1 24.311 25.3639 1.76118 0.358865 -0.159345 0.919688
1 11.8688 12.3378 1.60872 -0.312577 -0.590504 -0.744043
1 8.41649 4.27754 1.60816 0.10422 0.0347292 -0.993948
1 0.645816 21.1103 1.76068 -0.0993895 -0.209382 0.97277
1 12.0818 23.8141 1.60844 0.0859287 0.679509 -0.728617
1 25.3266 6.00726 1.61247 -0.568844 0.159542 -0.806822
1 14.5496 13.4808 1.74586 -0.21427 -0.517435 0.828462
1 29.8432 19.8809 1.61019 0.204875 -0.396216 -0.895008
1 3.82454 23.3008 1.7576 -0.422992 0.338246 0.840635
1 20.9586 23.5505 1.61071 0.239836 -0.755835 -0.609255
1 11.3723 22.6207 1.78504 0.227928 -0.76251 0.605497
1 20.2241 1.12721 1.73748 -0.41269 0.481922 0.772941
1 4.17706 18.9378 1.74516 0.412926 0.358522 0.83723
1 9.07369 1.27107 1.60766 -0.273167 -0.145792 -0.950855
1 31.3159 3.34177 1.61401 -0.244489 0.524574 -0.815504
1 12.2522 31.2268 1.7408 0.234528 -0.610714 0.756324
1 6.74003 15.4647 1.61089 0.0221035 0.354948 -0.934625
1 30.3168 16.9147 1.60939 -0.267819 -0.497312 -0.825199
1 6.84171 9.7589 1.60466 -0.618019 0.315591 -0.720038
1 11.8984 3.91533 1.60513 -0.0593843 -0.436798 -0.897598
1 30.4173 30.7488 1.62335 0.410151 0.483878 -0.773071
1 19.1868 33.0361 1.75589 -0.059128 0.300523 0.95194
1 27.0252 20.7199 1.60489 0.351912 0.0280105 -0.935614
1 7.66723 10.4837 1.61279 -0.571246 0.147518 -0.807414
1 3.95759 16.1622 1.60808 0.158739 0.764022 -0.625358
1 33.4973 32.8532 1.75972 -0.809233 -0.182517 0.558418
1 33.7146 6.25165 1.6111 0.318972 0.110969 -0.941245
1 29.0689 22.893 1.61429 0.694007 -0.27791 -0.664169
1 15.5835 4.17261 1.79207 -0.726537 -0.42345 0.541141
1 26.7473 27.0467 1.75835 0.0675673 0.236202 0.969352
1 4.08395 0.888759 1.6123 -0.186816 0.459767 -0.868167
1 33.7592 25.7793 1.61 -0.3391 -0.356684 -0.87051
1 7.84325 7.72339 1.62167 0.628548 0.1193 -0.768567
1 23.7839 19.4586 1.60719 0.0601784 0.420004 -0.905525
1 32.2128 29.7514 1.60799 0.317728 0.0924215 -0.943667
1 27.7 11.9705 1.60585 0.406551 -0.242756 -0.880787
1 29.6629 11.6908 1.61115 0.45648 -0.519617 -0.722236
1 9.00856 14.1533 1.6077 -0.119776 -0.0154226 -0.992681
1 24.3339 14.4084 1.60647 0.759123 0.127453 -0.638348
1 0.632841 16.3306 1.72833 -0.720476 0.087946 0.687881
1 7.06556 8.46608 1.60829 0.757969 0.202996 -0.6199
1 18.9456 7.37375 1.76171 0.3652 0.293362 0.883497
1 22.7232 32.5465 1.76627 -0.155571 0.839431 0.520724
1 2.80382 24.1052 1.76609 -0.588317 0.259707 0.765791
1 6.73373 27.0312 1.75895 0.143782 -0.0799877 0.986372
1 14.5096 28.573 1.76345 0.599041 -0.282085 0.749385
1 9.21266 21.3901 1.6118 0.726927 0.0511237 -0.684809
1 20.0751 11.177 1.75138 0.0285523 0.487389 0.872718
1 0.320689 30.8039 1.61248 0.505272 -0.365026 -0.781957
1 24.815 24.4734 1.75032 0.5216 -0.0744334 0.849937
1 6.48747 30.2766 1.75963 -0.402907 -0.0845926 0.911323
1 33.5878 23.2128 1.75407 -0.4936 -0.443975 0.747827
1 6.51203 33.0883 1.62344 -0.729426 0.0824921 -0.679068
1 28.3284 2.0083 1.75792 -0.272431 0.341787 0.899423
1 9.08773 10.2037 1.61102 -0.616528 -0.0595854 -0.785075
1 28.619 14.5237 1.63268 -0.660194 -0.119336 -0.741554
1 13.8676 33.5936 1.75652 -0.163717 -0.411431 0.896616
1 5.89548 12.1815 1.61831 -0.38097 0.498944 -0.778407
1 34.1389 1.88469 1.61066 -0.39965 -0.0180753 -0.91649
1 17.2844 16.2754 1.76308 -0.489422 -0.0351871 0.871337
1 16.3759 10.5291 1.76071 0.106879 -0.196915 0.974577
1 7.99058 34.4113 1.60838 -0.487957 -0.0740724 -0.869719
1 9.82941 1.99014 1.60932 -0.181877 -0.190057 -0.964779
1 17.9931 2.71879 1.73817 -0.592085 0.185446 0.784249
1 22.764 17.6406 1.60983 -0.330026 0.523285 -0.785656
1 30.6667 28.2013 1.61027 0.0556842 0.318823 -0.946177
1 13.0043 7.74651 1.60526 0.558498 -0.501732 -0.660564
1 12.6898 0.643406 1.76342 -0.47031 -0.621445 0.62659
1 24.6967 3.49063 1.7495 -0.364747 -0.0464543 0.929947
1 15.8664 23.2756 1.60701 0.0334675 0.0754377 -0.996589
1 26.682 19.8251 1.6046 0.197961 0.0488732 -0.978991
1 25.5858 19.5119 1.6071 0.121679 0.190811 -0.974056
1 16.566 20.8381 1.61504 -0.376611 -0.0815287 -0.922777
1 18.6492 19.4195 1.61295 -0.576526 -0.359204 -0.733887
1 9.64869 30.4049 1.75279 -0.423502 0.380992 0.821883
1 14.8271 5.63409 1.60333 0.30331 -0.756056 -0.579986
1 2.61248 21.7409 1.76004 -0.165981 0.129249 0.977622
1 15.043 2.05104 1.73799 -0.502919 -0.316262 0.804395
1 15.3309 3.07977 1.7458 -0.635022 -0.292484 0.714982
1 17.7481 12.9778 1.76149 -0.0903616 0.0399487 0.995107
1 1.92397 17.698 1.75273 0.537478 -0.0246525 0.842917
1 29.1122 2.65753 1.75395 -0.406408 0.451686 0.794237
1 17.8901 7.32935 1.75924 0.412406 0.0850534 0.907021
1 23.9694 26.3282 1.7594 0.174544 -0.23169 0.957003
1 2.17801 3.465 1.63122 -0.358919 -0.539405 -0.761722
1 4.10114 25.7259 1.7588 0.42971 -0.472472 0.769493
1 23.5823 7.68929 1.60728 -0.247182 0.47861 -0.842516
1 2.13996 12.8558 1.75068 -0.0486974 0.382268 0.922767
1 34.2411 19.9201 1.75295 0.0999531 -0.400869 0.910666
1 15.5872 21.2189 1.61071 -0.314829 0.0817403 -0.945622
1 24.9626 16.8581 1.61691 -0.359639 0.202468 -0.91086
1 18.1717 15.7039 1.76401 -0.397286 0.118445 0.910019
1 34.3656 14.8891 1.75833 -0.390439 -0.0288507 0.920177
1 20.9059 10.5338 1.74438 0.0255129 0.689164 0.724156
1 24.1266 23.6695 1.76783 0.740112 -0.0359867 0.67152
1 22.6223 7.74695 1.62762 -0.227415 0.652015 -0.723297
1 29.1502 5.25308 1.61691 -0.593068 -0.494785 -0.635184
1 7.52052 29.6584 1.75908 -0.30854 0.0573805 0.949479
1 2.32604 19.7348 1.75985 0.179114 0.0503075 0.982541
1 11.6358 13.4771 1.61093 -0.18477 -0.486972 -0.85365
1 8.48716 18.4173 1.60876 0.330285 0.150353 -0.931829
1 15.2456 26.7989 1.59867 0.699554 0.13607 -0.701505
1 33.9324 17.5541 1.75781 0.594851 -0.357094 0.720164
1 7.57056 2.53449 1.60753 -0.0892224 0.0764045 -0.993077
1 12.8208 4.52728 1.60554 -0.00218925 -0.547509 -0.836797
1 15.4463 32.1243 1.75939 0.0674529 -0.181956 0.98099
1 16.1228 9.54888 1.756 0.21595 -0.238029 0.946947
1 22.9537 8.86795 1.62209 -0.0845581 0.550437 -0.830584
1 30.9353 14.6425 1.75264 -0.407094 -0.643395 0.648318
1 28.4759 0.923429 1.75817 -0.0869128 0.364776 0.92703
1 4.45017 22.2882 1.75692 -0.243872 0.441997 0.863229
1 31.1472 6.29289 1.62346 0.429942 0.519386 -0.738504
1 28.427 33.0429 1.75875 0.369496 0.26856 0.889577
1 33.8829 9.05911 1.75225 0.627356 -0.222163 0.74637
1 5.45499 5.53028 1.61042 0.286894 0.5088 -0.811674
1 18.5419 17.6002 1.73971 -0.710149 0.155754 0.686607
1 17.1403 6.56412 1.7589 0.529358 -0.0816893 0.844457
1 10.1076 28.3808 1.7548 -0.0835495 0.448076 0.890083
1 19.8586 9.97825 1.748 0.133919 0.433721 0.89104
1 5.4767 33.7714 1.61115 -0.509186 0.175414 -0.842591
1 0.578095 13.3357 1.75912 -0.126948 0.101157 0.986738
1 33.8725 18.8577 1.75449 0.302902 -0.43288 0.849038
1 15.3785 31.1255 1.76006 0.196929 -0.18966 0.961898
1 10.4739 6.37547 1.61107 0.34075 -0.17896 -0.922964
1 0.604495 27.5564 1.61626 -0.0188091 -0.545823 -0.83769
1 28.6407 16.1877 1.61047 -0.387092 -0.205104 -0.898939
1 15.9645 1.68269 1.76034 -0.442748 -0.161761 0.881934
1 21.8473 5.38326 1.75097 -0.573357 0.446435 0.686992
1 5.94109 26.4573 1.75635 0.247983 -0.210669 0.945581
1 12.4891 25.1393 1.61948 0.370955 0.650385 -0.662866
1 30.3111 24.2621 1.60713 -0.533014 0.319329 -0.783534
1 4.78766 15.4952 1.5989 -0.0337628 0.671378 -0.740346
1 5.85033 4.48447 1.63637 0.156269 0.404608 -0.90104
1 3.09515 0.927203 1.77215 0.0973168 -0.626934 0.77297
1 25.6539 12.1605 1.61086 0.414407 0.0327607 -0.909502
1 19.6094 0.324769 1.75116 -0.301765 0.386405 0.871567
1 32.7205 11.8162 1.75137 0.135297 -0.369099 0.919489
1 28.7245 8.20168 1.61578 -0.124263 -0.386697 -0.913797
1 5.46313 29.7813 1.75828 -0.304862 -0.226366 0.925104
1 17.5541 14.8956 1.75894 -0.313396 0.0239923 0.949319
1 24.5134 9.67261 1.60749 0.0379168 0.280824 -0.95901
1 1.61449 21.4538 1.76021 -0.145057 -0.040015 0.988614
1 11.0989 4.52048 1.60865 0.0617215 -0.30859 -0.94919
1 4.06795 17.8629 1.76983 0.604123 0.438101 0.66566
1 0.0049252 26.5599 1.61069 -0.193863 -0.481058 -0.854986
1 10.7067 16.5734 1.60957 0.0871718 -0.238744 -0.967162
1 2.21706 32.8587 1.6017 0.513501 -0.313322 -0.79884
1 34.01 0.905372 1.60838 -0.546306 0.045167 -0.836367
1 16.3623 30.4054 1.75603 0.281563 -0.0848208 0.955786
1 22.48 27.7299 1.75862 -0.109966 -0.498968 0.859616
1 1.72377 30.1529 1.61219 0.143278 -0.779219 -0.610155
1 2.17025 1.48307 1.60366 0.130764 0.768706 -0.626092
1 13.2536 22.1766 1.60423 -0.202199 0.467843 -0.860371
1 18.2619 31.3249 1.75895 0.163326 0.161919 0.973194
1 29.8281 14.9431 1.61486 -0.584606 -0.40595 -0.702453
1 18.353 16.6728 1.76014 -0.554255 0.145387 0.819551
1 11.513 15.9353 1.61225 0.0206294 -0.3912 -0.920075
1 14.9277 12.3981 1.755 -0.0663163 -0.443574 0.893781
1 27.1845 21.6531 1.61866 0.501131 0.0386357 -0.864509
1 5.29251 19.4123 1.75054 0.374663 0.563681 0.736133
1 28.5229 29.6215 1.60068 0.0793402 -0.833402 -0.546942
1 3.37485 20.9673 1.75817 -0.0182643 0.236599 0.971436
1 30.0993 9.4523 1.60066 0.100917 -0.607772 -0.787673
1 12.6469 3.30732 1.60937 -0.189991 -0.549231 -0.813787
1 20.1598 17.6166 1.75734 -0.658865 0.376213 0.65143
1 19.469 12.0663 1.75399 -0.0350894 0.336491 0.941033
1 19.5848 16.8308 1.75094 -0.533922 0.331946 0.77765
1 14.7799 20.5556 1.61087 -0.424268 0.202504 -0.882604
1 10.188 4.09425 1.61006 0.0483422 -0.1919 -0.980223
1 1.33652 19.4135 1.75907 0.214962 -0.109208 0.970497
1 9.84274 14.76 1.60943 -0.0703985 -0.127612 -0.989323
1 2.98236 22.7343 1.75283 -0.321684 0.207642 0.923799
1 1.25465 12.6089 1.76014 -0.0084963 0.216151 0.976323
1 10.5767 17.7094 1.61072 0.232649 -0.208609 -0.949925
1 26.965 4.72982 1.60252 -0.81036 -0.0757483 -0.581016
1 7.98526 13.727 1.60829 -0.174047 0.125189 -0.976747
1 13.156 24.4394 1.60641 0.22644 0.531917 -0.815959
1 18.654 23.2992 1.61177 0.100096 -0.347181 -0.932441
1 16.7091 22.7478 1.60676 -0.048247 -0.060078 -0.997027
1 18.6415 5.50286 1.75746 0.640962 0.194208 0.742597
1 30.4069 5.22636 1.60601 0.210052 0.66483 -0.716854
1 12.9017 5.71086 1.60683 0.202572 -0.518185 -0.830932
1 27.2893 2.33685 1.76086 -0.284132 0.198647 0.937981
1 6.16984 20.6638 1.59162 -0.162878 -0.720874 -0.673656
1 8.92409 23.1582 1.75228 0.782604 0.123557 0.610135
1 29.4745 10.5121 1.60826 0.237334 -0.508503 -0.827706
1 26.1735 27.8594 1.75973 -0.0904427 0.152409 0.98417
1 31.5927 31.4105 1.61751 0.56599 0.289935 -0.771747
1 27.6236 33.7445 1.75857 0.277233 0.163665 0.946761
1 32.4562 12.87 1.75665 -0.0453651 -0.393618 0.918154
1 12.828 33.2902 1.7509 -0.12666 -0.55052 0.825157
1 1.13162 18.431 1.75523 0.382606 -0.132679 0.914335
1 9.20718 7.65278 1.61572 0.559799 0.0452305 -0.827393
1 10.2106 33.3859 1.61034 -0.612903 -0.442496 -0.654635
1 19.9307 33.7433 1.75732 -0.177109 0.428333 0.886094
1 0.489071 0.395006 1.6047 -0.612824 -0.150904 -0.775677
1 18.0237 25.0772 1.61347 0.390335 -0.25441 -0.884824
1 1.48408 20.434 1.75991 0.0359655 -0.0818936 0.995992
1 14.4089 30.6987 1.75764 0.250728 -0.317903 0.91437
1 1.55161 11.6304 1.76149 0.151634 0.23543 0.959989
1 5.88943 0.0833401 1.61291 -0.365501 0.17669 -0.913887
1 27.584 16.2901 1.60871 -0.379218 -0.0369965 -0.924567
1 34.5965 5.80721 1.61215 0.224114 -0.0272292 -0.974183
1 17.6003 22.1099 1.6087 -0.132904 -0.204333 -0.969837
1 20.7538 5.21932 1.60498 0.366373 0.757806 -0.539908
1 5.00314 28.0951 1.75765 -0.00920427 -0.319166 0.947654
1 2.98994 30.0821 1.75181 -0.373746 -0.568463 0.732915
1 25.5946 16.0046 1.62987 -0.522707 0.153937 -0.838499
1 3.12389 27.8089 1.75547 0.0241026 -0.622247 0.78245
1 31.1672 33.3994 1.76559 0.0612096 0.739549 0.670314
1 14.3226 0.0254808 1.75762 -0.307019 -0.354225 0.883326
1 30.5835 25.2101 1.61247 -0.393713 0.244506 -0.886119
1 3.52842 34.5711 1.59746 -0.309225 0.519569 -0.79651
1 10.045 3.0316 1.61053 -0.0686765 -0.190816 -0.979221
1 18.9613 9.45826 1.75926 0.146055 0.25141 0.956797
1 18.7035 21.2257 1.6143 -0.242372 -0.386544 -0.889854
1 19.3266 20.4695 1.6175 -0.354959 -0.491891 -0.795014
1 8.19643 28.2352 1.76057 -0.0586116 0.145677 0.987595
1 33.7924 5.18349 1.60918 0.116939 0.0985524 -0.988237
1 19.1624 10.6842 1.755 0.0570202 0.303902 0.950995
1 11.214 34.5294 1.60784 -0.407891 -0.672061 -0.618029
1 27.247 7.1982 1.6079 -0.322944 -0.150949 -0.934303
1 6.59014 7.41558 1.60817 0.571289 0.347841 -0.743394
1 13.3464 29.1504 1.75185 0.484943 -0.451755 0.748831
1 31.519 28.9065 1.60772 0.180525 0.197873 -0.963461
1 13.6057 3.99762 1.67041 -0.113663 -0.663939 -0.739098
1 0.257251 3.75248 1.60804 -0.148352 -0.127766 -0.980646
1 17.3414 30.7975 1.75853 0.22965 0.0378289 0.972538
1 33.5055 14.3104 1.75814 -0.279518 -0.184418 0.942263
1 7.25946 16.511 1.61338 0.121572 0.29939 -0.946354
1 6.7127 4.1496 1.60968 0.113749 0.268548 -0.956527
1 33.0001 4.53962 1.60824 0.0075207 0.222557 -0.974891
1 9.53674 18.1068 1.60932 0.292808 -0.0372689 -0.955445
1 24.3774 5.5578 1.78045 0.611379 -0.338805 0.715141
1 8.7307 12.1061 1.60726 -0.359497 -0.0132071 -0.933053
1 25.8003 30.8431 1.75479 -0.651761 0.0983297 0.752023
1 3.05884 12.782 1.7494 -0.0544161 0.555663 0.829625
1 33.913 28.9576 1.61033 0.203393 -0.285939 -0.936413
1 30.3131 33.8884 1.71895 0.0864927 0.592326 0.801042
1 26.5559 3.11721 1.7544 -0.446921 0.164274 0.879361
1 25.9316 32.8326 1.75175 0.51744 -0.106366 0.849083
1 30.1016 1.82839 1.76162 -0.327763 0.671916 0.664154
1 20.3586 15.8772 1.7533 -0.348064 0.469378 0.811502
1 25.9475 0.0342881 1.76107 0.180192 -0.0548247 0.982102
1 20.7973 14.7693 1.75212 -0.142695 0.548025 0.8242
1 4.03112 26.8896 1.75763 0.215129 -0.499423 0.839223
1 16.3906 31.3817 1.75869 0.158155 -0.0743132 0.984614
1 1.69507 14.7574 1.75699 -0.375824 0.301419 0.876301
1 1.07567 4.3748 1.6118 -0.0549079 -0.222886 -0.973297
1 21.3765 0.351493 1.70617 -0.455165 0.639073 0.620008
1 11.5634 27.3272 1.75644 0.0886075 0.673501 0.733857
1 31.5045 12.7261 1.7498 0.00502778 -0.551679 0.834041
1 21.7928 21.2975 1.60209 0.303711 0.661056 -0.686123
1 4.81643 17.3915 1.61632 0.404444 0.660993 -0.632071
1 23.7588 3.16529 1.75137 -0.232729 -0.20868 0.94989
1 21.1504 25.2567 1.59099 -0.379976 0.695767 -0.609529
1 13.208 30.3452 1.75271 0.308351 -0.500221 0.809135
1 25.7615 26.9229 1.75934 0.0803316 0.0755128 0.993904
1 11.5916 20.1225 1.62847 0.566268 -0.382554 -0.730064
1 4.33788 20.0169 1.75633 0.204662 0.388556 0.898408
1 7.21875 23.0978 1.72027 0.779929 -0.194623 0.594838
1 9.26042 3.68118 1.60834 0.0178215 -0.0799886 -0.996636
1 13.5734 13.6912 1.74463 -0.275839 -0.699316 0.659447
1 14.9169 33.8556 1.7578 -0.17488 -0.264227 0.948473
1 16.0495 5.94767 1.75242 0.640309 -0.342478 0.687541
1 24.6975 33.1364 1.75701 0.477732 -0.28694 0.830324
1 15.588 33.12 1.75913 -0.0607407 -0.170553 0.983475
1 32.5907 22.3971 1.75654 -0.295128 -0.628778 0.719401
1 3.5095 28.9859 1.75917 -0.17648 -0.533912 0.826918
1 4.92696 4.12846 1.62493 0.201915 0.567718 -0.798077
1 29.6305 8.45916 1.60235 -0.0879439 -0.52831 -0.844485
1 0.130085 18.1193 1.74959 0.465159 -0.267322 0.8439
1 19.166 27.5765 1.74011 0.7704 0.157928 0.617691
1 28.6482 3.77907 1.759 -0.61369 0.345042 0.710163
1 24.592 13.53 1.62666 0.621698 0.149325 -0.768892
1 29.4256 18.8805 1.60842 0.0510736 -0.334923 -0.94086
1 5.29748 14.3112 1.61445 -0.131622 0.549595 -0.824998
1 26.8344 8.10297 1.60492 -0.179258 -0.0769221 -0.98079
1 31.5491 13.8742 1.74264 -0.233743 -0.534499 0.812204
1 13.0985 18.3885 1.61809 0.256056 -0.645419 -0.719632
1 12.2384 29.9944 1.73744 0.438141 -0.645326 0.625769
1 23.6871 20.5509 1.61184 0.261472 0.40402 -0.876585
1 32.7332 25.1747 1.60939 -0.437587 -0.191167 -0.87862
1 13.5888 25.6127 1.61385 0.428491 0.436882 -0.790904
1 2.84984 17.0224 1.75555 0.678338 0.131826 0.722828
1 5.08464 31.6904 1.74778 -0.630043 -0.22653 0.742786
1 6.67111 24.3388 1.74236 0.585274 -0.185971 0.78922
1 26.6737 12.4673 1.62082 0.486084 -0.128508 -0.864412
1 22.4576 6.12084 1.60678 -0.489505 0.631073 -0.601774
1 17.3539 31.8043 1.75979 0.105889 0.0455102 0.993336
1 6.82311 11.3239 1.61201 -0.447364 0.302133 -0.841773
1 24.5236 34.1977 1.75357 0.276364 -0.287618 0.917005
1 22.9687 18.7554 1.60947 -0.106604 0.512945 -0.851776
1 11.0292 26.1466 1.75588 0.284491 0.559381 0.778561
1 19.1458 30.8556 1.75733 0.222036 0.280978 0.933676
1 27.3331 32.7898 1.75657 0.473601 0.0726897 0.877735
1 25.488 1.92763 1.76162 -0.148241 -0.0156967 0.988827
1 16.0373 17.5202 1.7549 -0.624833 -0.331696 0.706797
1 21.4163 1.71766 1.64506 0.378451 -0.529385 0.759293
1 5.83843 17.4889 1.77661 -0.335673 -0.505556 0.794819
1 19.336 2.55001 1.69498 -0.568312 0.474826 0.671983
1 10.1234 34.5191 1.60991 -0.444713 -0.450556 -0.774099
1 15.5402 14.4307 1.75633 -0.303777 -0.347869 0.886965
1 25.1353 25.9478 1.75744 0.248076 -0.0273252 0.968355
1 5.21117 24.9722 1.7493 0.565353 -0.306427 0.765819
1 10.6914 12.9686 1.61068 -0.237578 -0.32276 -0.916178
1 32.4875 24.1363 1.60883 -0.598051 -0.143327 -0.788538
1 3.80123 5.82324 1.61596 -0.131852 -0.621634 -0.772131
1 25.6445 25.1278 1.75213 0.410085 0.0553339 0.910367
1 14.9947 1.02518 1.75376 -0.381421 -0.260007 0.887082
1 28.6728 11.3575 1.60722 0.349455 -0.378633 -0.85704
1 14.7362 21.8693 1.60992 -0.225656 0.234525 -0.945557
1 10.7358 15.2498 1.60809 -0.0180149 -0.257797 -0.966031
1 10.7884 2.26772 1.61532 -0.181816 -0.307957 -0.933866
1 26.4855 1.79096 1.75999 -0.14994 0.103759 0.983236
1 16.9433 19.9859 1.60952 -0.520904 -0.165458 -0.837426
1 28.1765 26.2476 1.74702 0.188871 0.488039 0.852142
1 4.68461 1.80329 1.61014 -0.0865749 0.404948 -0.910232
1 26.1817 26.0399 1.75935 0.246653 0.147746 0.957775
1 25.5403 2.85878 1.75497 -0.313875 0.0519672 0.948041
1 27.8936 17.9715 1.60865 -0.0977047 -0.108828 -0.989247
1 27.2896 14.6012 1.61792 -0.656674 0.130184 -0.742854
1 10.4662 29.4623 1.75748 -0.276058 0.495599 0.823513
1 26.483 28.9202 1.75867 -0.285364 0.226401 0.931295
1 20.0691 3.19324 1.76799 0.267039 -0.788366 0.554229
1 17.399 10.8081 1.75888 0.0665848 -0.0237886 0.997497
1 15.8288 8.16023 1.75615 0.352587 -0.298301 0.88696
1 34.2901 11.6674 1.76026 0.152251 -0.0984115 0.98343
1 32.0846 33.6374 1.77064 -0.140168 0.842836 0.519596
1 29.2388 32.4152 1.75851 0.422655 0.414436 0.805981
1 26.9118 15.5619 1.63621 -0.504607 0.111785 -0.856082
1 4.90886 2.91511 1.60929 0.0479571 0.459238 -0.887018
1 30.2745 3.8983 1.61229 -0.103695 0.678849 -0.726919
1 7.88964 17.5222 1.6117 0.217386 0.220857 -0.950771
1 32.8806 8.0261 1.77928 -0.69351 -0.170717 0.699929
1 18.2422 10.2464 1.75819 0.0724643 0.128195 0.989098
1 16.4443 32.3523 1.75944 0.0380646 -0.0651623 0.997148
1 34.5184 22.769 1.75834 -0.408826 -0.294228 0.863882
1 13.7062 20.2676 1.61085 -0.508059 0.398616 -0.763532
1 23.7304 15.3138 1.76884 0.783664 -0.17664 0.595541
1 2.74604 14.9846 1.75363 -0.409807 0.480033 0.775646
1 15.7174 22.2512 1.60765 -0.143308 0.0820652 -0.98627
1 8.62239 11.0711 1.61782 -0.486573 -0.00895951 -0.873594
1 28.0018 5.46259 1.60281 -0.615939 -0.228688 -0.753871
1 9.15101 16.376 1.60708 0.0770872 0.0117045 -0.996956
1 10.0537 0.993529 1.61272 -0.302349 -0.312919 -0.90037
1 24.7953 26.8242 1.75947 0.0844902 -0.0885008 0.992486
1 18.9408 18.4729 1.77974 -0.867678 0.110476 0.484696
1 22.6707 10.0625 1.61506 0.0834473 0.588455 -0.804212
1 7.38085 31.5211 1.74716 -0.609255 0.0586822 0.7908
1 12.1534 1.5406 1.61614 -0.327441 -0.633784 -0.700785
1 23.581 24.6429 1.75489 0.527549 -0.242734 0.814108
1 5.40668 6.82864 1.61588 0.425552 0.620674 -0.658536
1 17.3562 5.57108 1.7547 0.660866 -0.0589619 0.748184
1 17.2601 17.2423 1.75088 -0.647524 -0.0643586 0.759323
1 22.4334 25.0642 1.76004 0.436753 -0.446448 0.780981
1 20.2632 29.5031 1.76762 0.418214 0.484906 0.768091
1 0.310652 2.59972 1.61143 -0.316131 -0.196837 -0.928072
1 0.890448 17.2057 1.75906 0.721052 -0.171771 0.671251
1 8.42831 32.0571 1.74919 -0.750061 0.172719 0.638417
1 21.9998 18.7032 1.60981 -0.153464 0.650248 -0.744061
1 22.9263 22.2187 1.61216 0.496351 0.512959 -0.700363
1 34.3349 31.861 1.61431 0.691295 -0.20345 -0.693339
1 2.76692 25.5382 1.76041 0.502554 -0.665329 0.552066
1 13.5426 31.3626 1.75665 0.1654 -0.432265 0.886448
1 29.3754 33.594 1.76286 0.217714 0.443627 0.869365
1 17.1272 9.76836 1.75911 0.173579 -0.0652901 0.982653
1 20.3749 20.8285 1.59298 -0.237986 -0.664466 -0.708412
1 26.7405 22.4918 1.61837 0.634596 0.151855 -0.757778
1 2.13697 18.7173 1.75691 0.357313 0.0329041 0.933405
1 31.6245 18.8338 1.61932 0.130655 -0.758359 -0.638608
1 32.3781 2.87256 1.61417 -0.306638 0.32716 -0.893834
1 28.4043 18.8453 1.60773 0.0484674 -0.184167 -0.981699
1 31.6047 24.7817 1.60848 -0.485267 0.0319489 -0.873782
1 2.45072 9.79806 1.75424 0.434612 0.320513 0.841655
1 19.9088 24.1362 1.61351 0.242756 -0.569096 -0.78562
1 30.3347 22.2579 1.60848 0.507996 -0.492955 -0.706354
1 16.5549 33.3083 1.75983 -0.0810821 -0.0502605 0.995439
1 6.28212 14.3921 1.61034 -0.103553 0.40001 -0.910642
1 34.3841 29.9022 1.60882 0.360635 -0.331375 -0.871856
1 34.3973 13.9091 1.75931 -0.21753 -0.0353975 0.975412
1 32.86 21.0285 1.7502 -0.0897524 -0.640544 0.762658
1 30.7549 16.0101 1.61645 -0.430113 -0.583973 -0.688461
1 8.00462 23.9019 1.7643 0.664326 -0.0178105 0.747231
1 17.6348 21.1019 1.61586 -0.298839 -0.228784 -0.926473
1 4.9918 13.1744 1.6146 -0.258774 0.628198 -0.73376
1 8.21662 16.5372 1.6108 0.0939373 0.147161 -0.984642
1 16.6308 11.5104 1.76117 0.0081782 -0.153803 0.988068
1 12.8817 19.7146 1.61964 0.538644 -0.618887 -0.571701
1 12.4357 27.9254 1.7537 -0.174446 0.776699 0.605233
1 27.2209 3.87144 1.76093 -0.681651 0.143478 0.717472
1 0.809282 5.31286 1.61304 0.101173 -0.155049 -0.982712
1 32.506 30.7786 1.61104 0.489393 0.0936063 -0.867025
1 13.7454 6.54298 1.61032 0.35139 -0.595037 -0.722811
1 31.8552 2.12622 1.62013 -0.452058 0.43112 -0.780884
1 29.2639 0.208394 1.75845 0.0156624 0.456248 0.889715
1 32.9942 1.65569 1.61224 -0.449656 0.20571 -0.869191
1 7.50338 5.80291 1.61099 0.323183 0.178681 -0.929315
1 22.0923 2.32206 1.73525 0.114675 -0.477663 0.871027
1 31.1771 4.54435 1.60444 0.0228956 0.546027 -0.837455
1 11.5091 14.6251 1.61972 -0.0645559 -0.41029 -0.909667
1 33.5408 22.0477 1.7565 -0.277992 -0.47945 0.832375
1 2.41527 20.7453 1.76022 0.00265627 0.0769927 0.997028
1 14.0288 22.7053 1.61188 -0.0983031 0.358432 -0.928366
1 18.3471 13.8418 1.76308 -0.159572 0.143031 0.97677
1 0.720574 15.37 1.75824 -0.51546 0.127221 0.847417
1 22.796 16.4669 1.60809 -0.560897 0.441779 -0.700162
1 27.8071 0.230369 1.7583 0.0490114 0.228442 0.972323
1 8.45094 29.1538 1.75919 -0.217667 0.187179 0.957907
1 21.069 30.778 1.73087 0.259083 0.583897 0.769376
1 13.6702 32.496 1.75723 0.0033847 -0.42599 0.904722
1 30.5092 10.4942 1.59833 0.328285 -0.674181 -0.661596
1 2.49643 11.8157 1.75016 0.113194 0.41162 0.904299
1 16.9006 0.0170312 1.75965 -0.23532 -0.0149793 0.971802
1 32.1057 4.88184 1.60917 0.0780165 0.369591 -0.925913
1 3.33553 20.0047 1.75981 0.147712 0.211644 0.96612
1 13.8753 0.903631 1.75236 -0.469811 -0.423248 0.774686
1 28.2983 21.463 1.61241 0.466121 -0.134701 -0.874406
1 8.80953 32.8987 1.59879 -0.769042 -0.150719 -0.621175
1 8.86307 17.3668 1.60829 0.199696 0.0638447 -0.977776
1 31.9431 21.2003 1.7602 -0.0399704 -0.798386 0.600818
1 31.1356 0.25135 1.76836 -0.234876 0.72891 0.643058
1 25.3164 6.98456 1.61147 -0.388412 0.16237 -0.907068
1 27.5153 30.9894 1.76904 -0.854787 0.169384 0.490559
1 30.1473 0.510606 1.72664 -0.106846 0.58175 0.806319
1 24.7628 21.1126 1.61292 0.384123 0.271676 -0.882407
1 8.28558 1.85488 1.60925 -0.178025 -0.0367184 -0.983341
1 8.15722 25.8001 1.759 0.355502 0.0884745 0.930479
1 0.289824 28.7554 1.61649 0.167847 -0.483973 -0.858835
1 7.7759 33.4525 1.62301 -0.623824 -0.0691378 -0.778501
1 12.5983 6.86767 1.61818 0.414382 -0.442459 -0.795309
1 21.7135 17.4843 1.62074 -0.398044 0.675375 -0.62083
1 14.7299 25.8261 1.61169 0.482979 0.245306 -0.840569
1 6.85661 12.4361 1.60919 -0.331577 0.319367 -0.887728
1 16.3925 2.67159 1.75494 -0.598565 -0.0904872 0.795947
1 17.6529 11.8609 1.75743 -0.0142644 0.0224047 0.999647
1 28.1491 28.2172 1.76147 -0.0859901 0.510896 0.855331
1 15.2467 29.1882 1.74408 0.460641 -0.225625 0.858431
1 0.147153 9.7082 1.754 0.511347 -0.063652 0.857014
1 20.9314 8.20758 1.76239 0.254006 0.714189 0.652238
1 21.2458 4.11795 1.75809 -0.222297 -0.625035 0.748275
1 18.1926 28.2226 1.75389 0.599296 0.102988 0.793875
1 14.7426 19.504 1.61176 -0.591272 0.195473 -0.782424
1 11.5013 17.1815 1.611 0.152242 -0.362675 -0.919396
1 20.6411 34.4049 1.75136 -0.295365 0.552503 0.779423
1 30.1211 20.9591 1.61671 0.3617 -0.47618 -0.801515
1 23.7424 32.5418 1.5827 -0.580814 0.466334 -0.667224
1 16.2486 16.5535 1.74695 -0.508849 -0.234485 0.828305
1 25.9236 23.1625 1.61215 0.795583 0.20032 -0.571769
1 16.722 3.63778 1.76279 -0.751929 -0.0625537 0.656269
1 30.7119 2.55114 1.61272 -0.394393 0.646049 -0.653509
1 19.8924 19.5798 1.60041 -0.521039 -0.532359 -0.667167
1 10.9846 9.98173 1.59827 -0.657228 -0.291908 -0.694868
1 9.32405 24.2395 1.75888 0.613459 0.244773 0.750836
1 29.1335 9.42457 1.60551 0.0512858 -0.44836 -0.892381
1 31.6628 17.1575 1.60419 -0.252826 -0.717649 -0.64889
1 9.71525 12.5486 1.60868 -0.299642 -0.167467 -0.939239
1 20.8919 31.9485 1.75423 0.0726193 0.545425 0.835008
1 16.9949 26.7041 1.60742 0.707257 -0.0272072 -0.706432
1 33.8951 4.12674 1.60718 -0.0743467 0.0647455 -0.995128
1 24.5454 7.75239 1.60679 -0.252243 0.297529 -0.920787
