1 17.0774 33.5992 1.76022 -0.0778871 0.0258532 0.996627
1 31.9973 16.9815 1.60371 -0.318654 -0.696526 -0.642893
1 19.3138 6.5376 1.7595 0.464985 0.320442 0.825291
1 25.4425 18.6436 1.60775 -0.099275 0.22057 -0.970306
1 7.94337 29.997 1.7564 -0.388241 0.129442 0.912422
1 16.0487 5.6077 1.75484 0.722043 -0.268129 0.637777
1 18.6873 21.1693 1.61034 -0.298542 -0.427814 -0.85314
1 27.0822 20.9585 1.60741 0.281805 0.00162195 -0.95947
1 5.46776 1.70971 1.618 -0.110446 0.379218 -0.918692
1 32.62 8.92303 1.75932 0.786916 -0.149249 0.598739
1 20.2894 10.6712 1.72739 0.10177 0.568552 0.816328
1 2.55395 10.7683 1.76202 0.233322 0.419265 0.87737
1 27.7712 2.44242 1.75978 -0.301237 0.215488 0.928882
1 3.34715 14.4719 1.73785 -0.342268 0.619934 0.70607
1 18.0701 22.8042 1.6084 -0.0102459 -0.324138 -0.945954
1 29.0373 17.9945 1.60862 -0.134339 -0.263906 -0.955147
1 19.5989 31.8797 1.75948 0.138974 0.338642 0.930595
1 25.5238 22.2838 1.61386 0.548522 0.157626 -0.821144
1 27.4429 22.6574 1.60819 0.619575 0.0981556 -0.778776
1 19.7013 21.5786 1.62669 -0.227054 -0.600038 -0.767073
1 16.5965 0.878229 1.75126 -0.305374 -0.0547172 0.950659
1 18.2089 26.3514 1.60361 0.604179 -0.244691 -0.758349
1 14.2156 33.1329 1.75702 -0.063316 -0.344161 0.936773
1 29.0461 29.55 1.74616 0.107036 0.97038 0.216576
1 30.1334 32.5419 1.75554 0.359119 0.510744 0.781137
1 24.0917 6.1945 1.6115 -0.472117 0.252551 -0.844585
1 12.212 14.8847 1.61528 -0.0451346 -0.577455 -0.815174
1 6.86761 14.9521 1.60822 -0.0493624 0.326354 -0.943958
1 10.8637 2.34009 1.60902 -0.141777 -0.328912 -0.933657
1 19.4039 14.4173 1.76133 -0.181753 0.354159 0.917353
1 10.1049 19.762 1.61121 0.501402 -0.227831 -0.834679
1 5.87823 27.8718 1.7593 -0.0313072 -0.225786 0.973674
1 6.294 4.6661 1.60953 0.144846 0.368129 -0.918423
1 13.8019 20.4119 1.61271 -0.410527 0.382309 -0.827833
1 17.4883 5.4413 1.75468 0.707404 -0.0247798 0.706375
1 23.6154 27.0041 1.75856 0.0297616 -0.239635 0.970407
1 5.93491 8.07437 1.5972 0.606036 0.494782 -0.622825
1 10.9272 33.9171 1.63498 -0.596267 -0.404763 -0.693276
1 16.2097 33.2005 1.76045 -0.0378465 -0.0771066 0.996304
1 6.43873 11.0021 1.61704 -0.523866 0.369056 -0.767699
1 1.88569 9.86556 1.75986 0.417281 0.267191 0.868611
1 34.1766 20.8023 1.75776 -0.0539526 -0.395252 0.916987
1 14.0149 25.2337 1.60707 0.340045 0.408773 -0.84692
1 19.0499 11.9403 1.75672 0.00599956 0.312628 0.949857
1 11.0391 9.82656 1.61786 -0.651613 -0.455386 -0.60665
1 28.1043 28.2367 1.75041 -0.133437 0.507751 0.851107
1 18.1313 6.33285 1.75834 0.554226 0.0903052 0.827453
1 2.45657 15.725 1.75276 -0.67078 0.281338 0.686224
1 26.906 14.0839 1.65967 0.65338 -0.316011 -0.687918
1 3.55255 6.78925 1.60961 0.161454 -0.720006 -0.674925
1 22.7489 23.6663 1.77443 0.766405 -0.218306 0.604124
1 33.2738 21.2187 1.75221 -0.113672 -0.555699 0.823576
1 4.58303 3.63229 1.63499 0.287694 0.494923 -0.819929
1 18.3439 19.0187 1.61555 -0.723769 -0.334204 -0.60371
1 27.8417 15.6442 1.62598 -0.511932 0.0277873 -0.858577
1 9.67925 24.5798 1.7559 0.483613 0.327053 0.811883
1 33.7605 28.2118 1.60947 0.0135586 -0.254254 -0.967043
1 22.0341 24.6735 1.757 0.533273 -0.377388 0.757098
1 20.2001 13.2282 1.75282 -0.0708266 0.489691 0.869014
1 1.63095 7.33245 1.60778 0.390129 -0.356228 -0.849059
1 7.9359 2.32908 1.60832 -0.115567 0.0617123 -0.991381
1 22.7565 27.4474 1.75396 -0.0784779 -0.400589 0.912891
1 15.46 6.70134 1.74883 0.571071 -0.335913 0.749026
1 33.9425 12.5859 1.76004 -0.0340286 -0.103876 0.994008
1 1.1493 28.0314 1.61379 -0.0545559 -0.624013 -0.779507
1 5.07138 31.6382 1.74661 -0.67788 -0.210761 0.704314
1 27.1123 13.036 1.61736 0.516419 -0.208267 -0.830624
1 18.3019 27.6255 1.75486 0.765548 0.189797 0.614746
1 19.8961 22.9218 1.61814 -0.0160008 -0.652975 -0.75721
1 32.7621 28.3262 1.60847 0.0534137 -0.0617454 -0.996662
1 1.30874 3.92537 1.61669 -0.188292 -0.304311 -0.933778
1 8.4059 33.9375 1.609 -0.524096 -0.0299805 -0.851132
1 7.92936 6.27071 1.61281 0.347419 0.203784 -0.915299
1 18.9628 9.86651 1.75934 0.176858 0.283903 0.942402
1 17.8148 34.2213 1.7587 -0.146174 0.126508 0.981137
1 23.0808 29.7319 1.75512 -0.474464 -0.330176 0.816007
1 13.3967 11.0411 1.7557 -0.0356467 -0.669766 0.741716
1 23.6488 28.0195 1.75921 -0.162954 -0.23205 0.958957
1 0.359866 12.5458 1.75839 -0.0321475 0.0557576 0.997927
1 5.65909 26.8536 1.75735 0.15094 -0.278206 0.948588
1 25.1737 33.5806 1.75461 0.335314 -0.251519 0.907911
1 34.1485 30.269 1.61043 0.326373 -0.317625 -0.890278
1 0.144143 28.107 1.61159 -0.0164312 -0.442445 -0.896645
1 27.1174 4.99901 1.62081 -0.790023 -0.171745 -0.58853
1 14.8342 34.0292 1.7529 -0.179581 -0.25558 0.949963
1 23.8423 7.24029 1.61253 -0.320438 0.292232 -0.901066
1 9.41024 14.1254 1.60812 -0.131233 -0.116451 -0.984488
1 27.7266 7.50471 1.61115 -0.244147 -0.276422 -0.929507
1 0.978863 15.8755 1.72556 -0.729129 0.0695782 0.68083
1 32.0516 10.6371 1.76028 0.373073 -0.402489 0.835954
1 26.0159 12.7985 1.61504 0.454963 -0.029385 -0.890025
1 11.3766 3.25542 1.6084 -0.0456265 -0.379159 -0.924206
1 29.973 10.5624 1.59942 0.338908 -0.682622 -0.647432
1 19.274 26.564 1.78201 -0.706191 0.370425 0.603389
1 17.7628 16.5149 1.74677 -0.519909 0.028919 0.853732
1 11.7398 4.86939 1.60943 0.15471 -0.370734 -0.915763
1 27.1912 24.6438 1.75278 0.517488 0.350525 0.780601
1 0.292654 18.7823 1.76259 0.329655 -0.272195 0.904012
1 21.655 30.486 1.74424 0.402243 0.682513 0.610227
1 29.8507 18.5951 1.60972 -0.0429679 -0.39486 -0.917736
1 1.75747 33.6505 1.60522 -0.123046 0.591207 -0.797079
1 24.2449 30.0504 1.74987 -0.554647 -0.113307 0.824335
1 26.0732 20.6628 1.60917 0.228664 0.123053 -0.965697
1 18.5497 18.1713 1.74277 -0.765944 0.0355659 0.641923
1 1.31503 12.3235 1.75739 -0.00679316 0.205727 0.978586
1 25.2127 5.88583 1.61515 -0.575912 0.0444544 -0.816302
1 0.964916 34.5617 1.59106 0.089702 0.731575 -0.675833
1 23.2964 20.9287 1.60442 0.287904 0.428753 -0.856319
1 30.9966 17.2652 1.60972 -0.264168 -0.551191 -0.791456
1 34.2781 7.10274 1.60846 0.457521 0.00280192 -0.889194
1 28.6789 22.4724 1.60698 0.579064 -0.165252 -0.798359
1 17.4749 7.19376 1.75822 0.454673 -0.0214338 0.8904
1 4.49951 6.95962 1.60413 0.0170403 -0.875816 -0.482345
1 20.0123 11.9564 1.7506 0.00742315 0.501628 0.865052
1 18.0267 23.8551 1.61202 0.169875 -0.303008 -0.937725
1 9.8257 21.1124 1.60914 0.682668 -0.218041 -0.69744
1 11.8009 17.0971 1.60963 0.116745 -0.461643 -0.87935
1 8.22933 19.71 1.60984 0.509479 0.130107 -0.85059
1 9.58352 23.0938 1.74945 0.730048 0.231391 0.643031
1 12.7992 22.3453 1.60646 -0.166362 0.589389 -0.790534
1 21.5146 0.580169 1.68594 -0.439787 0.682809 0.583403
1 9.25871 26.625 1.75809 0.137414 0.289608 0.94723
1 15.8397 8.27198 1.75244 0.326289 -0.3106 0.892784
1 28.4962 14.057 1.72287 -0.688022 0.442748 -0.574979
1 24.5448 26.4249 1.76068 0.161078 -0.0722886 0.984291
1 26.4994 18.9393 1.60719 -0.0334721 0.0784508 -0.996356
1 16.825 34.5535 1.75892 -0.194179 -0.0138579 0.980868
1 7.80919 9.28459 1.63921 -0.794108 0.071109 -0.603603
1 25.8308 13.7425 1.61103 0.607186 -0.076513 -0.790867
1 26.2513 33.5983 1.75874 0.336931 -0.0846795 0.937714
1 7.87565 28.1419 1.76046 -0.0967932 0.0875669 0.991445
1 7.28543 4.42942 1.6079 0.126769 0.208459 -0.969781
1 20.6113 15.9858 1.7626 -0.337064 0.514582 0.788412
1 14.8805 3.47336 1.78868 -0.665084 -0.471439 0.579145
1 8.30587 18.69 1.60901 0.387126 0.137203 -0.911762
1 2.21218 14.7865 1.75773 -0.450303 0.382856 0.806628
1 8.78733 14.9595 1.60708 -0.0461191 0.00934135 -0.998892
1 31.7376 28.3281 1.60952 0.0779094 0.136463 -0.987577
1 0.693629 9.65733 1.75556 0.481292 0.0934871 0.871561
1 12.7737 17.4213 1.60895 0.152775 -0.637221 -0.755387
1 11.809 31.7269 1.74126 0.173508 -0.673865 0.718192
1 34.247 0.538807 1.59626 -0.590813 -0.0431322 -0.805655
1 25.6867 14.7269 1.61767 0.762595 -0.0955632 -0.639778
1 26.7248 1.32453 1.75943 -0.0769997 0.0363254 0.996369
1 14.9878 7.87975 1.74644 0.420365 -0.448485 0.788768
1 7.17001 28.9581 1.75949 -0.218882 -0.00412053 0.975743
1 5.66164 29.7653 1.75595 -0.362513 -0.204376 0.909294
1 24.9015 13.0641 1.6117 0.47901 0.129444 -0.868213
1 15.7278 12.6766 1.75675 -0.10761 -0.275439 0.955277
1 27.6711 29.2924 1.75117 -0.350374 0.395898 0.848825
1 25.3871 4.96861 1.60303 -0.752197 -0.0259165 -0.658428
1 10.2135 18.6741 1.60978 0.347278 -0.198741 -0.916461
1 14.22 27.09 1.59705 0.749255 0.224996 -0.622891
1 27.2935 4.17117 1.75844 -0.687246 0.0901261 0.720812
1 11.0322 11.0708 1.6124 -0.458782 -0.484946 -0.744544
1 5.97681 2.64137 1.61281 -0.0154151 0.312737 -0.949715
1 7.53538 11.2422 1.61297 -0.504356 0.148045 -0.85071
1 16.3108 7.28388 1.75768 0.458828 -0.219633 0.860952
1 23.5847 26.0325 1.76179 0.217543 -0.216255 0.951793
1 3.73244 31.5974 1.74021 -0.641515 -0.466193 0.609198
1 20.3758 8.71263 1.74828 0.248042 0.582158 0.774317
1 2.38911 28.758 1.7668 -0.218652 -0.763309 0.607907
1 12.9253 6.07049 1.60672 0.321171 -0.537859 -0.779459
1 34.2007 9.07813 1.74139 0.703938 -0.026784 0.709757
1 26.6326 11.1282 1.61043 0.2289 -0.104307 -0.967845
1 24.7981 2.82022 1.75611 -0.261364 -0.212009 0.941669
1 10.8545 21.63 1.60154 0.752184 -0.378521 -0.539389
1 6.38223 19.468 1.61058 0.472493 0.568811 -0.673205
1 2.61227 9.09903 1.76249 0.457992 0.395537 0.796111
1 15.6086 9.83345 1.75675 0.144881 -0.285756 0.947287
1 30.9731 16.0847 1.60758 -0.47416 -0.51793 -0.711984
1 5.59776 3.63412 1.61761 0.142447 0.365668 -0.91978
1 25.4606 11.0447 1.60726 0.191797 0.0683122 -0.979054
1 8.11081 15.7615 1.60702 0.0366434 0.137695 -0.989797
1 12.14 10.9968 1.63023 -0.410976 -0.702704 -0.58078
1 20.3508 30.0518 1.71449 0.424418 0.479786 0.767903
1 2.12552 3.41291 1.62767 -0.386374 -0.415761 -0.823321
1 11.1719 0.438583 1.61691 -0.404647 -0.426198 -0.809084
1 22.559 9.15883 1.61568 -0.109117 0.541134 -0.833827
1 1.17651 23.2487 1.75246 -0.519745 -0.0809824 0.850475
1 9.83551 6.54435 1.60876 0.398103 -0.0706439 -0.914617
1 26.9576 12.0968 1.61467 0.378791 -0.163412 -0.910941
1 30.079 29.2276 1.61103 0.261659 0.394902 -0.880674
1 21.7155 26.9316 1.76036 0.0422395 -0.559125 0.828007
1 4.1166 28.5496 1.75289 -0.150146 -0.469997 0.869804
1 11.5771 15.8428 1.61242 0.0235758 -0.423313 -0.905677
1 19.3763 30.8104 1.75889 0.28561 0.298436 0.910694
1 33.5151 19.9022 1.75371 0.0732267 -0.54818 0.833149
1 5.34275 10.8518 1.59851 -0.427941 0.665011 -0.612068
1 7.56706 16.9991 1.60823 0.166693 0.241149 -0.956065
1 31.1936 26.2474 1.60752 -0.268017 0.252294 -0.929793
1 22.6098 26.3717 1.75797 0.140463 -0.388263 0.910781
1 21.1473 28.1594 1.58489 0.233693 0.716944 -0.656794
1 9.01427 29.5044 1.75491 -0.331767 0.296938 0.89541
1 26.6911 7.50066 1.60882 -0.263147 -0.135534 -0.955188
1 24.5355 23.6759 1.76671 0.758188 -0.0269146 0.651481
1 30.3472 9.17925 1.6124 0.0814492 -0.695082 -0.714302
1 24.781 32.6671 1.75372 0.49022 -0.301964 0.81762
1 17.9242 21.7507 1.60824 -0.19295 -0.308979 -0.931291
1 18.5171 13.9643 1.76245 -0.161295 0.190374 0.968371
1 16.5801 20.308 1.60854 -0.453553 -0.0912837 -0.886542
1 6.43568 1.60866 1.60933 -0.174036 0.256298 -0.950801
1 34.3067 4.27213 1.60917 -0.0633905 -0.0148268 -0.997879
1 8.066 5.23288 1.60821 0.215622 0.141436 -0.96618
1 1.05599 2.83012 1.61156 -0.344498 -0.259599 -0.90218
1 11.0018 23.1613 1.76471 0.656853 0.536612 0.529709
1 5.10855 34.0917 1.60917 -0.444482 0.416517 -0.793063
1 27.2134 10.2818 1.60672 0.134534 -0.19367 -0.971799
1 32.5981 20.2679 1.76693 0.00637783 -0.721127 0.692773
1 28.5506 9.33519 1.61545 0.0651464 -0.411886 -0.908904
1 6.62398 12.0284 1.61153 -0.392449 0.322875 -0.861241
1 31.8502 30.158 1.61087 0.407567 0.0982 -0.90788
1 3.06244 19.1287 1.75676 0.277733 0.227106 0.933428
1 5.89953 9.01443 1.7804 0.892771 -0.13158 0.430867
1 1.47446 10.764 1.75444 0.263035 0.236759 0.935285
1 32.2341 29.2314 1.60908 0.2269 0.0280711 -0.973513
1 15.3256 11.6575 1.75723 -0.0212411 -0.336368 0.941491
1 25.4549 17.5037 1.61332 -0.292682 0.217036 -0.931253
1 13.7786 32.1587 1.75834 0.0659733 -0.405074 0.911901
1 24.0212 25.1493 1.75367 0.398529 -0.158662 0.903328
1 18.1444 29.4839 1.74942 0.473852 0.14675 0.868291
1 31.1248 14.8565 1.75176 -0.514479 -0.537164 0.668406
1 2.04708 11.6677 1.75678 0.0939067 0.326234 0.940613
1 22.887 10.354 1.61039 0.0301487 0.534727 -0.844487
1 28.9793 15.9824 1.61334 -0.473821 -0.168953 -0.864262
1 28.9742 19.1887 1.60873 0.0533559 -0.276298 -0.95959
1 18.2898 2.58086 1.7596 -0.530091 0.209347 0.821692
1 4.51725 1.55007 1.61198 -0.0716377 0.51934 -0.85156
1 0.24505 22.6584 1.7532 -0.402132 -0.261841 0.877342
1 28.6688 5.39992 1.60426 -0.603515 -0.437625 -0.666524
1 7.37684 13.9194 1.60735 -0.172322 0.212248 -0.961902
1 15.3838 30.4304 1.75652 0.318388 -0.200356 0.926545
1 25.0025 25.5437 1.75599 0.345818 -0.0134112 0.938206
1 8.51649 22.089 1.78284 -0.8322 0.039549 0.553063
1 33.6146 5.44893 1.609 0.158989 0.103773 -0.981812
1 21.6658 19.7124 1.60352 0.0224839 0.655563 -0.754806
1 9.49377 2.9542 1.60782 -0.0475731 -0.122746 -0.991297
1 9.84432 5.54955 1.60764 0.259676 -0.0997393 -0.960531
1 2.98591 32.7058 1.76345 0.189166 0.662038 0.725205
1 25.6023 34.4468 1.75851 0.200208 -0.144014 0.969111
1 16.6336 10.0275 1.75982 0.118197 -0.112493 0.986598
1 9.94372 28.7434 1.75259 -0.214964 0.420941 0.881249
1 20.9479 17.0083 1.75105 -0.493443 0.537267 0.684001
1 1.60404 1.59574 1.58266 0.514813 0.75621 -0.403874
1 25.9611 11.8669 1.61032 0.311251 -0.00887516 -0.950286
1 6.59195 3.54404 1.6112 0.0538519 0.242395 -0.968682
1 25.0899 20.2331 1.61353 0.166928 0.249652 -0.953839
1 11.969 20.4917 1.63707 0.575171 -0.581613 -0.575244
1 31.4527 11.6516 1.76127 0.192323 -0.511435 0.837523
1 15.4364 23.7166 1.60771 0.105905 0.141008 -0.984328
1 20.3657 31.1613 1.75208 0.248705 0.43825 0.863761
1 15.9997 19.4191 1.61579 -0.622422 -0.00763705 -0.782644
1 16.2956 9.07924 1.76196 0.230628 -0.189204 0.95447
1 3.271 26.5841 1.74611 0.188432 -0.630664 0.752832
1 24.9448 24.5605 1.74856 0.556108 -0.0303562 0.830555
1 12.8461 29.17 1.75743 0.523929 -0.522836 0.672415
1 15.634 1.43149 1.76305 -0.372375 -0.226436 0.900036
1 32.4761 31.8477 1.60727 0.408115 0.147057 -0.901008
1 31.1148 32.3473 1.73961 0.322344 0.667116 0.671603
1 10.3963 3.35966 1.60796 -0.00926117 -0.228032 -0.97361
1 29.3569 25.6996 1.61052 -0.291745 0.607003 -0.739211
1 29.8169 21.9167 1.60924 0.470885 -0.39492 -0.788863
1 10.9479 20.2775 1.60652 0.54551 -0.415892 -0.727635
1 24.5871 19.3017 1.60719 -0.00617862 0.312768 -0.949809
1 2.34366 5.5901 1.61663 0.0390677 -0.47798 -0.877501
1 33.1012 10.7425 1.7602 0.358306 -0.238229 0.902698
1 4.45682 16.5296 1.6138 0.245118 0.754117 -0.609282
1 27.3307 0.559973 1.76073 0.0450038 0.105882 0.99336
1 30.7444 19.7218 1.61512 0.124411 -0.588717 -0.798708
1 25.9035 32.723 1.75823 0.486071 -0.138778 0.86283
1 9.715 31.1611 1.75382 -0.62276 0.399547 0.672705
1 23.6341 18.8363 1.61452 -0.107178 0.434789 -0.894132
1 32.6094 24.5943 1.61027 -0.586465 -0.0597679 -0.807766
1 20.2642 34.4976 1.73659 -0.209134 0.46641 0.859491
1 14.1632 7.41727 1.73652 0.552073 -0.555482 0.621815
1 9.5485 9.29365 1.63786 -0.797648 -0.152009 -0.583653
1 12.0407 28.6588 1.74069 -0.390195 0.704914 0.592321
1 6.95928 6.51731 1.60514 0.378074 0.350764 -0.856752
1 19.6241 32.9741 1.75933 -0.00773837 0.361867 0.932198
1 13.7091 17.0411 1.61821 -0.0645902 -0.780035 -0.622394
1 15.1815 21.7544 1.60761 -0.213292 0.148071 -0.965703
1 6.47914 31.6743 1.75635 -0.713871 0.0335321 0.699474
1 2.21253 23.739 1.75823 -0.620804 0.123444 0.774186
1 4.87584 24.0545 1.63885 0.694188 -0.407545 0.593304
1 8.26678 4.18752 1.60753 0.0953152 0.0681072 -0.993115
1 34.4752 19.7474 1.75757 0.13585 -0.359838 0.923072
1 3.95886 30.5525 1.7515 -0.476221 -0.467555 0.744719
1 26.2114 8.42276 1.60754 -0.125719 -0.0523054 -0.990686
1 2.55284 25.8179 1.74624 0.369958 -0.692526 0.619305
1 32.1977 4.28352 1.61289 -0.0434569 0.344616 -0.937737
1 21.4049 18.4242 1.61193 -0.241437 0.702949 -0.669008
1 25.8244 19.6265 1.60945 0.0661486 0.164233 -0.984201
1 25.2911 21.2913 1.60952 0.367578 0.181536 -0.912103
1 34.6145 2.59133 1.61049 -0.359865 -0.0929673 -0.928361
1 11.312 14.5167 1.6183 -0.0620657 -0.426575 -0.90232
1 10.0561 4.534 1.60535 0.126211 -0.156375 -0.979601
1 16.5466 25.3027 1.61538 0.383201 -0.0100093 -0.923611
1 10.2147 26.6994 1.75035 0.109617 0.445837 0.888377
1 1.25354 26.1731 1.62554 -0.185316 -0.739062 -0.647646
1 32.2585 27.4735 1.61002 -0.0815916 0.043607 -0.995711
1 25.8384 16.4668 1.6169 -0.469455 0.269819 -0.84072
1 30.8626 3.13152 1.61967 -0.312474 0.645797 -0.696639
1 18.9812 23.4294 1.60889 0.0988704 -0.480348 -0.871488
1 22.8399 25.313 1.75763 0.362494 -0.31756 0.876216
1 17.3171 24.6129 1.61128 0.278858 -0.158158 -0.947219
1 22.5335 22.7462 1.77573 -0.734156 -0.255781 0.62896
1 24.8529 10.2862 1.60776 0.0786621 0.15613 -0.984599
1 14.8244 32.2544 1.75942 0.0734635 -0.254808 0.964197
1 15.8725 34.0938 1.75745 -0.151194 -0.118084 0.981426
1 0.539618 1.77106 1.62251 -0.502749 -0.279925 -0.817854
1 10.3236 25.6087 1.75554 0.296699 0.46756 0.832681
1 13.8224 28.0701 1.76348 0.73025 -0.365205 0.577373
1 23.0384 34.1343 1.76475 0.313735 -0.60598 0.730998
1 8.16093 29.0477 1.76004 -0.239026 0.147708 0.959713
1 23.6378 19.9054 1.613 0.0926639 0.38322 -0.918997
1 28.9446 34.3984 1.76043 0.150425 0.325628 0.933455
1 24.4932 9.36056 1.60954 -0.0460071 0.20691 -0.977278
1 33.3077 15.2555 1.75829 -0.563987 -0.150031 0.81204
1 24.4253 22.7554 1.61104 0.711681 0.233602 -0.662526
1 13.5303 23.0081 1.61475 -0.0544828 0.468509 -0.881777
1 31.8671 1.01249 1.60056 -0.507945 0.581574 -0.635423
1 17.1168 22.355 1.60702 -0.0916261 -0.165974 -0.981864
1 19.7721 24.2317 1.61116 0.244965 -0.589356 -0.769839
1 11.77 12.1469 1.60704 -0.25361 -0.619395 -0.742988
1 16.3422 15.7059 1.75061 -0.450554 -0.206486 0.868542
1 20.2006 25.3953 1.77602 -0.455537 0.630055 0.628901
1 14.5653 0.341194 1.74318 -0.302614 -0.316332 0.899088
1 32.3925 13.5004 1.75807 -0.190847 -0.336064 0.922301
1 30.6602 23.604 1.61118 -0.723436 0.336112 -0.60305
1 28.4009 33.5198 1.75883 0.312211 0.222657 0.923552
1 16.0276 4.48661 1.76624 -0.798353 -0.163205 0.579652
1 30.3412 5.10321 1.61125 0.0974767 0.655276 -0.749074
1 29.4644 23.1469 1.61215 0.655361 -0.32028 -0.684049
1 3.26298 5.51424 1.60853 -0.0705013 -0.638889 -0.766061
1 19.5369 7.86912 1.758 0.347574 0.388557 0.853356
1 33.793 24.3279 1.62064 -0.660817 -0.354431 -0.661588
1 27.7044 31.6017 1.74543 0.688698 0.0640928 0.72221
1 27.6583 11.2607 1.61308 0.294634 -0.263564 -0.918545
1 21.7071 25.7768 1.75915 0.296603 -0.492751 0.81806
1 20.6862 29.1171 1.75145 0.527984 0.593379 0.607564
1 10.6875 27.7043 1.7534 -0.0950828 0.517666 0.850283
1 16.695 12.9252 1.75843 -0.11617 -0.12533 0.98529
1 8.46114 16.6868 1.60741 0.135655 0.0954178 -0.986151
1 31.0288 12.7448 1.76199 -0.0140114 -0.589697 0.807503
1 3.14331 28.0294 1.75648 -0.0856796 -0.644337 0.759927
1 33.5929 2.44412 1.61011 -0.323026 0.0991619 -0.941181
1 17.1848 17.6476 1.76278 -0.701248 -0.0826146 0.708114
1 27.2761 18.2405 1.60798 -0.134284 -0.0188889 -0.990763
1 17.512 15.5773 1.75929 -0.399431 0.0122861 0.916681
1 13.0822 3.78179 1.62891 -0.0671712 -0.62112 -0.780832
1 18.8969 16.2115 1.74929 -0.443426 0.211518 0.870996
1 26.8129 34.3703 1.7582 0.196282 0.00878499 0.980508
1 1.60501 13.9887 1.75485 -0.310867 0.273517 0.910247
1 14.6569 5.08099 1.60681 0.0684147 -0.791459 -0.607381
1 17.7635 3.54518 1.75266 -0.695748 0.102565 0.710925
1 16.2114 29.6874 1.75736 0.439766 -0.106707 0.891751
1 5.47804 6.70166 1.61033 0.341392 0.628617 -0.698779
1 13.5505 29.8039 1.75829 0.422794 -0.428108 0.79873
1 19.9165 17.9278 1.7537 -0.647641 0.313565 0.694434
1 20.7096 22.1722 1.60296 -0.237422 -0.781865 -0.57647
1 10.0026 10.3029 1.6129 -0.614058 -0.277068 -0.739031
1 19.7194 16.886 1.7617 -0.494636 0.351087 0.79503
1 10.967 29.9813 1.71813 -0.52427 0.581784 0.621827
1 21.3352 2.2836 1.72397 0.371845 -0.648665 0.664052
1 7.16378 16.0112 1.61002 0.0560355 0.294331 -0.954059
1 10.9374 7.4518 1.60671 0.533914 -0.194014 -0.822979
1 9.22315 33.0726 1.6096 -0.68818 -0.0831803 -0.720756
1 24.3249 11.252 1.61462 0.189848 0.237518 -0.952651
1 21.7074 21.9248 1.6081 0.525308 0.483134 -0.700452
1 22.2752 2.49044 1.68225 0.0828504 -0.576433 0.812933
1 6.08012 34.6029 1.61165 -0.410273 0.278358 -0.868443
1 4.23879 25.8002 1.75361 0.353961 -0.488946 0.797272
1 20.9766 11.6773 1.74208 -0.0388996 0.714114 0.698948
1 30.8469 10.8897 1.75009 0.331869 -0.63554 0.697103
1 14.0013 15.2717 1.75506 -0.348914 -0.687768 0.63658
1 26.5977 9.34816 1.60642 0.0013183 -0.114052 -0.993474
1 7.47254 33.2467 1.61542 -0.660046 0.0339008 -0.75046
1 26.1533 10.2691 1.60659 0.108779 -0.0300006 -0.993613
1 7.7111 23.105 1.74586 0.740625 -0.106305 0.663455
1 8.02774 13.0774 1.60899 -0.272468 0.0869867 -0.958225
1 13.4637 26.0473 1.61102 0.479237 0.481606 -0.733749
1 4.24831 14.9682 1.62443 -0.118217 0.793386 -0.597129
1 9.04073 4.91878 1.60711 0.179874 -0.00734105 -0.983662
1 33.4051 31.1884 1.61017 0.434003 -0.129975 -0.891486
1 33.9833 8.01744 1.59887 0.653538 0.0435447 -0.75564
1 15.9879 10.838 1.75821 0.0454373 -0.213735 0.975834
1 27.5965 9.32436 1.6064 0.0223706 -0.26652 -0.96357
1 31.173 0.3421 1.77195 -0.0949957 0.789229 0.606707
1 16.9596 21.3354 1.60821 -0.269236 -0.14903 -0.951473
1 34.4639 11.7667 1.75688 0.12343 -0.0283889 0.991947
1 24.507 27.411 1.76008 -0.0299661 -0.0872956 0.995732
1 24.9055 6.80906 1.60834 -0.4092 0.101089 -0.906827
1 30.0468 17.5544 1.61317 -0.21582 -0.400504 -0.890516
1 20.5236 33.3813 1.75184 -0.0815614 0.492037 0.866745
1 22.0703 8.12873 1.59109 -0.17861 0.723687 -0.666615
1 25.6725 7.57138 1.60887 -0.269859 0.00300855 -0.962895
1 15.7131 24.6727 1.60974 0.268721 0.11485 -0.956347
1 33.5186 32.2959 1.61663 0.552221 -0.0617851 -0.831405
1 27.0776 32.4921 1.75556 0.526731 -0.00711619 0.850003
1 30.1805 12.2929 1.7416 0.15152 -0.740299 0.65498
1 7.40955 26.2176 1.75798 0.20908 -0.0261053 0.97755
1 23.9464 2.282 1.7525 -0.0942781 -0.343821 0.93429
1 11.9406 5.86555 1.60925 0.30272 -0.378849 -0.874548
1 1.39911 8.89329 1.76466 0.61978 0.150169 0.770274
1 30.7112 30.1618 1.61265 0.442376 0.28185 -0.85139
1 24.032 8.48202 1.6084 -0.167444 0.260405 -0.950869
1 25.5379 30.1012 1.75414 -0.578005 0.0763482 0.812454
1 2.58456 6.69416 1.61381 0.227678 -0.539981 -0.810298
1 9.00838 28.4642 1.7579 -0.152662 0.265877 0.951842
1 16.8632 6.34051 1.7613 0.592868 -0.128792 0.794934
1 28.8354 11.1331 1.61367 0.340487 -0.457944 -0.821192
1 1.28805 16.7895 1.71609 0.757937 0.00525765 0.652307
1 3.51898 11.0908 1.76103 0.100193 0.586597 0.803658
1 23.1939 14.0656 1.6067 0.546301 0.422675 -0.723119
1 29.2685 12.0662 1.60596 0.441507 -0.605866 -0.661814
1 14.0858 9.9825 1.75402 0.114306 -0.560888 0.819963
1 20.5658 32.2643 1.75329 0.0826806 0.484424 0.870917
1 2.2283 4.50068 1.62405 -0.162979 -0.452391 -0.876801
1 4.89693 27.7242 1.76054 -0.00332431 -0.372638 0.927971
1 1.97434 32.2637 1.75525 0.408619 -0.588972 0.697239
1 23.4595 17.7826 1.61481 -0.312373 0.442997 -0.840343
1 6.61733 26.9863 1.7574 0.0988439 -0.132457 0.986248
1 3.11499 22.9892 1.76215 -0.452564 0.261436 0.852547
1 24.5795 0.0779246 1.75714 0.207713 -0.298003 0.931692
1 3.09367 21.9819 1.75984 -0.251293 0.230106 0.940161
1 12.7458 21.0942 1.61201 -0.376737 0.582474 -0.720273
1 8.30208 25.6731 1.76165 0.294526 0.119344 0.948162
1 23.1509 8.13525 1.61609 -0.195554 0.424361 -0.884125
1 18.6074 0.145961 1.75792 -0.209336 0.23492 0.949206
1 4.4638 10.6476 1.77219 0.119014 0.776804 0.618394
1 16.4705 24.0537 1.60762 0.179112 -0.0240189 -0.983535
1 31.5336 24.1877 1.61714 -0.612514 0.196219 -0.765719
1 34.5103 31.3593 1.6076 0.469472 -0.330772 -0.818649
1 7.47413 8.2829 1.60895 0.704144 0.249326 -0.664844
1 11.7698 30.4457 1.73186 0.449507 -0.624934 0.63828
1 23.9961 5.11715 1.60863 -0.639337 0.223661 -0.735679
1 27.0663 17.3071 1.6106 -0.299437 0.0406287 -0.953251
1 2.73912 33.9955 1.75992 -0.0804961 0.66629 0.741335
1 32.1791 26.4936 1.60594 -0.25636 0.0468159 -0.965447
1 6.35055 24.9137 1.75593 0.456984 -0.199334 0.866852
1 2.02988 19.3018 1.75616 0.247287 0.0242997 0.968638
1 32.9041 1.69877 1.62036 -0.437843 0.212811 -0.873502
1 33.0599 14.2918 1.76115 -0.362391 -0.224542 0.904574
1 22.521 0.863109 1.75341 0.187749 -0.631939 0.751933
1 21.0477 9.94257 1.75943 0.0841186 0.77161 0.63051
1 13.9863 13.9479 1.73927 -0.156353 -0.621138 0.767946
1 8.97666 0.207728 1.61005 -0.394828 -0.0841105 -0.914897
1 0.718038 30.3795 1.60943 0.318432 -0.54024 -0.778936
1 27.8768 34.3495 1.76061 0.181482 0.164405 0.969554
1 28.309 8.34281 1.61131 -0.0931702 -0.351017 -0.931722
1 23.9814 12.289 1.60788 0.323538 0.300145 -0.89735
1 24.985 29.2861 1.75439 -0.40401 0.00910908 0.914709
1 27.8914 30.2806 1.75908 -0.56708 0.339596 0.750397
1 15.6226 0.413271 1.75514 -0.256663 -0.176301 0.950285
1 0.685828 6.75489 1.60888 0.340234 -0.176964 -0.923539
1 11.9526 18.2247 1.6153 0.262486 -0.473486 -0.840781
1 1.32071 18.6385 1.75969 0.380567 -0.0860181 0.920744
1 13.0886 9.81302 1.74873 0.188763 -0.693455 0.695334
1 32.4426 21.7789 1.76859 -0.164649 -0.723898 0.669972
1 18.4172 10.66 1.75808 0.0903214 0.192111 0.977208
1 18.807 5.49256 1.75312 0.627282 0.215408 0.748409
1 12.8048 12.6527 1.61116 -0.190359 -0.822044 -0.536663
1 10.8979 16.7306 1.61063 0.118928 -0.307123 -0.94421
1 21.4669 32.8527 1.75712 -0.0231108 0.648459 0.760899
1 30.3884 27.1719 1.6151 -0.0978636 0.417067 -0.903592
1 10.832 5.32946 1.60758 0.230284 -0.238594 -0.94342
1 26.2662 31.7498 1.74979 0.694185 -0.163391 0.701007
1 33.4402 11.7146 1.75761 0.144804 -0.186711 0.971685
1 1.08206 14.9329 1.7562 -0.510532 0.18455 0.839821
1 10.9531 28.7975 1.74755 -0.310425 0.560978 0.767424
1 11.0032 4.22377 1.60795 0.0836091 -0.284019 -0.955166
1 29.8564 20.7518 1.60377 0.296084 -0.436504 -0.849587
1 3.63906 17.1201 1.75701 0.600444 0.43056 0.673858
1 5.46231 25.8273 1.76238 0.3511 -0.32541 0.877973
1 8.70707 12.0767 1.60938 -0.379687 -0.0453504 -0.924003
1 22.9152 28.6534 1.76238 -0.276633 -0.367175 0.888064
1 17.1897 23.3594 1.60752 0.0798395 -0.166369 -0.982826
1 26.5623 29.5497 1.75657 -0.412862 0.208464 0.886616
1 30.7945 33.6329 1.75625 0.131699 0.635932 0.760425
1 14.3201 11.4619 1.76222 -0.0471521 -0.515509 0.855586
1 8.6904 27.5282 1.76041 -0.00316373 0.199361 0.979921
1 16.9155 8.09839 1.75923 0.338829 -0.118471 0.933359
1 13.6589 5.03705 1.61713 0.0989137 -0.666572 -0.738849
1 19.2525 1.86069 1.75919 -0.434637 0.381607 0.815762
1 4.14159 5.17269 1.61921 -0.207242 -0.775004 -0.597009
1 13.8848 6.27153 1.62089 0.369219 -0.657816 -0.656473
1 3.99272 21.2903 1.75795 -0.0809226 0.375734 0.923188
1 18.356 30.4537 1.75492 0.33641 0.16041 0.927953
1 31.701 5.1908 1.60575 0.128399 0.438976 -0.889277
1 4.52136 29.6279 1.75475 -0.331703 -0.383782 0.861791
1 18.5315 1.20327 1.75403 -0.342022 0.224012 0.912601
1 28.3091 27.0515 1.75977 0.095031 0.629789 0.770931
1 2.61215 13.7275 1.75208 -0.242448 0.436175 0.866586
1 31.1749 29.2329 1.6105 0.254559 0.220709 -0.941535
1 9.23078 19.234 1.60779 0.442096 -0.0489883 -0.895629
1 23.1267 2.87682 1.75333 -0.120631 -0.47586 0.871209
1 9.76384 7.529 1.60923 0.535287 -0.0318731 -0.844069
1 11.1377 19.1025 1.61119 0.384676 -0.353506 -0.852677
1 6.61494 17.1415 1.60753 0.191318 0.3931 -0.899372
1 28.1085 20.8183 1.60721 0.296006 -0.130995 -0.946161
1 25.5383 9.49546 1.60715 -0.0133859 0.0433606 -0.99897
1 16.3864 11.8463 1.75978 -0.0277371 -0.15899 0.98689
1 7.54479 24.1622 1.75157 0.55253 -0.0603987 0.831302
1 22.0271 28.0612 1.76309 -0.19442 -0.543932 0.816296
1 1.47481 5.09864 1.61202 -0.00171763 -0.32904 -0.944314
1 2.46636 24.6511 1.58984 0.769736 -0.262328 -0.581971
1 33.6053 25.3018 1.60955 -0.501813 -0.246562 -0.829091
1 2.50204 17.3346 1.74961 0.583179 0.188839 0.79009
1 9.74637 15.1712 1.60741 -0.0108685 -0.140385 -0.990037
1 4.13055 12.1304 1.77201 -0.0408687 0.740017 0.671345
1 13.7693 34.0739 1.75323 -0.200088 -0.419679 0.885344
1 27.2362 8.38253 1.60828 -0.112502 -0.198241 -0.973675
1 15.9633 28.7333 1.73892 0.602025 -0.166143 0.781001
1 5.91905 14.9602 1.61178 -0.0442652 0.48631 -0.872664
1 32.6738 5.18804 1.61113 0.124019 0.266906 -0.95571
1 22.2065 33.6974 1.77058 -0.191972 0.801226 0.56673
1 17.291 19.5405 1.61042 -0.57374 -0.223985 -0.787816
1 12.2012 19.2361 1.60823 0.415075 -0.50905 -0.754043
1 32.7871 34.3733 1.6134 -0.708276 0.31844 -0.630032
1 31.3311 27.284 1.61239 -0.0932695 0.228376 -0.969095
1 27.4382 19.1958 1.60665 0.0247817 -0.0527334 -0.998301
1 6.40834 9.89138 1.60801 -0.657249 0.337379 -0.673943
1 21.3232 14.9047 1.76099 -0.166947 0.655561 0.736456
1 24.2386 14.9554 1.59403 0.774662 0.195956 -0.601249
1 20.3781 2.01276 1.63209 -0.56473 0.542084 0.622273
1 31.5887 21.4094 1.61693 0.249947 -0.780528 -0.572977
1 33.7034 16.1864 1.75754 -0.738351 0.0493237 0.67261
1 2.11138 12.8632 1.76026 -0.114042 0.336654 0.934697
1 4.86138 22.8834 1.7572 -0.451092 0.486546 0.748191
1 22.221 11.5498 1.61653 0.143399 0.618129 -0.772887
1 7.40368 30.8783 1.7438 -0.535933 0.0943725 0.838969
1 33.2017 27.3408 1.60807 -0.124657 -0.136357 -0.982786
1 7.5505 27.2376 1.76013 0.0461471 0.0199684 0.998735
1 6.55608 7.37056 1.61303 0.499035 0.41974 -0.758144
1 18.9993 8.67234 1.74899 0.282842 0.263711 0.922202
1 28.0822 16.5977 1.61432 -0.37054 -0.0534283 -0.927278
1 3.5662 23.8059 1.7417 -0.599702 0.3976 0.694458
1 16.9503 32.5662 1.76021 0.0513018 0.00543201 0.998668
1 25.9802 25.014 1.75554 0.458407 0.141189 0.877456
1 26.5238 26.8122 1.75689 0.114818 0.253141 0.960592
1 8.72457 10.0642 1.61351 -0.647455 -0.0720216 -0.758693
1 9.25358 3.92435 1.60646 0.0621926 -0.072714 -0.995412
1 0.864089 19.5342 1.76085 0.199328 -0.172509 0.964629
1 15.8829 26.071 1.61456 0.524875 0.0961375 -0.845732
1 23.4731 9.35788 1.61027 -0.0706623 0.38433 -0.920488
1 13.9757 8.74592 1.74572 0.317231 -0.574383 0.754618
1 29.1074 16.9829 1.61132 -0.30621 -0.230273 -0.923694
1 34.3412 23.4789 1.76138 -0.58242 -0.361321 0.728172
1 19.7108 20.2598 1.6357 -0.441085 -0.66203 -0.605938
1 11.9279 22.0367 1.77626 0.237849 -0.727978 0.643021
1 15.956 2.52096 1.76265 -0.507595 -0.189619 0.840471
1 4.04932 22.36 1.75911 -0.287929 0.391657 0.8739
1 6.83032 0.635838 1.60707 -0.323008 0.204175 -0.924109
1 32.0012 7.04589 1.61006 0.465796 0.371407 -0.803176
1 15.4299 27.9405 1.76411 0.774587 -0.187221 0.604122
1 8.39733 17.6878 1.60774 0.260483 0.117723 -0.958275
1 26.9864 16.375 1.61565 -0.446274 0.125501 -0.886052
1 4.78745 13.1819 1.61488 -0.294362 0.719346 -0.6292
1 9.47508 1.13628 1.60916 -0.272049 -0.143662 -0.951499
1 34.5714 32.7716 1.6077 0.613991 -0.27289 -0.740639
1 17.643 0.670041 1.75703 -0.280462 0.0926012 0.955388
1 29.001 20.3085 1.60805 0.220417 -0.285186 -0.932784
1 5.21597 14.2417 1.61777 -0.168234 0.598717 -0.783093
1 7.40954 20.3737 1.61375 0.582451 0.293814 -0.757908
1 32.7459 33.3927 1.73061 -0.756505 0.18782 0.626437
1 1.59321 6.26613 1.60932 0.194736 -0.343675 -0.918676
1 31.6772 19.7574 1.62501 0.127179 -0.750482 -0.648539
1 13.7034 1.76443 1.73659 -0.484785 -0.596416 0.639743
1 25.9 28.7427 1.76078 -0.25289 0.129297 0.958816
1 5.14664 5.24278 1.60743 0.153761 0.671343 -0.725021
1 30.4281 24.8943 1.61771 -0.474343 0.386749 -0.790837
1 11.9932 6.90558 1.6011 0.459499 -0.376736 -0.80432
1 26.5176 21.781 1.61198 0.411538 0.0837361 -0.907538
1 34.2304 29.1485 1.61001 0.154657 -0.357333 -0.921083
1 29.4199 8.78599 1.61537 -0.0188893 -0.547658 -0.836489
1 30.0558 7.86903 1.61163 -0.20692 -0.660676 -0.721589
1 8.42111 13.986 1.60721 -0.159601 0.0410937 -0.986326
1 28.3136 13.1166 1.6037 0.602318 -0.392666 -0.695001
1 30.3763 13.6987 1.73484 -0.20804 -0.660832 0.721125
1 12.8827 7.31603 1.61767 0.557062 -0.497386 -0.665048
1 19.3866 10.9393 1.75686 0.113594 0.388447 0.914443
1 19.1483 3.19666 1.74049 -0.631197 0.361048 0.686466
1 33.3541 22.611 1.76252 -0.343246 -0.524056 0.779453
1 8.30052 26.6328 1.76031 0.139358 0.128417 0.98188
1 19.7688 27.8445 1.75364 0.684235 0.457816 0.567651
1 13.257 18.475 1.6319 0.337437 -0.713715 -0.613797
1 19.7498 15.4536 1.75013 -0.3158 0.372632 0.872591
1 0.532385 27.0078 1.61105 -0.198213 -0.495974 -0.845412
1 27.4346 26.5134 1.76143 0.154934 0.425302 0.891691
1 3.9489 27.4005 1.75315 0.0394883 -0.521617 0.852265
1 32.875 18.9601 1.74717 0.23866 -0.643467 0.727319
1 3.56311 1.26249 1.63384 -0.052255 0.65312 -0.755449
1 25.8425 2.83751 1.76095 -0.320019 -0.0671962 0.945025
1 5.58243 11.9819 1.62024 -0.376294 0.505487 -0.776457
1 23.6222 16.6538 1.61736 -0.517102 0.435973 -0.736568
1 14.3409 30.3217 1.7523 0.326114 -0.331841 0.885173
1 5.57385 16.8552 1.6066 0.247495 0.57071 -0.782966
1 31.78 3.36674 1.60622 -0.199034 0.455632 -0.867632
1 15.96 13.7252 1.75456 -0.212483 -0.255687 0.94312
1 17.2587 9.04149 1.75824 0.212602 -0.0350901 0.976509
1 5.24512 0.696786 1.60738 -0.257661 0.398588 -0.880192
1 7.44102 1.44342 1.60809 -0.216228 0.121918 -0.968701
1 14.5711 1.36227 1.74854 -0.429028 -0.390928 0.814316
1 22.2409 21.0205 1.60715 0.283001 0.544765 -0.789393
1 32.9735 30.2183 1.61099 0.325224 -0.0980216 -0.940543
1 14.0264 3.78789 1.60774 -0.201963 -0.748994 -0.631046
1 10.8073 31.7254 1.77112 0.302694 -0.774313 0.555711
1 23.1807 1.64878 1.75344 0.0790859 -0.460512 0.884123
1 16.232 23.0662 1.60713 0.0112137 -0.00936028 -0.999893
1 28.1463 19.8283 1.60869 0.142293 -0.142637 -0.979494
1 26.8328 19.9801 1.60699 0.132994 0.0189769 -0.990935
1 14.3218 22.3057 1.60982 -0.142477 0.306791 -0.941052
1 13.861 19.2265 1.65597 -0.543325 0.505145 -0.670542
1 5.09081 30.6226 1.75466 -0.49656 -0.272972 0.823963
1 13.0757 2.42491 1.60548 -0.29883 -0.681749 -0.667772
1 0.338451 21.5415 1.75952 -0.186255 -0.249617 0.950263
1 12.0619 32.9823 1.75546 -0.0701248 -0.66785 0.740985
1 12.6873 34.1275 1.75687 -0.256565 -0.596498 0.760503
1 17.6965 13.3346 1.75657 -0.136471 0.0337713 0.990068
1 4.63282 20.4546 1.75126 0.0953803 0.493972 0.86423
1 26.9156 3.17069 1.76222 -0.410171 0.0765297 0.908792
1 19.8124 9.52144 1.72554 0.20268 0.437079 0.876289
1 25.9311 25.9954 1.75709 0.262866 0.139898 0.954636
1 34.0213 1.52084 1.61574 -0.461485 -0.0153034 -0.887016
1 8.53788 24.7299 1.75734 0.458368 0.129439 0.879286
1 22.9535 12.4951 1.60843 0.325393 0.480551 -0.814365
1 34.1001 14.3378 1.757 -0.351927 -0.0578791 0.934236
1 2.32979 18.3123 1.75533 0.423185 0.111112 0.899204
1 14.4572 23.3746 1.60834 0.0301374 0.308913 -0.950613
1 24.2902 20.7459 1.61423 0.280349 0.312994 -0.907435
1 16.7623 14.8539 1.76513 -0.319102 -0.1402 0.937293
1 31.9587 12.5625 1.75355 -0.00207079 -0.425623 0.904898
1 21.8866 15.867 1.75705 -0.314497 0.728246 0.608892
1 27.991 25.6382 1.75951 0.315734 0.526406 0.789436
1 22.1776 13.1308 1.61185 0.322649 0.69798 -0.639314
1 22.6534 5.13911 1.60163 -0.596886 0.505392 -0.623142
1 5.13738 28.7788 1.75953 -0.186305 -0.30919 0.932573
1 2.17435 20.8534 1.76084 -0.0445081 0.0554781 0.997467
1 8.69524 11.0595 1.61056 -0.516848 -0.0613486 -0.853876
1 11.0476 17.9373 1.6101 0.23519 -0.332458 -0.913322
1 19.1509 25.4252 1.60303 0.472841 -0.447926 -0.758804
1 4.50625 18.327 1.76181 0.452658 0.534721 0.713565
1 7.56479 3.36203 1.6087 0.0119888 0.122411 -0.992407
1 10.5529 1.30275 1.61185 -0.272165 -0.295878 -0.915632
1 16.422 30.6707 1.7591 0.294188 -0.0661896 0.953453
1 17.9933 8.16611 1.75874 0.324275 0.0671766 0.943575
1 23.8011 13.2887 1.61021 0.470757 0.299416 -0.829903
1 31.6029 9.78351 1.74746 0.535267 -0.43014 0.726959
1 26.732 2.25852 1.75956 -0.240326 0.058748 0.968913
1 0.970813 24.1828 1.76359 -0.69321 -0.145906 0.705812
1 33.1487 7.24865 1.60965 0.498128 0.187416 -0.846607
1 29.2688 0.780837 1.75811 -0.0154599 0.437566 0.899053
1 3.56539 9.81695 1.75842 0.27569 0.574958 0.770337
1 8.82563 8.1498 1.61368 0.653234 0.0953873 -0.751123
1 14.8381 14.9334 1.74852 -0.348026 -0.517417 0.781766
1 20.2757 7.29151 1.7454 0.37215 0.559373 0.74068
1 6.82292 29.8855 1.75744 -0.374773 -0.0383423 0.926323
1 20.415 14.4844 1.7561 -0.158707 0.526623 0.835153
1 3.99849 2.49333 1.65307 0.137757 0.612097 -0.778691
1 33.4878 13.4438 1.75948 -0.196484 -0.170159 0.965629
1 3.39432 18.1732 1.75721 0.433802 0.326767 0.839666
1 17.5054 31.018 1.76056 0.251833 0.0631656 0.965707
1 12.1635 3.88785 1.60626 0.0181528 -0.475989 -0.879264
1 32.5347 25.5731 1.61149 -0.421281 -0.0387265 -0.906103
1 24.5252 17.0875 1.60768 -0.432961 0.319792 -0.84278
1 13.1327 33.0763 1.7566 -0.0828492 -0.510205 0.856053
1 21.9174 4.61634 1.77758 -0.491626 0.530354 0.690673
1 9.3093 25.5656 1.76072 0.309352 0.293394 0.904556
1 15.7451 26.9955 1.61617 0.721032 0.0374865 -0.691887
1 29.7587 28.1382 1.60858 0.0798188 0.501494 -0.861471
1 7.29263 19.0581 1.61635 0.440081 0.344646 -0.829185
1 8.79919 6.97175 1.61158 0.449934 0.0944288 -0.888055
1 2.49821 1.39909 1.79036 -0.390093 -0.67559 0.625624
1 28.2324 10.3544 1.61316 0.192159 -0.350383 -0.916682
1 16.6361 1.8378 1.76022 -0.411113 -0.0658627 0.909202
1 0.430218 10.5804 1.75529 0.32136 0.0703534 0.94434
1 26.0121 6.64837 1.6112 -0.428998 -0.0610775 -0.901238
1 4.71416 26.6581 1.76234 0.186058 -0.416311 0.889982
1 16.9425 13.9186 1.75848 -0.208237 -0.092795 0.973666
1 24.9712 12.0673 1.61192 0.318743 0.139869 -0.937464
1 0.529879 20.5058 1.7599 0.0102777 -0.227309 0.973769
1 9.90962 2.06717 1.6108 -0.150796 -0.198259 -0.96848
1 4.90595 21.6198 1.75778 -0.142917 0.517836 0.843458
1 31.5018 25.2137 1.61756 -0.451294 0.171702 -0.875701
1 10.1023 13.3354 1.60963 -0.215193 -0.249362 -0.944198
1 1.70456 30.6795 1.60737 0.272129 -0.72267 -0.635369
1 31.809 2.1946 1.625 -0.379611 0.423751 -0.822393
1 18.6125 31.4519 1.7587 0.199945 0.19632 0.959938
1 23.4709 24.3746 1.7482 0.572739 -0.20524 0.793629
1 0.249407 25.2518 1.61101 -0.434316 -0.528714 -0.729268
1 2.93632 2.86547 1.75744 0.675358 0.585229 -0.448774
1 14.6914 26.2476 1.61972 0.554691 0.272687 -0.786104
1 18.6406 33.5585 1.76024 -0.079239 0.238683 0.967859
1 24.8765 15.9109 1.64042 -0.71377 0.273737 -0.64467
1 15.7522 14.7181 1.7639 -0.329663 -0.335809 0.882357
1 10.7424 12.1483 1.60986 -0.328855 -0.418706 -0.846487
1 14.9347 9.07222 1.75482 0.228045 -0.438571 0.869282
1 29.8188 19.6605 1.60715 0.121968 -0.422078 -0.898317
1 5.81917 21.9179 1.72976 -0.246949 0.622355 0.742759
1 30.5646 31.0757 1.71821 0.967863 -0.0518017 0.246084
1 1.16281 22.2121 1.76012 -0.317167 -0.102803 0.942781
1 27.7903 5.9201 1.61243 -0.565653 -0.256325 -0.783795
1 10.0835 0.343998 1.6106 -0.398827 -0.237557 -0.885722
1 15.8066 17.3421 1.75419 -0.666682 -0.317324 0.674419
1 18.5929 15.2097 1.7616 -0.309722 0.199122 0.929744
1 15.369 16.1174 1.75509 -0.508195 -0.401889 0.761724
1 13.6558 24.123 1.60719 0.145711 0.464274 -0.873623
1 8.90786 2.09459 1.60763 -0.146772 -0.0597088 -0.987367
1 2.67804 20.0375 1.75811 0.114858 0.13836 0.983699
1 9.0662 13.1162 1.60813 -0.258699 -0.0830926 -0.962377
1 34.0663 21.9322 1.75289 -0.239281 -0.396798 0.886169
1 34.5169 13.4147 1.75849 -0.193407 0.000785218 0.981118
1 10.3703 14.3689 1.61045 -0.0878292 -0.272864 -0.958035
1 22.0162 6.50907 1.60532 -0.282014 0.690682 -0.665903
1 7.81879 14.8108 1.60584 -0.0650073 0.165289 -0.9841
1 17.0382 26.2147 1.60932 0.52848 -0.0814244 -0.845032
1 17.6616 20.6284 1.61067 -0.390023 -0.277597 -0.877965
1 16.1466 22.0809 1.60761 -0.15351 -0.00779541 -0.988116
1 21.1922 8.24259 1.7489 0.185502 0.766315 0.615102
1 32.6144 8.04862 1.60248 0.682958 0.234324 -0.691854
1 11.563 1.65205 1.61122 -0.264222 -0.463341 -0.845873
1 25.8441 1.75893 1.75828 -0.126124 -0.0856232 0.988312
1 6.71806 22.3336 1.5924 0.524332 -0.600687 -0.603531
1 12.1684 26.2769 1.74635 0.113377 0.766504 0.632153
1 28.3926 6.82938 1.60928 -0.373212 -0.359477 -0.855271
1 24.5882 28.399 1.75952 -0.226552 -0.0630733 0.971955
1 0.860832 31.7854 1.60498 0.470959 -0.512685 -0.71788
1 28.3143 0.661314 1.76001 0.0121967 0.269208 0.963005
1 34.0815 10.9346 1.75496 0.294508 -0.0821349 0.952113
1 14.3743 28.8394 1.75322 0.597657 -0.320771 0.734787
1 3.66177 20.1467 1.75348 0.121891 0.321987 0.938865
1 12.7029 4.93344 1.61308 0.143572 -0.524999 -0.838906
1 4.46345 33.314 1.61525 -0.593113 0.459275 -0.661274
1 17.6824 1.81058 1.75221 -0.405494 0.0922836 0.909428
1 33.0697 0.676974 1.60429 -0.573019 0.250273 -0.780392
1 18.9408 22.2838 1.60935 -0.100918 -0.474294 -0.874563
1 1.53766 20.1781 1.75962 0.0786856 -0.0573923 0.995246
1 17.262 30.0329 1.75883 0.386437 0.0343635 0.921675
1 0.986604 13.27 1.75886 -0.175698 0.168452 0.969925
1 4.98224 2.65235 1.61784 0.0674309 0.459278 -0.885729
1 24.519 18.1647 1.61341 -0.219147 0.329907 -0.918224
1 0.628633 4.59093 1.61265 -0.0446684 -0.179689 -0.982709
1 15.9576 21.1173 1.60533 -0.319792 0.0216441 -0.94724
1 20.9354 4.88956 1.59742 0.256825 0.697217 -0.669275
1 6.46823 25.9428 1.75605 0.275387 -0.177484 0.944808
1 3.7252 24.9854 1.73676 0.523027 -0.538896 0.660329
1 22.64 19.955 1.60989 0.0693939 0.52032 -0.851147
1 6.38896 23.873 1.74418 0.622425 -0.241312 0.74455
1 29.562 1.80953 1.74299 -0.187517 0.535174 0.823666
1 13.5504 31.1075 1.75515 0.21326 -0.440418 0.872097
1 30.7506 28.2226 1.61125 0.0771401 0.322783 -0.943324
1 1.93488 0.250987 1.59966 0.123428 0.573493 -0.809859
1 8.4401 1.18527 1.60799 -0.253124 -0.0051812 -0.96742
1 18.3487 12.6237 1.75615 -0.0686965 0.164311 0.984014
1 15.4326 20.3182 1.60667 -0.461295 0.113531 -0.879953
1 14.7821 19.6105 1.61285 -0.555603 0.261979 -0.789096
1 6.86059 28.0046 1.75939 -0.067517 -0.0744079 0.99494
1 0.734749 5.73826 1.60918 0.145852 -0.193888 -0.970121
1 19.2172 13.194 1.76172 -0.0668418 0.337322 0.939013
1 5.88091 32.6991 1.62622 -0.799338 0.157511 -0.579871
1 24.6822 7.73878 1.60824 -0.258988 0.146466 -0.954711
1 11.725 8.18165 1.61537 0.662722 -0.2836 -0.693088
1 19.4239 28.7725 1.75231 0.569571 0.380143 0.728753
1 33.2496 29.2127 1.60901 0.177796 -0.171409 -0.969024
1 9.69683 34.0044 1.61427 -0.546594 -0.184637 -0.816789
1 32.9587 3.60823 1.6091 -0.148536 0.206126 -0.967186
1 18.7351 32.4834 1.76006 0.0620036 0.231493 0.970859
1 32.4554 11.6068 1.75788 0.176344 -0.343365 0.922498
1 9.2996 18.2033 1.60945 0.308035 -0.0378458 -0.950622
1 8.90335 5.95679 1.60944 0.307939 0.0510296 -0.950037
1 34.5285 5.20941 1.61105 0.0873783 -0.0490201 -0.994968
1 10.67 15.4873 1.61216 0.0211836 -0.283291 -0.9588
1 22.9214 6.9822 1.77449 0.32125 -0.471046 0.821532
1 6.3716 13.9527 1.61208 -0.161637 0.375691 -0.91254
1 21.9675 29.2411 1.74231 -0.424822 -0.573472 0.700468
1 34.5333 15.2488 1.75336 -0.511088 0.0159449 0.85938
1 34.1593 27.1809 1.60802 -0.161274 -0.3177 -0.934375
1 28.8401 2.68216 1.75808 -0.342643 0.382421 0.858109
1 24.8793 1.84351 1.7542 -0.0892437 -0.219062 0.971621
1 29.2833 33.0385 1.75654 0.346993 0.360757 0.865708
1 26.1259 3.83185 1.74741 -0.517892 -0.0351093 0.854725
1 16.6058 16.6971 1.75094 -0.576293 -0.17042 0.799276
1 27.3298 33.4565 1.75752 0.355182 0.0650081 0.932534
1 18.489 17.2361 1.7659 -0.62034 0.141916 0.771387
1 7.39416 25.1744 1.75738 0.38088 -0.0406273 0.923731
1 17.7711 31.9898 1.75993 0.126974 0.0985199 0.987001
1 32.2009 14.7457 1.75473 -0.457258 -0.362016 0.812317
1 33.9345 3.37345 1.60774 -0.20115 0.0388348 -0.97879
1 17.6944 4.48742 1.76502 -0.829767 0.111359 0.546888
1 8.82628 30.5514 1.75839 -0.516141 0.254127 0.817935
1 34.098 10.0099 1.75036 0.49716 -0.0662692 0.865124
1 26.4539 23.2412 1.6105 0.794597 0.228465 -0.562512
1 8.4057 21.1679 1.60691 0.712202 0.0791712 -0.697496
1 23.55 0.409794 1.7577 0.20835 -0.457496 0.864458
1 20.7405 26.7968 1.60092 -0.133341 0.714913 -0.686382
1 18.1663 28.5415 1.75492 0.619709 0.170997 0.765977
1 25.3916 27.8611 1.76127 -0.093266 0.0568565 0.994016
1 12.4939 16.2579 1.6139 -0.0117404 -0.582529 -0.812725
1 2.11569 22.7247 1.75186 -0.406037 0.0792568 0.910413
1 11.8547 24.5987 1.74944 0.368555 0.762974 0.531073
1 8.53448 3.16087 1.60764 -0.0223988 0.00119986 -0.999748
1 12.9369 8.57369 1.7431 0.458037 -0.671129 0.582913
1 14.5494 31.2997 1.75823 0.197279 -0.29535 0.934799
1 20.0371 5.65565 1.76356 0.532087 0.457541 0.712418
1 29.0378 31.9031 1.74673 0.556418 0.312998 0.769695
1 15.5889 31.3812 1.75897 0.192791 -0.162082 0.967761
1 33.4448 17.7909 1.75076 0.47394 -0.465447 0.747489
1 5.17793 24.9129 1.75496 0.535939 -0.3669 0.760364
1 7.79477 7.36964 1.61147 0.533466 0.237879 -0.811682
1 26.4131 5.75516 1.61709 -0.590836 -0.147499 -0.793194
1 4.10143 19.2527 1.75285 0.290611 0.425353 0.8571
1 22.3524 32.0483 1.76325 0.106047 0.783643 0.612092
1 25.0022 3.78002 1.75864 -0.457291 -0.189226 0.868953
1 28.078 12.1504 1.61343 0.448899 -0.355152 -0.819973
1 28.0918 17.5751 1.60794 -0.217862 -0.116924 -0.968951
1 6.43225 18.2286 1.619 0.311558 0.505274 -0.804755
1 25.1922 8.5674 1.60804 -0.138314 0.0913392 -0.986167
1 32.95 9.80056 1.73898 0.569741 -0.243053 0.785061
1 12.1504 13.6467 1.61478 -0.209867 -0.578904 -0.787925
1 16.9681 27.9816 1.7538 0.704281 -0.0123459 0.709814
1 27.8215 21.7605 1.60747 0.468651 -0.0424316 -0.882364
1 30.2352 26.0546 1.6115 -0.271789 0.442675 -0.854499
1 17.9236 25.4045 1.60976 0.433448 -0.23675 -0.869524
1 5.63866 20.7135 1.75304 0.0252338 0.642349 0.765996
1 2.30509 27.2527 1.75116 0.0555458 -0.765153 0.641448
1 11.2005 25.2961 1.71811 0.335848 0.610438 0.717336
1 29.2702 9.95369 1.61238 0.20365 -0.546765 -0.812142
1 21.9378 10.2524 1.60464 -0.0459391 0.731315 -0.680492
1 17.856 32.995 1.76068 -0.00858175 0.125437 0.992065
1 5.12995 15.6395 1.60884 0.0494566 0.65519 -0.753844
1 28.2412 32.5413 1.75846 0.486975 0.171807 0.856351
1 24.2995 21.7403 1.61854 0.486423 0.280912 -0.827334
1 9.88945 29.9141 1.7459 -0.405056 0.448997 0.796449
1 19.4402 34.071 1.75659 -0.141417 0.355048 0.92409
1 29.8683 34.0149 1.75643 0.158467 0.475973 0.865065
1 25.2155 0.864703 1.75839 0.05468 -0.184345 0.981339
1 13.6935 12.3486 1.75963 -0.217744 -0.613893 0.758764
1 23.5856 32.9685 1.74949 0.511564 -0.481099 0.711931
1 8.93693 20.3672 1.78151 -0.593578 0.0301957 0.80421
1 16.2637 3.53097 1.7676 -0.671832 -0.166791 0.721681
1 6.23949 33.5966 1.60353 -0.590946 0.237813 -0.770862
1 14.9122 10.5839 1.75725 0.0648264 -0.401962 0.913359
1 26.3518 27.7975 1.75769 -0.065433 0.214466 0.974537
1 10.5852 24.0927 1.7479 0.546745 0.477549 0.687762
1 7.65839 12.186 1.61311 -0.379084 0.134919 -0.915474
1 29.4207 24.4725 1.61944 -0.532354 0.527085 -0.662405
1 3.13835 4.25604 1.60666 -0.329449 -0.576186 -0.747979
1 27.3201 27.5749 1.75776 -0.023705 0.385986 0.9222
1 12.7602 31.96 1.75635 0.0875548 -0.556338 0.826331
1 29.0647 7.70548 1.6155 -0.200375 -0.471952 -0.858552
1 14.6597 24.4035 1.60925 0.20665 0.287551 -0.935206
1 9.73912 12.3274 1.60929 -0.346732 -0.224811 -0.910625
1 7.88859 0.337638 1.60989 -0.367068 0.0610666 -0.928187
1 26.1923 0.565142 1.75771 0.0600604 -0.0487191 0.997005
1 13.6421 21.5786 1.60565 -0.247461 0.427977 -0.869252
1 26.4768 30.7436 1.75178 -0.761608 0.16674 0.62622
1 6.07988 5.78562 1.62025 0.243274 0.49575 -0.833696
1 26.979 28.5768 1.75697 -0.216892 0.3027 0.928079
1 24.1707 1.17193 1.75567 0.0744268 -0.325083 0.942752
1 26.289 17.9929 1.60631 -0.185442 0.118366 -0.9755
1 22.4241 17.5211 1.60707 -0.380989 0.569369 -0.728468
1 6.23532 30.7093 1.75459 -0.528162 -0.0861806 0.844759
1 23.8909 29.0861 1.75776 -0.362969 -0.183131 0.913628
1 20.3689 3.5002 1.77334 0.28734 -0.743413 0.603965
1 17.619 10.0532 1.76127 0.107785 0.0399563 0.993371
1 18.5822 7.30655 1.76 0.401518 0.180754 0.897837
1 0.797973 11.4999 1.75722 0.147114 0.125738 0.981095
1 30.5015 1.76128 1.76762 -0.248702 0.709113 0.659778
1 30.2075 0.536854 1.75323 -0.0329849 0.615894 0.787138
1 22.5771 18.7397 1.61097 -0.160133 0.5753 -0.802114
1 7.07668 5.47577 1.60656 0.247423 0.294945 -0.922924
1 31.2713 7.68785 1.62523 0.543974 0.508317 -0.667613
1 10.1729 17.5589 1.61003 0.210258 -0.184538 -0.960072
1 0.416077 7.78242 1.77889 -0.551497 0.149884 0.820601
1 18.0884 11.5832 1.7542 0.0144958 0.12329 0.992265
1 16.6653 31.6253 1.76026 0.168918 -0.0315743 0.985124
1 33.9005 18.7484 1.75758 0.288607 -0.456738 0.841485
1 12.9609 24.8508 1.61307 0.254813 0.605685 -0.753801
1 22.9059 16.0845 1.76642 0.618583 -0.519363 0.58959
1 32.3095 15.8134 1.76257 -0.67449 -0.318864 0.665875
1 15.2694 22.7335 1.60763 -0.056909 0.14834 -0.987298
1 5.89213 13.0374 1.61616 -0.261101 0.476351 -0.839593
1 23.0962 5.9646 1.62208 -0.472868 0.435771 -0.765832
1 9.10659 15.9464 1.6064 0.0656175 -0.0214176 -0.997615
1 7.17895 34.2143 1.61267 -0.497294 0.119637 -0.859293
1 25.4817 26.8804 1.75997 0.0882492 0.0765573 0.993152
1 14.5523 16.689 1.7609 -0.518793 -0.593201 0.615602
1 24.6329 14.0765 1.61807 0.637155 0.137185 -0.758428
1 3.42776 29.356 1.75652 -0.28201 -0.573311 0.769276
1 8.16672 32.3772 1.61823 -0.837484 0.036389 -0.545249
1 26.8912 25.5988 1.75669 0.327255 0.307591 0.893472
1 10.3249 8.41926 1.61962 0.716796 -0.0390032 -0.696191
1 21.0201 6.73475 1.77335 0.393407 0.71417 0.578957
1 14.9645 13.8018 1.75299 -0.211816 -0.431893 0.8767
1 26.0005 24.0483 1.75635 0.655623 0.166396 0.736526
1 21.2177 34.1461 1.76 -0.225718 0.628599 0.744254
1 32.6107 2.70838 1.60628 -0.277208 0.278472 -0.91957
1 5.15125 19.5272 1.75362 0.268994 0.607276 0.747568
1 2.79339 30.3175 1.75772 -0.414647 -0.677919 0.607037
1 23.1751 21.9601 1.61844 0.493383 0.404862 -0.769844
1 28.1237 23.5548 1.60907 0.745614 -0.0319244 -0.665613
1 1.50859 29.3152 1.61089 0.0888903 -0.709291 -0.699289
1 8.74823 23.7745 1.75889 0.619983 0.120579 0.775294
1 17.1064 28.9995 1.75165 0.539122 0.00180085 0.842226
1 28.6001 1.67892 1.76066 -0.166299 0.352239 0.921017
1 18.2026 9.2057 1.76141 0.203521 0.123142 0.971296
1 16.4959 18.5603 1.59886 -0.762003 -0.173306 -0.623952
1 30.7577 21.0017 1.62775 0.314533 -0.60254 -0.733495
1 3.10206 20.9751 1.76045 -0.0512496 0.218606 0.974467
1 29.9229 15.3455 1.60765 -0.563201 -0.293465 -0.772453
1 32.3744 6.13911 1.60854 0.300639 0.331453 -0.89429
1 28.2174 18.5767 1.60839 -0.0495445 -0.15814 -0.986173
1 29.4548 26.9757 1.60719 -0.0920528 0.612794 -0.784863
1 3.50094 13.155 1.74174 -0.130476 0.579429 0.804511
1 18.5015 20.0805 1.60773 -0.509302 -0.416389 -0.753148
1 31.7599 18.2692 1.6124 -0.0770412 -0.696417 -0.71349
1 15.8679 32.3033 1.76023 0.0765152 -0.121065 0.989691
1 7.42159 18.0152 1.60857 0.30631 0.299983 -0.903429
1 34.3737 26.1577 1.60965 -0.337122 -0.357467 -0.870957
1 32.926 12.5875 1.75874 -0.0219248 -0.265112 0.963968
1 1.34197 17.7117 1.7436 0.573994 -0.0499623 0.817334
1 26.6488 15.4716 1.65014 -0.650184 0.216124 -0.728389
1 11.155 26.5373 1.75441 0.0952523 0.599357 0.794794
1 14.5809 21.0043 1.60895 -0.32829 0.248639 -0.911265
1 5.35036 17.998 1.62037 0.40565 0.694969 -0.593689
1 9.30787 17.1467 1.60951 0.175341 -0.0411292 -0.983648
1 17.1127 11.0423 1.75938 0.0320288 -0.0309728 0.999007
1 13.1377 15.3289 1.61284 -0.106736 -0.765976 -0.633946
1 8.26571 31.511 1.75645 -0.693405 0.170967 0.699971
1 23.9724 3.47704 1.75342 -0.301782 -0.352032 0.886003
1 0.347597 3.55068 1.60997 -0.20208 -0.134054 -0.970151
1 0.57235 29.1705 1.61823 0.14105 -0.534942 -0.833032
1 12.2386 0.953097 1.61265 -0.33202 -0.64074 -0.692254
1 31.26 6.09075 1.61163 0.293508 0.539607 -0.789099
1 27.998 3.36865 1.76168 -0.482441 0.206588 0.851218
1 31.0824 4.3023 1.61073 -0.061317 0.542639 -0.837725
1 10.9375 6.3834 1.60947 0.381711 -0.226975 -0.895979
1 24.1217 33.785 1.7595 0.339757 -0.428848 0.837051
1 33.427 6.36844 1.60903 0.329582 0.148185 -0.932425
1 9.86621 11.3041 1.60826 -0.480618 -0.264201 -0.836184
1 0.127945 17.8524 1.75067 0.520891 -0.273806 0.808519
1 1.25897 21.1904 1.76068 -0.117389 -0.0972939 0.988308
1 15.0709 25.3706 1.60505 0.382481 0.222441 -0.896788
1 17.7459 14.5977 1.7615 -0.254221 0.0453162 0.966084
1 31.4599 13.822 1.7552 -0.260488 -0.490903 0.83136
1 20.5437 19.4894 1.60049 0.00569902 0.78585 -0.618391
1 27.6655 1.47908 1.76016 -0.126932 0.186439 0.974232
1 6.16204 28.8783 1.75897 -0.203308 -0.156215 0.966573
1 20.3386 0.972755 1.75131 -0.38713 0.496148 0.777154
1 15.0921 29.4957 1.75207 0.458887 -0.251024 0.852297
1 29.3815 6.59238 1.61163 -0.382692 -0.56997 -0.727104
1 0.516526 14.1767 1.75463 -0.341807 0.112426 0.933021
1 15.2455 33.1535 1.75803 -0.048574 -0.200761 0.978435
1 34.4346 6.16265 1.60959 0.268239 -0.0278461 -0.96295
1 2.09709 21.7832 1.75991 -0.223669 0.0557952 0.973067
1 12.6842 30.7406 1.74627 0.291647 -0.551998 0.781179
1 30.809 18.4646 1.6141 -0.0677972 -0.549599 -0.832673
1 3.55875 34.5088 1.60584 -0.349952 0.703954 -0.618048
1 10.0025 16.3444 1.60944 0.0981114 -0.162622 -0.981799
1 34.4766 16.9729 1.74141 0.707164 -0.248409 0.661976
1 29.736 3.05746 1.75724 -0.40859 0.5721 0.711165
1 23.8637 10.3265 1.61319 0.0616769 0.334685 -0.94031
1 23.3782 30.796 1.74958 -0.675586 -0.28125 0.681529
1 28.7673 4.02012 1.75849 -0.594704 0.337326 0.729753
1 28.9217 21.4218 1.60789 0.403606 -0.247964 -0.880691
1 6.95528 2.49375 1.61043 -0.0756442 0.185347 -0.979757
1 9.69279 27.6504 1.75728 -0.0307472 0.364663 0.930632
1 33.3163 26.3353 1.60939 -0.30445 -0.175086 -0.936299
1 4.34115 0.403166 1.61756 -0.269895 0.555682 -0.786368
1 12.181 2.70231 1.61507 -0.152395 -0.543873 -0.825214
1 21.1235 20.7375 1.61022 0.273527 0.667972 -0.692096
1 18.7052 24.5432 1.60974 0.305593 -0.398265 -0.864869
1 6.19323 16.044 1.61039 0.0953449 0.454767 -0.885492
1 13.5426 0.512716 1.74764 -0.341055 -0.480736 0.807821
1 17.3554 12.2055 1.75691 -0.0484067 -0.0035486 0.998821
1 24.8596 30.9359 1.73778 -0.741667 -0.0368135 0.669758
1 19.2466 29.7657 1.75225 0.434533 0.305068 0.847416
1 2.9497 12.1379 1.75215 -0.00286064 0.476366 0.879242
1 21.205 13.5695 1.75741 0.0746197 0.683333 0.726283
1 21.3988 3.54825 1.76256 0.0638235 -0.628567 0.775132
1 21.3511 31.5972 1.75487 0.211652 0.608007 0.7652
1 12.5506 23.5978 1.6061 0.0520217 0.661887 -0.747796
1 11.1216 13.3321 1.61254 -0.196296 -0.411879 -0.889845
1 17.0991 2.75104 1.75551 -0.552995 0.0131229 0.833081
1 30.0377 16.4668 1.61595 -0.392492 -0.373705 -0.840413
1 23.8867 31.9589 1.58908 -0.737651 0.220404 -0.638195
1 14.7349 12.6105 1.75351 -0.131355 -0.431142 0.892671
1 30.6407 22.4469 1.62145 0.49454 -0.544066 -0.677807
1 14.9104 2.50665 1.65115 -0.551758 -0.355699 0.754348
1 30.4213 6.47165 1.61161 0.350526 0.706369 -0.614959
1 15.0501 18.5226 1.61935 -0.716803 0.164947 -0.677485
1 7.47586 10.2864 1.60478 -0.625953 0.141503 -0.766916
1 11.6994 27.5591 1.75586 -0.150168 0.663585 0.732874
1 27.1388 6.6297 1.61684 -0.40889 -0.209427 -0.888228
1 28.7989 15.0342 1.65734 -0.631852 -0.0484881 -0.773571
1 6.94554 13.0025 1.61037 -0.279287 0.273196 -0.920523
1 19.4377 0.643247 1.74996 -0.280022 0.360217 0.889849
1 20.8082 23.7243 1.60977 0.133017 -0.760146 -0.63599
1 33.367 4.48889 1.60911 -0.00444069 0.141866 -0.989876
1 23.2813 11.4229 1.61404 0.175624 0.421215 -0.889795
