1 16.1389 33.0401 1.75928 0.00755096 -0.139527 0.99019
1 28.7106 14.9019 1.60687 -0.672743 0.0508288 -0.738129
1 20.4581 10.7432 1.7518 -0.0187722 0.589843 0.8073
1 26.2012 20.4177 1.60821 0.205679 0.110474 -0.972364
1 4.74589 28.4911 1.7572 -0.155925 -0.406397 0.900294
1 19.1874 5.55406 1.7491 0.658959 0.348924 0.666352
1 15.2368 19.6744 1.60874 -0.51999 0.158247 -0.839386
1 28.9369 20.595 1.6103 0.245378 -0.244507 -0.938086
1 6.66899 5.20768 1.61107 0.328568 0.3953 -0.857776
1 3.04777 10.3733 1.74649 0.311206 0.456316 0.833622
1 20.4921 16.0961 1.75801 -0.382529 0.486048 0.785766
1 2.48064 14.1819 1.75578 -0.271966 0.443666 0.853929
1 24.9714 2.80792 1.7525 -0.368119 -0.235951 0.899342
1 32.9326 16.1518 1.75215 -0.651383 -0.203854 0.730852
1 16.519 21.127 1.60774 -0.267377 -0.0386788 -0.962815
1 27.4473 17.3637 1.60956 -0.275392 0.0318138 -0.960805
1 18.9325 0.18074 1.7579 -0.131919 0.194031 0.972085
1 29.9034 22.1788 1.60748 0.495448 -0.396432 -0.772899
1 30.8423 21.2798 1.61927 0.298608 -0.603259 -0.739535
1 16.1416 18.9108 1.61359 -0.679358 -0.0490936 -0.732163
1 14.0977 33.0079 1.75716 -0.0590433 -0.372179 0.926281
1 20.1023 22.6179 1.60953 -0.0750574 -0.60728 -0.790935
1 15.1875 30.4052 1.75638 0.301073 -0.22192 0.927419
1 33.2436 33.2289 1.74271 0.46823 0.604769 0.644217
1 32.8297 34.2996 1.75299 0.252091 0.604413 0.755734
1 22.4002 10.8396 1.61662 0.135518 0.662314 -0.736868
1 10.5633 10.8115 1.61153 -0.411572 -0.378802 -0.828926
1 7.63988 16.4169 1.60972 0.0892574 0.228273 -0.969497
1 7.84623 34.5818 1.62058 -0.353336 -0.0598253 -0.933582
1 17.8544 15.8871 1.75241 -0.452423 0.0600149 0.889782
1 12.5432 17.1801 1.61645 0.168752 -0.615893 -0.769545
1 6.99281 26.4621 1.75931 0.145271 -0.119474 0.982152
1 9.2452 6.48945 1.61 0.496118 0.0742892 -0.865071
1 13.1335 24.1824 1.60759 0.275838 0.549717 -0.788495
1 19.7716 6.75706 1.75148 0.472368 0.511862 0.717541
1 24.3832 25.6281 1.75832 0.340339 -0.0606052 0.938348
1 6.58808 8.31032 1.60142 0.93098 0.179488 -0.317899
1 5.14226 33.0895 1.61913 -0.571225 0.273219 -0.773985
1 16.0196 32.0401 1.75878 0.114717 -0.130797 0.98475
1 5.22214 15.0164 1.61098 -0.0889828 0.641584 -0.761874
1 3.86977 12.5783 1.77003 -0.0158907 0.69789 0.716029
1 1.3368 18.6692 1.75146 0.414753 -0.132712 0.900204
1 17.8886 25.1 1.61086 0.37861 -0.187198 -0.906428
1 18.9983 14.7203 1.76083 -0.270712 0.274711 0.922631
1 6.63845 9.37969 1.60269 -0.559097 0.35113 -0.751078
1 24.8377 31.0915 1.72644 -0.667012 -0.0569159 0.74287
1 20.8042 7.68337 1.76683 0.274977 0.758276 0.591104
1 31.6376 15.6384 1.7522 -0.616478 -0.47137 0.630687
1 30.1999 9.88445 1.6008 0.247074 -0.712984 -0.656207
1 3.67085 5.63184 1.61254 0.0172763 -0.622906 -0.782106
1 27.0759 24.6335 1.74863 0.491496 0.415821 0.765196
1 1.10314 17.7958 1.72346 0.591694 -0.155898 0.790945
1 7.52889 7.55027 1.61681 0.675395 0.36227 -0.642341
1 13.574 19.028 1.61749 -0.534777 0.54548 -0.645341
1 23.453 16.9884 1.61399 -0.487366 0.421061 -0.764972
1 10.702 27.9474 1.76357 -0.109565 0.47078 0.875421
1 32.6926 27.5545 1.60674 -0.0596236 -0.0370567 -0.997533
1 25.9076 24.1386 1.75839 0.630676 0.190686 0.752255
1 19.5891 16.9639 1.75677 -0.532428 0.296838 0.792721
1 4.00173 6.9338 1.60713 0.238023 -0.672645 -0.700639
1 7.42115 2.66364 1.60448 0.00918427 0.104427 -0.99449
1 23.814 24.7854 1.75916 0.516251 -0.137015 0.845406
1 19.0723 7.39616 1.75878 0.419077 0.364207 0.831702
1 33.796 12.7035 1.76066 -0.0288819 -0.120589 0.992282
1 32.7216 24.1174 1.61006 -0.638802 -0.202219 -0.74232
1 2.76198 30.0783 1.78022 -0.370627 -0.721968 0.584293
1 29.4017 9.31379 1.61388 0.109015 -0.605706 -0.788185
1 22.5623 31.7428 1.7645 0.206975 0.772454 0.600397
1 17.3992 19.4493 1.61377 -0.550382 -0.195845 -0.811618
1 33.5013 28.1929 1.60875 0.0460733 -0.171738 -0.984065
1 33.3135 2.56519 1.61094 -0.438671 0.0584001 -0.896748
1 5.15586 0.861501 1.60975 -0.153834 0.295626 -0.942836
1 11.4316 6.2634 1.60465 0.397829 -0.256156 -0.880974
1 18.7972 12.5406 1.75878 -0.0906022 0.213847 0.972656
1 16.1921 34.0607 1.75852 -0.102696 -0.144063 0.984225
1 22.4848 26.3802 1.75869 0.19547 -0.374695 0.906308
1 14.5972 7.05348 1.74456 0.573536 -0.516882 0.635523
1 24.4721 26.612 1.76017 0.15724 -0.0470185 0.986441
1 0.173358 12.7349 1.76074 -0.0374868 0.0295266 0.998861
1 8.55444 25.5682 1.75732 0.299962 0.0955241 0.949156
1 29.3982 32.4931 1.7571 0.561407 0.115334 0.819463
1 34.3576 26.5613 1.61243 -0.203999 -0.377413 -0.903296
1 32.636 26.5246 1.60813 -0.227505 -0.0579906 -0.972049
1 22.4233 5.05155 1.61234 -0.548681 0.542589 -0.63604
1 15.0752 31.4586 1.75671 0.164866 -0.232637 0.958488
1 23.8401 10.3789 1.60515 0.13873 0.297312 -0.944648
1 8.68439 13.3679 1.6096 -0.161842 -0.00486746 -0.986805
1 24.357 7.11507 1.61039 -0.290551 0.194461 -0.936891
1 30.2712 14.2718 1.75016 -0.395409 -0.62248 0.675404
1 1.48662 10.2608 1.75245 0.426636 0.155051 0.891033
1 28.3735 9.88761 1.61182 0.172927 -0.443233 -0.879568
1 9.24219 0.685745 1.60453 -0.287835 -0.22747 -0.930273
1 28.9495 5.63943 1.63731 -0.578804 -0.565174 -0.587847
1 18.2572 26.8872 1.76377 -0.746869 0.0558109 0.662624
1 15.0649 14.4618 1.75259 -0.259384 -0.405656 0.876449
1 10.5443 0.850686 1.61116 -0.271754 -0.341965 -0.899561
1 27.7737 27.9241 1.76293 -0.0916965 0.562966 0.821378
1 3.34419 18.652 1.75136 0.397985 0.229296 0.888274
1 21.0147 1.35306 1.73241 -0.448804 0.609121 0.653871
1 28.4094 16.8466 1.61322 -0.370437 -0.0833737 -0.925108
1 0.250122 33.9669 1.5948 0.0366052 0.730796 -0.681614
1 22.3138 27.4467 1.75932 -0.00494724 -0.408132 0.91291
1 27.9479 20.907 1.60945 0.308415 -0.103045 -0.945654
1 14.5565 16.6407 1.75524 -0.507343 -0.544511 0.667915
1 0.415328 13.6438 1.75885 -0.198546 0.0853904 0.976365
1 22.2055 8.96256 1.6104 0.00300824 0.587083 -0.809521
1 0.331297 0.769345 1.66807 0.314515 0.766532 -0.559918
1 27.4154 22.728 1.61277 0.613194 0.100013 -0.783575
1 27.4708 15.4045 1.61395 -0.595514 0.223652 -0.771585
1 1.61458 5.37477 1.6087 0.0653744 -0.27713 -0.958606
1 30.7677 20.043 1.61513 0.116668 -0.540087 -0.833483
1 19.8141 9.76432 1.74517 0.166041 0.492275 0.854456
1 4.66827 5.72733 1.601 -0.049395 -0.786607 -0.615475
1 18.9541 16.1349 1.75578 -0.419047 0.243247 0.874774
1 18.0999 21.2561 1.60657 -0.262217 -0.299889 -0.917229
1 12.6325 18.4395 1.60723 0.358113 -0.60622 -0.710108
1 11.4799 11.6417 1.61295 -0.25676 -0.565548 -0.783728
1 11.687 17.9911 1.61427 0.255765 -0.45031 -0.855456
1 12.6016 27.2104 1.76129 -0.0889589 0.67704 0.73055
1 13.9563 26.1461 1.62223 0.549398 0.416847 -0.724155
1 17.0995 3.65534 1.75799 -0.631217 -0.0399062 0.774579
1 8.94167 29.0564 1.75709 -0.278829 0.21802 0.935266
1 18.4308 8.0977 1.76118 0.347841 0.223934 0.910418
1 26.5015 15.0311 1.75459 -0.645556 0.439598 -0.624508
1 25.447 26.6545 1.75797 0.156537 0.120801 0.980257
1 25.6161 19.5832 1.60739 0.0683603 0.180426 -0.98121
1 15.2565 33.5535 1.75941 -0.0757422 -0.251844 0.964799
1 4.70267 12.7213 1.61304 -0.233082 0.788318 -0.569409
1 29.0695 10.5561 1.61944 0.315368 -0.545888 -0.77624
1 29.9626 33.3922 1.76563 0.383951 0.206335 0.900004
1 7.09001 28.4048 1.75951 -0.158829 -0.0625546 0.985322
1 10.1065 5.63813 1.60972 0.361408 -0.107632 -0.926175
1 16.7921 17.162 1.74775 -0.65377 -0.109099 0.748788
1 12.3563 33.4303 1.75025 -0.1512 -0.63991 0.753428
1 10.7736 17.4987 1.61021 0.193142 -0.285741 -0.938642
1 32.5108 15.0622 1.75355 -0.488685 -0.293725 0.821531
1 8.76789 14.4821 1.60756 -0.0743449 0.0180291 -0.99707
1 33.3898 29.3009 1.60952 0.227254 -0.117523 -0.966718
1 3.06397 13.1886 1.73851 -0.0722145 0.529346 0.845327
1 12.0587 12.7972 1.6154 -0.054796 -0.686128 -0.725414
1 14.8756 28.5676 1.75353 0.584703 -0.274049 0.763557
1 32.566 1.73843 1.59857 -0.59673 0.136689 -0.790715
1 29.6179 11.3842 1.60464 0.401428 -0.681112 -0.612325
1 26.7714 0.633427 1.76124 -0.022785 -0.0270253 0.999375
1 18.5606 6.33522 1.75937 0.590811 0.248221 0.767678
1 6.38254 27.7102 1.75935 -0.0388163 -0.165038 0.985523
1 5.17529 26.417 1.75031 0.172572 -0.385282 0.906519
1 27.9919 11.0534 1.61423 0.324677 -0.368008 -0.871295
1 15.3569 9.84635 1.75635 0.152044 -0.313622 0.937296
1 22.8965 30.3711 1.75542 -0.535396 -0.414709 0.735777
1 22.375 6.53952 1.62392 -0.324424 0.567063 -0.757092
1 10.6019 15.1105 1.61445 0.0257124 -0.28283 -0.958825
1 18.8445 25.5937 1.61792 0.429166 -0.346096 -0.834286
1 23.1058 2.04229 1.70883 -0.0901236 -0.520649 0.849001
1 7.17605 10.2395 1.61106 -0.466768 0.255857 -0.846561
1 7.82319 5.44544 1.6071 0.36851 0.201063 -0.90762
1 6.08375 14.1657 1.61431 -0.178256 0.461877 -0.868847
1 19.3179 8.70318 1.74855 0.29608 0.400294 0.867238
1 25.4309 25.7215 1.75987 0.332177 0.113062 0.936416
1 2.38603 26.7624 1.74924 0.0379247 -0.815579 0.577401
1 20.8401 14.8943 1.75578 -0.158364 0.582699 0.797109
1 5.00565 23.9517 1.6732 0.692269 -0.427195 0.581608
1 12.0906 1.98564 1.63371 -0.202107 -0.543958 -0.814409
1 3.89307 11.197 1.76188 0.176298 0.661135 0.72926
1 27.6861 8.27461 1.60547 -0.127578 -0.341098 -0.93133
1 24.0526 0.095055 1.75444 0.149402 -0.434147 0.888367
1 11.9498 20.1183 1.64624 0.399652 -0.691206 -0.60209
1 9.58659 20.8185 1.60676 0.595873 -0.185265 -0.781417
1 4.65306 9.05039 1.76476 -0.0225632 0.895223 0.445047
1 16.923 8.86374 1.7578 0.271928 -0.0357936 0.961652
1 27.8052 14.3345 1.6494 -0.753637 0.260827 -0.603324
1 8.03457 6.47165 1.6089 0.499307 0.250452 -0.829438
1 26.3425 10.4608 1.60721 0.173394 -0.109082 -0.978793
1 8.71793 16.5026 1.60875 0.121065 0.0578523 -0.990957
1 7.86558 9.27931 1.61809 -0.628376 0.122948 -0.768133
1 20.9062 0.146784 1.71507 -0.234176 0.547779 0.803181
1 33.8124 1.66183 1.59331 -0.601279 -0.0954449 -0.793318
1 6.45901 32.7698 1.6336 -0.66023 0.0741699 -0.747392
1 24.0022 13.1747 1.60741 0.540462 0.272276 -0.796095
1 33.4923 20.526 1.76416 0.0117231 -0.569732 0.821747
1 11.8054 4.31835 1.60689 0.125979 -0.394395 -0.910265
1 28.5694 8.74467 1.60973 -0.0195706 -0.481186 -0.8764
1 33.6604 31.3568 1.61539 0.597483 -0.163557 -0.785024
1 23.0164 24.056 1.7613 0.693306 -0.224713 0.684712
1 5.46475 25.3085 1.74765 0.352136 -0.386273 0.852522
1 10.5764 11.9555 1.6093 -0.25585 -0.392846 -0.883296
1 19.6884 34.1714 1.75304 -0.0759561 0.308648 0.948139
1 2.27284 18.049 1.75805 0.512386 0.0636269 0.856395
1 4.51442 16.066 1.61051 0.0821901 0.756262 -0.649086
1 9.05296 17.5857 1.61021 0.210949 0.0304212 -0.977024
1 31.6611 28.9933 1.60815 0.179041 0.174858 -0.968178
1 25.0822 24.8185 1.75922 0.517852 0.0416348 0.854456
1 20.5453 27.2777 1.63514 -0.00526214 0.683861 -0.729594
1 5.46699 29.4468 1.75954 -0.32282 -0.285024 0.902523
1 24.1528 8.33922 1.61614 -0.135461 0.229081 -0.963936
1 28.0785 25.3555 1.7587 0.278477 0.63471 0.720828
1 27.4895 5.07303 1.63345 -0.745588 -0.220463 -0.628884
1 30.2102 31.7702 1.75152 0.73026 0.235868 0.64116
1 15.696 20.5586 1.61424 -0.360286 0.0837424 -0.929075
1 17.2036 14.2487 1.76163 -0.243578 -0.011769 0.96981
1 14.2994 21.7291 1.6125 -0.167942 0.33872 -0.925778
1 6.97007 3.52948 1.60487 0.12145 0.222205 -0.967406
1 33.6398 4.36642 1.60687 -0.110556 0.0694124 -0.991443
1 10.4516 4.6227 1.60905 0.201984 -0.187684 -0.961237
1 32.2212 2.69418 1.61757 -0.432845 0.242168 -0.868332
1 12.4617 28.5264 1.74134 -0.390656 0.689146 0.6103
1 4.63295 1.71891 1.60821 0.0244659 0.372765 -0.927603
1 26.9597 7.55969 1.60748 -0.257815 -0.235946 -0.936942
1 0.686393 16.9824 1.74663 0.764651 -0.156763 0.625088
1 26.3664 6.68172 1.61051 -0.4056 -0.143582 -0.902703
1 5.54106 16.2611 1.61042 0.11358 0.597911 -0.793475
1 0.32863 29.6267 1.608 0.252516 -0.398247 -0.881836
1 3.28166 21.5377 1.75878 -0.141854 0.195512 0.970388
1 5.62824 9.33752 1.78202 0.53147 -0.537288 0.654875
1 1.5373 13.8894 1.75742 -0.233792 0.264967 0.935486
1 34.2917 28.8431 1.61132 0.145975 -0.298637 -0.943137
1 15.8814 8.93587 1.75864 0.269648 -0.219144 0.937692
1 23.4205 19.4336 1.6065 0.0111812 0.437812 -0.898997
1 16.2109 30.0817 1.76516 0.359388 -0.0926978 0.928573
1 26.3471 26.2539 1.75856 0.220981 0.291147 0.930806
1 20.7734 32.6395 1.75394 0.0643294 0.489548 0.8696
1 31.46 9.87987 1.74901 0.481025 -0.525968 0.701408
1 0.735668 14.5128 1.75871 -0.350242 0.133829 0.927049
1 25.2302 12.932 1.62272 0.520768 0.0625712 -0.851402
1 24.7769 16.7677 1.60365 -0.512673 0.238057 -0.824921
1 28.3725 17.8451 1.61008 -0.199655 -0.109355 -0.973745
1 14.6917 2.47868 1.7486 -0.47525 -0.441199 0.761236
1 5.76235 5.69273 1.60753 0.278498 0.629174 -0.725658
1 33.8856 19.2627 1.75829 0.237547 -0.484827 0.841733
1 23.2484 5.60126 1.61097 -0.515559 0.371985 -0.771898
1 7.08426 15.5652 1.61051 0.00378541 0.315139 -0.949038
1 18.4894 30.2888 1.75494 0.322611 0.188547 0.927562
1 26.1644 27.3139 1.75837 0.0318398 0.255077 0.966396
1 7.05507 22.2143 1.62971 -0.872316 0.0695522 0.48397
1 34.1756 5.19641 1.60759 0.0500398 0.00269338 -0.998744
1 24.4914 22.1822 1.63619 0.590256 0.220593 -0.77649
1 8.45617 2.67903 1.60693 -0.00381434 -0.0179975 -0.999831
1 10.9954 3.75087 1.61123 0.0733264 -0.286157 -0.955373
1 2.46312 32.9555 1.73482 -0.587715 0.526703 0.614145
1 28.7656 33.3301 1.75825 0.325178 0.110882 0.93913
1 17.526 9.82543 1.75789 0.165779 0.0555622 0.984596
1 6.26453 30.2317 1.75499 -0.473386 -0.148806 0.868195
1 17.1403 18.1185 1.7532 -0.802623 -0.118528 0.584591
1 1.56245 1.73279 1.61585 0.511181 0.593375 -0.621772
1 27.5995 9.29019 1.60938 0.0357988 -0.319547 -0.946894
1 8.95479 5.50552 1.6077 0.360844 0.0427967 -0.931644
1 26.9315 21.3018 1.60952 0.350113 0.0318542 -0.936166
1 13.4837 17.3339 1.61256 0.16526 -0.764131 -0.623532
1 0.290793 10.1048 1.75289 0.494339 -0.0515656 0.867738
1 16.8426 23.6638 1.60794 0.141092 -0.0530573 -0.988574
1 19.9396 0.573689 1.7449 -0.185437 0.371288 0.909812
1 13.239 22.0473 1.61288 -0.117086 0.524084 -0.84358
1 17.942 8.92887 1.75801 0.255401 0.135635 0.957274
1 7.40326 23.8974 1.75399 0.566458 -0.12601 0.8144
1 27.1053 26.9976 1.75438 0.0829453 0.448279 0.890037
1 17.1491 27.6903 1.73643 0.770738 0.100181 0.629227
1 13.0797 32.6034 1.7562 -0.0199076 -0.522018 0.852702
1 1.13565 31.1067 1.59358 0.19391 -0.589105 -0.784445
1 33.8302 34.5915 1.7456 0.0673035 0.756909 0.650045
1 8.87434 1.72902 1.60665 -0.123966 -0.131813 -0.983493
1 29.528 29.476 1.61288 0.217991 0.500327 -0.837946
1 31.0093 18.8072 1.60896 -0.0728744 -0.553194 -0.829859
1 12.2994 15.9498 1.61392 0.013448 -0.612458 -0.790389
1 25.1496 20.4477 1.60904 0.223151 0.2388 -0.945081
1 1.4613 3.60176 1.60941 -0.270763 -0.272214 -0.923357
1 1.45544 11.233 1.75834 0.232657 0.18492 0.954817
1 8.23762 20.4697 1.61705 0.600612 0.141231 -0.786969
1 27.892 0.855769 1.76089 -0.0737061 0.156649 0.9849
1 29.5634 16.4874 1.60998 -0.446942 -0.228622 -0.864855
1 30.8055 32.7975 1.75247 0.532853 0.261966 0.804637
1 3.97134 30.7251 1.75245 -0.538301 -0.475011 0.69613
1 24.6913 21.2753 1.60884 0.400038 0.259117 -0.879106
1 30.649 27.115 1.60237 -0.143729 0.353708 -0.924247
1 16.7773 2.70583 1.75775 -0.499375 -0.134029 0.855956
1 17.7692 5.39284 1.74794 0.764153 0.0637003 0.641882
1 4.99962 10.9701 1.60754 -0.328067 0.70375 -0.630165
1 7.67961 31.5501 1.75849 -0.746061 0.0754489 0.66159
1 11.2735 7.36383 1.61161 0.57161 -0.207274 -0.793914
1 18.0081 0.452859 1.7595 -0.180815 0.0725374 0.980838
1 12.4857 11.6024 1.61555 -0.296273 -0.727567 -0.618764
1 15.0493 23.5289 1.61051 0.123523 0.230672 -0.965159
1 2.69419 28.3414 1.75286 -0.150972 -0.730977 0.665492
1 32.7989 22.5363 1.7568 -0.356354 -0.646836 0.674252
1 10.8622 23.6206 1.76207 0.593875 0.51309 0.619718
1 9.44165 4.59717 1.60801 0.227392 -0.0554185 -0.972225
1 2.36488 19.0225 1.75695 0.330632 0.0430065 0.942779
1 3.33796 25.9788 1.76047 0.311145 -0.647412 0.695735
1 24.8889 8.93643 1.60822 -0.0528259 0.103405 -0.993236
1 8.10918 23.0104 1.75921 0.713473 -0.0430097 0.699362
1 32.3813 7.06869 1.62183 0.400372 0.258662 -0.879088
1 22.3974 21.2112 1.61866 0.385435 0.523131 -0.760114
1 27.1893 20.2608 1.61055 0.185879 -0.00321708 -0.982567
1 28.9953 21.6291 1.60486 0.419341 -0.230284 -0.878136
1 31.328 3.40638 1.61596 -0.344606 0.410253 -0.844357
1 9.67235 11.4124 1.60978 -0.314285 -0.219974 -0.923492
1 9.48338 2.63964 1.607 -0.0116964 -0.144961 -0.989368
1 19.1526 22.4456 1.61471 -0.0684927 -0.45535 -0.887674
1 8.31659 29.9196 1.75539 -0.432495 0.151482 0.88882
1 31.477 23.6538 1.60644 -0.714995 0.0655724 -0.696047
1 32.6111 28.6477 1.60739 0.12357 0.00332724 -0.99233
1 23.1426 18.2526 1.60556 -0.223664 0.495701 -0.839199
1 31.6919 7.75424 1.60639 0.578193 0.295528 -0.760497
1 17.3015 20.4866 1.6069 -0.373661 -0.168441 -0.912143
1 26.2482 25.1728 1.7575 0.424008 0.265597 0.865838
1 18.1943 22.2891 1.61036 -0.0837518 -0.297227 -0.951127
1 22.3767 22.907 1.7843 -0.720659 -0.400855 0.565654
1 26.6387 9.51377 1.6067 0.0391278 -0.163348 -0.985792
1 17.1605 30.5084 1.76104 0.304358 -0.00152397 0.952557
1 15.0511 32.5126 1.75746 0.0347227 -0.245121 0.968871
1 31.1958 2.38021 1.60252 -0.579325 0.391384 -0.714983
1 9.4886 29.8503 1.75218 -0.413815 0.315802 0.853831
1 18.5501 28.1094 1.73651 0.615355 0.294294 0.731251
1 27.1908 31.918 1.74018 0.66157 -0.0695055 0.746656
1 5.71977 28.4426 1.75968 -0.157448 -0.244684 0.956734
1 25.8027 21.305 1.61174 0.380981 0.130405 -0.91534
1 28.5241 1.636 1.76011 -0.225131 0.292155 0.929495
1 25.856 11.3341 1.61211 0.298633 -0.030559 -0.953879
1 31.2172 12.2611 1.7603 0.053855 -0.546207 0.835917
1 29.5614 23.349 1.61692 0.688578 -0.320278 -0.650602
1 15.1108 25.6577 1.60305 0.527274 0.205707 -0.824419
1 29.6758 4.60174 1.61147 -0.0438971 0.697167 -0.715563
1 16.1178 22.0322 1.60781 -0.124398 0.0382939 -0.991493
1 20.2424 21.3868 1.60354 -0.274212 -0.636838 -0.720587
1 8.32703 10.1448 1.60935 -0.50627 0.0382567 -0.861526
1 14.9097 12.0761 1.75307 -0.0772393 -0.369069 0.926187
1 19.6638 27.1019 1.77479 0.0281812 0.868306 0.495228
1 14.206 30.8534 1.75507 0.232244 -0.350361 0.907364
1 32.9839 11.0951 1.75259 0.282361 -0.270564 0.920362
1 28.9151 26.7138 1.59255 -0.196735 0.799351 -0.567744
1 29.5263 1.29885 1.75748 -0.233334 0.466317 0.85329
1 13.707 1.38217 1.74168 -0.442467 -0.583788 0.680745
1 32.5655 8.61182 1.59422 0.79531 0.0859152 -0.600084
1 31.7364 19.743 1.61604 0.105234 -0.713537 -0.692669
1 2.49339 3.60588 1.62153 -0.31831 -0.410092 -0.854695
1 19.9605 13.0546 1.75798 0.042337 0.392182 0.918913
1 29.4212 25.2205 1.60939 -0.428834 0.499965 -0.75242
1 31.9071 33.4648 1.76095 0.45777 0.440946 0.772019
1 28.343 7.59191 1.60752 -0.243695 -0.448261 -0.860043
1 24.5557 23.9582 1.76253 0.702273 -0.0486759 0.710242
1 21.9145 34.5632 1.7215 -0.321483 0.701335 0.636222
1 7.38974 30.6519 1.75117 -0.576385 0.0403992 0.816179
1 15.7738 11.6152 1.75808 -0.0246592 -0.210673 0.977246
1 9.79432 16.8987 1.60927 0.165595 -0.11781 -0.979132
1 33.5176 10.1433 1.75771 0.491236 -0.199253 0.84793
1 6.11405 24.2671 1.74868 0.519594 -0.330038 0.788097
1 32.1861 5.31329 1.60964 0.0545726 0.312959 -0.948197
1 13.972 15.382 1.67342 -0.328936 -0.681781 0.653434
1 26.4276 19.0118 1.61049 -0.0153689 0.101293 -0.994738
1 16.1494 14.4359 1.75575 -0.287337 -0.198074 0.937125
1 9.93836 33.5532 1.61253 -0.570039 -0.373037 -0.732052
1 15.9297 15.4177 1.7629 -0.394562 -0.292107 0.871203
1 28.4184 34.2499 1.76409 0.121346 0.168634 0.978181
1 33.2368 14.3653 1.75871 -0.350723 -0.186098 0.917802
1 13.128 2.09533 1.60985 -0.3727 -0.689591 -0.620934
1 14.7699 1.38552 1.74952 -0.307294 -0.425277 0.851299
1 19.8059 30.9813 1.75462 0.29244 0.332781 0.896513
1 9.05608 8.35979 1.626 0.817055 0.13234 -0.561167
1 17.5311 28.624 1.7345 0.595471 0.0735799 0.8
1 15.6391 17.6016 1.74403 -0.695801 -0.322728 0.641644
1 18.6116 19.3711 1.60308 -0.634176 -0.333003 -0.697803
1 6.06239 10.4775 1.60562 -0.387699 0.478856 -0.787646
1 15.6931 16.5304 1.75947 -0.5316 -0.322087 0.783365
1 5.0361 31.6568 1.74863 -0.747539 -0.241827 0.618631
1 24.6395 32.3802 1.75952 0.513278 -0.450814 0.730282
1 8.12087 17.3174 1.60688 0.20102 0.187204 -0.961533
1 12.7527 4.43547 1.62665 0.103137 -0.535655 -0.838115
1 3.90799 33.011 1.60634 -0.579999 0.439367 -0.685973
1 26.9122 11.3136 1.61083 0.315873 -0.1961 -0.928315
1 24.1861 23.0721 1.61931 0.798046 0.100272 -0.594195
1 24.1684 33.5349 1.75388 0.305961 -0.456708 0.835347
1 5.6408 1.8338 1.60827 -0.0277865 0.252462 -0.967208
1 8.68823 23.8973 1.75239 0.5789 0.0886692 0.810563
1 21.0781 16.9312 1.75719 -0.493932 0.541766 0.680089
1 1.04662 9.33196 1.75237 0.621017 0.0760508 0.780098
1 12.1814 9.75621 1.76982 -0.55509 -0.648402 0.521008
1 25.7958 8.61654 1.60745 -0.0894318 -0.0475304 -0.994858
1 3.86733 34.1833 1.60916 -0.362115 0.467577 -0.806377
1 26.7554 8.52773 1.60684 -0.104117 -0.194149 -0.975431
1 12.1211 26.0078 1.74232 0.19474 0.658885 0.726599
1 6.97063 14.5219 1.60791 -0.103206 0.311091 -0.94476
1 17.796 26.0728 1.60079 0.54265 -0.150307 -0.826401
1 7.16188 19.6183 1.64665 0.565066 0.399117 -0.722085
1 10.0123 3.60639 1.60688 0.0949169 -0.158067 -0.982856
1 0.565053 28.3357 1.61931 0.0660874 -0.485631 -0.871662
1 3.02851 6.62577 1.61016 0.247625 -0.510015 -0.823751
1 16.4334 9.74021 1.76034 0.179108 -0.122504 0.976173
1 25.9898 7.64472 1.61072 -0.236566 -0.0835368 -0.968018
1 28.5638 3.42673 1.76341 -0.576825 0.266528 0.772163
1 15.2957 21.4612 1.61095 -0.215121 0.162606 -0.962955
1 0.914219 12.0213 1.76027 0.0951681 0.125905 0.987467
1 25.1561 27.5528 1.75897 -0.0072923 0.0663386 0.997771
1 22.9562 9.82634 1.60881 0.0878275 0.44799 -0.889714
1 27.374 16.3992 1.6185 -0.440879 0.0774833 -0.894216
1 18.1381 1.41566 1.75838 -0.299785 0.0891746 0.94983
1 23.0349 12.3527 1.60703 0.360484 0.502795 -0.785651
1 23.8725 9.3283 1.61154 0.000389343 0.275837 -0.961204
1 18.6298 23.3938 1.61103 0.0861508 -0.350335 -0.932654
1 1.26367 29.0964 1.62741 0.175777 -0.583931 -0.792545
1 30.9257 33.936 1.75686 0.292719 0.336425 0.895061
1 34.3209 9.30242 1.76357 0.69529 -0.123045 0.708118
1 8.59919 27.1793 1.75928 0.0257499 0.119073 0.992551
1 24.9777 34.167 1.75678 0.215664 -0.3001 0.929209
1 11.092 1.80375 1.61173 -0.152414 -0.37608 -0.913966
1 3.65586 9.63169 1.76177 0.367409 0.599977 0.710661
1 0.119865 30.7484 1.60925 0.429365 -0.330892 -0.840331
1 24.5156 11.1623 1.60521 0.247199 0.193567 -0.949434
1 22.6705 28.46 1.75435 -0.204735 -0.37733 0.903164
1 3.08515 4.57322 1.61497 -0.132203 -0.500312 -0.855693
1 6.42767 29.1537 1.75711 -0.279399 -0.127359 0.951691
1 20.0128 8.10434 1.74168 0.303005 0.577517 0.758065
1 28.9563 6.8751 1.63673 -0.356526 -0.549198 -0.755824
1 5.8337 20.4751 1.7608 0.0713299 0.576194 0.814194
1 1.63748 14.9392 1.76267 -0.455845 0.275106 0.846476
1 26.2878 14.0588 1.62232 0.704861 -0.280762 -0.651417
1 29.9837 7.03538 1.60772 -0.365851 -0.729828 -0.577498
1 16.8057 7.14313 1.75866 0.510097 -0.066702 0.857527
1 19.1057 1.19098 1.75563 -0.256817 0.236322 0.937122
1 34.4162 2.56284 1.61052 -0.418993 -0.108478 -0.901486
1 7.48847 25.5887 1.75575 0.29674 -0.0778657 0.951779
1 2.6236 31.7981 1.76249 0.538935 -0.037436 0.841515
1 22.8852 20.3294 1.60477 0.199508 0.50016 -0.842637
1 8.00433 26.4241 1.75895 0.154746 0.0269301 0.987587
1 34.2884 22.4949 1.75655 -0.322023 -0.39006 0.862644
1 27.4746 33.5399 1.75439 0.289056 0.00672031 0.957289
1 0.5513 22.1098 1.76072 -0.25804 -0.246835 0.934071
1 12.8292 25.2316 1.65059 0.425841 0.677501 -0.59971
1 9.68455 27.2851 1.75494 0.0111686 0.292044 0.95634
1 24.0544 12.1276 1.61178 0.366989 0.303387 -0.879361
1 17.2057 1.00355 1.75948 -0.260171 -0.0435741 0.964579
1 2.62171 15.3738 1.75592 -0.474384 0.465535 0.747153
1 17.6913 23.1343 1.60697 0.0478525 -0.196045 -0.979427
1 29.6846 27.3119 1.65027 -0.179525 0.567904 -0.803278
1 0.632105 27.1143 1.61424 -0.120206 -0.541692 -0.831938
1 12.2938 7.85975 1.6077 0.657433 -0.34145 -0.671709
1 15.6218 27.5508 1.76615 0.784554 -0.15492 0.600396
1 21.6747 7.78217 1.60752 -0.101579 0.741275 -0.663471
1 25.2168 18.6573 1.60869 -0.107864 0.206872 -0.972404
1 1.23194 33.0232 1.74784 -0.282923 0.337921 0.897644
1 31.8408 27.992 1.60675 0.00306913 0.128299 -0.991731
1 10.4239 25.0587 1.75945 0.377479 0.374651 0.846845
1 3.05326 20.6096 1.75895 0.03031 0.149791 0.988253
1 31.2264 5.26966 1.60895 0.0353258 0.468967 -0.882509
1 32.1072 11.7101 1.75566 0.147112 -0.395854 0.906453
1 25.8889 32.1395 1.75216 0.608724 -0.243606 0.755057
1 21.6589 15.6567 1.755 -0.249133 0.677329 0.692212
1 14.1401 8.30786 1.74586 0.363111 -0.511444 0.778829
1 5.77754 0.0611054 1.60723 -0.310811 0.205338 -0.928026
1 0.221609 25.6564 1.60926 -0.33907 -0.509432 -0.790892
1 28.8595 0.567664 1.76322 -0.0562352 0.323752 0.944469
1 25.3364 6.86469 1.61122 -0.366777 0.0251692 -0.929968
1 27.3221 12.2145 1.60952 0.443946 -0.281978 -0.85053
1 23.2439 27.6399 1.76103 -0.0405886 -0.260625 0.964587
1 28.1464 30.8135 1.76708 -0.827426 0.249669 0.503022
1 14.1387 31.9461 1.7574 0.084751 -0.358391 0.929717
1 2.63791 5.54387 1.6103 0.0663227 -0.438944 -0.896064
1 12.4403 14.6488 1.61305 -0.135331 -0.592167 -0.79437
1 3.22226 19.6227 1.75645 0.21916 0.183671 0.958245
1 16.2514 5.55427 1.75562 0.748896 -0.195894 0.633072
1 33.8799 17.3579 1.75499 0.638643 -0.361061 0.679536
1 17.8401 12.0603 1.75846 -0.0496176 0.0798994 0.995567
1 20.4815 6.1277 1.77083 0.495214 0.667339 0.556257
1 9.13484 9.34137 1.6102 -0.651049 -0.104517 -0.751805
1 11.1195 12.9531 1.60162 -0.109806 -0.495371 -0.861714
1 18.8378 2.24656 1.75872 -0.411254 0.217623 0.885161
1 31.7521 30.3875 1.6135 0.4787 0.190384 -0.857088
1 10.4959 2.63989 1.60572 -0.0276723 -0.27052 -0.962317
1 31.993 32.4149 1.75754 0.722214 0.328358 0.608759
1 34.5687 11.811 1.75991 0.13223 -0.0272144 0.990845
1 31.3996 14.5146 1.74863 -0.400004 -0.445023 0.801219
1 6.28441 31.2494 1.75263 -0.64523 -0.1161 0.755115
1 9.90564 1.63922 1.60526 -0.146367 -0.260024 -0.954444
1 30.2134 18.0251 1.6106 -0.201412 -0.387718 -0.899504
1 5.29817 21.5562 1.75583 -0.168803 0.502769 0.847779
1 9.29219 24.8807 1.75885 0.425406 0.199424 0.882757
1 6.91853 13.3925 1.60894 -0.182466 0.26902 -0.945693
1 23.3256 25.712 1.75605 0.326217 -0.227906 0.91741
1 17.2773 21.7994 1.60886 -0.162742 -0.157423 -0.974029
1 23.2532 29.4132 1.75557 -0.366949 -0.30218 0.879793
1 30.27 1.89571 1.75255 -0.465127 0.570314 0.677052
1 15.8798 6.6059 1.75247 0.591167 -0.247178 0.76774
1 7.92611 28.9775 1.75843 -0.262644 0.0667017 0.962584
1 18.8094 9.50958 1.74877 0.207285 0.295637 0.932541
1 12.0327 0.527998 1.61623 -0.376931 -0.724596 -0.57696
1 15.678 2.16301 1.75443 -0.424407 -0.28538 0.859323
1 4.05165 4.4855 1.61133 -0.277924 -0.626473 -0.72821
1 14.515 4.32188 1.59515 -0.245633 -0.772018 -0.586219
1 1.42876 22.7427 1.75767 -0.362007 -0.0767525 0.92901
1 19.8163 33.0871 1.75838 0.0271382 0.330409 0.943448
1 33.5735 6.95465 1.61508 0.395445 0.11437 -0.911341
1 4.21574 26.3043 1.75581 0.247817 -0.520952 0.81682
1 16.3402 0.451997 1.75642 -0.214826 -0.149554 0.965134
1 26.1895 30.9113 1.73887 -0.664255 0.165258 0.72901
1 33.6636 15.3551 1.75396 -0.539622 -0.0798358 0.838114
1 33.9642 30.1143 1.61013 0.353898 -0.199812 -0.913691
1 11.6044 16.8195 1.60748 0.111655 -0.450558 -0.885737
1 23.1842 0.851361 1.71658 0.0860501 -0.521021 0.849195
1 13.1312 5.83795 1.61047 0.284568 -0.545781 -0.788127
1 11.4598 15.4838 1.62053 0.0481231 -0.437602 -0.89788
1 9.78799 19.083 1.6183 0.378822 -0.104554 -0.919545
1 29.0745 19.4396 1.61165 0.0600008 -0.250225 -0.966327
1 25.6541 9.61783 1.60702 0.0493244 -0.0135683 -0.998691
1 15.9334 10.6329 1.76007 0.0724096 -0.196132 0.9779
1 11.1331 25.9961 1.76199 0.214679 0.496095 0.84131
1 22.5917 25.0724 1.75255 0.467578 -0.324744 0.822138
1 0.358319 3.46972 1.60915 -0.283075 -0.166179 -0.944592
1 1.7714 24.8051 1.59353 0.716817 -0.0398794 -0.69612
1 29.9862 26.0764 1.6229 -0.302144 0.419373 -0.856058
1 4.8901 20.4465 1.76183 0.0791027 0.449319 0.889862
1 9.57156 13.7667 1.60717 -0.129178 -0.134843 -0.98241
1 1.36505 15.9197 1.73961 -0.677401 0.201307 0.707534
1 14.4102 29.7359 1.75119 0.387685 -0.325361 0.862462
1 25.0315 7.87994 1.60866 -0.19739 0.0737091 -0.97755
1 20.5138 30.2932 1.74904 0.407423 0.475178 0.779879
1 7.9424 18.2909 1.615 0.323928 0.257872 -0.91026
1 33.7792 6.04499 1.6055 0.214601 0.0634493 -0.974639
1 18.9995 3.86676 1.76601 -0.626778 0.261299 0.734079
1 13.6476 20.9678 1.61836 -0.289911 0.447919 -0.845766
1 13.1994 15.8273 1.606 -0.0886349 -0.775746 -0.62479
1 30.2598 3.38282 1.61327 -0.389057 0.583514 -0.712844
1 32.4399 29.6664 1.60948 0.322014 0.0594631 -0.944866
1 27.3777 19.3017 1.60902 0.042371 -0.0110636 -0.999041
1 4.33162 14.5968 1.60871 -0.189235 0.779774 -0.596777
1 18.4871 17.6485 1.75318 -0.711721 0.12238 0.69172
1 28.9326 12.7863 1.60399 0.56383 -0.548275 -0.617649
1 17.7709 4.474 1.76813 -0.766182 0.0838286 0.637133
1 31.7497 17.0492 1.61074 -0.383905 -0.592366 -0.708322
1 30.1741 12.9573 1.76377 -0.0914656 -0.673897 0.733142
1 34.3053 14.5713 1.75948 -0.362473 -0.0225251 0.931722
1 0.380891 24.2241 1.75743 -0.643558 -0.239735 0.726884
1 23.5794 14.6004 1.60006 0.673875 0.207609 -0.709078
1 3.75406 28.3982 1.75027 -0.140598 -0.557599 0.818117
1 31.6823 26.9606 1.60722 -0.169811 0.140054 -0.975474
1 8.03256 28.0135 1.75856 -0.105389 0.0631119 0.992426
1 10.8408 8.42784 1.61307 0.768628 -0.117185 -0.62887
1 19.9731 14.2151 1.7565 -0.125835 0.439599 0.889336
1 24.1333 17.6799 1.60509 -0.33742 0.332962 -0.880502
1 33.8855 23.4013 1.75554 -0.513366 -0.435186 0.739641
1 17.0522 32.5256 1.75951 0.0764244 -0.0321142 0.996558
1 26.8251 28.045 1.7534 -0.103487 0.369229 0.923558
1 25.4143 29.2284 1.75927 -0.32033 0.0818504 0.943763
1 5.63439 11.8104 1.60868 -0.265191 0.555816 -0.787872
1 9.00367 3.625 1.60685 0.110789 -0.0319812 -0.993329
1 2.31331 20.0323 1.75796 0.134328 0.024452 0.990635
1 19.5717 23.6441 1.61013 0.108343 -0.508323 -0.854324
1 25.1021 11.9951 1.60665 0.377347 0.102266 -0.920408
1 17.9582 7.12685 1.7615 0.492531 0.143034 0.858461
1 26.4245 18.0372 1.61645 -0.174499 0.148572 -0.973384
1 32.8343 19.6727 1.74966 0.166767 -0.68021 0.713795
1 14.8305 18.7738 1.61072 -0.64595 0.240603 -0.724471
1 11.6348 22.9599 1.73364 -0.089257 -0.799874 0.593493
1 13.3812 33.7691 1.75662 -0.188224 -0.495153 0.848172
1 0.50027 23.2372 1.75585 -0.458806 -0.223679 0.859921
1 6.27844 2.71122 1.60717 0.044212 0.218459 -0.974844
1 1.09755 7.08335 1.6119 0.426805 -0.176293 -0.886994
1 21.0807 29.5028 1.75859 0.527937 0.625782 0.574176
1 9.89919 18.069 1.61172 0.254744 -0.125308 -0.958855
1 24.1375 18.6899 1.60536 -0.151628 0.33503 -0.929927
1 5.99644 18.6996 1.62671 0.473933 0.612048 -0.633076
1 6.80045 34.4415 1.61071 -0.355621 0.0699472 -0.932009
1 1.90924 30.0537 1.59475 0.12583 -0.805798 -0.578668
1 15.335 0.0587457 1.75923 -0.19209 -0.26312 0.945447
1 29.2461 18.428 1.61 -0.112594 -0.249663 -0.961764
1 6.99277 18.5074 1.61226 0.391671 0.43471 -0.810938
1 9.82536 21.7885 1.61019 0.7223 -0.265356 -0.638646
1 32.3677 0.861371 1.64977 -0.799864 0.443899 0.403946
1 2.08231 4.5101 1.6114 -0.114353 -0.356683 -0.9272
1 30.7879 16.1437 1.63077 -0.539477 -0.427473 -0.725417
1 12.4279 31.102 1.74677 0.250496 -0.593285 0.765026
1 23.7358 28.531 1.75825 -0.202466 -0.192531 0.960177
1 8.76286 7.36516 1.61513 0.637674 0.158601 -0.753802
1 29.942 28.4141 1.6191 0.0186103 0.476801 -0.878814
1 12.425 3.29919 1.61474 -0.0408048 -0.500487 -0.864782
1 29.9399 21.0502 1.59866 0.311688 -0.413953 -0.855274
1 33.4805 25.943 1.61222 -0.311256 -0.23115 -0.921786
1 26.7455 5.81112 1.61413 -0.562979 -0.19666 -0.802732
1 25.8046 4.99433 1.60859 -0.739451 -0.0822043 -0.668172
1 7.86981 14.0598 1.60493 -0.109385 0.154791 -0.981873
1 30.3879 8.49342 1.6115 -0.0470368 -0.734658 -0.676806
1 32.8041 9.44805 1.76274 0.670741 -0.273711 0.68934
1 13.4306 3.44824 1.60639 -0.140342 -0.616792 -0.774514
1 19.13 13.6297 1.76062 -0.113432 0.281554 0.952817
1 16.2806 4.40761 1.76292 -0.73651 -0.158405 0.657617
1 33.2927 18.4518 1.74967 0.403547 -0.523996 0.750051
1 8.9995 28.0537 1.75881 -0.118556 0.206564 0.971224
1 22.416 33.2084 1.75987 -0.0620289 0.768571 0.63675
1 13.0006 13.2743 1.59573 -0.0682291 -0.865656 -0.495968
1 16.7752 16.1959 1.75505 -0.511965 -0.122469 0.850231
1 31.6747 24.6529 1.61052 -0.556686 0.0302239 -0.830173
1 26.2187 29.948 1.74697 -0.463112 0.200327 0.863364
1 6.89175 24.8453 1.7535 0.414865 -0.198413 0.887986
1 2.15963 17.0144 1.74691 0.692556 0.0681437 0.718139
1 5.13364 3.99178 1.62046 0.320601 0.555952 -0.766898
1 24.8656 0.643656 1.75671 0.0319852 -0.287788 0.95716
1 5.18224 17.4079 1.60755 0.277633 0.709717 -0.647473
1 21.7787 20.0758 1.61422 0.169297 0.667688 -0.724935
1 18.6062 29.1574 1.74886 0.482564 0.196656 0.853498
1 9.21908 19.9211 1.60946 0.496128 -0.0116234 -0.868172
1 30.9553 6.7707 1.60995 0.391991 0.499927 -0.77228
1 14.3918 9.91215 1.75808 0.120601 -0.484867 0.866233
1 18.4183 10.3935 1.75063 0.119903 0.192187 0.974006
1 6.15989 4.03914 1.62393 0.189151 0.388846 -0.901677
1 6.75094 1.81158 1.60589 -0.0854528 0.126428 -0.988288
1 13.2888 31.4692 1.75193 0.147915 -0.483465 0.862776
1 26.3446 23.2816 1.6298 0.803509 0.20539 -0.558738
1 34.3779 27.6957 1.61272 -0.0280723 -0.352564 -0.935367
1 10.976 33.2228 1.64065 -0.533324 -0.622758 -0.572484
1 14.141 27.8626 1.76459 0.64477 -0.441648 0.623874
1 25.2459 33.0948 1.76388 0.413188 -0.297505 0.860678
1 16.8472 22.6725 1.60734 -0.024361 -0.0699537 -0.997253
1 28.287 18.8437 1.60875 -0.0337451 -0.1254 -0.991532
1 28.1763 19.902 1.60774 0.139132 -0.13199 -0.981438
1 14.9928 24.5969 1.61097 0.303646 0.247391 -0.920107
1 12.557 23.0266 1.61649 0.0462424 0.6556 -0.753691
1 3.33491 27.2579 1.75808 0.0693422 -0.638291 0.766666
1 9.53711 32.4749 1.61674 -0.756691 -0.255238 -0.60189
1 0.325482 19.1146 1.75852 0.277479 -0.302797 0.911767
1 12.4432 29.9587 1.68216 0.495689 -0.564454 0.660064
1 11.4252 31.0675 1.76676 0.3432 -0.721029 0.601939
1 16.9373 12.5855 1.75939 -0.101242 -0.0435162 0.99391
1 2.41547 23.1942 1.7556 -0.442988 0.102846 0.890609
1 24.0284 2.36331 1.75331 -0.225107 -0.37833 0.897883
1 19.7961 15.3521 1.75986 -0.301564 0.407253 0.862093
1 26.4488 28.9954 1.75727 -0.278353 0.259939 0.924636
1 31.7251 4.31307 1.61484 -0.155582 0.371477 -0.915314
1 10.5903 26.8717 1.76284 0.0791939 0.405964 0.910451
1 24.9894 13.8503 1.62009 0.659744 0.0151198 -0.751338
1 32.0194 12.893 1.76097 -0.0733439 -0.399648 0.91373
1 3.94401 20.3537 1.76141 0.0793468 0.294043 0.952493
1 15.9424 25.0672 1.60971 0.369274 0.106403 -0.923209
1 27.9093 21.8756 1.60663 0.480757 -0.0397671 -0.875952
1 15.5047 13.5474 1.7579 -0.179256 -0.274443 0.944748
1 34.1093 10.8861 1.75648 0.317541 -0.129601 0.939346
1 18.7673 18.5493 1.77091 -0.852548 0.0616916 0.518996
1 27.3009 30.1308 1.73015 -0.517185 0.378865 0.767451
1 24.9747 14.7736 1.60588 0.784577 -0.0928684 -0.613037
1 21.4962 6.17778 1.60321 -0.196381 0.768805 -0.608583
1 6.31728 25.7651 1.75585 0.261211 -0.249244 0.932548
1 0.619915 21.0747 1.7603 -0.0757197 -0.251429 0.964909
1 6.22098 12.6768 1.61538 -0.237188 0.396585 -0.886827
1 11.4744 14.3064 1.6122 -0.0819858 -0.429906 -0.899144
1 21.0908 22.7581 1.60058 -0.190405 -0.770476 -0.608368
1 4.24353 22.318 1.74852 -0.295844 0.394947 0.869766
1 8.40432 4.58052 1.60745 0.237964 0.0855668 -0.967497
1 7.44381 33.5699 1.6162 -0.533835 -0.0183332 -0.84539
1 18.9605 31.4783 1.76059 0.219908 0.213981 0.951763
1 19.3783 10.7136 1.74995 0.0862043 0.3574 0.929964
1 27.6531 13.1686 1.60523 0.579687 -0.347587 -0.736984
1 2.25908 9.516 1.74868 0.506249 0.303764 0.807118
1 24.8857 1.75278 1.75707 -0.163365 -0.254349 0.953215
1 32.6238 21.0778 1.74876 -0.0793536 -0.733991 0.674507
1 1.97414 6.38261 1.61208 0.253589 -0.329438 -0.909485
1 26.8338 2.51049 1.76 -0.381354 0.0419344 0.923477
1 3.45207 14.3234 1.75572 -0.23346 0.660715 0.713409
1 13.4021 6.87605 1.60046 0.522645 -0.529437 -0.668236
1 13.5242 9.50048 1.75071 0.170408 -0.645976 0.744094
1 20.8634 13.6493 1.75412 0.0602492 0.569793 0.819577
1 5.29802 27.503 1.75804 -0.00848625 -0.337489 0.941291
1 17.9799 16.8159 1.74705 -0.580632 0.0905357 0.809117
1 6.0872 7.00416 1.63898 0.520456 0.596029 -0.611453
1 32.8412 12.3526 1.76148 0.0241491 -0.276434 0.960729
1 4.2857 21.3 1.76346 -0.0993774 0.347983 0.932219
1 18.953 32.5203 1.75906 0.0960581 0.202783 0.974501
1 9.86951 34.5563 1.60627 -0.413757 -0.311222 -0.855539
1 30.8947 28.1145 1.61155 0.0216151 0.295099 -0.955222
1 22.4241 19.1652 1.60569 -0.022578 0.592709 -0.8051
1 13.6821 29.0677 1.75821 0.477405 -0.427876 0.767468
1 21.7848 4.11764 1.77204 -0.714405 0.111731 0.690755
1 9.83131 28.4876 1.75323 -0.191235 0.35117 0.916575
1 19.7853 24.8333 1.60952 0.298476 -0.527366 -0.795486
1 32.3523 31.4092 1.62205 0.658383 0.0855296 -0.747808
1 11.4847 19.1676 1.63314 0.417247 -0.428256 -0.801562
1 12.2234 5.4529 1.6085 0.265151 -0.414636 -0.870501
1 2.55942 1.4091 1.77798 -0.145068 -0.572672 0.806847
1 27.4827 6.80454 1.61417 -0.394324 -0.321588 -0.860866
1 14.408 34.0506 1.75651 -0.189218 -0.346814 0.918649
1 2.14971 13.0713 1.75745 -0.0800597 0.364271 0.927846
1 23.133 8.67962 1.60927 -0.0576499 0.417638 -0.906783
1 8.04743 24.7026 1.75835 0.443289 -0.00235872 0.896376
1 15.9098 12.6358 1.7583 -0.0938961 -0.188039 0.977663
1 27.3529 10.3101 1.60945 0.185065 -0.270098 -0.94488
1 1.49596 19.5702 1.76005 0.226115 -0.113116 0.96751
1 8.2478 0.880194 1.60621 -0.230398 -0.0921381 -0.968725
1 1.49169 23.8131 1.75726 -0.555098 -0.035691 0.831019
1 30.6976 29.1287 1.60918 0.201123 0.338606 -0.919182
1 8.26623 11.9669 1.61105 -0.272278 0.0296336 -0.961762
1 1.29476 26.262 1.61384 -0.256929 -0.688079 -0.678627
1 30.3561 5.64945 1.60812 0.18033 0.606236 -0.77457
1 18.9088 33.5707 1.76066 -0.0222902 0.193052 0.980935
1 27.2129 25.8119 1.7559 0.270845 0.462589 0.844188
1 30.2467 24.2273 1.61066 -0.62238 0.301177 -0.722451
1 2.93567 2.87426 1.78161 0.844007 0.455772 -0.282709
1 18.8198 24.4874 1.61135 0.258559 -0.360933 -0.896033
1 17.1539 34.5396 1.75995 -0.1369 -0.0390764 0.989814
1 21.4281 18.7358 1.62113 -0.122824 0.736839 -0.664817
1 14.9133 10.9136 1.75522 0.0253197 -0.370894 0.92833
1 7.66304 11.11 1.60905 -0.367012 0.149609 -0.918107
1 17.3908 7.98056 1.75781 0.380697 0.0394349 0.923859
1 29.3257 17.4242 1.6122 -0.283473 -0.234411 -0.92989
1 2.65652 24.1325 1.7572 -0.605759 0.198432 0.770507
1 0.0422016 32.4308 1.74777 0.267386 -0.423922 0.865329
1 34.3816 20.1823 1.75865 0.0648572 -0.40739 0.910949
1 23.3564 6.6603 1.60479 -0.354808 0.37181 -0.857828
1 6.04593 33.7084 1.61445 -0.493234 0.13551 -0.859277
1 14.0351 14.0105 1.74551 -0.214274 -0.606416 0.765733
1 16.9565 15.2198 1.75885 -0.3741 -0.0900467 0.923006
1 13.7775 10.8121 1.75661 -0.0762577 -0.552961 0.82971
1 16.8382 25.5977 1.61072 0.471876 -0.0137362 -0.881558
1 7.79368 1.74954 1.60561 -0.109851 -0.0028637 -0.993944
1 2.29403 21.1922 1.76045 -0.0760969 0.0336313 0.996533
1 7.8254 12.9115 1.60996 -0.188909 0.117238 -0.974971
1 34.5171 18.1732 1.75592 0.459263 -0.342048 0.819805
1 32.997 13.3602 1.7591 -0.16133 -0.235087 0.958492
1 9.2015 12.421 1.6106 -0.234641 -0.12952 -0.963415
1 21.9056 11.9048 1.62687 0.33094 0.732025 -0.595498
1 8.02146 15.2819 1.60448 -0.0148894 0.166328 -0.985958
1 20.5291 23.8653 1.60872 0.10201 -0.670115 -0.735214
1 14.6612 20.6565 1.61153 -0.343336 0.268943 -0.899883
1 15.9632 23.0946 1.60831 0.0483702 0.0771947 -0.995842
1 21.7967 14.2265 1.74375 0.0492776 0.740248 0.670526
1 2.13755 7.39874 1.61159 0.435201 -0.353448 -0.828055
1 8.67658 33.2326 1.60739 -0.60894 -0.15877 -0.777164
1 25.7025 1.14995 1.75793 -0.0834726 -0.141416 0.986425
1 6.61292 21.011 1.58892 0.0866103 -0.635148 -0.767519
1 10.2041 30.5375 1.75413 -0.582978 0.358588 0.729076
1 24.3462 6.11503 1.61053 -0.465575 0.175105 -0.867513
1 24.1949 27.5766 1.76039 -0.0204948 -0.101541 0.99462
1 1.50022 27.7632 1.61378 -0.032023 -0.704723 -0.70876
1 27.5286 1.77089 1.7605 -0.233641 0.134395 0.96299
1 2.02391 12.0581 1.76052 0.0853145 0.30353 0.948995
1 19.8173 29.0689 1.75384 0.545018 0.384697 0.744958
1 2.30556 22.1737 1.75692 -0.25339 0.0637341 0.965262
1 10.9293 34.4616 1.62031 -0.370608 -0.512939 -0.774302
1 3.63576 1.66516 1.61191 0.0151366 0.478381 -0.878022
1 15.6927 1.13136 1.75828 -0.28855 -0.268426 0.919068
1 30.666 4.38081 1.61578 -0.158218 0.544419 -0.823756
1 16.3919 19.8545 1.60435 -0.485824 -0.0330887 -0.87343
1 1.50403 20.6161 1.76044 0.0208115 -0.102642 0.994501
1 19.9035 32.036 1.75873 0.15222 0.341778 0.927371
1 34.0059 13.6447 1.75831 -0.199016 -0.073633 0.977226
1 6.87219 6.3944 1.60864 0.479237 0.448524 -0.754426
1 23.9728 20.4153 1.60702 0.210992 0.360085 -0.908747
1 33.8903 3.42766 1.60783 -0.274198 0.00338853 -0.961667
1 15.2123 22.454 1.60723 -0.0503057 0.196993 -0.979113
1 20.6256 4.48702 1.59135 0.155775 0.834565 -0.528427
1 9.15336 26.3778 1.75802 0.160102 0.188944 0.968849
1 9.52217 22.9632 1.74874 0.727673 0.209595 0.653116
1 25.7737 22.2638 1.61539 0.564572 0.0357711 -0.824608
1 11.4276 24.8808 1.75405 0.396879 0.544936 0.738601
1 27.1359 3.41803 1.74751 -0.56714 0.114884 0.815569
1 16.6162 29.2109 1.73642 0.486589 -0.0452627 0.872458
1 32.9499 30.5514 1.61124 0.485395 -0.0191988 -0.874084
1 1.17097 0.396395 1.60858 0.206976 0.686998 -0.696559
1 7.20115 0.815843 1.60694 -0.222748 0.042112 -0.973966
1 18.2062 13.9952 1.76336 -0.203794 0.14402 0.968363
1 14.3256 22.7927 1.6087 0.0107374 0.350375 -0.936548
1 13.4679 23.1394 1.62361 0.0678333 0.494144 -0.86673
1 7.34019 27.3548 1.75991 0.0132492 -0.0336996 0.999344
1 1.03823 4.46335 1.60723 -0.0998251 -0.214055 -0.971707
1 17.9762 14.9445 1.75971 -0.329587 0.0961965 0.939212
1 2.17966 0.386831 1.62434 -0.0560269 0.611407 -0.789331
1 24.6653 9.88421 1.60687 0.080945 0.146851 -0.985841
1 13.6433 4.73877 1.60881 0.0503923 -0.674728 -0.736344
1 21.4841 33.4944 1.74783 -0.0917054 0.623265 0.776615
1 33.5355 27.0747 1.60907 -0.130061 -0.210532 -0.968897
1 4.92809 34.1866 1.61034 -0.381042 0.320189 -0.867345
1 32.7722 6.18688 1.60908 0.226423 0.223766 -0.947978
1 18.0525 34.0775 1.75893 -0.0736844 0.0778242 0.99424
1 0.504265 11.0194 1.75863 0.297197 0.0281619 0.954401
1 10.7178 16.3784 1.61659 0.0958191 -0.28127 -0.954833
1 11.208 5.26359 1.60947 0.26637 -0.268904 -0.925601
1 0.022339 4.35718 1.6071 -0.116804 -0.0799637 -0.989931
1 10.1194 12.9111 1.60667 -0.18886 -0.293257 -0.937194
1 23.292 11.1555 1.77513 -0.19865 -0.468435 0.860876
1 7.16071 17.4307 1.61132 0.222398 0.367307 -0.903119
1 21.6877 25.8099 1.74413 0.29119 -0.503465 0.813469
1 31.1383 13.4063 1.75812 -0.18205 -0.508849 0.841386
1 31.9505 25.7463 1.60851 -0.366069 0.0263009 -0.930216
1 26.0076 3.1481 1.7593 -0.51082 -0.075716 0.856347
1 25.7853 0.146642 1.75889 0.09314 -0.170923 0.980872
1 30.9475 0.680365 1.74019 -0.172643 0.520713 0.836093
1 24.0302 1.26452 1.75695 -0.037571 -0.395349 0.917762
1 14.5651 13.0825 1.75264 -0.179674 -0.436507 0.881577
1 29.384 34.2148 1.76658 0.14823 0.29275 0.94463
1 14.9426 15.5618 1.76817 -0.366465 -0.492919 0.789135
1 10.0227 25.951 1.75737 0.242996 0.308092 0.9198
1 18.018 33.0712 1.75934 0.0333483 0.0750591 0.996621
1 31.3692 11.0623 1.75079 0.256169 -0.509233 0.82162
1 32.6713 4.44181 1.60666 -0.105056 0.218577 -0.970148
1 15.0634 3.66851 1.75175 -0.630065 -0.470798 0.61755
1 4.46979 29.5421 1.76127 -0.330237 -0.442782 0.833599
1 3.01888 11.9079 1.75601 0.0914342 0.505565 0.85793
1 30.8185 22.6237 1.63084 0.517533 -0.566103 -0.641628
1 11.2304 21.5336 1.59213 0.604314 -0.592538 -0.532639
1 26.6331 32.8643 1.74996 0.475529 -0.111394 0.872619
1 20.6461 25.873 1.61457 -0.280985 0.693615 -0.663284
1 21.6828 32.2141 1.75365 0.109515 0.641402 0.759348
1 24.7555 28.454 1.75885 -0.177184 -0.014134 0.984076
1 11.5455 10.4418 1.61345 -0.460365 -0.531357 -0.711143
1 33.4676 21.7623 1.76228 -0.187548 -0.557743 0.808547
1 11.3386 29.6335 1.7385 -0.497415 0.554622 0.667063
1 7.98257 3.61077 1.60681 0.11858 0.0926942 -0.988608
1 17.2421 6.25281 1.76223 0.641798 0.00627266 0.766848
1 17.6329 29.6317 1.74615 0.414707 0.0703032 0.907235
1 20.6524 9.25976 1.75505 0.0910046 0.710102 0.698193
1 31.8539 34.5585 1.74787 0.223568 0.47759 0.849662
1 17.9839 31.1072 1.76022 0.23832 0.0897097 0.967034
1 3.84555 16.874 1.77024 0.563574 0.586002 0.582225
1 9.90236 24.0388 1.75774 0.557633 0.311994 0.769224
1 12.3176 6.73447 1.60979 0.448232 -0.389832 -0.804437
1 22.5953 7.70921 1.61977 -0.161367 0.551303 -0.818551
1 3.23167 22.512 1.75311 -0.315903 0.22633 0.921401
1 19.7389 2.85844 1.75269 -0.483928 0.393052 0.781872
1 22.2786 2.68478 1.7685 -0.0794204 -0.630832 0.771844
1 29.3869 8.06487 1.61664 -0.141442 -0.607092 -0.781942
1 25.4088 17.6134 1.60976 -0.282821 0.27042 -0.920264
1 10.4249 19.8014 1.62208 0.474751 -0.24058 -0.846601
1 25.3264 10.5608 1.60689 0.179981 0.0467598 -0.982558
1 2.36616 11.0025 1.74006 0.245311 0.339092 0.908206
1 9.4878 10.3338 1.60862 -0.487792 -0.17747 -0.85473
1 21.589 30.8734 1.75093 0.302159 0.61605 0.72745
1 29.8099 20.0541 1.61428 0.147691 -0.368204 -0.91794
1 30.501 30.0899 1.60878 0.400595 0.336192 -0.852349
1 19.1644 21.2796 1.61304 -0.259183 -0.472468 -0.842377
1 5.02072 22.8112 1.7556 -0.472664 0.483653 0.73666
1 6.61226 23.2014 1.75221 0.686776 -0.239463 0.686292
1 10.4943 29.1777 1.74949 -0.331 0.470985 0.817687
1 28.005 6.06224 1.61408 -0.539252 -0.369746 -0.756634
1 22.8985 13.4838 1.6071 0.519241 0.50361 -0.690482
1 17.0985 33.5357 1.75935 -0.0305918 -0.0334741 0.998971
1 8.24034 19.3549 1.61048 0.45808 0.214425 -0.862662
1 30.0963 0.27077 1.75602 -0.00263141 0.41705 0.90888
1 28.7099 22.6565 1.60921 0.606118 -0.156598 -0.779807
1 5.15666 30.5609 1.75597 -0.528314 -0.312811 0.789325
1 17.7086 2.27117 1.76063 -0.419816 0.0138687 0.907503
1 29.1057 2.41905 1.75748 -0.397459 0.363721 0.842456
1 26.6747 34.2673 1.75382 0.16077 -0.0679418 0.984651
1 12.9776 8.52531 1.76421 0.487745 -0.643853 0.589541
1 28.7659 31.6269 1.75945 0.69378 -0.02417 0.719782
1 10.6606 20.8031 1.77379 -0.557688 0.422243 0.71463
1 12.8276 0.057728 1.75749 -0.347657 -0.595677 0.724088
1 3.19764 0.574495 1.61271 -0.134204 0.539625 -0.83114
1 16.3113 8.02238 1.75741 0.38951 -0.152658 0.908283
1 24.3546 29.3787 1.75771 -0.348463 -0.103161 0.931628
1 11.54 28.3325 1.71518 -0.237557 0.593001 0.769361
1 6.15118 15.3295 1.61012 -0.0263865 0.480367 -0.876671
1 28.9704 28.3714 1.60967 0.017219 0.67758 -0.735248
1 0.942952 2.66378 1.64379 -0.494832 -0.28871 -0.819627
1 25.1171 30.1709 1.75513 -0.493112 0.0046228 0.869953
1 15.485 29.3452 1.74886 0.462545 -0.192345 0.86548
1 25.4926 5.91043 1.61113 -0.555039 -0.0231784 -0.831501
1 16.9198 24.6305 1.60828 0.303481 -0.0443434 -0.951805
1 7.19856 12.1436 1.61166 -0.261954 0.220292 -0.939602
1 6.18559 0.959018 1.60794 -0.183378 0.169576 -0.968306
1 27.5439 34.5933 1.75891 0.0759622 0.0616095 0.995206
1 14.052 25.059 1.60902 0.392887 0.395179 -0.830345
1 22.134 29.2892 1.75554 -0.358006 -0.511756 0.780985
1 10.0503 7.637 1.61021 0.637563 -0.0117118 -0.770309
1 23.9983 30.2912 1.75585 -0.500085 -0.194811 0.84378
1 25.9526 33.6961 1.75687 0.293467 -0.172537 0.94027
1 24.5765 19.5904 1.60621 0.037169 0.304141 -0.951902
1 20.898 20.4554 1.60338 0.306715 0.768663 -0.561324
1 4.32524 27.4283 1.7581 0.0390613 -0.485464 0.873383
1 23.4808 26.676 1.76058 0.141072 -0.213764 0.966646
1 21.2375 2.87514 1.75399 0.209696 -0.786188 0.581322
1 17.7517 11.0756 1.75848 0.0513389 0.0705546 0.996186
1 19.7906 11.704 1.75564 -0.0743267 0.373897 0.924487
1 1.17985 12.956 1.7582 -0.0668437 0.197889 0.977943
1 27.6365 4.24175 1.77076 -0.762308 0.0971861 0.639876
1 27.9596 2.63541 1.75948 -0.399892 0.208323 0.892574
1 23.5629 21.3548 1.60904 0.400465 0.381184 -0.833262
1 10.3861 6.67161 1.61022 0.484977 -0.0910673 -0.869773
1 1.10589 8.06185 1.61195 0.619899 -0.186811 -0.76212
1 10.5248 14.0188 1.61274 -0.0867703 -0.280805 -0.955835
1 2.85824 8.02177 1.77315 -0.56517 0.44559 0.694285
1 17.8238 13.063 1.76043 -0.159513 0.0732434 0.984475
1 18.0053 32.0835 1.75862 0.137361 0.0804314 0.98725
1 3.27039 17.6503 1.74259 0.567995 0.276699 0.775125
1 16.6383 26.5382 1.61448 0.655588 0.034909 -0.754311
1 23.0937 16.0171 1.76989 0.644617 -0.451477 0.616958
1 30.447 11.6476 1.76397 0.18247 -0.695217 0.695253
1 15.9246 24.0919 1.60807 0.213407 0.095667 -0.972268
1 6.17763 17.495 1.62388 0.260167 0.549522 -0.793939
1 21.5335 10.1317 1.6055 -0.0118713 0.837722 -0.545967
1 8.96975 15.5089 1.60635 0.0321221 0.0182718 -0.999317
1 4.19669 0.633003 1.60689 -0.186151 0.413648 -0.891203
1 25.7951 28.2781 1.75802 -0.142182 0.171029 0.974953
1 13.6621 12.0786 1.76333 -0.244641 -0.697756 0.673266
1 28.4556 11.929 1.61413 0.439986 -0.475535 -0.76176
1 4.45221 25.1138 1.74745 0.477303 -0.509934 0.715646
1 2.89146 33.9426 1.62117 -0.376681 0.597905 -0.707546
1 27.4658 29.0583 1.76275 -0.301491 0.436969 0.847444
1 14.2738 5.79354 1.64109 0.296728 -0.697223 -0.652559
1 21.1356 12.4826 1.75657 0.26697 0.666161 0.696388
1 14.8865 8.88845 1.75616 0.286628 -0.389157 0.875444
1 28.0085 26.6801 1.76151 0.086987 0.646788 0.757693
1 18.1895 3.1606 1.76288 -0.544179 0.122709 0.829947
1 31.7256 6.21739 1.61408 0.233281 0.389369 -0.891051
1 3.66638 23.3608 1.75629 -0.487293 0.322691 0.811429
1 3.54151 24.7033 1.74373 0.6072 -0.604045 0.516176
1 28.1226 23.6263 1.61732 0.758632 -0.007528 -0.651476
1 31.7386 21.4857 1.62361 0.186183 -0.793235 -0.579754
1 33.805 24.9136 1.60676 -0.482452 -0.359784 -0.798621
1 11.5872 27.1153 1.75666 0.00391121 0.56164 0.827372
1 20.7918 31.4782 1.75416 0.224768 0.486846 0.844074
1 25.7996 2.18964 1.75679 -0.296203 -0.111633 0.948579
1 18.7148 11.4772 1.7565 0.013423 0.220131 0.975378
1 12.9379 20.3389 1.62396 -0.327818 0.622461 -0.710689
1 30.6214 17.1362 1.60797 -0.369867 -0.421187 -0.828131
1 1.43303 21.6772 1.76003 -0.171183 -0.100828 0.980066
1 26.1544 16.1959 1.62323 -0.474536 0.23786 -0.847489
1 0.0424177 6.52873 1.60865 0.356888 -0.0405802 -0.933265
1 27.4123 18.3285 1.61013 -0.116526 0.0123121 -0.993111
1 31.0184 31.0816 1.62882 0.633713 0.306525 -0.710247
1 34.3042 16.2198 1.73392 -0.723739 0.0522072 0.688096
1 14.0823 19.8517 1.61809 -0.470869 0.386451 -0.793056
1 29.6848 15.5268 1.62127 -0.589947 -0.185306 -0.785891
1 17.0188 31.5195 1.75899 0.180831 -0.026097 0.983168
1 10.7399 18.5882 1.61288 0.330297 -0.284192 -0.900077
1 30.6293 25.143 1.61495 -0.467539 0.247915 -0.848496
1 33.6194 11.7624 1.76043 0.141809 -0.172011 0.974835
1 4.21946 19.3903 1.76128 0.255668 0.373657 0.891636
1 22.2839 17.6021 1.61708 -0.353974 0.615339 -0.704316
1 8.72682 30.7811 1.75144 -0.588239 0.212268 0.780331
1 14.144 23.9715 1.6123 0.194822 0.37947 -0.90446
1 8.53693 21.4904 1.60555 0.699199 -0.00925102 -0.714867
1 9.87692 15.8562 1.60902 0.0746289 -0.122139 -0.989703
1 16.9091 10.5954 1.76065 0.0853723 -0.0519606 0.994993
1 10.4223 9.67074 1.61129 -0.599862 -0.323869 -0.731624
1 3.47007 29.4977 1.73032 -0.328537 -0.591405 0.736413
1 22.2125 1.37418 1.75845 0.228092 -0.697648 0.679162
1 32.7589 3.47742 1.5997 -0.282262 0.175227 -0.943199
1 32.7413 25.1225 1.60854 -0.46341 -0.147449 -0.87379
1 7.77627 32.4214 1.61187 -0.78359 -0.0867611 -0.61519
1 0.00456277 7.47574 1.62013 0.562223 -0.00240928 -0.826982
1 23.4348 3.21222 1.74833 -0.367238 -0.463356 0.806497
1 33.1973 7.81476 1.63268 0.577079 0.12841 -0.80653
1 11.5048 2.86763 1.61868 -0.0463339 -0.396704 -0.916776
1 28.029 32.6062 1.74748 0.477929 -0.00814675 0.878361
1 0.983897 6.13509 1.61061 0.233849 -0.17281 -0.956792
1 6.6231 11.3169 1.60989 -0.317846 0.352256 -0.880278
1 4.37197 18.3288 1.75694 0.427671 0.443917 0.787423
1 0.683324 20.0725 1.76052 0.10213 -0.244113 0.964354
1 17.8451 24.113 1.60931 0.212292 -0.200271 -0.956464
1 16.5184 13.4952 1.75741 -0.182904 -0.105044 0.977503
1 32.3139 10.4509 1.75851 0.4258 -0.352338 0.833398
1 21.7115 21.8459 1.60384 0.520074 0.583263 -0.623961
1 26.5724 1.57445 1.75972 -0.187552 -0.00592102 0.982237
1 6.05196 26.7837 1.75857 0.0970928 -0.244864 0.964684
1 15.9089 3.20693 1.76584 -0.576142 -0.300613 0.760061
1 19.4331 29.9516 1.75528 0.403198 0.301877 0.863888
1 24.4209 5.12033 1.60981 -0.638257 0.138769 -0.757213
1 32.1979 13.9635 1.75892 -0.279144 -0.348369 0.894828
1 16.0698 31.047 1.76043 0.235427 -0.113297 0.965266
1 0.526035 5.29036 1.60793 0.0687348 -0.133405 -0.988675
1 34.3162 21.3193 1.75657 -0.12904 -0.412683 0.901688
1 16.1668 28.3738 1.74937 0.642453 -0.0878811 0.761269
1 28.5257 15.8825 1.61662 -0.530782 -0.016692 -0.847344
1 4.30362 2.67694 1.62847 0.206177 0.48476 -0.849999
1 9.70465 14.7872 1.60782 -0.0221791 -0.130358 -0.991219
1 5.22783 19.3703 1.75384 0.306834 0.557932 0.77108
1 25.9228 4.07348 1.75728 -0.731624 -0.0243525 0.681273
1 26.1878 12.197 1.61464 0.436641 -0.0900172 -0.895121
1 21.4851 26.9729 1.72547 0.075153 -0.535773 0.841011
1 24.5918 3.71026 1.74855 -0.566849 -0.245955 0.786249
1 30.073 19.056 1.61129 -0.0247549 -0.38949 -0.920698
1 7.34727 4.48898 1.60676 0.244288 0.230826 -0.94183
1 7.24939 29.7245 1.75658 -0.3984 -0.00679927 0.917186
1 30.9909 26.117 1.60587 -0.301036 0.22017 -0.927848
1 5.30114 2.84006 1.61883 0.153047 0.343428 -0.926625
1 8.79333 34.204 1.60549 -0.45108 -0.166688 -0.876779
1 23.1272 22.2347 1.63065 0.591143 0.353945 -0.724757
1 18.3924 20.3184 1.61045 -0.443202 -0.337036 -0.830649
1 8.92832 18.5848 1.61165 0.334786 0.06691 -0.939915
1 13.3951 30.2915 1.7496 0.31959 -0.470489 0.822497
1 16.8014 11.5886 1.75974 -0.0132349 -0.0684696 0.997565
1 21.5295 28.174 1.74673 -0.151737 -0.560785 0.813939
1 20.563 33.7636 1.75115 -0.0786468 0.460109 0.884372
1 0.361594 15.396 1.75089 -0.524436 0.0779882 0.84787
1 20.0799 17.8783 1.75703 -0.660953 0.302413 0.686795
1 23.1715 34.1929 1.7524 0.259559 -0.648734 0.715383
1 19.878 1.75073 1.75515 -0.325096 0.395436 0.859036
1 15.2462 26.6412 1.61547 0.711371 0.187749 -0.677275
1 8.70755 11.047 1.60654 -0.370393 -0.0463354 -0.927719
1 13.9139 0.274181 1.75846 -0.32421 -0.417235 0.849001
1 26.4447 17.0768 1.61272 -0.33443 0.167887 -0.927346
1 23.4347 32.576 1.59526 -0.241171 0.759723 -0.603869
1 15.2853 7.77957 1.75504 0.471112 -0.338013 0.81474
1 31.8746 18.3344 1.60987 -0.12818 -0.683869 -0.718257
1 11.8807 32.2436 1.75429 0.0524768 -0.690406 0.721517
1 34.3337 8.39126 1.61138 0.763532 -0.0148417 -0.645599
1 12.2886 21.7283 1.62402 -0.184008 0.702824 -0.687153
1 5.31509 13.6175 1.625 -0.247791 0.59372 -0.765569
1 9.40558 31.5505 1.76249 -0.770897 0.209261 0.601605
1 23.5163 7.66325 1.60963 -0.202289 0.35873 -0.911258
1 24.3553 15.8852 1.6169 -0.699712 0.218642 -0.680146
1 6.5435 16.4496 1.61181 0.11664 0.429934 -0.895294
1 16.6129 1.74118 1.752 -0.359486 -0.132135 0.923748
1 19.5856 20.242 1.60602 -0.439683 -0.493836 -0.750203
1 33.1769 5.27379 1.60636 0.0568856 0.151788 -0.986775
1 26.4253 13.078 1.63614 0.570363 -0.144356 -0.808608
