1 16.1952 33.1356 1.75961 0.00532518 -0.12707 0.991879
1 29.1515 14.9894 1.60716 -0.639288 -0.0989244 -0.762578
1 20.424 10.308 1.755 0.125594 0.567828 0.813509
1 25.7068 20.2396 1.61454 0.228073 0.131162 -0.964769
1 4.87915 28.8507 1.75623 -0.222494 -0.385503 0.89548
1 18.8242 5.42918 1.75009 0.726354 0.243478 0.642751
1 15.624 19.5559 1.60662 -0.587883 0.0511001 -0.80733
1 28.7595 20.6664 1.60784 0.30287 -0.198577 -0.932114
1 6.45886 4.65511 1.61197 0.227101 0.402027 -0.887017
1 2.82768 9.95215 1.74315 0.339579 0.46957 0.814978
1 20.4937 15.6601 1.75877 -0.331692 0.51776 0.788609
1 2.71064 13.7806 1.75338 -0.194721 0.523473 0.829494
1 25.2486 3.00174 1.74712 -0.417385 -0.175366 0.891648
1 33.5454 16.1671 1.74715 -0.67415 -0.152614 0.722656
1 16.8509 21.271 1.61223 -0.267835 -0.11541 -0.956528
1 27.786 17.2921 1.60826 -0.273135 -0.0458106 -0.960884
1 19.0761 34.5416 1.75765 -0.111945 0.227611 0.967296
1 29.6398 22.417 1.60745 0.580944 -0.302111 -0.755799
1 30.7539 21.6953 1.61116 0.418493 -0.538753 -0.731169
1 16.6146 18.8628 1.61534 -0.724711 -0.186474 -0.663341
1 14.2163 33.3092 1.75796 -0.0803768 -0.36567 0.927267
1 20.0752 22.8445 1.625 -0.0381418 -0.632631 -0.773514
1 14.9014 30.7514 1.75943 0.275821 -0.246564 0.929048
1 32.6786 32.7208 1.75213 0.606794 0.492921 0.623562
1 32.7969 33.883 1.75827 0.393744 0.506818 0.766878
1 22.2554 9.96809 1.61798 0.0218019 0.638688 -0.769157
1 10.7735 11.1784 1.61247 -0.370879 -0.420766 -0.827892
1 7.39447 16.1783 1.61086 0.0764566 0.2588 -0.9629
1 8.30604 0.142825 1.61157 -0.364893 -0.125861 -0.922503
1 18.1334 15.8505 1.75542 -0.436943 0.126355 0.89057
1 12.1244 17.6048 1.60328 0.127494 -0.52379 -0.842253
1 6.75895 26.5649 1.7597 0.116111 -0.136339 0.983834
1 8.94297 6.45667 1.61351 0.481121 0.0989855 -0.871048
1 12.9822 23.7469 1.60425 0.257972 0.556299 -0.789925
1 19.5602 6.51596 1.75238 0.543214 0.430056 0.72109
1 24.2197 25.6537 1.76013 0.335852 -0.101445 0.936436
1 6.2208 8.08492 1.5932 0.893273 0.263513 -0.364176
1 5.69422 32.8749 1.6165 -0.685322 0.119621 -0.718348
1 15.9768 32.1333 1.75941 0.113818 -0.142464 0.983234
1 5.2722 14.5733 1.61337 -0.148392 0.605669 -0.781758
1 4.08867 12.0121 1.76667 -0.0294858 0.763573 0.645048
1 0.902674 18.6831 1.75254 0.397738 -0.187704 0.898093
1 17.4889 25.4252 1.61999 0.438626 -0.134604 -0.888532
1 19.0225 14.259 1.76013 -0.238326 0.288037 0.927489
1 6.90593 9.26472 1.60052 -0.6183 0.285272 -0.732342
1 25.3661 31.0372 1.7242 -0.667758 0.0199351 0.744112
1 20.7357 7.17359 1.76216 0.311151 0.723194 0.616584
1 32.2043 16.0891 1.75957 -0.663638 -0.450847 0.596927
1 29.9561 10.5142 1.59776 0.333654 -0.70097 -0.63033
1 3.56895 5.84727 1.60122 0.0835981 -0.630277 -0.771857
1 26.868 24.2999 1.75308 0.574652 0.346713 0.741326
1 0.600332 17.8314 1.72668 0.567845 -0.231835 0.789813
1 7.07865 7.33364 1.61561 0.596265 0.447814 -0.666281
1 13.783 18.8145 1.61697 -0.607751 0.476404 -0.635357
1 23.7992 16.5905 1.60741 -0.519551 0.292097 -0.802961
1 10.9344 27.6656 1.75762 -0.0601555 0.487175 0.87123
1 32.6984 27.6456 1.60712 -0.0226794 -0.0405417 -0.99892
1 25.5788 23.9951 1.76693 0.69035 0.0738603 0.719695
1 19.8471 16.7285 1.75934 -0.512863 0.353567 0.78228
1 3.72734 7.10255 1.60987 0.335377 -0.626722 -0.703379
1 7.41326 2.72671 1.60596 0.0192151 0.107408 -0.994029
1 23.4532 24.8964 1.75796 0.502751 -0.217051 0.836738
1 18.8584 7.19519 1.75686 0.491454 0.27626 0.825926
1 33.8392 12.7071 1.75999 -0.0330934 -0.111821 0.993177
1 33.1163 24.2936 1.60908 -0.59966 -0.289005 -0.746247
1 2.78243 30.2669 1.77718 -0.397678 -0.728607 0.55766
1 29.2947 9.81385 1.61564 0.209094 -0.595653 -0.77555
1 22.4286 31.0887 1.73138 0.395209 0.763022 0.511476
1 18.0032 19.789 1.62644 -0.534731 -0.319099 -0.782457
1 33.4489 28.4237 1.60831 0.110804 -0.161941 -0.98056
1 33.6587 2.62291 1.60031 -0.386789 0.0274015 -0.921761
1 5.29785 0.469363 1.6087 -0.261935 0.273168 -0.925618
1 11.1612 6.42874 1.60553 0.432327 -0.238954 -0.869479
1 18.7597 12.1482 1.75818 -0.0401572 0.225888 0.973325
1 16.3482 34.1782 1.75938 -0.109431 -0.116893 0.987097
1 22.4515 26.6582 1.75976 0.134839 -0.393644 0.90932
1 14.161 7.63027 1.74648 0.517465 -0.519214 0.680181
1 24.3775 26.6412 1.7598 0.150168 -0.0672785 0.986369
1 0.210045 12.6925 1.76027 -0.040614 0.042708 0.998262
1 8.12925 25.5418 1.75792 0.29794 0.0293196 0.954134
1 28.9642 32.4519 1.75507 0.571326 0.0377099 0.819857
1 34.5552 27.0464 1.61223 -0.108873 -0.383209 -0.917223
1 32.9276 26.6286 1.60832 -0.188808 -0.109744 -0.975863
1 22.5916 4.92545 1.61549 -0.573906 0.485945 -0.659158
1 14.9301 31.7606 1.75901 0.14981 -0.255938 0.955014
1 23.8272 10.207 1.60761 0.118458 0.316173 -0.941277
1 8.78498 13.4899 1.60925 -0.160811 -0.0318685 -0.986471
1 24.6269 6.98582 1.61155 -0.337301 0.133687 -0.931856
1 30.6786 14.616 1.75641 -0.466634 -0.564197 0.681128
1 0.982665 10.126 1.75641 0.467104 0.0873477 0.879877
1 28.2638 10.333 1.61325 0.236698 -0.414446 -0.878754
1 9.2939 0.752607 1.60893 -0.285975 -0.225002 -0.931446
1 29.4482 6.10487 1.62134 -0.466899 -0.674842 -0.571484
1 18.2952 27.0156 1.76638 -0.771895 0.0122675 0.635631
1 15.2624 14.7285 1.75167 -0.329955 -0.361464 0.872051
1 10.8429 1.39215 1.61717 -0.194495 -0.389479 -0.900266
1 27.7833 27.6217 1.76486 -0.0254203 0.583308 0.811853
1 2.87079 18.3634 1.75269 0.431352 0.178025 0.884445
1 21.3006 0.953461 1.73936 -0.389971 0.67152 0.630066
1 28.7817 16.9238 1.61063 -0.329368 -0.162684 -0.930081
1 0.64952 33.8193 1.59248 -0.0660296 0.74708 -0.661447
1 22.3556 27.7273 1.76133 -0.0699659 -0.404624 0.911803
1 27.6748 20.8237 1.60794 0.309614 -0.0504952 -0.949521
1 14.8815 17.1359 1.75973 -0.570753 -0.449134 0.687401
1 0.640026 13.5338 1.758 -0.198727 0.127116 0.971776
1 22.3603 8.47171 1.60905 -0.0569261 0.569896 -0.819743
1 0.409886 0.652821 1.62358 0.223151 0.823883 -0.52098
1 26.6396 22.4173 1.62059 0.575709 0.02988 -0.817109
1 27.9339 15.3461 1.61229 -0.601206 0.0927192 -0.793697
1 1.44226 5.5565 1.60991 0.113362 -0.268287 -0.956646
1 30.6884 20.534 1.61484 0.232985 -0.523722 -0.819411
1 19.7521 9.28506 1.75317 0.261587 0.476985 0.839081
1 4.59255 5.74595 1.59778 -0.0747486 -0.795314 -0.601572
1 19.2661 15.8774 1.75635 -0.392792 0.30541 0.867433
1 18.1419 21.5661 1.60869 -0.222865 -0.301402 -0.927086
1 12.261 18.774 1.61289 0.294316 -0.55314 -0.779368
1 11.6172 12.1034 1.61217 -0.229041 -0.592027 -0.772686
1 11.362 18.3835 1.61092 0.25917 -0.389678 -0.883732
1 12.5971 26.8346 1.75763 -0.0174973 0.704591 0.709398
1 13.5721 25.6252 1.61769 0.500543 0.449008 -0.740168
1 17.7 3.60426 1.72957 -0.663295 0.0521976 0.746535
1 9.15797 28.713 1.75857 -0.218876 0.259055 0.940736
1 18.1931 7.97759 1.75583 0.383619 0.166564 0.908346
1 26.983 14.8733 1.71938 -0.678298 0.307235 -0.667471
1 25.3317 26.4579 1.75772 0.194627 0.0964994 0.976119
1 25.9191 19.3372 1.61081 0.0762456 0.117412 -0.990152
1 15.3997 33.7471 1.75957 -0.0787706 -0.226597 0.970798
1 4.8949 12.2201 1.6079 -0.275876 0.72953 -0.625842
1 28.8179 11.1395 1.6181 0.367604 -0.510782 -0.777154
1 29.5278 33.3214 1.76596 0.404015 0.15256 0.901941
1 7.23475 28.4168 1.75962 -0.167919 -0.0254534 0.985472
1 9.6977 5.64454 1.60762 0.353263 -0.0611725 -0.933522
1 17.2823 17.2089 1.75209 -0.665188 -0.0188454 0.746438
1 12.5589 33.9606 1.74994 -0.268895 -0.639501 0.720232
1 10.5793 17.8205 1.6109 0.23392 -0.235588 -0.943281
1 33.0047 15.2029 1.75105 -0.499607 -0.200583 0.84271
1 8.8594 14.6264 1.60637 -0.0796898 0.000405391 -0.99682
1 33.1659 29.473 1.60902 0.288421 -0.100591 -0.952205
1 3.21849 12.4874 1.73538 -0.00136315 0.575162 0.818038
1 12.246 13.3972 1.61525 -0.0512051 -0.703236 -0.709111
1 14.5695 28.9653 1.7589 0.542976 -0.280572 0.79149
1 32.8799 1.1934 1.59094 -0.661482 0.132951 -0.738082
1 29.3274 11.9934 1.61005 0.467418 -0.62466 -0.625557
1 26.8463 0.721783 1.75996 0.00323096 0.000303859 0.999995
1 18.265 6.23056 1.76315 0.633988 0.160305 0.756546
1 6.38633 27.8978 1.75949 -0.0774146 -0.157363 0.984502
1 4.99085 26.8447 1.753 0.120419 -0.39693 0.909915
1 27.6915 11.4644 1.61213 0.37067 -0.32631 -0.869555
1 15.3954 10.0875 1.75802 0.10902 -0.301269 0.947286
1 23.3031 30.564 1.76089 -0.614244 -0.281356 0.737254
1 22.5132 6.15896 1.6066 -0.386157 0.483516 -0.785553
1 10.8913 15.6884 1.61854 0.0411264 -0.322427 -0.945701
1 18.4868 25.9378 1.60777 0.551555 -0.270085 -0.789203
1 23.3299 2.63441 1.74318 -0.182728 -0.477186 0.859595
1 7.52028 10.0457 1.61018 -0.521614 0.166766 -0.836724
1 7.46467 5.13126 1.60728 0.309902 0.25254 -0.916616
1 6.15566 13.7573 1.61782 -0.20525 0.418745 -0.884604
1 19.2291 8.23312 1.75671 0.355208 0.350214 0.866705
1 25.2791 25.5265 1.76086 0.369594 0.0687851 0.926644
1 2.3871 27.517 1.75527 -0.0164906 -0.808448 0.588336
1 20.8363 14.4305 1.76075 -0.0940946 0.623237 0.776352
1 4.29286 24.3695 1.67721 0.672683 -0.450001 0.587365
1 12.5493 2.50325 1.62202 -0.135884 -0.639586 -0.756614
1 3.56026 10.8768 1.76175 0.108947 0.574112 0.811496
1 27.762 8.61434 1.60589 -0.0609352 -0.353465 -0.933461
1 23.9571 0.483413 1.75723 0.107489 -0.388107 0.915325
1 11.9278 20.1515 1.6291 0.441489 -0.638903 -0.629992
1 9.50088 20.855 1.60031 0.619118 -0.142927 -0.772182
1 4.66389 9.51489 1.76901 -0.0685245 0.888434 0.453861
1 16.6729 8.87707 1.75794 0.268197 -0.080473 0.959997
1 28.2388 14.3281 1.62461 -0.757691 0.100579 -0.644817
1 7.76865 6.16393 1.60918 0.442362 0.261601 -0.857835
1 26.1924 10.6478 1.60765 0.198535 -0.08276 -0.976593
1 8.41385 16.3735 1.60526 0.108495 0.100733 -0.98898
1 8.21362 9.15857 1.609 -0.685988 0.0312243 -0.726942
1 21.1367 34.3402 1.72439 -0.169935 0.599716 0.781961
1 33.9843 1.63924 1.609 -0.560915 -0.0709358 -0.824829
1 7.34608 32.8322 1.62916 -0.6882 -0.0223893 -0.725175
1 23.6915 12.7936 1.61354 0.454345 0.347383 -0.820302
1 33.4557 20.8606 1.76803 -0.0520728 -0.560678 0.826395
1 11.8944 4.64154 1.60627 0.176094 -0.393737 -0.902198
1 28.5633 9.17086 1.61146 0.0645547 -0.484045 -0.872659
1 33.0798 31.4097 1.62287 0.654744 -0.0485875 -0.754287
1 22.5893 24.2694 1.76089 0.623903 -0.357712 0.694828
1 5.01275 25.749 1.74832 0.311177 -0.411964 0.856419
1 10.6627 12.3275 1.61151 -0.222835 -0.41264 -0.883217
1 19.8125 33.8915 1.75421 -0.0457709 0.342475 0.938411
1 1.80674 17.9104 1.74984 0.538052 -0.0107177 0.842844
1 4.35949 15.4763 1.61284 -0.00241179 0.73336 -0.679836
1 8.74013 17.5398 1.60952 0.2218 0.06727 -0.972769
1 31.3958 28.9538 1.60936 0.177646 0.211484 -0.961102
1 24.7244 24.7235 1.75872 0.536449 -0.0456031 0.8427
1 20.5585 27.1791 1.59584 -0.0272711 0.692337 -0.721059
1 5.71512 29.7083 1.76277 -0.383197 -0.239032 0.892202
1 24.2845 8.01422 1.61118 -0.169424 0.206471 -0.963673
1 27.9242 25.0195 1.75989 0.356432 0.591693 0.723087
1 28.1484 5.23348 1.61771 -0.738821 -0.275836 -0.614864
1 29.6268 31.5997 1.75093 0.727348 0.138207 0.672208
1 16.1174 20.5143 1.6155 -0.409175 -0.0258777 -0.912089
1 17.2855 14.3556 1.75901 -0.262948 -0.00463282 0.964799
1 14.5113 21.4128 1.60952 -0.239077 0.266041 -0.933844
1 6.6146 3.22833 1.61278 0.0985242 0.223601 -0.969688
1 33.7076 4.39135 1.60684 -0.0927545 0.0699172 -0.993231
1 10.2912 4.79642 1.60842 0.221593 -0.159472 -0.962011
1 32.8112 2.12425 1.62673 -0.50022 0.152661 -0.852335
1 12.7896 28.0993 1.74403 -0.352057 0.709768 0.610153
1 4.44731 1.55602 1.60828 -0.0659066 0.410656 -0.909405
1 27.2215 7.75193 1.60783 -0.217647 -0.284716 -0.933577
1 0.138384 17.0498 1.7599 0.741216 -0.228784 0.631076
1 26.7162 6.80253 1.61232 -0.382173 -0.209667 -0.899991
1 5.3867 15.8046 1.61173 0.0611399 0.589264 -0.805624
1 0.0921799 29.9955 1.60963 0.362916 -0.38279 -0.849567
1 3.3356 21.2079 1.75831 -0.0869455 0.229383 0.969445
1 5.91829 9.07366 1.78336 0.586206 -0.487642 0.646968
1 1.78179 13.5805 1.75788 -0.191961 0.316664 0.92891
1 34.1404 29.1892 1.61317 0.235271 -0.28452 -0.929353
1 15.6381 9.06168 1.75828 0.246664 -0.259775 0.933635
1 23.5594 19.3188 1.60655 0.00942563 0.396795 -0.917859
1 16.019 30.104 1.75283 0.358732 -0.133739 0.92381
1 26.2281 25.9899 1.75938 0.278054 0.258386 0.925161
1 20.7378 32.2401 1.75554 0.131863 0.507172 0.851698
1 31.0423 10.3906 1.74306 0.360461 -0.647569 0.671359
1 1.11563 14.3337 1.75932 -0.347739 0.201799 0.915617
1 24.8296 13.039 1.61709 0.524098 0.123206 -0.842699
1 25.2307 16.8356 1.61514 -0.493828 0.185848 -0.849467
1 28.6236 17.9087 1.6078 -0.157987 -0.163107 -0.973877
1 15.2978 2.87955 1.68453 -0.526289 -0.372544 0.76435
1 5.59282 5.21832 1.60985 0.194257 0.625774 -0.755428
1 33.7083 19.652 1.76169 0.156542 -0.508333 0.846813
1 23.6495 5.25618 1.61406 -0.589436 0.268496 -0.761889
1 7.11475 15.1729 1.61205 -0.0388863 0.291695 -0.955721
1 18.004 30.0683 1.76007 0.370204 0.129382 0.919896
1 26.1231 27.0393 1.75856 0.0869878 0.250321 0.964247
1 7.25743 22.1915 1.73787 -0.852305 0.155149 0.499505
1 34.1208 5.27539 1.60687 0.068584 0.017318 -0.997495
1 24.1613 22.2167 1.62062 0.583113 0.269798 -0.766282
1 8.38494 2.59323 1.60525 -0.0110862 -0.0395579 -0.999156
1 11.0588 4.11324 1.60851 0.114061 -0.286456 -0.95128
1 2.78546 32.7149 1.75372 -0.393428 0.536087 0.746877
1 28.2247 33.28 1.75749 0.333282 0.0627291 0.940738
1 17.3976 9.76465 1.75844 0.175946 0.0332198 0.983839
1 6.68918 30.2947 1.7575 -0.490293 -0.0724334 0.868543
1 17.657 18.1313 1.76717 -0.801336 -0.0288372 0.59752
1 1.55311 1.80526 1.60911 0.517378 0.651517 -0.554838
1 27.5892 9.62906 1.60964 0.0927871 -0.309921 -0.946224
1 8.58968 5.48215 1.60787 0.350314 0.0943624 -0.931867
1 26.6364 21.2188 1.61091 0.368357 0.0817286 -0.926085
1 13.1427 17.8349 1.62146 0.18703 -0.720443 -0.667818
1 34.4307 10.0439 1.75217 0.513656 -0.109906 0.850928
1 16.7187 23.8369 1.6082 0.173552 -0.0499385 -0.983558
1 20.2191 0.24067 1.74405 -0.146381 0.428917 0.891405
1 13.493 21.6239 1.61094 -0.176567 0.44484 -0.878033
1 17.7083 8.83181 1.75901 0.27259 0.0949052 0.957438
1 6.9356 24.0009 1.75863 0.554905 -0.224997 0.80091
1 27.0493 26.6653 1.75504 0.154159 0.438885 0.88522
1 16.5042 27.5884 1.64258 0.786221 0.0905934 0.611269
1 13.175 33.0195 1.75709 -0.0895712 -0.521457 0.848564
1 1.07313 31.2971 1.59156 0.248553 -0.584396 -0.772465
1 33.9852 34.1732 1.74118 -0.115659 0.662349 0.740214
1 9.03667 1.90964 1.61124 -0.112503 -0.13245 -0.984784
1 29.4666 28.9604 1.61421 0.152314 0.544893 -0.824555
1 31.0451 19.3807 1.60846 0.049159 -0.548783 -0.834518
1 12.6202 16.5625 1.61514 -0.00227301 -0.665935 -0.746006
1 24.6118 20.3452 1.61635 0.231953 0.248033 -0.940573
1 1.58312 3.75325 1.60899 -0.228907 -0.308651 -0.923221
1 1.25007 11.0485 1.75806 0.273198 0.147074 0.950648
1 7.67497 20.2304 1.61765 0.564251 0.256953 -0.784599
1 27.8457 0.68978 1.75855 -0.0119778 0.157057 0.987517
1 29.8121 16.6476 1.60868 -0.380556 -0.293872 -0.876822
1 30.2496 32.6222 1.75478 0.553137 0.238094 0.798343
1 4.43651 31.1861 1.73844 -0.613728 -0.397207 0.682323
1 24.3362 21.28 1.60837 0.406082 0.274131 -0.871751
1 30.494 26.7404 1.60297 -0.209105 0.404011 -0.890534
1 17.1567 2.74228 1.74776 -0.519594 -0.0488014 0.853018
1 17.2828 5.3885 1.74168 0.792615 -0.0159987 0.609512
1 5.30108 10.5391 1.6133 -0.394462 0.59889 -0.696944
1 8.26146 31.4645 1.76242 -0.708198 0.165508 0.68634
1 10.7678 7.47344 1.61047 0.608076 -0.150982 -0.779389
1 18.2135 0.36255 1.75916 -0.174414 0.108543 0.978672
1 12.6398 12.1788 1.62944 -0.271095 -0.755598 -0.596304
1 14.867 23.2187 1.60935 0.0777566 0.234823 -0.968923
1 2.87614 28.9089 1.75462 -0.203312 -0.685717 0.698896
1 33.3104 23.1055 1.74817 -0.524759 -0.547483 0.651837
1 10.3977 23.3432 1.75692 0.660286 0.39365 0.63958
1 9.30871 4.53348 1.60826 0.204891 -0.0338002 -0.978201
1 1.97898 18.8574 1.75481 0.349772 0.00863051 0.936795
1 3.14256 26.491 1.75559 0.232916 -0.668108 0.70667
1 24.9343 8.7562 1.60817 -0.0648473 0.102186 -0.992649
1 7.51413 23.0456 1.7492 0.691983 -0.122422 0.711458
1 31.9749 6.80701 1.61318 0.37136 0.33749 -0.864981
1 22.0813 21.0998 1.60116 0.337549 0.56385 -0.753747
1 26.8267 20.1604 1.6091 0.200709 0.0379538 -0.978916
1 28.7567 21.6864 1.60756 0.468991 -0.185597 -0.863482
1 32.0069 2.92891 1.61685 -0.393119 0.313098 -0.864539
1 9.82032 11.6579 1.61097 -0.308385 -0.248153 -0.918324
1 9.80268 2.69549 1.60773 -0.0193835 -0.168698 -0.985477
1 19.1646 23.0232 1.61026 0.014549 -0.473295 -0.880784
1 8.68557 29.693 1.75564 -0.387331 0.217281 0.895971
1 31.8638 23.8016 1.60783 -0.664968 -0.0266895 -0.746395
1 32.4923 28.6844 1.60798 0.149517 0.0182371 -0.988591
1 23.2902 18.1643 1.60644 -0.221828 0.432683 -0.87383
1 31.426 7.60376 1.6188 0.523123 0.395261 -0.755057
1 17.599 20.6485 1.60808 -0.389466 -0.226048 -0.892871
1 26.0779 24.9333 1.75642 0.488056 0.202588 0.848975
1 18.2881 22.6082 1.61425 -0.0400847 -0.328088 -0.943796
1 22.06 22.9489 1.79011 -0.684602 -0.436956 0.58343
1 26.6145 9.73511 1.60734 0.0733275 -0.154973 -0.985194
1 16.9454 30.5212 1.7563 0.308738 -0.0288733 0.950709
1 15.0958 32.7634 1.75854 0.0279862 -0.24965 0.967932
1 31.6519 2.02121 1.60331 -0.582644 0.34572 -0.73553
1 9.78624 29.4754 1.75095 -0.34337 0.368756 0.86378
1 18.1026 28.0408 1.7417 0.672344 0.208691 0.710213
1 26.4436 31.9475 1.73343 0.714384 -0.0939301 0.693421
1 5.85205 28.7182 1.75853 -0.207448 -0.220976 0.952961
1 25.4079 21.1125 1.61238 0.38675 0.138204 -0.91177
1 28.6115 1.56344 1.76035 -0.183693 0.291423 0.938791
1 25.47 11.4388 1.60873 0.30934 0.0282834 -0.950531
1 31.1183 12.757 1.75294 -0.0396673 -0.545508 0.837166
1 29.0981 23.5137 1.61209 0.759916 -0.185038 -0.623128
1 14.8197 25.4921 1.60831 0.504195 0.257398 -0.824338
1 30.0112 4.18651 1.62012 -0.188334 0.664166 -0.723473
1 16.2281 22.024 1.60837 -0.134748 -0.00716228 -0.990854
1 20.0756 21.5343 1.59989 -0.265471 -0.615416 -0.742151
1 8.68778 10.1033 1.61253 -0.536379 -0.0443545 -0.842811
1 14.8842 12.5831 1.75347 -0.103697 -0.383617 0.917652
1 19.6659 26.898 1.75505 -0.255537 0.837401 0.483178
1 13.8898 31.2126 1.75347 0.197508 -0.386059 0.901082
1 32.7168 11.2888 1.75536 0.255779 -0.317846 0.91299
1 28.8325 26.0916 1.58326 -0.209753 0.824083 -0.526204
1 29.5756 1.1255 1.75478 -0.169913 0.457394 0.87288
1 14.2255 2.09987 1.71957 -0.4041 -0.590759 0.69836
1 32.1431 8.57721 1.60634 0.730936 0.183828 -0.657221
1 31.6778 20.3804 1.62252 0.164131 -0.723616 -0.670404
1 2.59506 3.83616 1.60726 -0.273552 -0.451679 -0.849208
1 19.7246 12.4799 1.7553 -0.0325493 0.384078 0.922727
1 29.4965 24.7125 1.60614 -0.487542 0.456923 -0.743992
1 31.6514 33.1439 1.75418 0.541031 0.342237 0.768218
1 28.5026 8.00162 1.60909 -0.16469 -0.473628 -0.86519
1 24.0633 23.9587 1.76825 0.713835 -0.146384 0.684844
1 22.097 34.1148 1.75707 -0.225322 0.74808 0.624184
1 7.92484 30.5782 1.74926 -0.548435 0.11983 0.827563
1 15.9201 11.8791 1.75666 -0.0434493 -0.176801 0.983287
1 9.36043 16.7567 1.6071 0.153282 -0.0480917 -0.987012
1 33.0455 10.2468 1.7583 0.47406 -0.249534 0.844393
1 5.41401 24.6367 1.73919 0.497554 -0.374219 0.78256
1 32.0818 5.0318 1.60781 0.0137695 0.34203 -0.939588
1 14.2476 15.9923 1.68935 -0.401565 -0.619503 0.674508
1 26.5147 18.6056 1.6132 -0.0704607 0.079256 -0.994361
1 16.2998 14.6238 1.75663 -0.315785 -0.170091 0.933461
1 10.2955 33.9584 1.60801 -0.50566 -0.454854 -0.733086
1 16.1613 15.6113 1.76316 -0.438871 -0.227979 0.869148
1 28.3693 34.259 1.76099 0.154962 0.190243 0.96943
1 33.6034 14.419 1.75948 -0.358276 -0.123119 0.925462
1 13.4813 2.48539 1.59919 -0.261925 -0.770025 -0.58177
1 15.0778 1.74438 1.74757 -0.377286 -0.399207 0.835637
1 19.5504 30.6849 1.75321 0.330909 0.306563 0.892479
1 8.4197 8.17895 1.61819 0.77622 0.198531 -0.598387
1 16.9767 28.5439 1.74054 0.613159 0.0117331 0.789873
1 16.1682 17.7336 1.75201 -0.729084 -0.22404 0.646717
1 18.8634 19.2576 1.59637 -0.709345 -0.350971 -0.611269
1 6.40104 10.3473 1.60812 -0.452897 0.379311 -0.806851
1 15.9743 16.6852 1.75805 -0.584386 -0.233181 0.777251
1 5.77926 31.8243 1.738 -0.787537 -0.144567 0.59907
1 23.9597 32.9508 1.76563 0.433651 -0.474553 0.765993
1 7.82389 17.1346 1.60866 0.187646 0.208237 -0.959909
1 12.8346 4.89804 1.61626 0.191312 -0.543597 -0.817253
1 4.30008 32.915 1.60933 -0.649753 0.336282 -0.681715
1 26.561 11.5501 1.61054 0.34624 -0.143532 -0.927101
1 23.7802 23.0867 1.61221 0.783064 0.147745 -0.604137
1 23.9498 34.0249 1.75958 0.268689 -0.429425 0.862207
1 5.41135 1.5136 1.60793 -0.0941111 0.278845 -0.955714
1 8.21336 23.8456 1.74896 0.572968 -0.000268733 0.819577
1 21.1365 16.462 1.75723 -0.449077 0.569276 0.688662
1 0.541308 9.22637 1.75756 0.669392 0.0123802 0.742806
1 12.4382 10.1688 1.75257 -0.434849 -0.716933 0.544897
1 25.8756 8.58568 1.6078 -0.0855075 -0.0561037 -0.994757
1 4.23786 34.0155 1.61497 -0.455931 0.406924 -0.791543
1 26.8207 8.73452 1.6084 -0.0664232 -0.204899 -0.976527
1 12.0162 25.6352 1.74797 0.291148 0.652588 0.699544
1 7.01957 14.126 1.61195 -0.147106 0.279397 -0.94884
1 17.3222 26.3935 1.60126 0.586784 -0.0251859 -0.809352
1 6.71163 19.2926 1.62765 0.506207 0.483193 -0.714338
1 10.1252 3.73338 1.60861 0.087412 -0.176242 -0.980458
1 0.500587 28.8607 1.6191 0.155785 -0.471594 -0.867946
1 2.6901 6.85658 1.61455 0.340275 -0.464089 -0.817823
1 16.3683 9.84271 1.76054 0.157903 -0.138089 0.977752
1 26.2395 7.67786 1.6093 -0.226568 -0.128109 -0.965534
1 28.7833 3.31843 1.76405 -0.524698 0.336236 0.782072
1 15.5414 21.3038 1.60989 -0.267171 0.0811459 -0.960227
1 0.797285 11.889 1.76113 0.113261 0.106153 0.987878
1 25.1837 27.4105 1.7596 0.0199603 0.0732887 0.997111
1 23.0928 9.41646 1.60472 0.0305342 0.445521 -0.894751
1 27.7573 16.3262 1.61626 -0.433052 0.00704768 -0.901341
1 18.5032 1.28634 1.75835 -0.285065 0.153184 0.946188
1 22.6994 12.0856 1.61457 0.27578 0.529872 -0.801986
1 23.9796 9.01901 1.60863 -0.023366 0.276115 -0.960841
1 18.4645 23.7945 1.60838 0.153506 -0.347004 -0.925216
1 1.10534 29.7135 1.6357 0.247314 -0.578185 -0.77752
1 30.6391 33.699 1.75798 0.342866 0.291367 0.893055
1 33.7338 9.31725 1.76536 0.709746 -0.199554 0.675602
1 8.63572 26.8224 1.75701 0.0726931 0.132035 0.988576
1 24.8122 34.3991 1.75681 0.210371 -0.282556 0.935898
1 11.6267 2.10006 1.61648 -0.111975 -0.485287 -0.867155
1 3.67421 9.50333 1.75875 0.240265 0.711188 0.66067
1 34.3798 31.0739 1.61139 0.585199 -0.284535 -0.75933
1 24.428 11.0759 1.60717 0.228543 0.200467 -0.95267
1 22.8703 28.6993 1.75668 -0.261046 -0.332082 0.906408
1 2.96549 4.90515 1.60955 -0.0606931 -0.501681 -0.862921
1 6.68521 29.2737 1.75573 -0.302229 -0.0826673 0.949644
1 19.9814 7.71877 1.74207 0.3649 0.519363 0.772729
1 29.1857 7.31399 1.62645 -0.276917 -0.582606 -0.764126
1 5.78706 20.0729 1.74408 0.195859 0.650689 0.733651
1 2.02176 14.7408 1.76032 -0.413684 0.374495 0.829831
1 26.0884 14.2443 1.62371 0.722973 -0.229061 -0.651798
1 30.1902 7.6179 1.6014 -0.233956 -0.760024 -0.606323
1 16.4987 7.18225 1.76289 0.503169 -0.114059 0.856628
1 19.4201 0.899316 1.75592 -0.222836 0.295077 0.929125
1 0.0647311 2.48618 1.60909 -0.4036 -0.155832 -0.901567
1 7.08926 25.6291 1.75679 0.273085 -0.126234 0.953671
1 2.33715 31.8824 1.76253 0.608762 -0.306327 0.731828
1 22.5566 20.1704 1.60407 0.158584 0.514506 -0.842695
1 7.73206 26.4561 1.75986 0.141365 0.00642413 0.989937
1 34.47 22.7824 1.75886 -0.390597 -0.359447 0.847486
1 26.8785 33.5248 1.75778 0.334183 -0.00994179 0.942456
1 0.719766 22.2461 1.75852 -0.290949 -0.209994 0.933408
1 12.5052 24.6233 1.64401 0.413918 0.666997 -0.619505
1 9.65561 26.7903 1.75944 0.0846856 0.290317 0.953176
1 23.6135 11.677 1.61312 0.282611 0.346071 -0.894632
1 17.5052 1.03475 1.7604 -0.268344 -0.000231046 0.963323
1 3.04339 14.994 1.75276 -0.396924 0.580771 0.710743
1 17.5979 23.3325 1.60715 0.0818445 -0.207986 -0.974702
1 29.5897 26.6296 1.68796 -0.245907 0.596547 -0.763977
1 0.736623 27.6974 1.61485 -0.0284486 -0.5286 -0.848394
1 11.5941 8.24386 1.61873 0.709522 -0.254581 -0.65709
1 15.0325 27.4069 1.76963 0.82746 -0.131741 0.545852
1 21.7215 7.43391 1.60613 -0.161711 0.706644 -0.688842
1 25.3267 18.5289 1.61083 -0.0876896 0.183504 -0.9791
1 1.70147 33.216 1.74916 -0.300594 0.281273 0.911333
1 31.7881 28.01 1.6073 0.0155531 0.140805 -0.989915
1 10.1894 24.7542 1.76034 0.432895 0.33607 0.836456
1 2.94322 20.3167 1.75883 0.074159 0.160814 0.984195
1 31.0799 4.75433 1.61076 -0.0635658 0.501701 -0.862703
1 31.9972 12.1017 1.76051 0.0816894 -0.409484 0.908653
1 25.0572 32.244 1.75003 0.623444 -0.28908 0.726464
1 21.7022 15.1584 1.75579 -0.200823 0.716064 0.668523
1 13.8554 8.87662 1.73794 0.292292 -0.568094 0.769308
1 6.21722 34.5714 1.61104 -0.355219 0.13448 -0.925059
1 0.351021 26.0745 1.60717 -0.252552 -0.516544 -0.818168
1 28.809 0.54863 1.76252 -0.0146353 0.310824 0.950355
1 25.6458 6.83324 1.60879 -0.382245 -0.0417294 -0.923118
1 26.9152 12.4482 1.6141 0.476881 -0.213149 -0.852732
1 23.3127 27.8252 1.76027 -0.0827049 -0.249131 0.964932
1 28.0922 30.7739 1.7579 -0.752223 0.318529 0.576801
1 13.9741 32.2734 1.75654 0.0537993 -0.384548 0.921536
1 2.41592 5.81619 1.60869 0.141335 -0.424965 -0.894108
1 12.6035 15.1974 1.61047 -0.14251 -0.604444 -0.783797
1 3.08066 19.3486 1.75973 0.254001 0.195078 0.947327
1 15.7914 5.88657 1.74013 0.67596 -0.361612 0.642118
1 33.5336 17.6956 1.75842 0.508567 -0.438724 0.740865
1 17.8452 11.7461 1.75881 -0.0258181 0.088208 0.995767
1 20.2066 5.78844 1.76949 0.587293 0.555465 0.588681
1 9.55351 9.40573 1.61139 -0.663464 -0.184838 -0.725017
1 11.3217 13.2594 1.60971 -0.0578362 -0.530549 -0.845679
1 19.2146 1.98263 1.7578 -0.387869 0.2778 0.878854
1 31.363 30.1899 1.60919 0.441335 0.222221 -0.869391
1 10.7999 2.70833 1.61281 -0.0476916 -0.311363 -0.949093
1 31.2339 32.0629 1.75713 0.743812 0.290211 0.602097
1 34.4414 11.797 1.76057 0.132275 -0.0412042 0.990356
1 31.8546 14.9516 1.75018 -0.462816 -0.376271 0.802634
1 6.90673 31.2658 1.75648 -0.649236 -0.0347311 0.759794
1 9.93772 1.6323 1.60828 -0.145719 -0.27267 -0.951008
1 30.5819 18.3463 1.60959 -0.113075 -0.439966 -0.890867
1 5.33811 21.2001 1.7521 -0.0526205 0.530598 0.845989
1 8.91477 24.7971 1.75491 0.432229 0.146102 0.88985
1 7.02566 13.0062 1.61097 -0.209799 0.229596 -0.950405
1 23.1785 25.8814 1.76074 0.294943 -0.267331 0.917356
1 17.3686 22.1608 1.6103 -0.112428 -0.180271 -0.977171
1 23.6048 29.5623 1.75784 -0.401008 -0.223131 0.888485
1 30.3521 1.6613 1.75728 -0.398446 0.5593 0.726928
1 15.3612 7.07951 1.74743 0.518078 -0.305408 0.79895
1 8.14313 28.8197 1.76101 -0.232327 0.115209 0.96579
1 18.7169 9.01702 1.75461 0.260097 0.269319 0.927263
1 12.4778 1.09152 1.62253 -0.38447 -0.704435 -0.59662
1 16.0781 2.33942 1.75737 -0.456236 -0.233791 0.858598
1 3.86563 4.61688 1.61143 -0.254593 -0.603706 -0.755461
1 14.5901 4.49556 1.59624 -0.189273 -0.802759 -0.565467
1 1.75494 22.6044 1.75791 -0.345254 -0.020456 0.938286
1 19.823 32.8 1.75793 0.0663645 0.350305 0.934281
1 33.1437 6.89948 1.61299 0.376561 0.163338 -0.911878
1 4.06404 26.6875 1.7531 0.190164 -0.539555 0.820194
1 16.5592 0.601226 1.75949 -0.235194 -0.122331 0.964219
1 26.6174 30.7098 1.75373 -0.600296 0.210198 0.771662
1 34.1929 15.3263 1.75123 -0.540115 -0.0106689 0.841523
1 33.6475 30.3522 1.60984 0.445256 -0.179083 -0.877312
1 11.3184 17.0027 1.6159 0.1232 -0.368461 -0.921444
1 23.1139 1.2007 1.73178 0.0657979 -0.524312 0.848981
1 12.9558 6.23461 1.60936 0.375836 -0.539141 -0.753707
1 11.8027 15.9701 1.63623 0.0212538 -0.487052 -0.873114
1 9.37805 19.1955 1.61722 0.405493 -0.0499119 -0.912735
1 29.0831 19.6196 1.60851 0.131202 -0.240058 -0.961851
1 25.6469 9.56302 1.60699 0.0480425 -0.00717074 -0.99882
1 16.0073 10.8701 1.76067 0.0507196 -0.174627 0.983328
1 11.0185 25.641 1.76178 0.281444 0.491217 0.824315
1 22.2855 25.3856 1.75806 0.400615 -0.411093 0.818847
1 0.494475 3.51251 1.60752 -0.268438 -0.19605 -0.943136
1 1.59313 25.1409 1.63462 0.746939 -0.0742657 -0.660732
1 30.1203 25.5377 1.61539 -0.379294 0.351511 -0.855906
1 4.83262 20.1459 1.76075 0.138542 0.495906 0.857253
1 9.63813 13.9582 1.60237 -0.12278 -0.163989 -0.978791
1 1.88069 15.7996 1.74866 -0.639651 0.29806 0.708524
1 14.0283 30.1299 1.7514 0.345347 -0.366106 0.864119
1 25.2491 7.77243 1.60827 -0.214765 0.0377846 -0.975935
1 20.1355 29.8851 1.75466 0.457679 0.421864 0.782663
1 7.67878 18.119 1.61929 0.301261 0.280234 -0.911433
1 33.5543 6.04923 1.60539 0.20948 0.105024 -0.972156
1 19.1617 3.63787 1.76128 -0.626164 0.273567 0.730123
1 13.9278 20.6167 1.61011 -0.37097 0.366271 -0.853362
1 13.5027 16.4048 1.60571 -0.128815 -0.811353 -0.570187
1 30.5088 2.8711 1.60639 -0.500794 0.587455 -0.63569
1 32.1603 29.6034 1.60914 0.315169 0.0846649 -0.945251
1 27.2958 19.2533 1.60752 0.0554143 0.00118292 -0.998463
1 4.48272 14.0036 1.60534 -0.229648 0.746909 -0.62401
1 18.9455 17.5875 1.75558 -0.672042 0.174747 0.719599
1 28.5537 13.2496 1.63203 0.679058 -0.419646 -0.602311
1 18.091 4.45518 1.77805 -0.796456 0.109926 0.594621
1 31.9283 17.3721 1.61073 -0.231444 -0.641438 -0.73143
1 30.1946 13.3865 1.75945 -0.179621 -0.637729 0.749025
1 0.0751488 14.4623 1.75955 -0.362545 0.037779 0.9312
1 1.22149 24.2292 1.70949 -0.618683 -0.0583302 0.783472
1 23.5254 14.4093 1.60523 0.645773 0.26389 -0.716477
1 3.88811 28.8861 1.75044 -0.209385 -0.540886 0.814617
1 31.8837 26.936 1.60812 -0.148204 0.0900869 -0.984845
1 8.14985 27.8054 1.75891 -0.0727546 0.092593 0.993042
1 10.1081 8.41854 1.61705 0.773692 0.0126183 -0.633436
1 19.9258 13.6941 1.75483 -0.102447 0.436028 0.894083
1 24.2446 17.4806 1.61234 -0.330074 0.288803 -0.89869
1 34.5762 23.8619 1.74596 -0.591026 -0.316811 0.741835
1 17.0354 32.5444 1.75958 0.081601 -0.0266814 0.996308
1 26.8486 27.7087 1.75377 -0.0333196 0.386606 0.921643
1 25.6933 29.093 1.75796 -0.288776 0.141131 0.946937
1 5.84003 11.4246 1.6075 -0.299705 0.483023 -0.822719
1 9.13597 3.46954 1.60718 0.0762392 -0.0509253 -0.995788
1 2.15521 19.8025 1.75849 0.163291 0.0240214 0.986286
1 19.4006 24.1136 1.61839 0.199768 -0.507864 -0.837954
1 24.6351 12.076 1.60704 0.381389 0.167462 -0.90912
1 17.6829 7.0733 1.75888 0.519922 0.0645331 0.851773
1 26.8664 17.7353 1.60815 -0.21652 0.0634035 -0.974217
1 32.686 20.15 1.75268 0.0524449 -0.72165 0.690269
1 15.1704 18.6488 1.61982 -0.734859 0.100794 -0.670688
1 11.5456 23.0434 1.77859 -0.175431 -0.779122 0.601825
1 13.5968 34.1568 1.76017 -0.254378 -0.480637 0.839214
1 0.88802 23.2522 1.75719 -0.461101 -0.155814 0.873561
1 5.90309 2.4353 1.61388 0.0240365 0.258369 -0.965747
1 0.650831 7.18441 1.6151 0.464689 -0.125534 -0.87653
1 20.6672 29.0305 1.7619 0.617586 0.536635 0.574988
1 9.59317 18.116 1.60943 0.2684 -0.0773757 -0.960195
1 24.2655 18.5158 1.60948 -0.139074 0.300731 -0.943514
1 5.64803 18.131 1.61728 0.418546 0.638408 -0.645953
1 7.26881 34.4173 1.61236 -0.384568 -0.00488139 -0.923084
1 1.91202 30.2792 1.59467 0.154467 -0.791263 -0.591644
1 15.5555 0.189504 1.75768 -0.19951 -0.223527 0.954061
1 29.3651 18.6015 1.60819 -0.0412535 -0.273601 -0.960958
1 6.70033 18.1797 1.60668 0.342682 0.458402 -0.820022
1 9.6682 21.811 1.60841 0.761124 -0.192699 -0.61932
1 32.3809 0.504837 1.73243 -0.685211 0.569404 0.454164
1 2.0144 4.73177 1.61386 -0.0531393 -0.365716 -0.929208
1 31.1321 16.3621 1.62224 -0.452547 -0.517456 -0.726251
1 12.0739 31.4102 1.74437 0.191772 -0.661917 0.724631
1 23.9459 28.6312 1.75767 -0.224343 -0.148511 0.963128
1 8.22587 7.16646 1.61523 0.597012 0.237121 -0.766387
1 29.8938 27.7522 1.61133 -0.053044 0.513229 -0.856611
1 12.5741 3.75962 1.6093 0.0402868 -0.510293 -0.859057
1 29.8306 21.3376 1.60815 0.393931 -0.364439 -0.843803
1 33.8755 26.2186 1.61128 -0.241293 -0.293659 -0.924955
1 27.2423 6.00896 1.61074 -0.542744 -0.246536 -0.8029
1 26.4877 5.11482 1.62338 -0.749051 -0.156368 -0.643794
1 7.97978 14.2179 1.60562 -0.132218 0.139543 -0.981349
1 30.3746 9.10844 1.61435 0.0811563 -0.745768 -0.661244
1 32.2048 9.62228 1.75421 0.613222 -0.372133 0.696761
1 13.5407 3.91253 1.61035 -0.0291802 -0.636604 -0.770639
1 18.9441 13.1873 1.75849 -0.131446 0.255222 0.957906
1 16.5334 4.42717 1.7722 -0.752504 -0.12565 0.64649
1 33.0642 18.8716 1.74004 0.286712 -0.598098 0.748381
1 9.13508 27.6821 1.75873 -0.0590804 0.228726 0.971696
1 22.4407 32.6416 1.76525 0.056215 0.793972 0.60535
1 13.1866 13.8889 1.58969 -0.0816956 -0.879932 -0.468023
1 17.0769 16.2811 1.75354 -0.530524 -0.042318 0.846613
1 32.1827 24.8041 1.61192 -0.503535 -0.076992 -0.860537
1 26.6374 29.7017 1.74669 -0.405929 0.2793 0.87018
1 6.38307 24.9759 1.75257 0.381759 -0.24972 0.889888
1 1.59814 16.9677 1.74888 0.712819 -0.0207567 0.70104
1 4.75203 3.59914 1.62121 0.296704 0.496814 -0.815562
1 24.821 0.941861 1.75615 0.000509475 -0.257957 0.966156
1 4.83134 16.8128 1.61167 0.241378 0.70313 -0.668838
1 21.5773 19.5149 1.61646 0.0416281 0.658996 -0.750993
1 18.0867 29.04 1.75157 0.527122 0.131622 0.839535
1 8.82703 20.0426 1.60688 0.526696 0.0467699 -0.848766
1 30.8329 6.53464 1.62098 0.319154 0.543143 -0.776619
1 14.5046 10.5087 1.75966 0.0438828 -0.442503 0.895693
1 18.4157 9.93344 1.75159 0.163929 0.196416 0.96672
1 5.71803 3.51496 1.61907 0.185035 0.357138 -0.91554
1 6.70105 1.87462 1.60691 -0.0775632 0.146492 -0.986166
1 12.9773 31.8546 1.75646 0.0958066 -0.534608 0.839652
1 25.5085 22.9904 1.63306 0.74821 0.105704 -0.654988
1 34.4044 28.1227 1.61186 0.0597876 -0.341576 -0.93795
1 11.4044 33.8549 1.62229 -0.459644 -0.682348 -0.568444
1 13.8845 28.2847 1.75013 0.640682 -0.406348 0.651466
1 24.8992 33.3118 1.75729 0.416657 -0.296217 0.859449
1 16.7379 22.875 1.60797 0.0105844 -0.0743596 -0.997175
1 28.395 18.9273 1.60727 0.0144628 -0.134063 -0.990867
1 28.0734 19.8966 1.60846 0.169972 -0.094069 -0.980949
1 14.7513 24.246 1.61076 0.252848 0.266629 -0.930041
1 12.3357 22.6081 1.60163 0.0540583 0.664308 -0.745501
1 3.3677 27.7466 1.75616 0.00343242 -0.642694 0.766115
1 10.1848 32.7908 1.62766 -0.675201 -0.438645 -0.593038
1 0.0967429 19.4158 1.75606 0.216414 -0.322233 0.921592
1 12.2008 30.1103 1.74102 0.460777 -0.594386 0.659083
1 11.1437 31.1993 1.76675 0.312644 -0.766401 0.561144
1 16.8716 12.6595 1.75856 -0.114774 -0.037548 0.992682
1 2.9039 22.9171 1.75722 -0.395263 0.16718 0.903227
1 24.2974 2.54653 1.75451 -0.262243 -0.31316 0.912776
1 19.8201 14.8664 1.7615 -0.251545 0.439624 0.862239
1 26.653 28.7107 1.75256 -0.217036 0.31319 0.924558
1 31.9004 3.99326 1.60855 -0.201447 0.369024 -0.907326
1 10.6162 26.6272 1.75952 0.110374 0.422489 0.899622
1 24.7834 13.9856 1.6117 0.66864 0.0408006 -0.742466
1 32.0873 13.1979 1.75808 -0.135651 -0.381833 0.914222
1 3.87037 20.2389 1.75767 0.0999362 0.326579 0.939872
1 15.6098 24.8623 1.60887 0.359444 0.147275 -0.921472
1 27.6022 21.8107 1.61162 0.448874 -0.0415842 -0.892627
1 15.5794 13.7969 1.75856 -0.220928 -0.263753 0.938949
1 33.79 10.8833 1.75632 0.315381 -0.161283 0.935159
1 19.318 18.4683 1.77189 -0.81598 0.119511 0.565591
1 27.683 29.8969 1.75431 -0.494948 0.438081 0.750407
1 24.7851 14.9277 1.61184 0.792058 -0.0224702 -0.610032
1 21.6026 5.84748 1.6541 -0.264681 0.675926 -0.687799
1 5.97223 25.9846 1.75421 0.218951 -0.275353 0.936077
1 0.683572 21.2379 1.75907 -0.111811 -0.230887 0.966535
1 6.34106 12.3293 1.6122 -0.258088 0.345421 -0.902261
1 11.6415 14.775 1.61646 -0.108521 -0.434896 -0.893918
1 21.0571 23.104 1.58965 -0.190044 -0.798525 -0.571175
1 4.64492 22.1222 1.7493 -0.287082 0.455138 0.842872
1 8.27658 4.51913 1.60534 0.226816 0.0970438 -0.969091
1 8.03441 33.7212 1.61326 -0.532474 -0.0965831 -0.840918
1 18.809 31.3177 1.75879 0.246439 0.203841 0.947479
1 19.3985 10.2559 1.74796 0.165645 0.371403 0.913576
1 27.2323 13.359 1.61128 0.596953 -0.26988 -0.755521
1 1.77402 9.4608 1.74614 0.529619 0.26015 0.807358
1 25.0718 1.93107 1.75508 -0.186497 -0.208958 0.959977
1 32.5891 21.7203 1.7555 -0.172359 -0.753376 0.6346
1 1.63731 6.58595 1.61399 0.309404 -0.288823 -0.906008
1 27.0759 2.5719 1.75793 -0.34796 0.0777719 0.934278
1 3.66899 13.6509 1.75931 -0.172655 0.71682 0.675544
1 12.8758 7.4442 1.62384 0.608538 -0.484649 -0.628329
1 13.6041 10.0962 1.75775 0.0586274 -0.610784 0.789624
1 20.6996 12.9481 1.74304 0.0354579 0.57428 0.81789
1 5.30407 27.861 1.75834 -0.0646216 -0.33137 0.941285
1 18.4702 16.7464 1.75069 -0.551864 0.161692 0.818109
1 5.84584 6.60081 1.62532 0.407215 0.663942 -0.627181
1 32.8443 12.5482 1.76322 -0.00982641 -0.270834 0.962576
1 4.323 21.1616 1.7606 -0.0857141 0.391932 0.915993
1 18.8987 32.3521 1.7593 0.119891 0.212497 0.969779
1 10.2439 0.420273 1.61022 -0.348735 -0.353428 -0.868028
1 30.9266 27.623 1.61512 -0.0721174 0.298001 -0.951837
1 22.5165 18.9976 1.60611 -0.0640081 0.532539 -0.843982
1 13.3829 29.4221 1.75795 0.460062 -0.438237 0.772199
1 21.7907 3.97065 1.77246 -0.651368 0.0650421 0.755969
1 10.0172 28.0903 1.75198 -0.109625 0.3707 0.92226
1 19.502 25.242 1.62081 0.380993 -0.489221 -0.784543
1 31.7095 31.199 1.62341 0.650632 0.19055 -0.735098
1 11.2093 19.4918 1.61577 0.438157 -0.404041 -0.802975
1 12.0815 5.77329 1.60743 0.326667 -0.399608 -0.856506
1 2.4701 1.39916 1.77854 -0.185096 -0.634205 0.750682
1 27.8437 7.04439 1.61383 -0.357396 -0.382962 -0.851827
1 14.6169 34.3197 1.75828 -0.176795 -0.323541 0.929551
1 2.31764 12.7073 1.75164 -0.021196 0.395977 0.918016
1 23.2987 8.28705 1.60697 -0.115586 0.393705 -0.911941
1 7.63537 24.7121 1.76166 0.438047 -0.0795601 0.895425
1 15.8672 12.869 1.75698 -0.123847 -0.200494 0.971835
1 27.2068 10.6184 1.61013 0.231287 -0.241322 -0.942481
1 1.23121 19.5447 1.75849 0.217093 -0.133514 0.966977
1 8.37519 1.124 1.61051 -0.219713 -0.0859791 -0.971768
1 1.98951 23.5354 1.76048 -0.500258 0.0533433 0.864231
1 30.4808 28.5886 1.6132 0.0937835 0.371441 -0.923708
1 8.7202 12.1319 1.61116 -0.280663 -0.0424114 -0.958869
1 1.34502 26.7454 1.61735 -0.158426 -0.695359 -0.700982
1 30.2762 5.42692 1.61112 0.095981 0.633294 -0.767937
1 18.9544 33.4035 1.76018 0.000976875 0.217488 0.976062
1 27.0821 25.4948 1.75723 0.341301 0.422263 0.839766
1 30.6558 24.2127 1.60775 -0.583344 0.218725 -0.782221
1 2.8975 2.98911 1.79009 0.807862 0.508639 -0.297734
1 18.5125 24.8827 1.6167 0.350625 -0.329715 -0.876556
1 17.3009 34.579 1.75992 -0.143214 -0.0101699 0.98964
1 21.7598 18.1925 1.6173 -0.235854 0.631076 -0.738997
1 15.0232 11.4716 1.7548 -4.69455e-05 -0.316547 0.948577
1 7.89565 10.9341 1.60637 -0.403287 0.088095 -0.910823
1 17.1152 7.96638 1.75445 0.387672 -0.0140079 0.921691
1 29.7106 17.6543 1.61029 -0.213654 -0.30037 -0.929586
1 3.00073 23.9867 1.73886 -0.637755 0.241229 0.731489
1 34.3121 32.3986 1.7547 0.453342 -0.367055 0.812251
1 34.33 20.5048 1.7581 0.00232144 -0.397801 0.917469
1 23.5347 6.29705 1.6052 -0.419529 0.287106 -0.861142
1 6.56161 33.6126 1.61689 -0.525519 0.0545697 -0.84903
1 14.2226 14.6738 1.7518 -0.268359 -0.575022 0.772873
1 17.1831 15.3185 1.75919 -0.393306 -0.036478 0.918684
1 13.8772 11.3257 1.75267 -0.139276 -0.510376 0.848598
1 16.2859 25.6647 1.62384 0.519464 0.0760832 -0.851099
1 7.68241 1.78324 1.60676 -0.109615 0.00923234 -0.993931
1 2.35022 21.0557 1.75984 -0.0588563 0.0601236 0.996454
1 8.01003 12.9055 1.60883 -0.192727 0.0878737 -0.97731
1 34.2052 18.5212 1.75697 0.370723 -0.392586 0.841689
1 33.1746 13.4937 1.75962 -0.185051 -0.20205 0.961734
1 9.57595 12.7425 1.6114 -0.209045 -0.19363 -0.958545
1 21.8139 11.1379 1.6188 0.1989 0.759742 -0.619056
1 8.08809 15.3481 1.60726 -0.018226 0.141799 -0.989728
1 20.3735 24.2336 1.61539 0.168406 -0.695764 -0.698249
1 15.0102 20.438 1.611 -0.419813 0.167889 -0.891947
1 15.7878 22.9159 1.60807 0.0268496 0.0755239 -0.996782
1 21.691 13.6175 1.74349 0.108374 0.782775 0.612796
1 1.67248 7.60464 1.61349 0.495127 -0.28934 -0.819226
1 9.12041 33.3157 1.60443 -0.652702 -0.224514 -0.723584
1 25.8026 1.24511 1.75894 -0.0676936 -0.112705 0.99132
1 6.35844 21.0826 1.60819 0.0995572 -0.641901 -0.760297
1 10.4522 30.2105 1.75773 -0.463014 0.487371 0.74033
1 24.6456 6.01503 1.61066 -0.52082 0.0775968 -0.850132
1 24.2487 27.6372 1.76038 -0.0335044 -0.0919081 0.995204
1 1.51631 28.4404 1.60988 0.0254609 -0.702292 -0.711434
1 27.6366 1.684 1.75775 -0.179512 0.149255 0.972367
1 1.81817 11.8453 1.7588 0.11475 0.25646 0.959719
1 19.3414 28.8219 1.75107 0.588281 0.312646 0.745773
1 2.60608 21.9884 1.7586 -0.228378 0.111321 0.967187
1 11.3484 0.523753 1.63102 -0.317886 -0.522216 -0.791353
1 3.48946 1.42833 1.61467 -0.0712821 0.530447 -0.844716
1 15.8259 1.21122 1.76264 -0.320272 -0.256885 0.911831
1 31.0549 3.61756 1.63315 -0.320235 0.507601 -0.79987
1 16.8257 19.832 1.60192 -0.54065 -0.127978 -0.831456
1 1.51703 20.577 1.7604 0.0189461 -0.0834187 0.996334
1 19.8003 31.7337 1.75875 0.193097 0.345823 0.918216
1 34.2254 13.596 1.75868 -0.200102 -0.0368188 0.979083
1 6.63156 5.88744 1.6146 0.397229 0.464111 -0.791713
1 23.5749 20.4023 1.61004 0.207038 0.374378 -0.903867
1 34.0793 3.49626 1.60499 -0.242634 -0.0155404 -0.969993
1 15.1348 22.2026 1.60731 -0.104096 0.169193 -0.98007
1 20.6822 4.62034 1.58778 0.0876786 0.900265 -0.426421
1 9.054 25.912 1.75868 0.22514 0.173403 0.958772
1 8.97115 22.888 1.74928 0.745717 0.0923479 0.659831
1 25.3514 22.035 1.61688 0.555445 0.115608 -0.823478
1 11.2037 24.5138 1.76039 0.481064 0.516766 0.708188
1 27.558 3.45135 1.75728 -0.537536 0.146924 0.830342
1 15.967 29.1147 1.74642 0.516971 -0.120974 0.847412
1 32.5335 30.5158 1.61198 0.495619 0.0348005 -0.867843
1 1.32888 0.413432 1.6091 0.201799 0.715706 -0.668612
1 7.29554 0.808795 1.60591 -0.246499 0.0225959 -0.96888
1 18.0975 13.7728 1.76114 -0.205746 0.120968 0.9711
1 14.185 22.4398 1.60871 -0.0483417 0.340383 -0.939043
1 13.2622 22.6815 1.62025 0.0283406 0.500764 -0.86512
1 7.2636 27.394 1.76033 -0.00336657 -0.0365063 0.999328
1 1.0315 4.52642 1.60731 -0.0746235 -0.223813 -0.971771
1 18.1732 14.8667 1.75943 -0.315521 0.139657 0.938585
1 2.32167 0.27606 1.60856 -0.0718456 0.636942 -0.767556
1 24.6634 9.71545 1.60803 0.0667182 0.158371 -0.985123
1 13.7111 5.20933 1.62763 0.179879 -0.688973 -0.702111
1 21.5453 33.0384 1.75118 0.00126686 0.65593 0.75482
1 33.6461 27.381 1.60809 -0.0598757 -0.218717 -0.97395
1 5.38591 33.9564 1.61024 -0.474573 0.240424 -0.846745
1 32.5156 6.00323 1.60929 0.203817 0.273137 -0.940136
1 18.1342 33.9873 1.75927 -0.0639259 0.102208 0.992707
1 0.241209 10.9135 1.75596 0.318631 -0.0149107 0.947761
1 10.359 16.8376 1.61146 0.148466 -0.205093 -0.967417
1 11.0903 5.39951 1.61082 0.295277 -0.248932 -0.922412
1 0.0513971 4.38343 1.60684 -0.0995823 -0.085859 -0.991318
1 10.396 13.3814 1.60529 -0.124086 -0.342743 -0.931198
1 22.9638 10.6447 1.77633 -0.133611 -0.496489 0.857699
1 6.85189 17.1032 1.61034 0.199926 0.368919 -0.907705
1 21.5583 26.3516 1.76479 0.205862 -0.538561 0.817052
1 31.3544 13.8851 1.75504 -0.275681 -0.482427 0.831423
1 32.2499 25.8577 1.60888 -0.317759 -0.0129407 -0.948083
1 26.3261 3.3137 1.74953 -0.510722 -0.00689721 0.859718
1 25.5979 0.301036 1.75866 0.101187 -0.159944 0.981926
1 31.0488 0.519557 1.72969 -0.145402 0.550877 0.821823
1 24.0061 1.55555 1.7591 -0.0770437 -0.375348 0.923677
1 14.5858 13.6312 1.75182 -0.215421 -0.425183 0.879098
1 29.3406 34.2999 1.76723 0.166316 0.32247 0.931854
1 15.1378 15.754 1.76944 -0.444678 -0.429766 0.785851
1 10.0022 25.7282 1.75065 0.267776 0.317814 0.909555
1 18.0218 32.9833 1.75936 0.0451241 0.0918363 0.994751
1 31.209 11.5767 1.7405 0.170545 -0.540703 0.823744
1 32.772 4.29845 1.60518 -0.118295 0.221651 -0.967924
1 15.1878 3.83836 1.78372 -0.643517 -0.461338 0.610781
1 4.70458 29.9076 1.76178 -0.400211 -0.407763 0.820708
1 2.70993 11.4433 1.75097 0.143185 0.405484 0.902818
1 30.5206 22.9682 1.62321 0.634471 -0.468207 -0.615003
1 11.1725 21.5469 1.59177 0.658019 -0.561363 -0.50188
1 26.0096 32.8768 1.75961 0.517572 -0.117535 0.847528
1 20.8977 25.7166 1.59355 -0.299515 0.674837 -0.674453
1 21.5834 31.6951 1.75954 0.210165 0.65396 0.726751
1 24.9397 28.399 1.75891 -0.164231 0.024994 0.986105
1 11.7834 10.8926 1.61567 -0.42334 -0.574638 -0.70041
1 33.577 22.0402 1.76508 -0.274614 -0.554619 0.785484
1 11.7071 29.1277 1.71077 -0.466709 0.555223 0.688412
1 8.12103 3.53385 1.60347 0.107297 0.0739596 -0.991472
1 16.9523 6.28721 1.76637 0.655333 -0.0746618 0.751641
1 17.0306 29.5312 1.75348 0.451879 0.000200805 0.892079
1 20.6267 8.92661 1.76549 0.186683 0.707207 0.681915
1 31.7987 34.2101 1.75765 0.325738 0.387694 0.862316
1 17.8231 31.0221 1.759 0.254385 0.078034 0.96395
1 3.90049 17.0213 1.77009 0.569995 0.552589 0.608071
1 9.43956 23.8732 1.75485 0.586909 0.206264 0.782938
1 11.9466 7.02355 1.60847 0.513616 -0.366344 -0.775881
1 22.7011 7.28258 1.61594 -0.227019 0.499614 -0.835971
1 3.64526 22.1347 1.75001 -0.254486 0.288244 0.923121
1 20.0279 2.65399 1.75356 -0.4723 0.455588 0.754567
1 22.3384 2.56692 1.75949 0.043681 -0.619205 0.784014
1 29.4613 8.55241 1.6158 -0.0427631 -0.625947 -0.778692
1 25.8132 17.6411 1.60728 -0.26537 0.198387 -0.943515
1 10.0909 19.9078 1.61618 0.49891 -0.197763 -0.843788
1 25.2266 10.4964 1.60828 0.166645 0.0639254 -0.983943
1 2.06828 10.5388 1.75313 0.326898 0.294359 0.898048
1 9.79773 10.5003 1.61134 -0.474243 -0.238983 -0.847337
1 21.2794 30.3374 1.7549 0.398442 0.582448 0.708519
1 29.7599 20.3044 1.60733 0.232965 -0.352234 -0.906454
1 30.3784 29.6168 1.61232 0.304706 0.375295 -0.87539
1 19.1607 21.8943 1.61329 -0.175913 -0.476138 -0.861596
1 5.3026 22.7782 1.73295 -0.535177 0.471007 0.70124
1 5.99809 23.4662 1.74458 0.701076 -0.356005 0.617861
1 10.744 28.819 1.75099 -0.250106 0.487321 0.83664
1 28.4225 6.31379 1.61985 -0.500487 -0.450248 -0.739453
1 22.8042 13.3156 1.60702 0.472081 0.534541 -0.701003
1 17.1692 33.5625 1.75962 -0.0280465 -0.013926 0.99951
1 7.88992 19.2294 1.61114 0.439629 0.257808 -0.860385
1 30.1913 0.142922 1.75574 0.0273073 0.449882 0.892671
1 28.3731 22.66 1.60645 0.650052 -0.0380921 -0.758934
1 5.60793 30.7651 1.75656 -0.586784 -0.2339 0.775226
1 17.8697 2.04057 1.75855 -0.401916 0.0533618 0.914121
1 29.2659 2.27392 1.75805 -0.34183 0.379232 0.859846
1 26.4588 34.4564 1.75418 0.166743 -0.0598298 0.984183
1 12.8647 8.71769 1.76788 0.461978 -0.665592 0.586143
1 28.1648 31.6969 1.75596 0.723571 -0.0749042 0.686173
1 10.5859 20.7915 1.7775 -0.599132 0.373826 0.708022
1 13.2552 0.554228 1.76295 -0.453442 -0.545233 0.705061
1 3.34716 0.287084 1.61263 -0.26866 0.52365 -0.808463
1 15.9994 8.08392 1.75749 0.373849 -0.196227 0.906494
1 24.6837 29.3837 1.75745 -0.348717 -0.0347929 0.936582
1 11.8496 27.905 1.74121 -0.199437 0.605359 0.770562
1 6.16958 14.9316 1.61145 -0.0734894 0.454416 -0.887753
1 28.9293 27.8073 1.62276 -0.0224601 0.719854 -0.693762
1 1.14337 2.77025 1.62289 -0.448705 -0.353237 -0.820907
1 25.5627 30.0774 1.75593 -0.478397 0.0884335 0.87368
1 15.0583 29.7525 1.7532 0.406175 -0.23396 0.883337
1 25.854 5.90603 1.61678 -0.559425 -0.121318 -0.819955
1 16.6684 24.7857 1.60809 0.340188 -0.00997039 -0.940305
1 7.63157 11.9763 1.61295 -0.304913 0.141039 -0.941879
1 6.25573 0.953532 1.60573 -0.203601 0.155374 -0.966646
1 27.42 34.3933 1.75722 0.147927 0.0678796 0.986666
1 13.8592 24.6528 1.60685 0.352516 0.39936 -0.846312
1 22.5123 29.615 1.7571 -0.440867 -0.410002 0.798458
1 9.47363 7.49789 1.61182 0.620001 0.045687 -0.78327
1 24.4385 30.3311 1.75329 -0.515535 -0.0963188 0.851438
1 25.7351 33.8411 1.75862 0.319106 -0.155808 0.934823
1 24.8179 19.3893 1.60742 0.0621302 0.253083 -0.965447
1 20.9493 20.509 1.59896 0.220193 0.74536 -0.629248
1 4.33675 27.8178 1.75535 -0.0282142 -0.491966 0.870157
1 23.4212 26.8427 1.75926 0.104495 -0.229139 0.967768
1 21.2991 2.87186 1.75506 0.205127 -0.780677 0.59031
1 17.9348 10.7591 1.75781 0.0733314 0.106204 0.991637
1 19.9174 11.314 1.75469 0.0384279 0.441014 0.896677
1 1.2865 12.7356 1.76084 -0.0467242 0.208335 0.976941
1 28.1401 4.30288 1.76592 -0.727103 0.198004 0.657355
1 28.1636 2.54168 1.75907 -0.361254 0.229238 0.90385
1 23.2152 21.3588 1.60697 0.380923 0.410801 -0.828336
1 10.067 6.61842 1.60901 0.47492 -0.0721146 -0.877069
1 0.505905 8.14523 1.61283 0.674837 -0.115932 -0.728804
1 10.6734 14.5782 1.61504 -0.0736448 -0.287104 -0.955064
1 2.50513 8.09428 1.77545 -0.590591 0.398614 0.701648
1 17.8927 12.7577 1.76043 -0.13317 0.0926908 0.986749
1 17.919 31.9956 1.75862 0.15124 0.0818187 0.985105
1 2.83574 17.3639 1.74616 0.606103 0.229998 0.761407
1 16.035 26.5469 1.60395 0.683837 0.148955 -0.714268
1 23.0048 16.0019 1.76336 0.649727 -0.370135 0.663969
1 30.2978 12.0505 1.77077 0.129105 -0.71663 0.6854
1 15.7049 23.8843 1.6082 0.194648 0.106671 -0.975056
1 5.85149 16.9785 1.61595 0.239031 0.537372 -0.808761
1 21.4913 9.24992 1.5882 -0.0894777 0.799325 -0.5942
1 9.04543 15.6359 1.60627 0.0346376 -0.00942624 -0.999355
1 4.2884 0.503069 1.60734 -0.252512 0.404519 -0.878978
1 25.9039 28.0737 1.75827 -0.0971128 0.200632 0.974841
1 13.741 12.5024 1.7679 -0.284399 -0.652643 0.702264
1 28.12 12.3478 1.61009 0.49782 -0.416213 -0.760883
1 4.04992 25.499 1.75669 0.439217 -0.528671 0.726358
1 3.17217 33.7949 1.61266 -0.479771 0.578417 -0.659738
1 27.6267 28.8149 1.76386 -0.259148 0.487243 0.833929
1 14.0469 6.33699 1.62662 0.456478 -0.675645 -0.578905
1 21.0331 11.7706 1.74988 0.195904 0.702461 0.68423
1 14.6414 9.40574 1.75619 0.213154 -0.435444 0.874616
1 27.9266 26.3307 1.76039 0.158727 0.636845 0.754476
1 18.5174 2.83411 1.75552 -0.52163 0.157268 0.838552
1 31.4589 5.80155 1.61058 0.169562 0.444 -0.879837
1 3.98065 23.1314 1.75378 -0.45647 0.323481 0.828852
1 3.03582 25.2481 1.77013 0.504329 -0.675774 0.53757
1 27.4752 23.413 1.62258 0.80662 0.136011 -0.57521
1 31.6646 22.0241 1.61748 0.285842 -0.755572 -0.58941
1 34.125 25.1381 1.60008 -0.412236 -0.40581 -0.815708
1 11.6012 26.7275 1.7553 0.0764179 0.581086 0.810247
1 20.5886 31.0551 1.75456 0.290559 0.476581 0.829727
1 26.0089 2.36914 1.75677 -0.302873 -0.0749352 0.95008
1 18.8861 11.1169 1.75614 0.0679476 0.262786 0.962459
1 13.1449 20.0831 1.61596 -0.408326 0.552763 -0.726445
1 30.7771 17.3018 1.60569 -0.294913 -0.462251 -0.836272
1 1.58393 21.6484 1.75927 -0.173647 -0.0668697 0.982535
1 26.6603 15.9272 1.62982 -0.522556 0.163064 -0.836866
1 34.3571 6.627 1.61282 0.350611 0.00874973 -0.93648
1 27.6532 18.3051 1.60671 -0.0991823 -0.0342892 -0.994478
1 30.4218 30.6838 1.61549 0.532765 0.390723 -0.750664
1 0.386408 16.1066 1.67147 -0.726353 0.0896889 0.681445
1 14.3804 19.592 1.60963 -0.561388 0.283932 -0.77732
1 30.0741 15.7182 1.62169 -0.523062 -0.300742 -0.797471
1 16.8943 31.5394 1.75913 0.187527 -0.0373018 0.981551
1 10.4003 18.8678 1.60938 0.357193 -0.225587 -0.90638
1 31.1275 25.0763 1.61003 -0.436728 0.133359 -0.889654
1 33.4863 11.8134 1.76173 0.134692 -0.189604 0.972578
1 4.09052 19.2465 1.76083 0.288876 0.385718 0.876226
1 22.6873 17.2874 1.61016 -0.410141 0.472381 -0.780154
1 9.18671 30.529 1.74932 -0.537664 0.307722 0.785
1 13.9442 23.5398 1.61315 0.147924 0.395356 -0.906538
1 8.2846 21.1921 1.61167 0.659538 0.0666918 -0.748706
1 9.96401 15.941 1.60678 0.0601252 -0.15692 -0.985779
1 16.9675 10.6564 1.76023 0.0739719 -0.0321813 0.996741
1 10.758 9.98412 1.61143 -0.548533 -0.385147 -0.742141
1 3.71093 30.0345 1.74865 -0.398221 -0.570802 0.718057
1 22.0867 1.41436 1.72277 0.291759 -0.67665 0.676033
1 32.9316 3.33279 1.60578 -0.282652 0.168754 -0.944261
1 33.1435 25.4039 1.6108 -0.384252 -0.207735 -0.899554
1 8.59975 32.3458 1.61677 -0.822542 -0.144004 -0.550171
1 34.0836 7.53517 1.62633 0.539741 0.0406017 -0.840851
1 24.1277 3.55263 1.74894 -0.446617 -0.361342 0.818514
1 32.646 7.71974 1.6126 0.554881 0.177901 -0.812686
1 11.6838 3.28376 1.61562 0.0132222 -0.413966 -0.910196
1 27.3967 32.6074 1.75149 0.516418 -0.023878 0.856003
1 0.680058 6.22413 1.61196 0.258382 -0.132623 -0.956896
1 6.87897 11.2858 1.60817 -0.365861 0.279909 -0.887579
1 3.90313 18.155 1.74352 0.458103 0.366923 0.809635
1 0.607971 20.2654 1.75881 0.0635986 -0.234802 0.96996
1 17.6173 24.3873 1.60884 0.259261 -0.186114 -0.947705
1 16.5812 13.6305 1.75677 -0.198181 -0.0908115 0.97595
1 31.9792 10.7121 1.75378 0.373543 -0.433398 0.820142
1 21.4951 21.876 1.60323 0.482467 0.603276 -0.635046
1 26.6698 1.67078 1.75993 -0.165905 0.00848023 0.986105
1 5.91122 27.0372 1.75806 0.0522214 -0.25109 0.966554
1 16.4048 3.45034 1.72597 -0.617857 -0.18196 0.764947
1 19.0022 29.7331 1.75524 0.439678 0.247179 0.863473
1 24.9698 5.07878 1.6137 -0.700308 0.0191112 -0.713585
1 32.4896 14.2104 1.75718 -0.322268 -0.298629 0.898312
1 15.9119 31.1153 1.75908 0.233398 -0.143996 0.96166
1 0.463923 5.30079 1.60729 0.0773108 -0.124737 -0.989173
1 34.4161 21.61 1.75804 -0.198661 -0.39853 0.895381
1 15.565 28.2474 1.74965 0.682985 -0.11383 0.721509
1 28.9026 15.9436 1.61405 -0.495793 -0.114166 -0.860904
1 3.98296 2.53257 1.6235 0.117696 0.538323 -0.834479
1 9.79082 14.9623 1.60554 -0.0302748 -0.145264 -0.98893
1 5.00095 18.868 1.73126 0.409073 0.574824 0.708686
1 26.6684 4.20998 1.76389 -0.710603 0.0238972 0.703187
1 25.7514 12.366 1.61224 0.450755 -0.024467 -0.892312
1 21.414 27.526 1.7573 -0.0225171 -0.548734 0.835694
1 25.3221 3.96052 1.75598 -0.624132 -0.158508 0.765072
1 30.0898 19.2857 1.60616 0.061826 -0.390044 -0.918718
1 7.29581 4.07946 1.60907 0.174573 0.217459 -0.960331
1 7.60662 29.6845 1.75733 -0.381192 0.0599555 0.92255
1 31.2686 26.0581 1.6047 -0.261279 0.180561 -0.948225
1 4.95182 2.53361 1.6122 0.0960824 0.394345 -0.913926
1 9.23919 34.32 1.60306 -0.480449 -0.251903 -0.840068
1 22.7494 22.2246 1.61408 0.561773 0.390599 -0.729276
1 18.7484 20.7836 1.6186 -0.356408 -0.406201 -0.841412
1 8.62862 18.535 1.61177 0.338286 0.100208 -0.935693
1 13.024 30.6464 1.75223 0.279696 -0.520565 0.806711
1 16.8651 11.6469 1.75924 -0.0192211 -0.0416364 0.998948
1 21.7874 28.6389 1.75456 -0.251852 -0.515426 0.819089
1 20.6478 33.3977 1.75688 -0.0240522 0.494419 0.868891
1 0.903345 15.2594 1.76029 -0.536056 0.14508 0.831623
1 20.4182 17.6017 1.75595 -0.646845 0.366328 0.668876
1 22.9429 34.5228 1.75425 0.290024 -0.645506 0.706547
1 20.212 1.4579 1.74612 -0.293834 0.457511 0.839253
1 14.6041 26.4723 1.60889 0.671299 0.275517 -0.688076
1 8.92923 11.1002 1.60753 -0.383688 -0.0871623 -0.91934
1 14.3944 0.697747 1.75673 -0.297966 -0.386148 0.872987
1 26.5762 16.8656 1.62256 -0.375666 0.0897901 -0.922395
1 23.4903 32.155 1.5779 -0.455052 0.668426 -0.588332
1 14.9168 8.26729 1.75212 0.383433 -0.393935 0.835341
1 31.8829 18.7028 1.60957 0.0230833 -0.717604 -0.696069
1 12.137 32.7001 1.74777 -0.0468767 -0.663633 0.746588
1 33.6142 8.41144 1.61881 0.73775 0.00600996 -0.675048
1 12.5754 21.3312 1.61301 -0.20224 0.624902 -0.754054
1 5.44425 13.1372 1.61465 -0.25961 0.548409 -0.79489
1 9.71272 31.339 1.76276 -0.678454 0.372843 0.632999
1 23.6613 7.27967 1.61246 -0.263828 0.307718 -0.914169
1 25.3409 15.7913 1.63035 -0.670152 0.310541 -0.674137
1 6.39093 16.0393 1.61166 0.0783512 0.427692 -0.900522
1 16.8112 1.70758 1.76169 -0.368874 -0.110273 0.922915
1 19.6266 20.3229 1.59787 -0.477286 -0.493444 -0.727125
1 33.0952 5.20157 1.60674 0.0493667 0.174994 -0.983331
1 25.9851 13.2933 1.6224 0.589229 -0.0828474 -0.803707
