0.88	4.41983	8.45641	8.45641
1	6.8093	4.80999	4.80999
0.88	2.22172	1.84402	1.84402
1	0.279832	2.16048	2.16048
0.88	8.28276	6.26969	6.26969
1	1.64156	4.28405	4.28405
0.88	7.59715	5.09366	5.09366
1	6.27597	0.523299	0.523299
0.88	1.97701	7.3082	7.3082
1	5.90422	1.58985	1.58985
0.88	8.21825	8.4186	8.4186
1	8.00146	4.45458	4.45458
0.88	3.12754	3.55886	3.55886
1	7.75431	9.4054	9.4054
0.88	2.13421	1.42049	1.42049
1	4.74258	8.79291	8.79291
0.88	7.39287	5.66274	5.66274
1	4.55177	4.07277	4.07277
0.88	8.93774	5.14256	5.14256
1	6.35109	8.58285	8.58285
0.88	7.3893	3.18062	3.18062
1	2.77607	5.57836	5.57836
0.88	9.04572	7.75658	7.75658
1	7.31652	1.67159	1.67159
0.88	1.51574	5.64823	5.64823
1	2.57425	7.53648	7.53648
0.88	8.43545	7.1417	7.1417
1	7.25369	4.90716	4.90716
0.88	5.62941	6.6146	6.6146
1	5.32704	2.43566	2.43566
0.88	6.69425	7.84565	7.84565
1	6.57608	7.70788	7.70788
0.88	5.88733	3.99643	3.99643
1	6.60469	3.28265	3.28265
0.88	2.10968	0.414151	0.414151
1	2.33053	6.68992	6.68992
0.88	8.27711	0.121604	0.121604
1	3.38265	8.52086	8.52086
0.88	8.58782	3.99063	3.99063
1	7.43243	8.05715	8.05715
0.88	3.54649	6.82765	6.82765
1	5.15028	4.22489	4.22489
0.88	0.014739	2.81277	2.81277
1	1.9624	9.14301	9.14301
0.88	9.32752	8.89379	8.89379
1	4.62324	1.65745	1.65745
0.88	3.76919	8.05063	8.05063
1	6.7487	7.51214	7.51214
0.88	1.87679	3.96932	3.96932
1	0.587718	0.273598	0.273598
0.88	9.2412	5.65506	5.65506
1	6.85544	4.18271	4.18271
0.88	8.98658	5.55843	5.55843
1	0.983278	3.70887	3.70887
0.88	4.17626	5.11221	5.11221
1	2.92433	0.109485	0.109485
0.88	6.73907	4.5197	4.5197
1	5.98041	0.123324	0.123324
0.88	8.89135	0.245503	0.245503
1	5.18074	0.358336	0.358336
0.88	8.03476	1.20817	1.20817
1	3.12673	6.80319	6.80319
0.88	6.79201	1.40361	1.40361
1	4.71397	6.89308	6.89308
0.88	8.81108	8.79948	8.79948
1	4.10697	4.49993	4.49993
0.88	5.61315	3.64413	3.64413
1	0.809491	7.84426	7.84426
0.88	0.41767	5.68795	5.68795
1	5.12764	3.78213	3.78213
0.88	6.1388	6.97355	6.97355
1	4.01535	7.81614	7.81614
0.88	3.92893	2.10906	2.10906
1	8.15688	2.4066	2.4066
0.88	6.01792	3.13721	3.13721
1	1.16962	6.2502	6.2502
0.88	5.30965	7.8304	7.8304
1	7.75499	5.78408	5.78408
0.88	5.94268	4.0196	4.0196
1	1.81575	6.42119	6.42119
0.88	2.24388	2.38039	2.38039
1	3.32039	1.1122	1.1122
0.88	1.71818	4.97598	4.97598
1	7.56258	7.7616	7.7616
0.88	8.83808	3.9921	3.9921
1	4.27857	0.995993	0.995993
0.88	0.332618	3.10741	3.10741
1	4.88181	6.62877	6.62877
0.88	3.89951	5.78783	5.78783
1	4.45168	4.29768	4.29768
0.88	4.53218	3.86941	3.86941
1	7.9292	3.11717	3.11717
0.88	0.500193	4.11812	4.11812
1	7.85998	1.92961	1.92961
0.88	5.60442	0.010092	0.010092
1	7.10088	9.26697	9.26697
0.88	8.93554	5.92875	5.92875
1	9.22217	1.9835	1.9835
0.88	3.38415	7.31478	7.31478
1	3.16442	2.12399	2.12399
0.88	1.3058	1.4381	1.4381
1	0.556104	4.10669	4.10669
0.88	7.47819	2.30701	2.30701
1	1.73472	6.37875	6.37875
0.88	4.70495	7.54039	7.54039
1	7.2761	9.19811	9.19811
0.88	3.6015	3.45451	3.45451
1	0.66835	1.22291	1.22291
0.88	0.266464	5.94615	5.94615
1	6.78906	9.14889	9.14889
0.88	4.7398	5.30702	5.30702
1	6.76642	6.48609	6.48609
0.88	1.83492	8.86265	8.86265
1	8.10066	7.89793	7.89793
0.88	2.93931	6.08345	6.08345
1	3.42878	9.35224	9.35224
0.88	3.77316	8.83046	8.83046
1	4.91781	9.40615	9.40615
0.88	7.20666	0.519065	0.519065
1	0.369568	2.5625	2.5625
0.88	2.54332	4.60642	4.60642
1	8.68738	5.94024	5.94024
0.88	5.79872	7.8329	7.8329
1	2.8572	3.78905	3.78905
0.88	6.05766	0.0157293	0.0157293
1	1.35952	1.33197	1.33197
0.88	3.38536	0.641465	0.641465
1	6.59785	5.86204	5.86204
0.88	0.613284	1.01454	1.01454
1	6.92751	5.4726	5.4726
0.88	0.244557	7.9911	7.9911
1	4.26351	7.94323	7.94323
0.88	8.20076	5.31565	5.31565
1	5.41109	4.84964	4.84964
0.88	7.95097	0.266481	0.266481
1	3.65036	5.66387	5.66387
0.88	7.20269	6.16225	6.16225
1	5.7107	2.12138	2.12138
0.88	7.63325	3.72622	3.72622
1	5.88355	5.90394	5.90394
0.88	0.427359	4.91196	4.91196
1	1.64787	2.01521	2.01521
0.88	3.31328	4.52021	4.52021
1	9.13401	1.69349	1.69349
0.88	2.84231	1.23553	1.23553
1	7.69113	6.87866	6.87866
0.88	4.69665	3.18039	3.18039
1	4.90867	2.30179	2.30179
0.88	8.77709	2.36974	2.36974
1	8.22295	6.94846	6.94846
0.88	2.58952	5.41965	5.41965
1	0.188993	3.0982	3.0982
0.88	0.60448	4.31085	4.31085
1	5.66073	3.42719	3.42719
0.88	5.8987	4.5602	4.5602
1	8.85044	6.2737	6.2737
0.88	1.01806	2.23084	2.23084
1	5.16855	5.35199	5.35199
0.88	6.52409	6.80649	6.80649
1	7.71193	5.00578	5.00578
0.88	1.07983	5.63002	5.63002
1	1.76182	6.66703	6.66703
0.88	1.30603	3.869	3.869
1	6.97413	3.40844	3.40844
0.88	8.86468	2.03318	2.03318
1	6.61462	6.79348	6.79348
0.88	7.68234	1.99998	1.99998
1	2.96718	3.99947	3.99947
0.88	4.4003	0.1379	0.1379
1	6.63489	7.5752	7.5752
0.88	1.03713	8.05926	8.05926
1	2.8245	2.05237	2.05237
0.88	0.521036	0.843294	0.843294
1	1.20661	5.5995	5.5995
0.88	1.35463	0.497667	0.497667
1	1.53021	9.16703	9.16703
0.88	0.777601	2.62923	2.62923
1	0.912935	9.10302	9.10302
0.88	7.88531	2.20886	2.20886
1	2.50431	2.9916	2.9916
0.88	7.08076	6.3063	6.3063
1	2.84118	6.5572	6.5572
0.88	5.85437	4.18981	4.18981
1	8.6269	5.86197	5.86197
0.88	7.69307	6.01352	6.01352
1	2.48558	4.41457	4.41457
0.88	8.51515	4.72925	4.72925
1	0.317964	9.39117	9.39117
0.88	7.13388	9.04847	9.04847
1	6.25141	2.71809	2.71809
0.88	3.7981	3.25772	3.25772
1	2.59551	0.0580278	0.0580278
0.88	2.84781	7.62208	7.62208
1	2.64545	2.4923	2.4923
0.88	7.94752	6.27135	6.27135
1	3.76895	1.3895	1.3895
0.88	9.23088	0.573041	0.573041
1	5.21243	9.03302	9.03302
0.88	7.23811	7.00429	7.00429
1	0.559904	4.18304	4.18304
0.88	7.62772	0.529482	0.529482
1	5.93449	8.7016	8.7016
0.88	5.68244	1.0836	1.0836
1	4.46585	6.76537	6.76537
0.88	1.25143	8.801	8.801
1	0.973678	3.34051	3.34051
0.88	7.24605	7.90713	7.90713
1	5.77274	8.86104	8.86104
0.88	4.99968	6.32339	6.32339
1	1.92345	8.65136	8.65136
0.88	9.02622	6.55361	6.55361
1	4.68919	9.36757	9.36757
0.88	8.46419	8.33505	8.33505
1	9.10636	7.98563	7.98563
0.88	1.6501	7.90417	7.90417
1	5.41551	8.46565	8.46565
0.88	7.55074	4.31824	4.31824
1	1.10967	0.0203461	0.0203461
0.88	5.15511	2.0749	2.0749
1	3.86269	4.12546	4.12546
0.88	6.67902	6.1215	6.1215
1	7.04616	8.52237	8.52237
0.88	1.83341	5.73931	5.73931
1	6.81113	3.33465	3.33465
0.88	1.75952	6.80717	6.80717
1	4.94684	7.99213	7.99213
0.88	3.8434	6.58595	6.58595
1	5.02883	3.15001	3.15001
0.88	6.96235	7.45277	7.45277
1	3.83202	6.7133	6.7133
0.88	5.14228	2.83738	2.83738
1	3.25584	4.93139	4.93139
0.88	2.4566	6.68337	6.68337
1	6.04071	3.33242	3.33242
0.88	8.78351	8.09526	8.09526
1	4.74832	2.44004	2.44004
0.88	2.37151	7.04853	7.04853
1	4.90698	5.49658	5.49658
0.88	2.43805	2.42028	2.42028
1	3.86431	8.82308	8.82308
0.88	6.28775	8.78027	8.78027
1	0.260391	4.52725	4.52725
0.88	5.42092	7.48749	7.48749
1	3.62294	2.55763	2.55763
0.88	8.06101	3.82758	3.82758
1	2.99929	8.36422	8.36422
0.88	3.15717	4.55964	4.55964
1	7.09996	2.89181	2.89181
0.88	7.61898	7.49558	7.49558
1	3.10087	3.53956	3.53956
0.88	1.0873	5.63196	5.63196
1	9.0605	7.26906	7.26906
0.88	1.8263	1.03605	1.03605
1	3.52372	0.260035	0.260035
0.88	6.38028	4.64783	4.64783
1	5.03723	4.25839	4.25839
0.88	7.6305	8.52665	8.52665
1	1.14196	2.4906	2.4906
0.88	7.76931	1.37725	1.37725
1	8.16757	9.02925	9.02925
0.88	6.71393	1.64276	1.64276
1	5.67509	2.57687	2.57687
0.88	4.54474	4.62824	4.62824
1	2.35942	1.88302	1.88302
0.88	8.6829	7.54057	7.54057
1	1.99958	3.27082	3.27082
0.88	4.62828	4.06464	4.06464
1	8.13841	1.79571	1.79571
0.88	3.15656	2.78528	2.78528
1	3.05562	3.03401	3.03401
0.88	5.6372	8.34271	8.34271
1	3.01011	3.80744	3.80744
0.88	3.59748	1.90451	1.90451
1	8.65993	9.29216	9.29216
0.88	1.40105	3.85062	3.85062
1	5.49068	0.960189	0.960189
0.88	4.10474	7.55841	7.55841
1	8.78718	6.40304	6.40304
0.88	3.19956	3.98446	3.98446
1	1.96537	3.18138	3.18138
0.88	2.3786	3.30929	3.30929
1	8.82625	5.07745	5.07745
0.88	2.34158	4.15716	4.15716
1	9.40697	8.36116	8.36116
0.88	5.16759	3.76454	3.76454
1	4.56301	6.07319	6.07319
0.88	0.51148	1.16598	1.16598
1	1.39474	2.76165	2.76165
0.88	8.31197	7.09562	7.09562
1	2.45401	4.5409	4.5409
0.88	0.0777702	6.75272	6.75272
1	7.30793	4.7724	4.7724
0.88	9.36557	6.48581	6.48581
1	1.45522	5.4729	5.4729
0.88	2.60863	8.80919	8.80919
1	8.58509	0.342411	0.342411
0.88	5.68195	6.33965	6.33965
1	8.28169	0.984866	0.984866
0.88	1.11421	4.77585	4.77585
1	7.52232	3.66057	3.66057
0.88	4.24588	5.3046	5.3046
1	3.1915	3.81248	3.81248
0.88	8.81479	2.69687	2.69687
1	8.21356	3.84365	3.84365
0.88	6.07582	2.41425	2.41425
1	6.6017	3.62686	3.62686
0.88	6.29564	2.07066	2.07066
1	7.58131	4.17191	4.17191
0.88	3.03297	4.86831	4.86831
1	0.63325	4.92306	4.92306
0.88	4.52982	8.69403	8.69403
1	5.43979	7.11433	7.11433
0.88	0.545378	4.3321	4.3321
1	0.999574	8.0978	8.0978
0.88	2.5035	8.80511	8.80511
1	6.66713	0.139622	0.139622
0.88	3.32177	1.23344	1.23344
1	5.38947	7.08445	7.08445
0.88	5.39105	5.47386	5.47386
1	7.23413	1.64674	1.64674
0.88	3.72819	0.681798	0.681798
1	8.10468	4.43035	4.43035
0.88	6.50465	4.78404	4.78404
1	4.57691	3.37736	3.37736
0.88	3.17617	2.9325	2.9325
1	2.52934	8.15848	8.15848
0.88	4.28643	8.00752	8.00752
1	5.14865	0.632862	0.632862
0.88	7.72339	3.23686	3.23686
1	5.92015	9.21071	9.21071
0.88	0.360944	2.8045	2.8045
1	7.21775	7.04927	7.04927
0.88	3.19133	9.24765	9.24765
1	8.82575	1.67273	1.67273
0.88	8.88393	1.40928	1.40928
1	0.300901	2.58324	2.58324
0.88	0.234455	7.53166	7.53166
1	2.63326	1.55817	1.55817
0.88	6.20953	6.73439	6.73439
1	3.86631	1.41554	1.41554
0.88	7.3127	8.09177	8.09177
1	3.44706	3.26743	3.26743
0.88	6.38558	4.04392	4.04392
1	3.14293	0.313274	0.313274
0.88	2.34295	3.82808	3.82808
1	2.70832	3.0501	3.0501
0.88	1.83746	9.16721	9.16721
1	7.95066	7.92931	7.92931
0.88	5.57349	0.603864	0.603864
1	5.31829	6.87839	6.87839
0.88	4.13839	6.45554	6.45554
1	7.45847	5.78984	5.78984
0.88	7.25897	5.57445	5.57445
1	7.85217	7.61669	7.61669
0.88	1.9645	2.7693	2.7693
1	2.95542	8.44423	8.44423
0.88	4.63631	6.30255	6.30255
1	2.18928	0.326445	0.326445
0.88	2.56011	1.16704	1.16704
1	1.78253	3.91119	3.91119
0.88	0.642453	2.87418	2.87418
1	5.88003	6.25481	6.25481
0.88	0.786206	1.73172	1.73172
1	9.04755	2.702	2.702
0.88	6.11182	7.23972	7.23972
1	5.81077	2.55179	2.55179
0.88	1.86983	6.01733	6.01733
1	1.25822	6.93663	6.93663
0.88	0.462942	7.4535	7.4535
1	6.58701	5.76272	5.76272
0.88	5.1343	0.0241643	0.0241643
1	7.37294	2.44895	2.44895
0.88	4.51942	1.36463	1.36463
1	8.86725	0.248604	0.248604
0.88	2.04965	2.47355	2.47355
1	8.28519	0.72467	0.72467
0.88	4.53054	5.77204	5.77204
1	2.67941	9.17358	9.17358
0.88	3.28841	7.02412	7.02412
1	6.0081	2.95702	2.95702
0.88	7.47789	3.8107	3.8107
1	3.57354	3.72016	3.72016
0.88	0.261958	9.09599	9.09599
1	4.79859	5.92914	5.92914
0.88	0.523171	8.07904	8.07904
1	8.84598	6.17534	6.17534
0.88	4.21932	6.97332	6.97332
1	5.84299	7.77137	7.77137
0.88	0.291644	7.26703	7.26703
1	6.71422	1.78271	1.78271
0.88	0.659353	9.13956	9.13956
1	0.21211	8.23659	8.23659
0.88	5.55499	5.01546	5.01546
1	4.56355	5.3196	5.3196
0.88	1.50723	0.334783	0.334783
1	5.85142	6.08653	6.08653
0.88	5.13624	2.54027	2.54027
1	0.0247659	7.42067	7.42067
0.88	6.90126	6.07156	6.07156
1	3.92065	2.46367	2.46367
1	5.9859	1.67361	1.67361
1	7.92961	6.60557	6.60557
1	0.118371	7.46475	7.46475
1	5.44829	1.38086	1.38086
1	1.35005	0.3329	0.3329
1	5.94608	7.17918	7.17918
1	1.2192	2.79484	2.79484
1	6.03154	5.71069	5.71069
1	2.8527	7.25915	7.25915
1	2.71398	1.31843	1.31843
1	8.33469	7.49984	7.49984
1	4.48651	6.99227	6.99227
1	7.01789	3.64502	3.64502
1	2.01801	7.38226	7.38226
1	5.14439	5.05379	5.05379
1	2.11249	0.97471	0.97471
1	4.6834	1.39065	1.39065
1	7.37492	1.35696	1.35696
1	7.27913	8.71749	8.71749
1	6.97943	6.20064	6.20064
1	7.62153	0.792235	0.792235
1	3.23279	8.38187	8.38187
1	8.97212	1.17678	1.17678
1	6.84572	8.50157	8.50157
1	8.17552	2.91471	2.91471
1	7.89206	6.88457	6.88457
1	4.54794	7.78661	7.78661
1	5.51569	9.00189	9.00189
1	4.13118	2.62315	2.62315
1	5.92061	4.91366	4.91366
1	0.529482	0.312426	0.312426
1	5.20393	8.50979	8.50979
1	3.75581	5.97132	5.97132
1	3.06951	6.45714	6.45714
1	0.340856	0.11305	0.11305
1	7.45091	2.87843	2.87843
1	3.26991	2.10709	2.10709
1	8.93174	8.45388	8.45388
1	7.75119	5.42474	5.42474
1	4.19904	5.0791	5.0791
1	3.36706	4.83721	4.83721
1	8.2639	6.77064	6.77064
1	3.95044	4.24641	4.24641
1	1.29305	1.60838	1.60838
1	5.5682	3.9771	3.9771
1	1.76767	7.83536	7.83536
1	8.26443	5.44602	5.44602
1	9.09024	3.62875	3.62875
1	8.73549	8.22413	8.22413
1	6.04272	4.05765	4.05765
1	6.0348	2.93134	2.93134
1	3.22723	2.06886	2.06886
1	4.38105	1.4274	1.4274
1	8.11642	8.44537	8.44537
1	4.0067	9.04402	9.04402
1	1.81191	5.19829	5.19829
1	2.6595	7.80768	7.80768
1	8.96278	2.93709	2.93709
1	2.89294	1.68955	1.68955
1	6.38174	0.192891	0.192891
1	5.22493	5.5686	5.5686
1	7.64546	1.37547	1.37547
1	1.47205	8.34558	8.34558
1	9.3278	2.00505	2.00505
1	1.16118	4.84138	4.84138
1	9.23705	4.20809	4.20809
1	4.29228	2.28285	2.28285
1	8.34372	4.6699	4.6699
1	2.07495	2.01998	2.01998
1	8.86659	2.76808	2.76808
1	8.64815	4.29801	4.29801
1	8.08968	2.08922	2.08922
1	7.63972	6.80959	6.80959
1	7.94236	7.6081	7.6081
1	6.27005	5.44043	5.44043
1	8.37552	0.881435	0.881435
1	0.240865	2.44212	2.44212
1	2.47894	4.61171	4.61171
1	6.1078	3.03353	3.03353
1	0.395541	6.54235	6.54235
1	4.54106	3.22916	3.22916
1	7.53727	0.265653	0.265653
1	6.3367	6.21814	6.21814
1	3.21583	6.48915	6.48915
1	6.17829	6.74126	6.74126
1	2.29897	8.1604	8.1604
1	4.02211	0.735078	0.735078
1	1.31577	7.94257	7.94257
1	5.85355	8.88405	8.88405
1	5.1327	8.27988	8.27988
1	8.61373	2.75985	2.75985
1	8.10779	0.319535	0.319535
1	9.03734	9.10155	9.10155
1	2.40317	3.30465	3.30465
1	0.826569	1.01143	1.01143
1	2.87087	5.2222	5.2222
1	3.42184	5.66695	5.66695
1	7.10553	8.84502	8.84502
1	1.00835	5.77238	5.77238
1	7.88999	6.12756	6.12756
1	2.49758	9.046	9.046
1	1.55224	2.21096	2.21096
1	8.93023	7.92276	7.92276
1	8.05464	3.1309	3.1309
1	7.02332	6.98475	6.98475
1	7.1319	2.4107	2.4107
1	3.56241	7.28985	7.28985
1	0.437993	3.45693	3.45693
1	7.43229	5.19477	5.19477
1	7.27832	3.1894	3.1894
1	2.70124	2.87321	2.87321
1	8.37726	1.3251	1.3251
1	0.946236	0.902139	0.902139
1	3.94543	7.79609	7.79609
1	4.29611	2.36633	2.36633
1	3.88687	9.22573	9.22573
1	3.08516	0.863241	0.863241
1	4.03013	4.12961	4.12961
1	0.891328	4.73176	4.73176
1	8.52809	7.28303	7.28303
1	1.81101	6.10637	6.10637
1	1.0111	8.3743	8.3743
1	1.40277	3.24543	3.24543
1	6.57813	3.95474	3.95474
1	5.23695	8.15759	8.15759
1	3.11763	2.86991	2.86991
1	6.91622	6.69644	6.69644
1	5.96921	8.48495	8.48495
1	9.26371	3.55211	3.55211
1	3.59848	1.46312	1.46312
1	2.50182	5.27934	5.27934
1	5.06296	3.07376	3.07376
1	4.76736	8.85996	8.85996
1	7.18862	9.32679	9.32679
1	6.21276	5.19224	5.19224
1	0.782607	3.15103	3.15103
1	3.78993	2.42226	2.42226
1	7.46627	0.204505	0.204505
1	0.476178	8.8035	8.8035
1	4.16411	3.54572	3.54572
1	6.70299	0.825391	0.825391
1	4.48008	8.3003	8.3003
1	2.32944	2.41388	2.41388
1	2.29883	0.560995	0.560995
1	1.34159	1.51943	1.51943
1	4.09209	0.610322	0.610322
1	0.204478	0.51627	0.51627
1	8.04342	7.73773	7.73773
1	2.37244	0.166803	0.166803
1	5.07669	7.83088	7.83088
1	3.51783	4.14974	4.14974
1	4.71337	2.04427	2.04427
1	9.24002	3.93274	3.93274
1	0.00124937	0.0430167	0.0430167
1	4.2981	8.69869	8.69869
1	8.96517	1.31975	1.31975
1	6.32421	6.88208	6.88208
1	4.66277	2.61386	2.61386
1	7.47516	1.41659	1.41659
1	8.67227	8.54535	8.54535
1	5.00083	4.5848	4.5848
1	0.0331172	4.09098	4.09098
1	3.52798	8.47967	8.47967
1	3.68739	7.21538	7.21538
1	3.98881	3.22449	3.22449
1	0.492988	4.83661	4.83661
1	0.563136	5.14891	5.14891
1	4.03236	5.64412	5.64412
1	2.71871	7.82088	7.82088
1	5.06565	8.12999	8.12999
1	4.06304	0.639082	0.639082
1	3.99681	5.80164	5.80164
1	7.93504	2.36394	2.36394
1	0.53073	8.50565	8.50565
1	7.09503	5.6684	5.6684
1	3.82473	3.45943	3.45943
1	2.21724	5.06808	5.06808
1	4.21671	0.266177	0.266177
1	2.11364	0.803888	0.803888
1	6.83505	7.47761	7.47761
1	8.68555	6.00588	6.00588
1	2.71572	6.20559	6.20559
1	9.04525	7.29655	7.29655
1	1.33147	7.49287	7.49287
1	4.17009	1.74829	1.74829
1	8.45047	1.75788	1.75788
1	0.84448	1.80343	1.80343
1	9.28029	4.89723	4.89723
1	4.43851	5.96529	5.96529
1	9.20735	1.04914	1.04914
1	4.34119	8.89198	8.89198
1	8.27751	4.4164	4.4164
1	4.48687	1.30423	1.30423
1	4.05298	2.21249	2.21249
1	3.58699	7.82005	7.82005
1	3.01884	4.68963	4.68963
1	8.17287	0.721861	0.721861
1	0.240869	5.519	5.519
1	0.138298	8.86056	8.86056
1	2.09857	8.15823	8.15823
1	3.15661	5.85356	5.85356
1	8.36241	2.29497	2.29497
1	6.66376	5.50005	5.50005
1	2.21152	7.1134	7.1134
1	1.94241	4.77262	4.77262
1	4.01995	1.35599	1.35599
1	9.33476	9.23248	9.23248
1	4.6456	7.15016	7.15016
1	5.66612	5.8366	5.8366
1	2.05359	6.308	6.308
1	6.15286	1.2447	1.2447
1	3.3376	6.16703	6.16703
1	0.255341	4.08003	4.08003
1	2.33914	7.48101	7.48101
1	5.82864	7.34875	7.34875
1	7.66723	0.240844	0.240844
1	5.69961	0.630157	0.630157
1	5.78745	5.5769	5.5769
1	8.26767	8.06594	8.06594
1	3.53239	0.00775696	0.00775696
1	7.25821	3.79942	3.79942
1	2.8312	7.38806	7.38806
1	0.384078	1.23774	1.23774
1	7.14578	5.26782	5.26782
1	0.960479	8.79945	8.79945
1	2.6672	9.20846	9.20846
1	7.50965	7.16918	7.16918
1	9.26259	4.28717	4.28717
1	5.89907	0.0823935	0.0823935
1	4.1203	6.8209	6.8209
1	4.77382	3.92993	3.92993
1	5.82821	0.505742	0.505742
1	7.92756	7.53964	7.53964
1	0.0635961	3.55348	3.55348
1	5.88417	0.500336	0.500336
1	6.81599	6.39287	6.39287
1	3.12496	1.00291	1.00291
1	0.517589	9.30502	9.30502
1	8.39609	3.37074	3.37074
1	6.67428	0.644703	0.644703
1	4.91979	6.20458	6.20458
1	6.44334	8.53	8.53
1	8.41451	0.734009	0.734009
1	8.00238	4.92438	4.92438
1	5.93776	8.20954	8.20954
1	3.06592	8.3437	8.3437
1	1.53568	7.43211	7.43211
1	4.86257	4.54693	4.54693
1	3.76557	4.79168	4.79168
1	2.44545	4.10886	4.10886
1	7.40864	3.92859	3.92859
1	5.59611	9.22093	9.22093
1	4.30252	4.66744	4.66744
1	5.03794	2.07821	2.07821
1	4.67833	3.08221	3.08221
1	5.7817	2.49006	2.49006
1	2.06213	6.23596	6.23596
1	7.63475	1.78566	1.78566
1	8.56283	6.43166	6.43166
1	8.33771	8.34834	8.34834
1	6.90285	4.46218	4.46218
1	4.01873	2.55387	2.55387
1	4.67145	3.57078	3.57078
1	7.4974	4.75912	4.75912
1	2.07959	6.03241	6.03241
1	3.1518	1.52297	1.52297
1	9.00535	3.37421	3.37421
1	8.57189	1.19968	1.19968
1	3.78163	1.72184	1.72184
1	9.14651	5.36664	5.36664
1	0.826275	3.63673	3.63673
1	4.91823	1.67446	1.67446
1	2.99066	6.74028	6.74028
1	8.75693	8.05428	8.05428
1	9.25863	6.52603	6.52603
1	7.0402	1.79123	1.79123
1	8.72301	7.00585	7.00585
1	7.35697	5.09303	5.09303
1	9.29169	3.29094	3.29094
1	4.7471	7.39537	7.39537
1	0.273343	5.7909	5.7909
1	5.98343	1.9509	1.9509
1	7.45312	1.00989	1.00989
1	0.610449	4.94892	4.94892
1	6.1075	7.58357	7.58357
1	9.23884	7.4032	7.4032
1	4.91812	7.82801	7.82801
1	1.51637	4.08487	4.08487
1	2.52635	8.74723	8.74723
1	7.61236	0.575091	0.575091
1	2.44299	0.519181	0.519181
1	6.7986	2.63978	2.63978
1	8.40869	6.96051	6.96051
1	9.17713	0.97349	0.97349
1	6.38348	6.84029	6.84029
1	6.43306	1.29504	1.29504
1	8.52257	4.50801	4.50801
1	2.38687	5.94255	5.94255
1	0.2482	8.24836	8.24836
1	1.75061	5.14193	5.14193
1	1.27245	7.96488	7.96488
1	8.71344	0.0782598	0.0782598
1	5.57055	4.58275	4.58275
1	6.86432	2.70087	2.70087
1	4.91895	0.683059	0.683059
1	5.64853	8.02603	8.02603
1	2.7462	2.11669	2.11669
1	2.06133	8.23191	8.23191
1	0.4131	6.50167	6.50167
1	7.32055	8.26166	8.26166
1	1.89187	0.0428616	0.0428616
1	5.26281	5.59613	5.59613
1	4.54648	4.98548	4.98548
1	1.86884	1.23539	1.23539
1	6.10613	2.24486	2.24486
1	9.29965	0.98955	0.98955
1	7.56587	3.62706	3.62706
1	5.77889	6.66708	6.66708
1	3.66318	8.75469	8.75469
1	0.399625	6.61716	6.61716
1	8.76975	4.88026	4.88026
1	7.0346	2.66853	2.66853
1	0.961616	6.62389	6.62389
1	0.90437	8.79551	8.79551
1	4.52399	0.464656	0.464656
1	5.38528	3.31965	3.31965
1	2.88183	7.27629	7.27629
1	1.85918	5.07205	5.07205
1	4.83329	0.423545	0.423545
1	0.186566	5.82834	5.82834
1	5.6468	7.12427	7.12427
1	8.74675	9.36981	9.36981
1	3.87404	5.7885	5.7885
1	2.49576	1.2577	1.2577
1	9.381	6.78369	6.78369
1	2.99108	7.39277	7.39277
1	0.0236146	8.39235	8.39235
1	2.26161	3.60245	3.60245
1	5.08733	7.1803	7.1803
1	0.549745	3.34144	3.34144
1	1.20036	5.71429	5.71429
1	0.732283	5.77125	5.77125
1	7.38666	7.0535	7.0535
1	0.877284	8.7691	8.7691
1	3.64088	8.25548	8.25548
1	8.37975	3.24919	3.24919
1	6.68861	4.27799	4.27799
1	9.06546	5.20977	5.20977
1	3.92545	3.3692	3.3692
1	1.67983	8.29612	8.29612
1	4.25748	0.777264	0.777264
1	6.12463	4.81479	4.81479
1	1.16259	0.436801	0.436801
1	4.40765	5.84198	5.84198
1	4.94729	7.19012	7.19012
1	1.32738	6.52718	6.52718
1	6.44242	4.22567	4.22567
1	3.68897	6.19358	6.19358
1	4.54926	0.569739	0.569739
1	5.96412	6.16193	6.16193
1	3.08342	8.77083	8.77083
1	6.10357	8.74827	8.74827
1	2.17012	9.11422	9.11422
1	3.90593	4.42982	4.42982
1	0.560719	2.21721	2.21721
1	8.05139	3.32462	3.32462
1	1.55506	0.0879102	0.0879102
1	0.447844	1.97271	1.97271
1	0.900472	1.72129	1.72129
1	6.46963	8.46719	8.46719
1	6.68758	2.21657	2.21657
1	8.25611	9.25734	9.25734
1	3.23979	8.38598	8.38598
1	2.29885	3.82216	3.82216
1	4.4968	3.64695	3.64695
1	3.04114	5.39815	5.39815
1	6.55763	9.35312	9.35312
1	4.36142	4.28522	4.28522
1	3.67449	6.61107	6.61107
1	3.68799	7.54543	7.54543
1	6.12958	7.90077	7.90077
1	6.8204	6.36558	6.36558
1	7.16929	0.819103	0.819103
1	7.31012	0.960667	0.960667
1	3.97378	6.75288	6.75288
1	8.89514	0.0888922	0.0888922
1	4.4688	9.04066	9.04066
1	6.80549	0.00132792	0.00132792
1	8.96311	2.14762	2.14762
1	6.7724	5.32526	5.32526
1	8.90275	6.2971	6.2971
1	1.2531	0.858376	0.858376
1	6.86835	8.29537	8.29537
1	5.34522	4.77048	4.77048
1	9.0406	4.75994	4.75994
1	7.12023	7.66676	7.66676
1	8.85659	0.623426	0.623426
1	7.71116	4.60754	4.60754
1	2.88908	6.45164	6.45164
1	4.64689	7.80946	7.80946
1	7.10695	0.803812	0.803812
1	2.91686	5.56286	5.56286
1	6.70483	0.950817	0.950817
1	3.25049	4.12324	4.12324
1	8.08382	5.957	5.957
1	0.506244	7.07434	7.07434
1	1.46449	4.43494	4.43494
1	8.26858	1.97946	1.97946
1	1.95276	5.48203	5.48203
1	9.39001	1.54214	1.54214
1	1.96651	5.42432	5.42432
1	0.815461	3.53109	3.53109
1	0.792166	7.39187	7.39187
1	3.27093	7.37913	7.37913
1	5.79511	7.66834	7.66834
1	0.49901	6.62826	6.62826
1	7.83677	8.65092	8.65092
1	0.517826	5.90066	5.90066
1	6.37758	4.93753	4.93753
1	3.7259	2.76417	2.76417
1	3.11281	1.12666	1.12666
1	5.00762	8.69094	8.69094
1	1.29351	6.94858	6.94858
1	8.45878	2.32037	2.32037
1	0.237075	1.47724	1.47724
1	5.5459	0.462468	0.462468
1	5.34351	6.42976	6.42976
1	4.01296	0.213348	0.213348
1	7.24612	2.53867	2.53867
1	5.52624	2.03648	2.03648
1	3.29008	0.757665	0.757665
1	0.93602	0.849164	0.849164
1	1.40615	3.09757	3.09757
1	1.85548	7.65836	7.65836
1	6.85554	7.78246	7.78246
1	3.48654	4.95415	4.95415
1	7.88465	4.08953	4.08953
1	0.995359	6.19673	6.19673
1	9.3143	5.79806	5.79806
1	8.30787	3.86961	3.86961
1	3.68119	1.66449	1.66449
1	2.51087	4.40641	4.40641
1	2.36738	6.98793	6.98793
1	5.14082	0.880252	0.880252
1	8.14414	9.13464	9.13464
1	8.93982	7.37285	7.37285
1	5.44874	1.57517	1.57517
1	0.824205	8.33613	8.33613
1	1.10527	2.41636	2.41636
1	0.981187	2.51097	2.51097
1	2.74092	2.10858	2.10858
1	1.26693	0.404214	0.404214
1	5.03616	6.24539	6.24539
1	7.58624	6.05965	6.05965
1	1.64651	2.50803	2.50803
1	5.55333	3.39034	3.39034
1	1.81038	2.1618	2.1618
1	0.819514	3.95808	3.95808
1	1.35272	4.76988	4.76988
1	4.97518	1.35793	1.35793
1	0.544306	7.49994	7.49994
1	4.86128	9.09637	9.09637
1	4.6046	7.35794	7.35794
1	5.66002	5.71586	5.71586
1	3.80854	5.03594	5.03594
1	2.65617	4.4411	4.4411
1	5.88688	4.88655	4.88655
1	9.20665	8.89485	8.89485
1	1.90219	6.3815	6.3815
1	6.37284	1.75906	1.75906
1	2.9558	0.0807784	0.0807784
1	3.03316	2.5975	2.5975
1	6.52321	3.18597	3.18597
1	6.90609	2.17379	2.17379
1	3.19781	5.07448	5.07448
1	5.47774	1.41682	1.41682
1	5.46927	6.36041	6.36041
1	0.154346	0.892979	0.892979
1	3.69458	3.34383	3.34383
1	2.11934	1.49614	1.49614
1	1.48709	0.0744204	0.0744204
1	6.25164	3.92281	3.92281
1	1.82875	7.18312	7.18312
1	4.14425	8.34335	8.34335
1	2.15961	3.53006	3.53006
1	7.70217	2.86585	2.86585
1	4.87351	5.11164	5.11164
1	0.195814	5.72024	5.72024
1	7.07111	8.05682	8.05682
1	0.846105	1.72423	1.72423
1	8.62753	5.26879	5.26879
1	5.6643	4.4823	4.4823
1	2.08001	4.43121	4.43121
1	0.581785	2.72713	2.72713
1	6.43787	5.16776	5.16776
1	1.79209	5.43624	5.43624
1	7.89709	1.24228	1.24228
1	4.56049	3.30196	3.30196
1	0.874549	7.59044	7.59044
1	6.60609	4.18669	4.18669
1	9.34753	4.66223	4.66223
1	5.23727	4.32715	4.32715
1	1.83061	0.727907	0.727907
1	4.57895	5.76774	5.76774
1	8.92151	7.30445	7.30445
1	0.645502	0.0192918	0.0192918
1	1.51862	1.86671	1.86671
1	4.78933	2.46345	2.46345
1	7.9463	8.64983	8.64983
1	6.78485	0.181781	0.181781
1	0.16674	0.564744	0.564744
1	1.66008	1.67944	1.67944
1	8.07115	5.387	5.387
1	1.75688	7.23655	7.23655
1	8.31246	5.69033	5.69033
1	1.22543	4.20752	4.20752
1	8.82801	3.37459	3.37459
1	9.37982	6.69438	6.69438
1	8.66707	3.33325	3.33325
1	5.95034	7.99384	7.99384
1	8.23914	9.03856	9.03856
1	5.46418	3.90817	3.90817
1	0.286412	7.85954	7.85954
1	6.03593	1.14413	1.14413
1	2.32847	0.988799	0.988799
1	7.431	6.20142	6.20142
1	2.55273	5.61251	5.61251
1	4.87056	2.16898	2.16898
1	3.15765	6.24814	6.24814
1	4.01631	6.46903	6.46903
1	8.95931	2.47709	2.47709
1	5.54532	7.0852	7.0852
1	8.34049	1.51441	1.51441
1	8.92116	8.9162	8.9162
1	7.37499	8.60649	8.60649
1	1.89862	8.05066	8.05066
1	3.11538	3.05028	3.05028
1	1.10818	5.5972	5.5972
1	3.71992	9.2996	9.2996
1	8.09387	5.1389	5.1389
1	2.4991	8.29883	8.29883
1	1.97799	4.038	4.038
1	4.71392	6.148	6.148
1	6.43315	1.10732	1.10732
1	3.66478	2.9455	2.9455
1	6.55148	7.39292	7.39292
1	1.44553	9.05914	9.05914
1	5.33434	2.75135	2.75135
1	4.97181	1.13375	1.13375
1	0.0379084	0.832479	0.832479
1	3.10283	0.127788	0.127788
1	1.79975	1.97705	1.97705
1	1.47585	8.99042	8.99042
1	3.91428	0.464347	0.464347
1	8.14789	5.61453	5.61453
1	6.91492	4.17609	4.17609
1	5.6417	3.68052	3.68052
1	2.09135	2.57265	2.57265
1	7.89966	8.66867	8.66867
1	1.59336	2.48375	2.48375
1	1.35959	1.01534	1.01534
1	7.79557	6.50572	6.50572
1	1.22869	0.728584	0.728584
1	1.36001	3.26767	3.26767
1	9.25575	5.24969	5.24969
1	0.829369	6.53443	6.53443
1	6.27368	1.61907	1.61907
1	2.16577	3.05877	3.05877
1	6.37763	3.29778	3.29778
1	6.46202	2.03024	2.03024
1	2.15285	0.220586	0.220586
1	3.46481	4.69085	4.69085
1	6.95504	1.99059	1.99059
1	1.54779	3.2414	3.2414
1	3.82002	7.56809	7.56809
1	5.85902	4.78352	4.78352
1	8.21758	2.82091	2.82091
1	3.00084	0.773904	0.773904
1	5.50196	1.43808	1.43808
1	9.36701	5.00212	5.00212
1	3.86997	7.75125	7.75125
1	4.51117	5.04283	5.04283
1	0.94032	7.34697	7.34697
1	0.85932	5.18544	5.18544
1	6.55185	0.738985	0.738985
1	2.42345	5.55161	5.55161
1	8.41068	4.18933	4.18933
1	1.06165	4.62669	4.62669
1	2.35868	1.30526	1.30526
1	9.0156	8.48707	8.48707
1	9.28598	2.39158	2.39158
1	6.77245	0.975329	0.975329
1	0.553683	1.58422	1.58422
1	5.18968	9.25901	9.25901
1	1.24237	4.13805	4.13805
1	9.17972	4.12644	4.12644
1	5.51374	3.37116	3.37116
1	1.03125	7.3952	7.3952
1	0.941788	6.61133	6.61133
1	1.88574	8.69457	8.69457
